#!ascii label  , from subject fsaverage5 vox2ras=TkReg
28
125  -41.766  -25.205  1.740 0.0000000000
749  -36.929  -32.038  11.896 0.0000000000
750  -40.330  -28.607  10.564 0.0000000000
761  -36.662  -35.972  17.579 0.0000000000
762  -35.350  -34.973  13.539 0.0000000000
1641  -38.590  -26.357  5.629 0.0000000000
1658  -40.333  -34.292  18.260 0.0000000000
2669  -34.526  -32.537  14.818 0.0000000000
2670  -35.796  -31.100  13.321 0.0000000000
2682  -34.161  -33.684  15.992 0.0000000000
2683  -35.771  -33.570  12.508 0.0000000000
3692  -38.248  -27.747  10.751 0.0000000000
3693  -41.798  -26.730  9.850 0.0000000000
3694  -39.438  -26.293  9.273 0.0000000000
3695  -40.469  -24.968  7.507 0.0000000000
3696  -37.418  -27.165  7.583 0.0000000000
5957  -39.486  -31.329  9.059 0.0000000000
5958  -41.475  -29.626  8.776 0.0000000000
5959  -38.732  -30.410  11.202 0.0000000000
5960  -37.177  -29.416  12.184 0.0000000000
5979  -35.530  -35.900  15.725 0.0000000000
5982  -37.007  -34.596  10.217 0.0000000000
5983  -37.974  -32.851  9.310 0.0000000000
7666  -43.448  -27.739  8.736 0.0000000000
7670  -41.454  -23.865  5.597 0.0000000000
7671  -40.107  -25.770  3.633 0.0000000000
7709  -38.391  -35.249  18.472 0.0000000000
7710  -38.834  -36.854  17.567 0.0000000000
