#!ascii label  , from subject fsaverage5 vox2ras=TkReg
89
10  -53.472  -22.487  -4.517 0.0000000000
85  -58.855  -18.946  -15.983 0.0000000000
205  -49.306  -21.261  -13.042 0.0000000000
532  -58.094  -14.404  -5.380 0.0000000000
607  -50.241  -12.691  -14.782 0.0000000000
683  -48.468  -26.233  -5.548 0.0000000000
684  -47.506  -25.759  -10.076 0.0000000000
685  -49.402  -21.494  -8.190 0.0000000000
1350  -59.117  -10.952  -4.904 0.0000000000
1351  -53.164  -13.722  -9.682 0.0000000000
1352  -54.635  -9.606  -9.408 0.0000000000
1519  -49.596  -30.009  -10.887 0.0000000000
1520  -51.346  -25.303  -13.420 0.0000000000
1521  -53.587  -20.886  -15.785 0.0000000000
1747  -55.780  -4.432  -8.207 0.0000000000
2235  -60.554  -21.221  -2.693 0.0000000000
2236  -55.679  -18.424  -4.283 0.0000000000
2289  -56.010  -25.890  -2.956 0.0000000000
2317  -50.376  -29.618  -2.969 0.0000000000
2455  -51.060  -17.574  -9.053 0.0000000000
2456  -49.291  -16.964  -14.172 0.0000000000
2458  -50.879  -8.339  -14.715 0.0000000000
2603  -50.768  -24.323  -5.041 0.0000000000
2604  -48.865  -23.911  -6.861 0.0000000000
2605  -51.047  -21.935  -6.076 0.0000000000
2891  -58.620  -21.098  -15.547 0.0000000000
2894  -63.486  -18.770  -15.305 0.0000000000
2895  -61.135  -17.662  -16.022 0.0000000000
3270  -58.905  -9.410  -3.083 0.0000000000
3271  -56.557  -10.154  -7.101 0.0000000000
3272  -56.740  -8.241  -5.431 0.0000000000
3490  -47.671  -30.491  -9.267 0.0000000000
3491  -48.239  -23.375  -11.692 0.0000000000
3492  -48.927  -25.636  -12.039 0.0000000000
3493  -50.000  -23.354  -13.569 0.0000000000
3494  -52.539  -22.934  -14.866 0.0000000000
3495  -51.109  -21.401  -14.774 0.0000000000
5083  -61.857  -22.503  -2.409 0.0000000000
5150  -53.140  -27.785  -2.862 0.0000000000
5151  -57.719  -27.282  -1.780 0.0000000000
5490  -56.722  -16.331  -4.658 0.0000000000
5491  -53.121  -17.780  -6.679 0.0000000000
5492  -54.268  -15.995  -6.865 0.0000000000
5493  -51.446  -13.280  -12.380 0.0000000000
5494  -50.381  -15.182  -11.754 0.0000000000
5495  -49.589  -14.773  -14.443 0.0000000000
5496  -50.358  -16.741  -16.341 0.0000000000
5498  -53.936  -3.762  -11.538 0.0000000000
5499  -53.112  -6.346  -11.623 0.0000000000
5500  -51.451  -5.767  -14.747 0.0000000000
5837  -47.021  -28.374  -6.337 0.0000000000
5838  -47.010  -27.985  -8.590 0.0000000000
5839  -47.368  -25.904  -7.677 0.0000000000
5840  -47.901  -23.500  -9.114 0.0000000000
5841  -48.662  -21.227  -10.652 0.0000000000
7038  -59.057  -12.326  -5.773 0.0000000000
7039  -55.474  -14.087  -7.399 0.0000000000
7040  -56.496  -11.921  -8.032 0.0000000000
7041  -54.341  -11.601  -10.275 0.0000000000
7042  -52.540  -11.117  -12.607 0.0000000000
7044  -49.880  -5.160  -17.966 0.0000000000
7384  -48.149  -27.963  -10.417 0.0000000000
7385  -50.271  -27.595  -11.801 0.0000000000
7387  -54.258  -24.539  -14.203 0.0000000000
7388  -55.342  -22.112  -15.490 0.0000000000
7389  -56.398  -20.008  -16.023 0.0000000000
7915  -57.745  -5.523  -5.255 0.0000000000
7918  -55.026  -1.381  -11.407 0.0000000000
9267  -57.009  -21.768  -3.556 0.0000000000
9268  -54.605  -20.292  -4.614 0.0000000000
9271  -60.155  -15.817  -3.131 0.0000000000
9289  -55.183  -4.737  -3.085 0.0000000000
9427  -59.923  -24.863  -2.368 0.0000000000
9428  -58.353  -23.386  -3.056 0.0000000000
9429  -54.587  -24.236  -3.695 0.0000000000
9509  -47.374  -30.029  -4.588 0.0000000000
9510  -49.268  -27.965  -4.232 0.0000000000
9511  -51.807  -26.031  -3.928 0.0000000000
9919  -52.067  -19.862  -6.299 0.0000000000
9920  -50.208  -19.510  -8.583 0.0000000000
9921  -49.204  -19.253  -11.045 0.0000000000
9922  -52.028  -15.619  -9.249 0.0000000000
9923  -49.623  -17.172  -11.503 0.0000000000
9924  -49.419  -19.265  -13.530 0.0000000000
9925  -51.027  -19.107  -15.348 0.0000000000
9926  -53.312  -18.701  -16.257 0.0000000000
9928  -54.971  -7.056  -8.538 0.0000000000
9929  -52.621  -8.995  -11.917 0.0000000000
9930  -50.594  -10.451  -14.993 0.0000000000
