#!ascii label  , from subject fsaverage5 vox2ras=TkReg
17
270  -49.235  -22.152  6.529 0.0000000000
1172  -44.732  -21.583  6.044 0.0000000000
1173  -51.175  -17.604  5.471 0.0000000000
1174  -46.648  -18.848  2.414 0.0000000000
3093  -45.425  -20.082  4.224 0.0000000000
4960  -51.450  -15.534  4.090 0.0000000000
4962  -54.392  -13.791  3.043 0.0000000000
6718  -47.198  -21.502  7.173 0.0000000000
6719  -50.472  -19.859  6.094 0.0000000000
6720  -47.785  -19.458  5.961 0.0000000000
6721  -48.385  -17.610  4.376 0.0000000000
6722  -49.181  -15.869  2.546 0.0000000000
6724  -48.144  -17.484  0.630 0.0000000000
7665  -47.740  -24.280  6.655 0.0000000000
7667  -44.908  -25.721  8.510 0.0000000000
7668  -46.117  -23.581  7.998 0.0000000000
7669  -43.829  -23.069  7.578 0.0000000000
