#!ascii label  , from subject fsaverage5 vox2ras=TkReg
16
120  -53.876  21.510  16.586 0.0000000000
526  -52.048  27.063  6.122 0.0000000000
1150  -52.670  18.125  20.284 0.0000000000
2221  -49.249  28.433  9.060 0.0000000000
2222  -53.237  24.531  10.504 0.0000000000
3070  -53.349  20.098  18.648 0.0000000000
3072  -54.336  19.688  16.525 0.0000000000
4916  -51.618  29.839  6.305 0.0000000000
4917  -49.532  31.031  8.238 0.0000000000
4918  -51.491  28.034  7.532 0.0000000000
4919  -51.662  26.287  9.599 0.0000000000
4920  -52.535  25.492  7.619 0.0000000000
6695  -51.432  30.601  4.276 0.0000000000
9229  -52.158  25.134  12.737 0.0000000000
9230  -53.682  23.244  13.648 0.0000000000
9231  -53.599  22.531  11.276 0.0000000000
