#!ascii label  , from subject fsaverage5 vox2ras=TkReg
21
432  -40.085  -11.920  -14.369 0.0000000000
434  -42.140  -4.569  -20.773 0.0000000000
961  -41.323  -8.434  -17.590 0.0000000000
962  -37.640  -6.147  -13.872 0.0000000000
2881  -37.248  -7.369  -12.465 0.0000000000
4321  -45.707  -9.396  -15.401 0.0000000000
4322  -43.419  -10.229  -16.245 0.0000000000
4323  -41.739  -6.608  -19.119 0.0000000000
4324  -44.242  -5.723  -19.114 0.0000000000
4325  -44.395  -3.356  -20.650 0.0000000000
4332  -39.601  -1.385  -22.390 0.0000000000
6336  -38.013  -10.658  -13.085 0.0000000000
6337  -40.747  -10.207  -15.972 0.0000000000
6338  -38.605  -9.233  -14.578 0.0000000000
6339  -39.100  -7.761  -16.201 0.0000000000
6340  -39.478  -6.285  -17.839 0.0000000000
8501  -43.912  -8.048  -17.661 0.0000000000
8509  -39.636  -4.761  -19.436 0.0000000000
8511  -39.757  -3.038  -20.989 0.0000000000
8512  -42.091  -2.556  -22.357 0.0000000000
9325  -38.948  -13.350  -12.610 0.0000000000
