#!ascii label  , from subject fsaverage5 vox2ras=TkReg
48
200  -34.866  13.343  -3.471 0.0000000000
275  -30.405  10.956  8.176 0.0000000000
540  -31.701  12.844  1.616 0.0000000000
755  -32.062  15.158  13.086 0.0000000000
1188  -30.894  11.873  4.826 0.0000000000
1512  -37.423  4.106  -4.005 0.0000000000
1514  -36.343  7.089  -6.396 0.0000000000
1647  -33.599  1.753  7.012 0.0000000000
1648  -30.803  9.540  11.007 0.0000000000
1649  -29.510  17.246  11.630 0.0000000000
2258  -34.368  2.462  4.267 0.0000000000
2259  -35.389  2.860  1.555 0.0000000000
2260  -36.850  3.751  -1.152 0.0000000000
2261  -33.302  13.495  -0.906 0.0000000000
3480  -35.298  8.593  -3.607 0.0000000000
3481  -37.030  5.722  -5.169 0.0000000000
3482  -35.414  10.154  -4.844 0.0000000000
3705  -32.055  5.531  10.454 0.0000000000
3706  -31.410  8.693  12.043 0.0000000000
3708  -30.658  16.248  12.604 0.0000000000
5002  -32.181  6.791  7.737 0.0000000000
5003  -33.951  2.263  5.676 0.0000000000
5004  -32.507  7.136  6.294 0.0000000000
5005  -31.257  12.177  3.210 0.0000000000
5006  -33.283  7.693  3.248 0.0000000000
5007  -33.552  7.960  1.799 0.0000000000
5008  -35.999  3.169  0.090 0.0000000000
5009  -33.955  8.256  0.397 0.0000000000
5010  -34.349  8.364  -1.017 0.0000000000
5011  -32.346  13.310  0.238 0.0000000000
5833  -35.546  14.613  -4.913 0.0000000000
6745  -29.199  14.946  8.455 0.0000000000
6746  -30.544  11.479  6.499 0.0000000000
6747  -29.366  15.511  6.733 0.0000000000
6748  -29.767  16.045  5.038 0.0000000000
7371  -37.025  3.382  -7.156 0.0000000000
7684  -33.336  1.467  8.455 0.0000000000
7685  -32.061  6.120  9.138 0.0000000000
7686  -30.448  10.338  9.662 0.0000000000
7687  -30.866  12.513  12.423 0.0000000000
7688  -29.976  13.471  11.406 0.0000000000
7689  -29.387  14.318  10.028 0.0000000000
9334  -37.591  -1.151  2.753 0.0000000000
9335  -32.923  7.403  4.836 0.0000000000
9336  -34.922  2.553  2.927 0.0000000000
9341  -37.272  4.039  -2.464 0.0000000000
9342  -34.901  8.442  -2.317 0.0000000000
9343  -34.232  13.552  -2.132 0.0000000000
