#!ascii label  , from subject fsaverage5 vox2ras=TkReg
58
542  -57.886  -46.448  30.660 0.0000000000
544  -51.001  -32.821  24.022 0.0000000000
545  -46.885  -43.249  22.184 0.0000000000
1197  -54.126  -44.238  31.320 0.0000000000
1198  -56.465  -47.866  27.270 0.0000000000
1199  -51.923  -46.065  27.799 0.0000000000
1201  -56.365  -30.351  19.980 0.0000000000
1204  -43.149  -39.769  22.149 0.0000000000
1205  -47.141  -41.521  17.305 0.0000000000
1207  -53.616  -39.521  13.637 0.0000000000
1209  -54.795  -36.265  9.920 0.0000000000
2268  -58.918  -49.280  31.121 0.0000000000
2273  -56.820  -33.079  24.262 0.0000000000
2274  -50.666  -37.072  27.482 0.0000000000
2276  -46.163  -38.359  25.894 0.0000000000
2277  -48.336  -42.811  26.933 0.0000000000
2278  -50.902  -45.796  22.690 0.0000000000
3118  -52.895  -45.090  29.591 0.0000000000
3119  -51.236  -43.497  29.594 0.0000000000
3126  -50.153  -40.791  15.266 0.0000000000
3128  -54.275  -38.054  11.620 0.0000000000
5032  -59.300  -47.632  30.964 0.0000000000
5035  -56.007  -48.515  25.121 0.0000000000
5043  -53.954  -31.658  21.913 0.0000000000
5044  -57.088  -31.583  22.075 0.0000000000
5045  -54.056  -32.844  24.097 0.0000000000
5046  -53.491  -34.726  26.171 0.0000000000
5047  -50.686  -34.764  25.868 0.0000000000
5051  -44.859  -41.544  22.226 0.0000000000
5052  -44.293  -39.097  24.416 0.0000000000
5053  -45.747  -41.328  24.668 0.0000000000
5054  -47.133  -40.769  26.439 0.0000000000
5055  -47.338  -43.392  24.704 0.0000000000
5056  -49.120  -44.890  24.999 0.0000000000
5057  -48.827  -44.605  22.348 0.0000000000
6764  -56.910  -47.194  29.129 0.0000000000
6765  -54.826  -46.328  29.328 0.0000000000
6766  -53.970  -47.009  27.494 0.0000000000
6767  -53.516  -47.517  25.287 0.0000000000
6772  -50.948  -32.108  21.683 0.0000000000
6775  -42.698  -40.324  19.482 0.0000000000
6776  -44.661  -41.303  19.670 0.0000000000
6777  -46.857  -42.478  19.775 0.0000000000
6778  -48.992  -43.667  19.879 0.0000000000
6779  -49.429  -42.208  17.694 0.0000000000
7314  -54.727  -50.035  32.264 0.0000000000
9378  -62.370  -31.767  23.565 0.0000000000
9380  -60.090  -31.750  22.401 0.0000000000
9383  -52.933  -36.682  28.004 0.0000000000
9384  -50.940  -39.021  28.785 0.0000000000
9386  -48.132  -32.999  21.312 0.0000000000
9391  -48.360  -37.700  26.719 0.0000000000
9392  -48.933  -39.910  27.721 0.0000000000
9393  -49.925  -41.782  28.670 0.0000000000
9394  -49.911  -44.498  27.542 0.0000000000
9395  -51.131  -46.421  25.340 0.0000000000
9396  -53.114  -47.081  22.645 0.0000000000
9397  -51.231  -44.581  20.095 0.0000000000
