#!ascii label  , from subject fsaverage5 vox2ras=TkReg
81
98  -57.549  -33.881  40.273 0.0000000000
277  -60.346  -30.099  32.999 0.0000000000
466  -52.162  -30.024  34.281 0.0000000000
467  -53.901  -24.033  30.849 0.0000000000
757  -59.698  -28.457  29.370 0.0000000000
1019  -47.709  -29.545  32.928 0.0000000000
1020  -49.115  -26.038  32.430 0.0000000000
1021  -52.990  -27.667  32.203 0.0000000000
1022  -51.151  -22.932  32.956 0.0000000000
1651  -59.668  -31.936  36.576 0.0000000000
1652  -58.867  -35.768  38.012 0.0000000000
1653  -60.941  -33.824  34.276 0.0000000000
1654  -58.446  -34.757  30.987 0.0000000000
1894  -57.493  -23.020  25.430 0.0000000000
2046  -46.022  -32.825  34.900 0.0000000000
2047  -50.776  -33.433  36.289 0.0000000000
2048  -55.689  -32.444  37.367 0.0000000000
2049  -56.925  -29.699  35.170 0.0000000000
2050  -57.135  -27.892  31.969 0.0000000000
2051  -55.769  -25.420  29.495 0.0000000000
2060  -56.046  -20.947  27.601 0.0000000000
2677  -58.819  -27.587  28.074 0.0000000000
2939  -47.562  -25.426  33.601 0.0000000000
2941  -49.995  -24.532  32.565 0.0000000000
3112  -56.593  -35.017  42.394 0.0000000000
3712  -60.463  -30.855  34.789 0.0000000000
3713  -60.819  -32.782  35.644 0.0000000000
3714  -61.762  -31.643  33.731 0.0000000000
4490  -44.742  -30.508  33.663 0.0000000000
4491  -49.870  -29.856  33.567 0.0000000000
4492  -49.242  -31.682  34.221 0.0000000000
4493  -51.651  -31.728  35.278 0.0000000000
4494  -53.289  -33.051  36.947 0.0000000000
4495  -54.031  -31.255  35.833 0.0000000000
4496  -56.443  -30.813  36.175 0.0000000000
4497  -54.509  -29.994  35.017 0.0000000000
4498  -53.499  -25.991  31.350 0.0000000000
4499  -55.281  -27.825  32.356 0.0000000000
4500  -55.417  -26.136  31.422 0.0000000000
4501  -56.819  -26.493  30.982 0.0000000000
4502  -55.146  -24.576  30.516 0.0000000000
4524  -55.226  -20.273  28.738 0.0000000000
5971  -59.949  -29.534  30.829 0.0000000000
5972  -61.875  -30.684  31.761 0.0000000000
6441  -48.381  -27.676  32.655 0.0000000000
6442  -50.475  -28.370  32.730 0.0000000000
6443  -52.698  -28.865  33.401 0.0000000000
6444  -50.993  -26.912  32.054 0.0000000000
6445  -51.605  -25.387  31.611 0.0000000000
6446  -52.447  -23.424  31.538 0.0000000000
7693  -58.548  -33.041  38.375 0.0000000000
7694  -58.833  -34.665  39.509 0.0000000000
7695  -59.607  -33.870  37.557 0.0000000000
7696  -59.667  -34.800  36.161 0.0000000000
7697  -59.000  -35.591  34.559 0.0000000000
7700  -57.720  -36.039  32.939 0.0000000000
8705  -55.341  -34.266  40.698 0.0000000000
8709  -46.919  -31.392  33.652 0.0000000000
8710  -48.367  -33.375  35.410 0.0000000000
8712  -52.132  -34.503  38.625 0.0000000000
8713  -54.506  -33.908  39.022 0.0000000000
8714  -56.616  -33.115  38.956 0.0000000000
8715  -57.796  -31.943  37.335 0.0000000000
8716  -58.757  -30.572  35.909 0.0000000000
8717  -58.908  -29.747  34.408 0.0000000000
8718  -54.911  -29.015  33.898 0.0000000000
8719  -57.124  -28.983  33.674 0.0000000000
8720  -58.508  -29.264  32.445 0.0000000000
8721  -58.405  -28.163  30.847 0.0000000000
8722  -57.663  -27.197  29.698 0.0000000000
8723  -56.559  -26.193  28.100 0.0000000000
8743  -53.032  -21.135  33.591 0.0000000000
8744  -53.708  -21.277  31.780 0.0000000000
8746  -54.794  -19.552  32.232 0.0000000000
8747  -54.316  -21.851  30.341 0.0000000000
8748  -54.749  -22.672  29.268 0.0000000000
8749  -55.289  -23.267  28.161 0.0000000000
8750  -56.247  -23.885  27.034 0.0000000000
8751  -56.788  -22.037  26.734 0.0000000000
8752  -58.071  -20.401  26.419 0.0000000000
8753  -59.785  -18.674  25.698 0.0000000000
