#!ascii label  , from subject fsaverage5 vox2ras=TkReg
25
122  -28.274  26.406  7.528 0.0000000000
530  -27.182  26.239  -0.125 0.0000000000
1190  -30.334  20.648  2.262 0.0000000000
1191  -27.421  27.135  3.593 0.0000000000
1650  -30.146  24.321  10.555 0.0000000000
2262  -31.094  20.259  -0.971 0.0000000000
3107  -28.182  22.822  8.455 0.0000000000
3109  -27.939  23.397  6.563 0.0000000000
3110  -28.047  23.669  4.809 0.0000000000
3111  -27.713  27.023  5.618 0.0000000000
3711  -31.432  23.095  11.570 0.0000000000
5012  -28.427  23.383  1.322 0.0000000000
5013  -30.780  20.534  0.634 0.0000000000
5014  -28.564  23.003  -0.283 0.0000000000
5015  -28.734  22.520  -1.772 0.0000000000
6751  -29.740  20.427  3.795 0.0000000000
6752  -28.203  23.740  3.023 0.0000000000
6753  -27.295  26.754  1.735 0.0000000000
7691  -28.738  21.900  10.117 0.0000000000
7692  -29.076  25.448  9.162 0.0000000000
9247  -30.833  27.382  8.483 0.0000000000
9248  -29.777  28.629  7.046 0.0000000000
9257  -28.800  29.607  5.337 0.0000000000
9259  -27.985  29.635  1.313 0.0000000000
9347  -31.455  20.091  -2.490 0.0000000000
