#!ascii label  , from subject fsaverage5 vox2ras=TkReg
23
182  -61.939  -8.674  10.813 0.0000000000
183  -56.040  -15.522  14.672 0.0000000000
910  -51.690  -14.409  16.010 0.0000000000
1480  -63.360  -12.532  14.611 0.0000000000
1482  -60.092  -11.552  12.726 0.0000000000
1483  -55.631  -10.471  13.354 0.0000000000
3427  -62.891  -10.754  12.323 0.0000000000
3428  -61.975  -12.275  13.092 0.0000000000
3429  -61.450  -10.136  10.972 0.0000000000
3431  -56.957  -9.157  10.969 0.0000000000
4170  -58.215  -16.044  14.648 0.0000000000
5801  -60.482  -8.002  9.688 0.0000000000
6246  -53.913  -14.925  15.216 0.0000000000
6248  -50.881  -16.412  14.474 0.0000000000
7294  -63.230  -13.827  16.565 0.0000000000
7296  -62.141  -14.429  15.110 0.0000000000
7297  -60.409  -14.163  14.590 0.0000000000
7298  -58.357  -13.670  14.871 0.0000000000
7299  -59.366  -9.562  10.724 0.0000000000
7300  -57.880  -11.013  13.113 0.0000000000
7301  -56.256  -12.976  15.186 0.0000000000
7302  -54.042  -12.197  15.528 0.0000000000
8758  -62.611  -13.850  22.060 0.0000000000
