#!ascii label  , from subject fsaverage5 vox2ras=TkReg
25
756  -35.727  18.811  11.452 0.0000000000
2215  -44.496  14.787  5.448 0.0000000000
2216  -42.450  17.255  8.305 0.0000000000
2225  -40.006  21.122  9.790 0.0000000000
2676  -36.748  17.400  10.562 0.0000000000
3707  -32.281  18.653  12.820 0.0000000000
4901  -47.134  14.799  7.151 0.0000000000
4902  -45.720  16.021  8.809 0.0000000000
4903  -43.321  15.780  7.263 0.0000000000
4904  -44.739  17.984  9.469 0.0000000000
5969  -33.728  17.211  12.537 0.0000000000
5970  -34.383  20.277  12.031 0.0000000000
9207  -48.768  14.361  5.465 0.0000000000
9208  -45.816  14.024  4.043 0.0000000000
9209  -42.957  13.333  3.996 0.0000000000
9210  -41.638  14.373  5.346 0.0000000000
9211  -40.678  15.550  6.770 0.0000000000
9212  -39.842  16.886  8.166 0.0000000000
9235  -47.877  22.611  7.455 0.0000000000
9236  -46.229  20.710  8.629 0.0000000000
9237  -43.732  19.895  8.513 0.0000000000
9238  -41.335  19.125  9.065 0.0000000000
9239  -38.833  18.554  9.732 0.0000000000
9240  -37.797  20.135  10.699 0.0000000000
9241  -36.423  21.722  10.949 0.0000000000
