#!ascii label  , from subject fsaverage5 vox2ras=TkReg
29
121  -49.430  30.745  -1.785 0.0000000000
527  -42.144  25.490  6.778 0.0000000000
1161  -47.769  25.874  5.744 0.0000000000
1162  -45.140  28.639  2.907 0.0000000000
2223  -50.730  22.670  7.373 0.0000000000
2224  -45.076  22.265  7.957 0.0000000000
2226  -37.122  24.183  9.278 0.0000000000
3080  -50.269  29.814  0.468 0.0000000000
3081  -48.002  28.494  2.808 0.0000000000
3082  -47.478  29.554  0.412 0.0000000000
4918  -51.491  28.034  7.532 0.0000000000
4922  -51.746  24.483  6.397 0.0000000000
4923  -44.786  25.626  6.224 0.0000000000
4924  -46.398  24.123  6.985 0.0000000000
4925  -43.568  23.903  7.547 0.0000000000
4926  -42.501  21.704  8.746 0.0000000000
4927  -40.831  23.436  8.417 0.0000000000
4928  -38.633  22.740  9.747 0.0000000000
4929  -39.520  24.869  7.839 0.0000000000
6697  -50.546  26.215  5.590 0.0000000000
6698  -49.316  27.875  4.747 0.0000000000
6699  -46.292  27.221  4.838 0.0000000000
6700  -43.534  27.266  5.080 0.0000000000
6701  -40.857  26.814  5.875 0.0000000000
6702  -42.380  28.451  3.694 0.0000000000
9233  -49.020  21.385  8.876 0.0000000000
9234  -49.293  24.168  6.358 0.0000000000
9235  -47.877  22.611  7.455 0.0000000000
9243  -38.199  26.248  7.209 0.0000000000
