#!ascii label  , from subject fsaverage5 vox2ras=TkReg
61
63  -49.278  -28.447  18.818 0.0000000000
402  -53.654  -20.013  21.643 0.0000000000
403  -45.973  -20.832  19.209 0.0000000000
908  -56.958  -20.709  22.933 0.0000000000
909  -58.553  -16.947  18.844 0.0000000000
911  -50.604  -18.051  14.849 0.0000000000
1200  -54.217  -27.729  17.510 0.0000000000
1202  -50.706  -31.490  18.888 0.0000000000
1656  -44.942  -29.297  20.813 0.0000000000
1657  -45.121  -33.149  17.504 0.0000000000
1897  -56.035  -24.756  20.334 0.0000000000
1898  -52.089  -25.197  21.416 0.0000000000
1899  -54.880  -17.583  16.469 0.0000000000
1900  -50.194  -19.684  20.424 0.0000000000
1901  -47.590  -24.711  21.699 0.0000000000
2828  -60.064  -16.591  20.460 0.0000000000
2829  -61.385  -16.322  18.415 0.0000000000
3120  -51.685  -28.003  18.095 0.0000000000
3121  -52.620  -29.560  17.259 0.0000000000
3122  -49.981  -30.074  17.248 0.0000000000
3721  -42.588  -31.638  19.264 0.0000000000
4165  -55.363  -20.369  22.376 0.0000000000
4166  -56.168  -22.868  21.711 0.0000000000
4167  -54.530  -22.964  21.662 0.0000000000
4168  -54.265  -25.117  20.768 0.0000000000
4169  -52.764  -22.838  21.947 0.0000000000
4171  -57.809  -17.188  15.530 0.0000000000
4173  -48.004  -19.413  16.789 0.0000000000
4174  -50.363  -18.494  17.350 0.0000000000
4175  -48.239  -19.962  19.815 0.0000000000
4176  -48.814  -22.102  21.832 0.0000000000
4177  -46.728  -22.175  21.464 0.0000000000
4178  -45.564  -24.888  21.786 0.0000000000
4179  -44.408  -22.836  20.924 0.0000000000
6244  -57.291  -18.022  21.645 0.0000000000
6245  -55.608  -17.873  20.300 0.0000000000
6250  -45.490  -20.327  16.525 0.0000000000
6251  -43.583  -21.893  18.786 0.0000000000
6768  -56.801  -27.487  17.518 0.0000000000
6770  -55.305  -29.289  17.599 0.0000000000
6771  -53.460  -30.755  19.417 0.0000000000
7295  -62.192  -15.951  16.538 0.0000000000
7704  -47.076  -28.926  19.725 0.0000000000
7705  -47.296  -30.583  17.478 0.0000000000
7706  -44.780  -31.113  18.296 0.0000000000
8303  -57.634  -25.971  18.915 0.0000000000
8304  -55.530  -26.369  18.750 0.0000000000
8305  -53.207  -26.646  19.274 0.0000000000
8306  -50.852  -26.833  20.125 0.0000000000
8307  -59.845  -17.019  16.789 0.0000000000
8308  -56.810  -17.359  17.593 0.0000000000
8309  -54.003  -18.095  19.148 0.0000000000
8310  -52.963  -17.756  15.479 0.0000000000
8311  -52.332  -18.162  18.290 0.0000000000
8312  -51.980  -19.798  20.946 0.0000000000
8313  -50.778  -22.437  22.025 0.0000000000
8314  -49.687  -24.999  21.749 0.0000000000
8315  -48.632  -26.975  20.813 0.0000000000
8316  -46.548  -27.025  21.513 0.0000000000
8317  -44.339  -27.457  22.142 0.0000000000
9385  -47.936  -32.433  18.162 0.0000000000
