#!ascii label  , from subject fsaverage5 vox2ras=TkReg
23
280  -40.086  -30.643  21.937 0.0000000000
395  -37.842  -23.410  20.355 0.0000000000
396  -33.076  -22.158  17.878 0.0000000000
913  -41.458  -22.859  18.955 0.0000000000
1883  -33.849  -28.391  20.750 0.0000000000
1884  -31.520  -27.709  17.505 0.0000000000
1885  -34.864  -22.780  20.522 0.0000000000
1903  -38.440  -27.154  22.094 0.0000000000
4139  -35.826  -26.097  20.785 0.0000000000
4140  -34.211  -25.836  20.196 0.0000000000
4141  -36.381  -23.130  20.757 0.0000000000
4180  -39.576  -23.225  19.510 0.0000000000
4181  -40.042  -24.851  20.723 0.0000000000
4182  -37.916  -25.550  20.858 0.0000000000
4183  -36.051  -27.902  21.735 0.0000000000
4972  -32.063  -25.166  17.534 0.0000000000
5976  -37.563  -31.433  21.784 0.0000000000
8268  -31.528  -30.104  17.786 0.0000000000
8269  -32.441  -28.152  19.277 0.0000000000
8270  -32.934  -25.450  19.139 0.0000000000
8271  -33.673  -22.386  19.513 0.0000000000
8320  -40.870  -26.208  22.144 0.0000000000
8321  -39.288  -28.882  22.611 0.0000000000
