#!ascii label  , from subject fsaverage5 vox2ras=TkReg
31
519  -9.285  39.159  -20.429 0.0000000000
1138  -8.029  50.594  -22.055 0.0000000000
1139  -10.785  44.162  -22.272 0.0000000000
1140  -5.405  43.788  -23.466 0.0000000000
1141  -4.592  37.676  -26.549 0.0000000000
2199  -12.887  33.886  -19.764 0.0000000000
2200  -8.218  33.006  -21.821 0.0000000000
2201  -4.472  30.684  -27.555 0.0000000000
3057  -6.001  53.592  -22.804 0.0000000000
3058  -5.077  49.963  -22.827 0.0000000000
3059  -6.727  47.180  -21.640 0.0000000000
4856  -10.451  42.014  -20.250 0.0000000000
4857  -11.579  40.808  -23.159 0.0000000000
4858  -12.012  39.086  -20.692 0.0000000000
4859  -12.979  35.937  -21.793 0.0000000000
4860  -11.195  36.670  -19.771 0.0000000000
4861  -10.594  33.804  -19.718 0.0000000000
4862  -8.579  36.213  -21.247 0.0000000000
4864  -4.546  34.388  -27.337 0.0000000000
6658  -9.725  47.485  -21.814 0.0000000000
6659  -8.578  44.694  -20.569 0.0000000000
6660  -7.287  41.509  -21.679 0.0000000000
6661  -6.587  38.444  -23.121 0.0000000000
6662  -4.855  40.746  -25.162 0.0000000000
6663  -3.564  39.883  -26.360 0.0000000000
9158  -13.504  32.546  -22.867 0.0000000000
9159  -14.059  30.698  -20.504 0.0000000000
9160  -12.478  31.177  -18.909 0.0000000000
9161  -10.137  30.751  -19.674 0.0000000000
9163  -6.124  35.249  -24.326 0.0000000000
9164  -5.935  31.808  -25.060 0.0000000000
