#!ascii label  , from subject fsaverage5 vox2ras=TkReg
32
324  -16.508  13.738  -21.652 0.0000000000
427  -7.989  26.355  -21.435 0.0000000000
804  -14.650  20.728  -22.403 0.0000000000
952  -5.024  22.827  -24.842 0.0000000000
953  -8.349  19.220  -19.452 0.0000000000
1958  -14.688  22.503  -16.610 0.0000000000
1959  -11.124  21.513  -16.135 0.0000000000
2436  -16.498  16.139  -16.568 0.0000000000
2724  -14.475  24.056  -22.071 0.0000000000
2872  -4.430  21.700  -23.922 0.0000000000
2873  -5.680  19.430  -22.589 0.0000000000
4297  -10.036  27.533  -19.221 0.0000000000
4298  -11.434  24.896  -17.309 0.0000000000
4299  -9.646  24.144  -18.707 0.0000000000
4300  -8.325  15.008  -17.850 0.0000000000
4301  -9.391  16.438  -16.649 0.0000000000
5445  -14.106  19.027  -14.541 0.0000000000
5446  -15.572  19.362  -16.677 0.0000000000
6322  -6.138  24.508  -24.198 0.0000000000
6323  -7.971  22.739  -20.967 0.0000000000
6324  -6.733  20.834  -22.706 0.0000000000
6325  -7.168  17.604  -20.437 0.0000000000
8468  -14.758  25.109  -18.866 0.0000000000
8469  -13.469  25.435  -17.209 0.0000000000
8470  -12.951  22.130  -15.575 0.0000000000
8471  -12.259  18.534  -14.274 0.0000000000
8472  -9.630  20.637  -17.630 0.0000000000
8473  -10.652  17.602  -15.198 0.0000000000
9166  -4.491  26.454  -26.493 0.0000000000
9864  -15.249  21.952  -19.300 0.0000000000
9865  -15.292  18.639  -19.867 0.0000000000
9866  -16.289  15.536  -19.528 0.0000000000
