#!ascii label  , from subject fsaverage5 vox2ras=TkReg
14
1933  -22.274  -82.817  32.226 0.0000000000
1934  -23.795  -79.398  26.253 0.0000000000
4245  -21.558  -83.382  35.271 0.0000000000
4246  -21.684  -80.431  35.500 0.0000000000
4248  -23.023  -77.531  29.222 0.0000000000
4250  -24.636  -77.217  23.891 0.0000000000
6016  -22.523  -84.793  23.503 0.0000000000
6291  -21.524  -77.625  35.523 0.0000000000
8403  -22.806  -84.930  28.753 0.0000000000
8404  -22.303  -79.271  32.271 0.0000000000
8405  -22.952  -81.198  29.148 0.0000000000
8406  -23.460  -83.069  26.075 0.0000000000
8407  -24.317  -81.044  23.576 0.0000000000
8408  -24.684  -78.899  21.445 0.0000000000
