#!ascii label  , from subject fsaverage5 vox2ras=TkReg
35
71  -18.659  -68.242  38.409 0.0000000000
190  -14.656  -74.428  45.623 0.0000000000
417  -23.682  -71.855  26.965 0.0000000000
932  -16.611  -72.012  41.806 0.0000000000
933  -18.841  -76.006  43.242 0.0000000000
934  -20.493  -73.412  38.127 0.0000000000
936  -21.451  -70.185  32.602 0.0000000000
1495  -12.034  -73.545  48.946 0.0000000000
1496  -15.308  -70.684  46.946 0.0000000000
1497  -16.859  -67.372  43.898 0.0000000000
2852  -17.582  -70.151  40.093 0.0000000000
2853  -18.580  -72.499  40.075 0.0000000000
2854  -19.488  -70.714  38.085 0.0000000000
2855  -20.924  -72.090  35.247 0.0000000000
2856  -20.242  -69.189  35.584 0.0000000000
3455  -16.177  -69.192  45.403 0.0000000000
4237  -12.843  -75.379  46.783 0.0000000000
4238  -13.041  -76.505  46.036 0.0000000000
4251  -24.484  -73.352  24.380 0.0000000000
6285  -14.270  -75.360  43.406 0.0000000000
6286  -15.736  -73.397  43.660 0.0000000000
6287  -16.806  -75.416  44.326 0.0000000000
6288  -17.739  -74.165  42.225 0.0000000000
6289  -19.743  -74.620  40.766 0.0000000000
6293  -22.467  -73.110  32.353 0.0000000000
6294  -23.027  -70.785  29.736 0.0000000000
7328  -11.271  -75.026  48.337 0.0000000000
7329  -13.228  -73.903  47.652 0.0000000000
7331  -13.877  -72.267  48.006 0.0000000000
7332  -14.710  -72.516  46.448 0.0000000000
7333  -15.648  -71.152  44.606 0.0000000000
7334  -16.397  -69.676  42.738 0.0000000000
7335  -17.493  -67.780  41.077 0.0000000000
9531  -21.781  -67.733  31.005 0.0000000000
9532  -23.329  -68.474  28.124 0.0000000000
