#!ascii label  , from subject fsaverage5 vox2ras=TkReg
43
244  -19.919  7.433  64.248 0.0000000000
245  -13.623  -0.283  68.771 0.0000000000
724  -17.745  -2.447  68.775 0.0000000000
1091  -15.668  8.190  61.727 0.0000000000
1589  -18.952  -3.019  61.210 0.0000000000
1591  -19.302  0.828  66.342 0.0000000000
1592  -16.860  3.579  67.024 0.0000000000
1593  -12.272  4.845  65.910 0.0000000000
1594  -8.894  6.364  66.911 0.0000000000
1595  -10.025  0.430  67.627 0.0000000000
3011  -12.948  9.026  61.240 0.0000000000
3608  -19.930  -4.660  63.395 0.0000000000
3609  -19.114  -1.244  64.082 0.0000000000
3610  -19.860  -2.883  66.167 0.0000000000
3611  -15.767  -1.192  69.146 0.0000000000
3612  -17.380  0.499  68.584 0.0000000000
3613  -15.046  1.514  68.251 0.0000000000
3614  -14.536  4.161  66.127 0.0000000000
3615  -12.787  2.200  68.018 0.0000000000
3616  -11.130  2.840  67.906 0.0000000000
3617  -11.780  0.114  68.313 0.0000000000
3619  -11.116  -4.520  64.499 0.0000000000
4711  -20.443  5.704  63.185 0.0000000000
4713  -20.487  8.878  61.608 0.0000000000
5910  -19.033  -4.142  67.322 0.0000000000
5911  -17.131  -5.291  67.919 0.0000000000
5912  -15.958  -4.145  69.153 0.0000000000
5913  -14.127  -3.293  68.741 0.0000000000
5914  -12.776  -2.633  67.701 0.0000000000
6571  -17.933  8.355  63.544 0.0000000000
7550  -19.258  2.444  63.726 0.0000000000
7551  -19.781  4.278  65.346 0.0000000000
7552  -19.028  -0.916  68.033 0.0000000000
7553  -18.669  2.455  67.483 0.0000000000
7554  -18.485  5.796  65.597 0.0000000000
7555  -16.296  6.056  64.401 0.0000000000
7556  -13.764  6.342  63.218 0.0000000000
7557  -11.418  7.415  63.590 0.0000000000
7558  -9.965  8.720  64.625 0.0000000000
7559  -10.572  5.615  66.279 0.0000000000
7560  -9.495  3.124  67.914 0.0000000000
7562  -11.485  -1.895  66.278 0.0000000000
9004  -8.523  9.820  65.445 0.0000000000
