#!ascii label  , from subject fsaverage5 vox2ras=TkReg
73
48  -36.691  -33.416  64.662 0.0000000000
230  -43.886  -31.261  58.586 0.0000000000
368  -49.431  -17.691  52.652 0.0000000000
469  -58.154  -17.016  39.439 0.0000000000
851  -43.646  -21.412  51.871 0.0000000000
1023  -46.327  -19.790  46.743 0.0000000000
1024  -53.137  -17.947  49.895 0.0000000000
1025  -50.124  -19.883  44.700 0.0000000000
1027  -55.952  -14.859  40.184 0.0000000000
1029  -58.859  -15.991  35.245 0.0000000000
1032  -59.694  -9.431  29.284 0.0000000000
1564  -40.616  -32.559  61.865 0.0000000000
1815  -47.177  -18.724  56.108 0.0000000000
1816  -44.226  -20.121  49.194 0.0000000000
2055  -52.616  -18.187  41.590 0.0000000000
2064  -57.240  -11.111  23.943 0.0000000000
2080  -24.360  -35.984  58.790 0.0000000000
2943  -44.316  -21.150  42.988 0.0000000000
2944  -48.227  -19.790  45.817 0.0000000000
2945  -46.161  -21.141  41.925 0.0000000000
2952  -57.948  -10.433  30.332 0.0000000000
2967  -34.760  -34.605  62.616 0.0000000000
3565  -42.389  -31.938  60.077 0.0000000000
3987  -46.574  -20.034  57.699 0.0000000000
3989  -43.584  -20.587  50.491 0.0000000000
3991  -41.927  -20.850  45.667 0.0000000000
4512  -49.064  -19.477  39.143 0.0000000000
4513  -50.408  -17.814  38.235 0.0000000000
4514  -58.047  -15.228  40.883 0.0000000000
4518  -56.147  -19.140  39.059 0.0000000000
4519  -54.515  -20.121  36.288 0.0000000000
4520  -56.145  -18.541  36.910 0.0000000000
4521  -58.864  -15.605  32.977 0.0000000000
4522  -56.614  -17.706  32.676 0.0000000000
5870  -49.161  -24.829  48.207 0.0000000000
5884  -45.239  -30.512  57.309 0.0000000000
6137  -45.033  -20.960  55.959 0.0000000000
6447  -48.116  -18.441  49.945 0.0000000000
6448  -51.344  -17.637  51.228 0.0000000000
6449  -49.943  -18.260  48.878 0.0000000000
6450  -51.889  -18.445  47.666 0.0000000000
6451  -53.607  -18.410  46.163 0.0000000000
6453  -52.340  -16.222  37.572 0.0000000000
6454  -54.242  -14.746  36.665 0.0000000000
6455  -57.493  -13.495  39.152 0.0000000000
6456  -59.121  -14.456  39.082 0.0000000000
6457  -58.598  -16.486  37.448 0.0000000000
6458  -59.961  -13.891  37.191 0.0000000000
6459  -60.573  -13.395  35.080 0.0000000000
6460  -61.066  -13.223  32.742 0.0000000000
6462  -61.966  -11.228  31.848 0.0000000000
7465  -52.436  -12.892  28.964 0.0000000000
7466  -54.371  -11.814  28.383 0.0000000000
7486  -38.695  -33.068  63.390 0.0000000000
8071  -48.607  -25.349  55.909 0.0000000000
8075  -48.080  -17.983  54.363 0.0000000000
8076  -45.146  -19.779  54.200 0.0000000000
8077  -45.708  -19.055  52.627 0.0000000000
8078  -46.774  -18.721  51.299 0.0000000000
8079  -45.069  -19.880  47.939 0.0000000000
8080  -42.922  -20.859  44.240 0.0000000000
8081  -41.026  -22.125  40.717 0.0000000000
8118  -38.153  -31.961  65.340 0.0000000000
8119  -40.117  -31.514  64.066 0.0000000000
8121  -43.571  -29.698  60.965 0.0000000000
8124  -45.043  -28.655  59.504 0.0000000000
8125  -46.379  -27.473  58.423 0.0000000000
8733  -47.673  -20.700  40.502 0.0000000000
8734  -51.551  -19.459  43.025 0.0000000000
8736  -54.128  -16.445  40.770 0.0000000000
8745  -56.447  -17.961  34.877 0.0000000000
8760  -56.303  -10.834  27.628 0.0000000000
8761  -58.095  -10.040  26.438 0.0000000000
