#!ascii label  , from subject fsaverage5 vox2ras=TkReg
42
68  -38.499  -67.409  46.395 0.0000000000
563  -32.404  -68.402  42.975 0.0000000000
1245  -37.279  -63.801  41.451 0.0000000000
1247  -35.038  -68.478  45.150 0.0000000000
1683  -39.330  -69.655  44.093 0.0000000000
1684  -35.671  -72.588  45.558 0.0000000000
1685  -36.720  -73.974  39.270 0.0000000000
1919  -39.853  -62.812  43.121 0.0000000000
1922  -41.264  -66.287  45.606 0.0000000000
2329  -29.542  -67.764  41.475 0.0000000000
3165  -37.982  -65.691  44.085 0.0000000000
3166  -36.269  -65.913  43.474 0.0000000000
3167  -36.674  -68.038  46.052 0.0000000000
4213  -38.437  -60.684  40.953 0.0000000000
4220  -43.824  -64.289  44.652 0.0000000000
4221  -42.087  -64.503  45.332 0.0000000000
4222  -42.543  -65.843  44.266 0.0000000000
4224  -42.424  -66.133  42.078 0.0000000000
5178  -33.393  -65.788  42.121 0.0000000000
5182  -31.040  -68.234  42.123 0.0000000000
5184  -33.719  -73.588  44.932 0.0000000000
6839  -24.516  -63.223  50.508 0.0000000000
6849  -36.205  -61.301  39.149 0.0000000000
6851  -35.657  -63.695  40.879 0.0000000000
6852  -34.741  -66.063  42.748 0.0000000000
6853  -33.719  -68.598  44.033 0.0000000000
7767  -39.226  -68.989  46.377 0.0000000000
7768  -37.168  -70.028  46.756 0.0000000000
7769  -37.648  -71.192  45.298 0.0000000000
7770  -36.298  -73.798  42.701 0.0000000000
7773  -36.961  -75.844  36.282 0.0000000000
8361  -37.552  -61.239  39.944 0.0000000000
8362  -38.726  -63.471  42.198 0.0000000000
8363  -39.242  -65.182  44.657 0.0000000000
8370  -41.099  -62.457  44.055 0.0000000000
8371  -40.607  -64.596  45.335 0.0000000000
8372  -39.990  -66.719  46.307 0.0000000000
8373  -40.355  -67.949  45.114 0.0000000000
9548  -34.986  -70.768  46.381 0.0000000000
9549  -33.339  -71.209  45.510 0.0000000000
9550  -31.965  -71.029  44.289 0.0000000000
9553  -30.721  -70.628  42.978 0.0000000000
