#!ascii label  , from subject fsaverage5 vox2ras=TkReg
19
469  -58.154  -17.016  39.439 0.0000000000
1813  -48.474  -23.384  58.064 0.0000000000
1814  -50.103  -20.517  55.609 0.0000000000
1831  -42.722  -28.536  62.855 0.0000000000
1832  -45.923  -25.907  60.604 0.0000000000
2965  -34.695  -33.630  65.489 0.0000000000
3985  -47.425  -22.061  59.257 0.0000000000
4023  -40.955  -29.618  64.058 0.0000000000
4026  -44.591  -25.003  61.385 0.0000000000
4027  -46.142  -23.467  60.391 0.0000000000
4028  -47.363  -24.633  59.387 0.0000000000
4504  -51.413  -20.276  53.702 0.0000000000
4507  -54.897  -19.638  49.566 0.0000000000
4514  -58.047  -15.228  40.883 0.0000000000
4516  -57.700  -17.608  41.525 0.0000000000
6456  -59.121  -14.456  39.082 0.0000000000
8073  -49.309  -21.925  56.979 0.0000000000
8122  -42.876  -26.433  62.234 0.0000000000
8123  -44.370  -27.236  61.716 0.0000000000
