#!ascii label  , from subject fsaverage5 vox2ras=TkReg
16
565  -32.746  -78.632  16.681 0.0000000000
1252  -34.795  -81.838  22.318 0.0000000000
3170  -34.176  -83.129  28.027 0.0000000000
3171  -33.988  -81.768  25.775 0.0000000000
3172  -35.250  -83.385  24.828 0.0000000000
3173  -36.101  -83.591  21.937 0.0000000000
5193  -32.997  -77.893  20.207 0.0000000000
5195  -31.466  -76.292  17.694 0.0000000000
5197  -30.384  -77.864  14.596 0.0000000000
5198  -28.535  -79.711  12.779 0.0000000000
5199  -31.577  -79.686  14.058 0.0000000000
6860  -32.800  -79.204  26.635 0.0000000000
6861  -34.021  -79.692  23.250 0.0000000000
6862  -34.065  -80.082  19.594 0.0000000000
6863  -34.291  -80.602  16.538 0.0000000000
6864  -35.422  -81.951  19.545 0.0000000000
