#!ascii label  , from subject fsaverage5 vox2ras=TkReg
21
189  -10.106  -70.514  53.312 0.0000000000
940  -6.404  -68.082  51.903 0.0000000000
942  -5.671  -68.522  47.784 0.0000000000
1493  -8.106  -72.854  51.014 0.0000000000
2860  -6.477  -70.970  49.395 0.0000000000
2861  -5.951  -68.226  49.835 0.0000000000
2862  -6.224  -71.261  47.233 0.0000000000
2863  -5.928  -71.511  45.226 0.0000000000
3449  -9.168  -71.988  52.265 0.0000000000
3451  -10.758  -72.002  50.557 0.0000000000
3460  -9.825  -68.958  56.955 0.0000000000
3462  -8.553  -69.894  55.233 0.0000000000
3463  -7.510  -70.375  53.488 0.0000000000
5813  -11.280  -69.428  54.999 0.0000000000
5815  -12.672  -68.688  53.458 0.0000000000
5821  -11.447  -68.199  58.505 0.0000000000
6302  -7.209  -65.581  51.681 0.0000000000
6303  -6.533  -65.337  49.668 0.0000000000
7325  -7.615  -73.243  48.808 0.0000000000
7344  -6.928  -68.070  54.045 0.0000000000
7345  -6.921  -70.719  51.550 0.0000000000
