#!ascii label  , from subject fsaverage5 vox2ras=TkReg
17
103  -32.235  -47.263  57.839 0.0000000000
1044  -37.461  -49.623  57.396 0.0000000000
2074  -28.756  -53.107  63.705 0.0000000000
2085  -34.464  -45.304  55.459 0.0000000000
2960  -30.492  -47.367  59.110 0.0000000000
2961  -32.445  -48.798  60.970 0.0000000000
2962  -33.993  -48.538  59.354 0.0000000000
2963  -36.694  -50.052  58.824 0.0000000000
2964  -35.331  -48.153  58.145 0.0000000000
4585  -35.151  -44.285  54.424 0.0000000000
4586  -36.958  -46.226  55.573 0.0000000000
4587  -36.926  -45.496  53.348 0.0000000000
6480  -31.000  -49.176  62.347 0.0000000000
8791  -30.505  -52.108  63.259 0.0000000000
8823  -33.469  -46.333  56.534 0.0000000000
8824  -36.331  -47.090  56.937 0.0000000000
8825  -38.131  -48.722  55.421 0.0000000000
