#!ascii label  , from subject fsaverage5 vox2ras=TkReg
42
246  -7.052  0.199  65.964 0.0000000000
499  -6.698  13.230  61.397 0.0000000000
500  -8.065  1.272  58.411 0.0000000000
1099  -6.176  0.469  62.780 0.0000000000
1124  -8.409  6.623  49.990 0.0000000000
2145  -8.156  12.127  55.719 0.0000000000
2146  -6.637  7.371  65.473 0.0000000000
2147  -7.653  7.665  61.153 0.0000000000
2148  -8.948  6.812  55.231 0.0000000000
2149  -8.401  1.936  53.489 0.0000000000
3044  -8.681  9.037  49.972 0.0000000000
3619  -11.116  -4.520  64.499 0.0000000000
4728  -6.633  16.148  61.574 0.0000000000
4730  -7.301  15.571  58.804 0.0000000000
4732  -7.469  12.615  58.573 0.0000000000
4735  -6.652  3.508  66.548 0.0000000000
4736  -7.032  0.967  60.887 0.0000000000
4737  -7.267  3.972  63.196 0.0000000000
4738  -8.820  4.007  60.799 0.0000000000
4739  -8.821  7.402  58.255 0.0000000000
4740  -9.352  4.137  57.242 0.0000000000
4742  -8.334  1.627  55.790 0.0000000000
4744  -6.676  -3.925  52.806 0.0000000000
6583  -6.878  13.549  63.654 0.0000000000
6584  -7.231  -1.967  63.357 0.0000000000
6585  -6.152  0.146  64.642 0.0000000000
6588  -6.055  -1.525  58.285 0.0000000000
6589  -6.693  -1.150  56.306 0.0000000000
6632  -9.242  4.350  49.941 0.0000000000
7563  -10.081  -1.520  64.884 0.0000000000
7564  -8.510  -1.559  64.214 0.0000000000
9005  -7.197  10.432  65.167 0.0000000000
9006  -6.620  10.623  63.662 0.0000000000
9007  -6.485  3.735  64.959 0.0000000000
9008  -6.731  7.697  63.546 0.0000000000
9009  -6.939  10.422  61.091 0.0000000000
9010  -7.394  9.954  58.180 0.0000000000
9011  -7.867  9.440  55.417 0.0000000000
9012  -8.358  9.108  52.603 0.0000000000
9015  -9.116  1.860  51.502 0.0000000000
9016  -7.282  -0.932  54.318 0.0000000000
9017  -8.327  -0.984  52.627 0.0000000000
