#!ascii label  , from subject fsaverage5 vox2ras=TkReg
104
1  -16.173  -66.895  59.408 0.0000000000
192  -13.757  -60.266  59.602 0.0000000000
193  -9.688  -63.282  54.813 0.0000000000
473  -20.204  -58.690  62.978 0.0000000000
474  -21.234  -62.816  56.384 0.0000000000
475  -27.116  -57.112  62.796 0.0000000000
476  -34.726  -54.811  58.763 0.0000000000
492  -14.584  -53.936  62.017 0.0000000000
669  -12.829  -68.549  56.647 0.0000000000
671  -16.165  -66.946  53.960 0.0000000000
672  -13.863  -64.174  61.295 0.0000000000
1037  -20.895  -55.228  61.257 0.0000000000
1038  -23.536  -58.815  64.336 0.0000000000
1043  -35.379  -52.642  56.144 0.0000000000
1079  -16.656  -52.660  60.099 0.0000000000
1080  -17.670  -55.821  59.554 0.0000000000
1237  -23.163  -60.197  54.779 0.0000000000
1238  -22.863  -63.813  53.062 0.0000000000
2069  -18.331  -62.475  62.178 0.0000000000
2070  -18.858  -65.299  58.246 0.0000000000
2071  -21.267  -62.195  61.569 0.0000000000
2072  -23.947  -59.796  59.845 0.0000000000
2075  -31.283  -55.433  61.176 0.0000000000
2121  -12.292  -53.791  66.541 0.0000000000
2122  -11.694  -54.727  61.454 0.0000000000
2124  -16.597  -59.747  60.494 0.0000000000
2318  -19.695  -65.592  53.764 0.0000000000
2589  -14.400  -67.774  58.269 0.0000000000
2590  -14.552  -68.024  55.204 0.0000000000
2591  -16.268  -67.168  56.764 0.0000000000
2593  -13.048  -67.279  59.891 0.0000000000
2957  -20.564  -53.485  59.533 0.0000000000
2958  -22.728  -55.237  62.709 0.0000000000
2959  -22.779  -53.426  60.455 0.0000000000
3000  -18.728  -54.075  59.493 0.0000000000
4547  -19.244  -60.515  62.729 0.0000000000
4548  -19.783  -62.479  62.146 0.0000000000
4549  -20.756  -60.613  63.416 0.0000000000
4550  -25.336  -58.222  63.644 0.0000000000
4551  -24.033  -59.713  62.209 0.0000000000
4552  -25.435  -58.404  61.185 0.0000000000
4554  -27.133  -57.257  60.414 0.0000000000
4558  -34.566  -53.145  61.302 0.0000000000
4559  -32.486  -53.678  62.301 0.0000000000
4560  -33.351  -55.051  60.045 0.0000000000
4561  -31.041  -56.018  58.616 0.0000000000
4562  -32.146  -55.810  57.357 0.0000000000
4564  -32.809  -54.980  56.027 0.0000000000
4670  -14.856  -53.135  64.016 0.0000000000
4672  -13.568  -53.983  64.537 0.0000000000
4673  -11.891  -54.303  64.043 0.0000000000
4674  -13.183  -54.360  61.819 0.0000000000
4677  -19.181  -57.439  61.032 0.0000000000
4678  -17.452  -57.692  59.854 0.0000000000
4679  -18.410  -59.271  61.471 0.0000000000
4680  -17.400  -61.174  61.918 0.0000000000
5152  -20.065  -63.984  57.317 0.0000000000
5153  -19.117  -65.537  55.876 0.0000000000
5154  -20.502  -64.471  55.144 0.0000000000
5818  -13.539  -62.215  60.744 0.0000000000
5819  -11.924  -63.436  60.117 0.0000000000
5820  -11.962  -65.547  60.402 0.0000000000
6301  -9.599  -63.508  52.899 0.0000000000
6473  -20.869  -57.050  62.631 0.0000000000
6474  -21.703  -58.829  64.245 0.0000000000
6475  -22.344  -56.983  64.146 0.0000000000
6476  -24.226  -56.785  64.714 0.0000000000
6482  -35.954  -52.747  59.962 0.0000000000
6483  -35.251  -53.871  57.562 0.0000000000
6484  -36.929  -52.202  58.603 0.0000000000
6549  -15.612  -53.326  61.519 0.0000000000
6550  -15.733  -54.388  60.026 0.0000000000
6551  -17.074  -54.169  59.827 0.0000000000
6552  -19.211  -55.801  60.368 0.0000000000
6835  -22.328  -61.380  55.527 0.0000000000
6836  -21.858  -63.407  54.321 0.0000000000
6837  -22.660  -62.161  53.278 0.0000000000
7336  -10.327  -56.071  59.181 0.0000000000
7340  -10.119  -62.845  56.439 0.0000000000
7341  -10.342  -64.434  59.092 0.0000000000
7342  -8.978  -65.285  57.693 0.0000000000
7343  -8.274  -65.580  55.877 0.0000000000
8777  -17.179  -64.776  61.020 0.0000000000
8778  -17.670  -66.364  58.962 0.0000000000
8779  -18.621  -64.603  60.567 0.0000000000
8780  -19.978  -63.801  59.853 0.0000000000
8781  -21.299  -62.548  59.163 0.0000000000
8782  -22.448  -60.512  63.134 0.0000000000
8783  -22.719  -61.148  60.774 0.0000000000
8784  -22.538  -61.138  58.436 0.0000000000
8788  -24.969  -52.766  61.558 0.0000000000
8793  -29.098  -56.161  62.021 0.0000000000
8794  -29.191  -56.525  59.628 0.0000000000
8795  -28.361  -56.952  57.356 0.0000000000
8930  -10.276  -53.954  65.660 0.0000000000
8935  -14.607  -58.096  59.052 0.0000000000
8936  -16.199  -55.848  59.202 0.0000000000
8937  -15.884  -57.887  59.399 0.0000000000
8938  -14.959  -59.888  60.053 0.0000000000
8939  -15.408  -61.766  61.377 0.0000000000
8940  -16.230  -63.266  61.966 0.0000000000
9512  -17.843  -66.452  56.292 0.0000000000
9513  -18.060  -66.278  53.835 0.0000000000
9515  -21.420  -64.861  53.649 0.0000000000
