#!ascii label  , from subject fsaverage5 vox2ras=TkReg
32
308  -18.493  -35.563  40.613 0.0000000000
309  -14.767  -44.527  46.206 0.0000000000
1285  -15.166  -38.282  40.029 0.0000000000
1286  -15.647  -32.884  37.506 0.0000000000
1287  -11.663  -35.137  40.061 0.0000000000
1706  -17.362  -31.745  43.538 0.0000000000
1707  -18.142  -36.804  45.739 0.0000000000
1708  -17.673  -40.873  43.308 0.0000000000
1709  -12.851  -41.797  43.553 0.0000000000
3205  -12.712  -38.838  41.159 0.0000000000
3206  -13.417  -36.684  39.760 0.0000000000
3207  -11.074  -37.379  41.071 0.0000000000
3803  -16.655  -34.641  47.017 0.0000000000
3804  -17.158  -36.980  48.220 0.0000000000
3807  -16.498  -43.044  44.770 0.0000000000
3808  -15.575  -41.707  42.914 0.0000000000
3809  -13.950  -43.242  44.635 0.0000000000
5295  -18.365  -33.560  41.960 0.0000000000
5296  -17.975  -30.730  41.075 0.0000000000
5297  -18.283  -32.452  39.503 0.0000000000
6921  -17.304  -37.239  39.781 0.0000000000
6922  -17.406  -34.293  38.487 0.0000000000
6923  -15.631  -35.678  38.640 0.0000000000
6924  -13.685  -34.137  38.532 0.0000000000
7821  -16.301  -32.351  45.959 0.0000000000
7822  -17.759  -34.341  44.480 0.0000000000
7823  -18.725  -36.464  43.114 0.0000000000
7825  -18.669  -38.960  44.460 0.0000000000
7826  -18.335  -38.377  41.915 0.0000000000
7827  -16.710  -39.709  41.221 0.0000000000
7828  -14.238  -40.328  41.770 0.0000000000
9687  -17.150  -31.213  37.573 0.0000000000
