#!ascii label  , from subject fsaverage5 vox2ras=TkReg
74
156  -35.582  -43.868  -21.853 0.0000000000
352  -27.527  -58.538  -14.605 0.0000000000
631  -32.340  -54.152  -9.554 0.0000000000
1414  -30.093  -50.419  -17.563 0.0000000000
1415  -26.403  -50.015  -15.928 0.0000000000
1416  -29.292  -43.195  -20.434 0.0000000000
1418  -34.621  -38.102  -23.802 0.0000000000
1784  -31.117  -63.172  -9.401 0.0000000000
1786  -32.098  -56.401  -16.292 0.0000000000
1787  -36.651  -48.569  -19.847 0.0000000000
1801  -32.396  -45.175  -6.927 0.0000000000
2505  -39.216  -37.078  -22.323 0.0000000000
2528  -31.845  -51.406  -6.397 0.0000000000
2529  -34.595  -47.685  -10.050 0.0000000000
2530  -29.765  -56.499  -12.657 0.0000000000
2531  -30.920  -49.122  -13.866 0.0000000000
2532  -35.255  -43.156  -15.076 0.0000000000
3334  -32.940  -46.283  -19.102 0.0000000000
3335  -29.427  -46.772  -18.804 0.0000000000
3336  -32.333  -43.474  -20.810 0.0000000000
3337  -31.902  -40.737  -22.296 0.0000000000
3338  -35.074  -41.169  -22.759 0.0000000000
3935  -33.497  -58.855  -15.723 0.0000000000
3936  -36.023  -54.499  -17.395 0.0000000000
3937  -34.917  -51.959  -17.313 0.0000000000
5615  -44.979  -33.451  -22.221 0.0000000000
5617  -41.386  -36.315  -22.017 0.0000000000
5618  -41.188  -34.127  -22.361 0.0000000000
5619  -39.291  -34.652  -23.493 0.0000000000
5674  -30.852  -55.657  -7.420 0.0000000000
5675  -30.387  -54.217  -6.403 0.0000000000
5676  -32.540  -52.802  -7.798 0.0000000000
5677  -33.639  -49.589  -7.952 0.0000000000
5678  -33.433  -50.959  -9.840 0.0000000000
5679  -29.732  -61.030  -12.356 0.0000000000
5680  -30.683  -59.971  -11.103 0.0000000000
5681  -28.457  -57.484  -13.470 0.0000000000
5682  -27.326  -46.036  -16.951 0.0000000000
5683  -28.051  -49.435  -14.942 0.0000000000
5684  -29.809  -46.283  -15.948 0.0000000000
5685  -33.002  -46.181  -14.709 0.0000000000
5686  -32.432  -43.321  -16.975 0.0000000000
7151  -31.076  -57.244  -8.661 0.0000000000
7152  -27.690  -54.927  -16.326 0.0000000000
7153  -26.570  -54.470  -15.110 0.0000000000
7154  -27.130  -50.819  -16.939 0.0000000000
7155  -27.244  -46.475  -18.030 0.0000000000
7156  -28.028  -42.795  -19.481 0.0000000000
7160  -34.679  -35.200  -25.014 0.0000000000
8002  -30.475  -63.828  -11.654 0.0000000000
8003  -28.626  -61.823  -14.308 0.0000000000
8005  -30.018  -60.888  -16.139 0.0000000000
8006  -28.713  -58.262  -16.154 0.0000000000
8007  -31.002  -53.599  -16.783 0.0000000000
8008  -33.859  -49.042  -17.742 0.0000000000
8009  -36.074  -46.226  -20.813 0.0000000000
8041  -34.068  -43.217  -8.639 0.0000000000
10071  -37.705  -40.550  -23.130 0.0000000000
10072  -37.242  -37.696  -23.497 0.0000000000
10073  -37.327  -35.174  -24.431 0.0000000000
10139  -29.174  -53.329  -5.399 0.0000000000
10140  -30.178  -50.145  -5.503 0.0000000000
10141  -32.498  -48.203  -6.549 0.0000000000
10142  -34.267  -46.363  -8.112 0.0000000000
10143  -35.465  -44.441  -10.234 0.0000000000
10145  -31.165  -58.747  -10.012 0.0000000000
10146  -31.060  -55.327  -11.435 0.0000000000
10147  -27.454  -53.443  -14.164 0.0000000000
10148  -29.482  -52.417  -13.406 0.0000000000
10149  -31.888  -51.833  -11.915 0.0000000000
10150  -33.452  -48.538  -12.258 0.0000000000
10151  -35.122  -45.521  -12.542 0.0000000000
10152  -36.335  -42.187  -12.761 0.0000000000
10153  -36.704  -40.003  -15.023 0.0000000000
