#!ascii label  , from subject fsaverage5 vox2ras=TkReg
78
155  -48.958  -41.385  -23.889 0.0000000000
353  -38.799  -53.531  -19.972 0.0000000000
620  -49.553  -50.557  -14.802 0.0000000000
621  -41.763  -48.318  -15.371 0.0000000000
622  -43.014  -38.955  -21.490 0.0000000000
833  -41.119  -58.616  -20.443 0.0000000000
1386  -49.737  -45.077  -18.621 0.0000000000
1387  -44.926  -48.123  -12.768 0.0000000000
1388  -46.181  -42.075  -16.935 0.0000000000
1389  -42.162  -42.397  -17.097 0.0000000000
1390  -45.983  -39.462  -22.233 0.0000000000
1770  -49.964  -36.873  -26.029 0.0000000000
2496  -48.821  -54.839  -11.176 0.0000000000
2497  -43.268  -53.090  -9.774 0.0000000000
2498  -41.244  -54.795  -14.345 0.0000000000
2499  -43.593  -56.050  -19.436 0.0000000000
2500  -41.532  -50.915  -19.505 0.0000000000
2501  -39.638  -45.260  -19.791 0.0000000000
2502  -40.697  -40.984  -23.455 0.0000000000
2503  -46.505  -35.838  -24.362 0.0000000000
3306  -49.751  -42.957  -21.174 0.0000000000
3307  -47.984  -43.583  -17.492 0.0000000000
3308  -47.983  -41.486  -20.618 0.0000000000
3309  -46.194  -40.561  -19.718 0.0000000000
3310  -47.436  -40.238  -23.216 0.0000000000
5580  -41.874  -61.562  -13.628 0.0000000000
5592  -51.931  -49.051  -18.259 0.0000000000
5596  -49.081  -52.913  -13.226 0.0000000000
5597  -45.957  -53.631  -9.851 0.0000000000
5598  -46.627  -51.662  -11.864 0.0000000000
5599  -42.802  -47.937  -13.484 0.0000000000
5600  -42.290  -50.962  -12.843 0.0000000000
5601  -41.807  -51.680  -15.367 0.0000000000
5602  -42.326  -55.861  -17.147 0.0000000000
5603  -42.552  -52.179  -17.859 0.0000000000
5604  -42.964  -53.225  -19.859 0.0000000000
5605  -41.538  -49.538  -17.389 0.0000000000
5606  -42.519  -40.184  -19.133 0.0000000000
5607  -40.673  -43.549  -18.416 0.0000000000
5608  -41.097  -41.255  -20.314 0.0000000000
5609  -40.180  -42.970  -21.856 0.0000000000
5610  -41.772  -39.785  -22.414 0.0000000000
5611  -50.120  -33.882  -25.904 0.0000000000
5612  -48.350  -36.399  -24.937 0.0000000000
5613  -48.685  -33.789  -24.379 0.0000000000
6107  -39.851  -56.076  -20.343 0.0000000000
7101  -51.289  -46.436  -20.057 0.0000000000
7102  -49.394  -47.726  -16.481 0.0000000000
7103  -47.248  -49.237  -13.414 0.0000000000
7104  -47.502  -46.182  -15.015 0.0000000000
7105  -45.567  -44.984  -14.230 0.0000000000
7106  -43.388  -44.431  -14.554 0.0000000000
7107  -41.706  -45.238  -15.745 0.0000000000
7108  -44.139  -41.874  -16.522 0.0000000000
7109  -44.409  -40.037  -18.955 0.0000000000
7110  -44.629  -38.915  -21.388 0.0000000000
7968  -48.944  -39.342  -25.785 0.0000000000
10035  -51.089  -58.388  -10.691 0.0000000000
10044  -48.466  -56.899  -9.168 0.0000000000
10048  -44.139  -50.879  -11.515 0.0000000000
10049  -41.447  -53.549  -11.476 0.0000000000
10050  -40.981  -57.537  -12.628 0.0000000000
10051  -42.029  -58.843  -15.403 0.0000000000
10054  -43.298  -57.189  -20.870 0.0000000000
10055  -42.157  -54.556  -21.181 0.0000000000
10056  -41.021  -52.079  -21.010 0.0000000000
10057  -40.708  -46.594  -17.416 0.0000000000
10058  -40.258  -48.316  -18.934 0.0000000000
10059  -39.668  -49.789  -20.421 0.0000000000
10060  -38.766  -47.071  -21.075 0.0000000000
10061  -38.757  -44.860  -22.440 0.0000000000
10062  -38.594  -42.677  -23.316 0.0000000000
10063  -47.389  -38.474  -25.318 0.0000000000
10064  -45.853  -38.088  -24.654 0.0000000000
10065  -44.747  -37.656  -23.635 0.0000000000
10066  -46.664  -33.395  -23.114 0.0000000000
10067  -44.641  -35.726  -24.166 0.0000000000
10068  -43.484  -37.697  -22.894 0.0000000000
