#!ascii label  , from subject fsaverage5 vox2ras=TkReg
23
40  -42.707  -64.534  -18.899 0.0000000000
446  -39.419  -75.650  -15.124 0.0000000000
983  -40.002  -79.183  -13.382 0.0000000000
2000  -41.503  -71.186  -17.280 0.0000000000
2487  -42.597  -76.233  -9.903 0.0000000000
2488  -39.258  -73.635  -10.592 0.0000000000
2489  -40.859  -68.202  -13.320 0.0000000000
2749  -39.560  -69.341  -17.831 0.0000000000
2751  -39.604  -65.393  -17.557 0.0000000000
4388  -40.206  -73.870  -16.570 0.0000000000
5574  -40.774  -75.572  -10.158 0.0000000000
5579  -42.140  -65.533  -14.631 0.0000000000
6377  -39.118  -77.249  -13.713 0.0000000000
8581  -38.959  -72.329  -17.477 0.0000000000
8582  -42.302  -68.014  -17.973 0.0000000000
10018  -41.726  -78.013  -11.964 0.0000000000
10019  -39.692  -76.778  -11.745 0.0000000000
10020  -39.369  -74.655  -12.732 0.0000000000
10022  -39.353  -70.910  -12.082 0.0000000000
10023  -40.411  -72.344  -14.320 0.0000000000
10024  -41.579  -69.736  -15.430 0.0000000000
10025  -43.005  -66.960  -16.460 0.0000000000
10026  -44.158  -63.974  -17.857 0.0000000000
