#!ascii label  , from subject fsaverage5 vox2ras=TkReg
43
1270  -10.134  -94.599  21.321 0.0000000000
1271  -7.270  -90.453  24.644 0.0000000000
1272  -10.374  -91.111  14.881 0.0000000000
1278  -20.501  -97.457  7.119 0.0000000000
1695  -9.355  -77.955  21.879 0.0000000000
1697  -11.906  -85.652  31.050 0.0000000000
1701  -15.461  -99.251  14.130 0.0000000000
2359  -6.712  -87.276  31.602 0.0000000000
2360  -5.456  -85.286  27.253 0.0000000000
2369  -17.785  -100.839  2.150 0.0000000000
2370  -21.488  -99.444  -1.920 0.0000000000
3186  -3.361  -77.579  19.591 0.0000000000
3190  -11.585  -95.394  17.446 0.0000000000
3191  -10.594  -92.900  18.217 0.0000000000
5250  -10.106  -87.287  28.910 0.0000000000
5251  -8.578  -86.125  31.486 0.0000000000
5252  -8.427  -89.070  29.777 0.0000000000
5254  -6.384  -88.158  26.097 0.0000000000
5256  -4.657  -83.669  23.923 0.0000000000
5272  -18.546  -98.725  13.864 0.0000000000
5273  -15.588  -99.806  11.410 0.0000000000
5274  -18.673  -99.125  10.956 0.0000000000
5276  -18.482  -98.681  4.203 0.0000000000
5277  -20.475  -99.688  2.105 0.0000000000
5278  -19.830  -100.526  0.138 0.0000000000
5280  -23.700  -98.367  -1.783 0.0000000000
6894  -10.061  -92.781  24.921 0.0000000000
6895  -8.295  -91.404  26.998 0.0000000000
6896  -8.708  -92.720  22.826 0.0000000000
6897  -9.140  -90.882  20.144 0.0000000000
6908  -21.753  -98.230  10.043 0.0000000000
7807  -11.854  -96.083  20.279 0.0000000000
7808  -12.718  -97.332  16.989 0.0000000000
9630  -4.862  -78.366  22.927 0.0000000000
9632  -7.595  -85.490  33.669 0.0000000000
9634  -6.632  -89.378  28.637 0.0000000000
9635  -5.496  -86.958  30.032 0.0000000000
9638  -4.153  -81.405  23.750 0.0000000000
9639  -3.509  -79.960  21.665 0.0000000000
9661  -18.442  -98.682  7.533 0.0000000000
9662  -16.297  -99.744  4.335 0.0000000000
9667  -23.194  -98.647  -4.341 0.0000000000
9668  -25.854  -98.076  -3.500 0.0000000000
