#!ascii label  , from subject fsaverage5 vox2ras=TkReg
60
6  -36.338  -85.401  -2.178 0.0000000000
136  -29.270  -92.966  9.675 0.0000000000
206  -28.246  -95.352  -4.970 0.0000000000
566  -36.325  -86.945  14.734 0.0000000000
578  -21.818  -97.390  1.334 0.0000000000
686  -30.336  -89.494  -5.356 0.0000000000
687  -32.168  -91.016  -8.049 0.0000000000
688  -38.280  -87.477  -4.788 0.0000000000
1279  -23.103  -93.754  6.177 0.0000000000
1280  -23.147  -91.396  1.183 0.0000000000
2290  -38.043  -84.059  2.210 0.0000000000
2338  -32.860  -89.883  11.471 0.0000000000
2340  -36.679  -86.261  11.181 0.0000000000
2371  -25.371  -96.608  -1.873 0.0000000000
2372  -28.281  -91.129  -1.662 0.0000000000
2606  -33.488  -86.695  -4.222 0.0000000000
2607  -34.339  -87.969  -5.536 0.0000000000
2608  -37.337  -86.136  -3.538 0.0000000000
3197  -27.828  -95.051  10.199 0.0000000000
3198  -25.008  -95.118  8.294 0.0000000000
3199  -26.335  -93.734  8.156 0.0000000000
3200  -24.583  -91.589  6.479 0.0000000000
3201  -27.597  -91.157  8.035 0.0000000000
3496  -26.806  -97.343  -6.001 0.0000000000
3498  -27.049  -95.569  -7.619 0.0000000000
3499  -36.441  -89.760  -8.136 0.0000000000
3501  -37.179  -88.758  -9.141 0.0000000000
3800  -26.176  -91.787  13.358 0.0000000000
5204  -34.693  -88.613  12.667 0.0000000000
5211  -34.224  -86.291  8.937 0.0000000000
5275  -20.056  -97.329  3.631 0.0000000000
5281  -23.541  -97.074  -0.337 0.0000000000
5283  -25.421  -91.204  -0.401 0.0000000000
5842  -28.620  -92.576  -4.866 0.0000000000
5843  -28.762  -93.063  -6.775 0.0000000000
5844  -31.014  -90.111  -6.669 0.0000000000
5845  -35.476  -89.235  -6.733 0.0000000000
5846  -39.066  -87.853  -6.408 0.0000000000
6910  -21.511  -95.560  6.636 0.0000000000
6911  -20.699  -95.313  3.210 0.0000000000
6912  -22.224  -94.538  1.040 0.0000000000
6913  -21.996  -92.592  3.852 0.0000000000
7395  -29.446  -93.544  -9.105 0.0000000000
7817  -27.656  -93.955  12.545 0.0000000000
7818  -29.392  -92.557  11.772 0.0000000000
9430  -36.806  -85.042  0.045 0.0000000000
9431  -38.972  -86.042  -0.986 0.0000000000
9573  -30.655  -90.463  12.358 0.0000000000
9574  -31.014  -91.093  10.427 0.0000000000
9580  -36.896  -87.585  12.841 0.0000000000
9581  -34.771  -88.406  10.523 0.0000000000
9582  -32.411  -88.843  9.517 0.0000000000
9583  -29.994  -89.880  8.991 0.0000000000
9592  -33.865  -85.444  -1.879 0.0000000000
9669  -27.849  -96.136  -3.003 0.0000000000
9670  -24.281  -94.461  -0.732 0.0000000000
9671  -27.138  -94.110  -1.711 0.0000000000
9672  -28.523  -93.395  -3.343 0.0000000000
9673  -28.777  -90.563  -3.753 0.0000000000
9674  -30.971  -87.429  -3.360 0.0000000000
