#!ascii label  , from subject fsaverage5 vox2ras=TkReg
28
304  -16.579  -91.552  17.999 0.0000000000
783  -17.511  -87.132  21.527 0.0000000000
1696  -19.193  -86.664  31.943 0.0000000000
1698  -14.266  -86.555  25.795 0.0000000000
1699  -13.358  -91.530  22.611 0.0000000000
1702  -19.081  -94.883  15.827 0.0000000000
3787  -20.213  -86.541  28.600 0.0000000000
3788  -17.169  -85.789  28.913 0.0000000000
3789  -17.833  -85.621  25.938 0.0000000000
3790  -16.522  -89.090  19.616 0.0000000000
3791  -15.730  -89.419  22.142 0.0000000000
3792  -14.777  -91.805  20.205 0.0000000000
3793  -13.421  -94.446  21.016 0.0000000000
3794  -15.753  -93.707  18.707 0.0000000000
3795  -16.356  -95.160  16.707 0.0000000000
3796  -17.665  -93.146  16.778 0.0000000000
3798  -21.966  -91.248  13.996 0.0000000000
5245  -8.098  -82.208  32.272 0.0000000000
6020  -17.746  -88.498  17.364 0.0000000000
6021  -18.460  -90.794  16.051 0.0000000000
7798  -18.035  -87.006  34.771 0.0000000000
7803  -15.755  -87.005  23.497 0.0000000000
7804  -14.151  -89.263  24.488 0.0000000000
7812  -20.573  -96.423  15.340 0.0000000000
7813  -19.740  -92.545  15.284 0.0000000000
7814  -21.273  -93.979  15.111 0.0000000000
7815  -23.188  -95.395  14.356 0.0000000000
8401  -20.278  -85.757  34.903 0.0000000000
