#!ascii label  , from subject fsaverage5 vox2ras=TkReg
160
34  -13.008  -92.719  3.053 0.0000000000
91  -15.126  -63.902  0.706 0.0000000000
346  -11.367  -87.240  7.483 0.0000000000
347  -6.638  -81.117  3.385 0.0000000000
348  -5.444  -90.029  -3.465 0.0000000000
442  -15.129  -98.287  -3.664 0.0000000000
577  -12.110  -102.125  3.025 0.0000000000
625  -15.674  -74.497  2.822 0.0000000000
826  -11.450  -89.994  3.843 0.0000000000
827  -10.847  -87.757  -0.405 0.0000000000
828  -10.613  -91.095  -2.761 0.0000000000
976  -15.872  -100.797  -7.896 0.0000000000
991  -9.706  -60.760  1.099 0.0000000000
1397  -20.038  -75.240  5.368 0.0000000000
1398  -15.371  -78.578  6.674 0.0000000000
1399  -3.167  -80.919  1.089 0.0000000000
1400  -3.764  -75.771  4.980 0.0000000000
1531  -22.318  -65.271  0.274 0.0000000000
1774  -12.377  -83.746  10.675 0.0000000000
1775  -12.816  -81.306  5.753 0.0000000000
1776  -11.966  -84.198  3.149 0.0000000000
1777  -5.998  -85.584  -0.082 0.0000000000
1778  -3.166  -85.048  -3.961 0.0000000000
1990  -14.371  -95.276  0.061 0.0000000000
1991  -11.608  -94.307  -5.642 0.0000000000
2011  -14.188  -58.736  -4.373 0.0000000000
2352  -8.605  -76.442  13.401 0.0000000000
2353  -7.480  -81.664  11.607 0.0000000000
2354  -6.093  -87.589  10.006 0.0000000000
2355  -6.708  -91.591  5.566 0.0000000000
2365  -8.630  -99.727  3.536 0.0000000000
2366  -10.257  -101.979  -1.279 0.0000000000
2367  -15.190  -102.171  -2.721 0.0000000000
2509  -24.420  -70.112  5.584 0.0000000000
2510  -22.028  -71.044  2.108 0.0000000000
2511  -14.827  -68.908  1.480 0.0000000000
2512  -9.954  -76.766  4.705 0.0000000000
2513  -7.849  -70.964  4.453 0.0000000000
2514  -7.110  -65.622  3.918 0.0000000000
2746  -12.277  -91.387  3.452 0.0000000000
2747  -12.569  -90.383  0.632 0.0000000000
2748  -12.854  -91.288  -0.221 0.0000000000
2896  -17.850  -100.670  -8.008 0.0000000000
2907  -19.967  -62.050  -0.183 0.0000000000
2909  -16.553  -61.330  -0.215 0.0000000000
2911  -11.676  -62.618  1.077 0.0000000000
3317  -16.564  -77.749  8.723 0.0000000000
3318  -15.061  -79.449  9.487 0.0000000000
3511  -24.744  -65.512  1.225 0.0000000000
3916  -11.683  -85.760  9.515 0.0000000000
3917  -13.047  -84.656  7.004 0.0000000000
3918  -12.698  -85.979  5.214 0.0000000000
3919  -8.157  -88.766  -2.292 0.0000000000
3920  -8.403  -86.610  -0.845 0.0000000000
3921  -5.554  -87.814  -1.929 0.0000000000
3922  -3.948  -85.765  -1.582 0.0000000000
3923  -3.726  -88.165  -4.001 0.0000000000
4366  -14.929  -96.629  -1.643 0.0000000000
4367  -15.446  -94.963  -4.727 0.0000000000
4368  -16.143  -96.223  -6.775 0.0000000000
5232  -6.395  -70.068  10.608 0.0000000000
5233  -8.505  -72.013  11.490 0.0000000000
5234  -6.291  -74.451  12.137 0.0000000000
5236  -5.611  -77.787  11.487 0.0000000000
5237  -3.840  -83.315  12.388 0.0000000000
5238  -5.254  -83.877  11.520 0.0000000000
5240  -5.901  -89.769  7.439 0.0000000000
5265  -8.462  -98.180  5.358 0.0000000000
5267  -9.421  -102.211  4.478 0.0000000000
5268  -8.348  -101.940  2.393 0.0000000000
5269  -10.628  -102.706  0.858 0.0000000000
5270  -12.514  -102.575  -2.359 0.0000000000
5271  -13.395  -102.643  0.426 0.0000000000
5629  -18.423  -75.456  3.668 0.0000000000
5630  -21.158  -73.558  3.365 0.0000000000
5631  -18.877  -73.129  2.234 0.0000000000
5632  -19.052  -70.371  1.226 0.0000000000
5633  -15.301  -71.723  1.968 0.0000000000
5634  -9.987  -80.743  4.118 0.0000000000
5635  -11.357  -79.048  5.092 0.0000000000
5636  -8.022  -78.661  4.627 0.0000000000
5637  -3.234  -72.234  4.760 0.0000000000
5638  -5.463  -73.026  5.441 0.0000000000
5639  -4.342  -69.608  5.149 0.0000000000
5640  -6.686  -67.958  4.634 0.0000000000
5641  -4.754  -66.965  3.997 0.0000000000
5642  -6.162  -64.779  2.834 0.0000000000
5650  -7.658  -95.054  -7.199 0.0000000000
6094  -10.939  -88.494  5.270 0.0000000000
6095  -12.245  -87.462  3.207 0.0000000000
6096  -12.214  -88.896  1.691 0.0000000000
6097  -10.836  -89.389  -1.619 0.0000000000
6098  -7.823  -90.636  -3.532 0.0000000000
6364  -15.231  -99.703  -5.869 0.0000000000
6391  -9.310  -59.695  -0.087 0.0000000000
7121  -20.624  -73.990  6.925 0.0000000000
7122  -18.567  -75.939  7.696 0.0000000000
7123  -17.681  -77.116  5.938 0.0000000000
7124  -15.584  -76.914  4.262 0.0000000000
7125  -4.100  -81.555  2.754 0.0000000000
7126  -4.742  -78.912  4.275 0.0000000000
7127  -3.139  -78.569  3.193 0.0000000000
7410  -22.760  -62.406  0.069 0.0000000000
7411  -18.999  -64.707  0.238 0.0000000000
7978  -13.060  -81.635  11.366 0.0000000000
7979  -14.316  -81.235  9.064 0.0000000000
7980  -13.562  -82.882  8.174 0.0000000000
7981  -12.347  -82.758  4.755 0.0000000000
7982  -9.422  -82.595  2.633 0.0000000000
7983  -11.342  -85.896  1.284 0.0000000000
7984  -8.911  -84.543  0.891 0.0000000000
7985  -6.142  -83.599  1.806 0.0000000000
7986  -3.979  -83.432  0.855 0.0000000000
7987  -3.332  -82.892  -1.236 0.0000000000
8554  -13.711  -94.079  1.782 0.0000000000
8555  -13.762  -92.671  -1.815 0.0000000000
8556  -14.649  -93.778  -3.249 0.0000000000
8557  -12.685  -95.272  -6.730 0.0000000000
9613  -10.574  -80.656  12.452 0.0000000000
9614  -9.884  -82.942  11.824 0.0000000000
9615  -9.118  -85.394  11.199 0.0000000000
9616  -5.353  -80.815  11.696 0.0000000000
9617  -7.015  -84.623  11.523 0.0000000000
9618  -8.612  -87.880  9.204 0.0000000000
9619  -8.463  -89.172  6.605 0.0000000000
9620  -9.150  -90.618  4.989 0.0000000000
9621  -10.077  -92.388  5.276 0.0000000000
9648  -11.077  -94.678  5.361 0.0000000000
9649  -11.562  -96.472  4.132 0.0000000000
9650  -11.821  -97.747  2.515 0.0000000000
9651  -11.753  -98.852  -0.033 0.0000000000
9653  -9.045  -100.769  0.825 0.0000000000
9654  -11.841  -100.442  -2.616 0.0000000000
9655  -13.171  -101.745  -4.476 0.0000000000
9656  -15.512  -102.331  -5.393 0.0000000000
9657  -18.043  -101.631  -4.750 0.0000000000
10083  -25.701  -67.901  4.131 0.0000000000
10084  -22.495  -73.064  5.162 0.0000000000
10085  -23.808  -70.994  3.562 0.0000000000
10086  -24.660  -68.315  2.150 0.0000000000
10087  -22.315  -68.090  0.964 0.0000000000
10088  -19.031  -67.579  0.516 0.0000000000
10089  -14.953  -66.389  1.260 0.0000000000
10090  -13.898  -79.955  6.631 0.0000000000
10091  -13.107  -77.752  4.980 0.0000000000
10092  -12.404  -75.308  3.583 0.0000000000
10093  -6.466  -76.288  4.975 0.0000000000
10094  -8.723  -74.034  4.191 0.0000000000
10095  -11.686  -72.673  3.018 0.0000000000
10096  -10.756  -69.834  2.974 0.0000000000
10097  -10.337  -67.096  3.091 0.0000000000
10098  -11.022  -64.831  2.375 0.0000000000
10099  -8.359  -63.441  2.716 0.0000000000
10100  -7.719  -62.450  1.481 0.0000000000
10105  -12.936  -62.163  -3.097 0.0000000000
10108  -10.516  -92.628  -4.237 0.0000000000
10109  -7.289  -93.140  -5.405 0.0000000000
10110  -4.932  -92.519  -5.844 0.0000000000
10113  -3.888  -90.387  -6.605 0.0000000000
10115  -5.091  -85.204  -5.926 0.0000000000
