#!ascii label  , from subject fsaverage5 vox2ras=TkReg
11
1788  51.170  -14.251  4.082 0.0000000000
1789  51.904  -10.883  0.488 0.0000000000
3939  53.627  -13.848  3.283 0.0000000000
3940  54.174  -11.690  2.476 0.0000000000
5370  46.897  -19.118  6.107 0.0000000000
8010  48.775  -15.844  3.335 0.0000000000
8011  49.641  -14.757  1.286 0.0000000000
8012  51.502  -12.445  2.404 0.0000000000
8013  54.489  -9.774  1.008 0.0000000000
9775  47.820  -17.414  4.739 0.0000000000
9776  50.353  -16.460  5.189 0.0000000000
