#!ascii label  , from subject fsaverage5 vox2ras=TkReg
75
357  62.675  -26.149  -12.140 0.0000000000
358  56.399  -17.408  -16.761 0.0000000000
636  51.772  1.755  -19.428 0.0000000000
638  49.742  -8.549  -21.988 0.0000000000
1430  61.632  -11.623  -18.304 0.0000000000
1431  52.852  -13.239  -20.562 0.0000000000
1432  57.933  -7.496  -22.581 0.0000000000
1433  54.225  -3.965  -25.255 0.0000000000
1793  53.849  -25.861  -12.711 0.0000000000
1794  51.229  -21.760  -14.519 0.0000000000
1795  59.488  -21.453  -14.083 0.0000000000
1796  63.833  -16.271  -14.524 0.0000000000
2009  57.387  -29.602  -10.999 0.0000000000
2543  53.770  7.679  -17.288 0.0000000000
2544  49.934  5.114  -23.458 0.0000000000
2551  48.534  -3.580  -21.481 0.0000000000
2552  50.502  0.300  -26.174 0.0000000000
2553  52.314  5.252  -28.747 0.0000000000
3351  59.747  -9.356  -20.768 0.0000000000
3353  59.570  -4.515  -23.433 0.0000000000
3947  58.328  -25.811  -13.001 0.0000000000
3948  56.690  -23.611  -13.556 0.0000000000
3949  61.238  -23.664  -13.358 0.0000000000
4405  53.209  -29.488  -10.954 0.0000000000
5712  54.064  3.164  -15.761 0.0000000000
5713  54.792  6.244  -14.710 0.0000000000
5714  52.999  4.456  -18.398 0.0000000000
5715  52.102  6.113  -20.664 0.0000000000
5716  50.956  3.350  -21.710 0.0000000000
5725  53.678  -19.783  -15.721 0.0000000000
5727  52.228  -17.677  -17.504 0.0000000000
5728  51.043  -10.989  -21.469 0.0000000000
5729  49.168  -12.860  -19.555 0.0000000000
5730  48.375  -10.241  -19.737 0.0000000000
5732  48.229  -7.438  -19.605 0.0000000000
5733  48.993  -5.006  -18.925 0.0000000000
5734  48.759  -6.019  -22.114 0.0000000000
5735  56.547  -0.650  -26.020 0.0000000000
5736  52.109  -1.981  -26.013 0.0000000000
5737  54.278  1.196  -27.231 0.0000000000
5738  51.837  2.669  -27.682 0.0000000000
7174  52.649  0.315  -16.781 0.0000000000
7180  59.273  -14.750  -17.355 0.0000000000
7181  54.741  -15.543  -18.812 0.0000000000
7182  57.472  -12.736  -19.970 0.0000000000
7183  55.367  -10.636  -21.814 0.0000000000
7184  53.450  -8.701  -23.057 0.0000000000
7185  51.732  -6.570  -23.957 0.0000000000
7186  56.204  -5.603  -24.106 0.0000000000
7187  58.259  -2.392  -25.084 0.0000000000
8023  52.392  -23.817  -13.049 0.0000000000
8024  55.103  -21.773  -14.142 0.0000000000
8025  57.676  -19.441  -14.944 0.0000000000
8026  63.709  -21.454  -13.334 0.0000000000
8027  62.043  -18.942  -14.121 0.0000000000
8028  60.578  -16.538  -15.228 0.0000000000
8029  62.927  -13.760  -15.890 0.0000000000
8603  51.408  -27.602  -11.801 0.0000000000
8604  55.717  -27.764  -12.135 0.0000000000
8605  60.089  -27.924  -11.813 0.0000000000
10184  54.825  8.861  -14.061 0.0000000000
10185  53.668  10.409  -16.489 0.0000000000
10186  52.443  9.110  -19.489 0.0000000000
10187  50.296  7.395  -22.325 0.0000000000
10188  48.286  6.108  -25.112 0.0000000000
10201  50.580  -15.374  -18.905 0.0000000000
10208  50.606  -2.540  -18.021 0.0000000000
10209  49.600  -0.924  -20.429 0.0000000000
10210  50.004  -4.305  -24.316 0.0000000000
10211  48.967  -1.762  -23.981 0.0000000000
10212  49.409  0.843  -22.973 0.0000000000
10213  49.300  2.515  -25.267 0.0000000000
10214  49.447  4.266  -26.863 0.0000000000
10215  48.885  5.664  -28.885 0.0000000000
10216  51.128  7.191  -30.745 0.0000000000
