#!ascii label  , from subject fsaverage5 vox2ras=TkReg
21
419  45.205  -36.291  42.174 0.0000000000
938  40.025  -36.534  38.058 0.0000000000
1290  46.384  -39.197  39.856 0.0000000000
1291  48.703  -37.514  44.286 0.0000000000
1292  49.945  -40.828  41.529 0.0000000000
1939  43.080  -38.272  38.929 0.0000000000
2858  36.916  -36.914  37.571 0.0000000000
3211  48.229  -39.806  40.662 0.0000000000
4255  40.306  -38.508  36.978 0.0000000000
4256  41.573  -37.502  38.316 0.0000000000
4257  42.013  -39.124  37.290 0.0000000000
4258  43.835  -39.511  37.558 0.0000000000
6298  38.699  -37.624  36.877 0.0000000000
6930  45.792  -37.820  41.056 0.0000000000
6931  46.927  -36.912  43.298 0.0000000000
6932  47.727  -38.267  41.960 0.0000000000
6933  49.570  -38.729  42.796 0.0000000000
8416  42.761  -36.366  39.819 0.0000000000
8417  44.316  -37.311  40.432 0.0000000000
8418  44.714  -38.726  39.348 0.0000000000
8419  45.549  -39.950  37.974 0.0000000000
