#!ascii label  , from subject fsaverage5 vox2ras=TkReg
111
1  31.092  -47.566  44.575 0.0000000000
293  23.572  -56.679  50.679 0.0000000000
473  33.932  -44.945  51.629 0.0000000000
474  32.367  -50.268  52.443 0.0000000000
669  30.968  -48.982  39.127 0.0000000000
671  28.947  -50.260  41.485 0.0000000000
672  32.964  -45.725  43.202 0.0000000000
1038  35.957  -45.099  55.422 0.0000000000
1080  31.983  -42.931  48.187 0.0000000000
1237  32.268  -52.975  55.859 0.0000000000
1240  24.562  -59.568  48.724 0.0000000000
1678  27.792  -55.665  61.894 0.0000000000
1679  26.483  -54.717  55.220 0.0000000000
1680  23.768  -56.734  57.523 0.0000000000
1681  21.600  -58.730  52.780 0.0000000000
1682  21.606  -61.079  50.421 0.0000000000
2069  34.776  -46.554  48.385 0.0000000000
2070  31.697  -48.489  48.616 0.0000000000
2071  36.078  -47.741  52.266 0.0000000000
2072  36.512  -48.960  56.515 0.0000000000
2122  31.183  -38.458  41.778 0.0000000000
2123  30.914  -42.141  43.658 0.0000000000
2124  32.711  -44.507  46.375 0.0000000000
2318  28.434  -51.191  45.730 0.0000000000
2319  28.648  -55.293  43.394 0.0000000000
2320  30.551  -58.866  44.897 0.0000000000
2322  28.717  -59.019  46.740 0.0000000000
2589  30.313  -48.018  41.712 0.0000000000
2590  29.849  -49.564  40.092 0.0000000000
2591  29.636  -48.684  42.976 0.0000000000
2592  32.398  -46.852  43.993 0.0000000000
2593  31.415  -47.062  41.589 0.0000000000
3161  26.345  -60.210  47.750 0.0000000000
3452  31.449  -53.523  38.883 0.0000000000
3757  26.179  -56.963  62.990 0.0000000000
3758  25.848  -56.251  59.936 0.0000000000
3759  24.462  -57.709  60.818 0.0000000000
3763  21.105  -59.940  50.928 0.0000000000
3764  19.665  -60.835  51.965 0.0000000000
4547  34.623  -45.882  50.157 0.0000000000
4548  35.495  -47.151  50.337 0.0000000000
4549  35.525  -46.415  52.134 0.0000000000
4550  36.258  -45.523  57.456 0.0000000000
4551  36.851  -47.203  56.266 0.0000000000
4672  30.003  -37.712  44.882 0.0000000000
4673  30.828  -37.118  42.874 0.0000000000
4674  30.379  -39.093  43.621 0.0000000000
4675  30.762  -40.379  42.627 0.0000000000
4676  30.665  -41.142  44.704 0.0000000000
4677  32.871  -43.924  49.909 0.0000000000
4678  32.052  -43.935  47.667 0.0000000000
4679  33.301  -44.876  49.041 0.0000000000
4680  33.818  -45.426  47.507 0.0000000000
5152  32.099  -49.226  50.598 0.0000000000
5153  29.815  -49.639  47.336 0.0000000000
5154  30.072  -50.426  49.303 0.0000000000
5156  28.007  -53.652  46.234 0.0000000000
5157  27.962  -55.570  45.003 0.0000000000
5158  29.510  -57.141  43.507 0.0000000000
5159  28.698  -57.448  44.919 0.0000000000
5160  24.457  -55.446  53.012 0.0000000000
5161  25.658  -55.072  52.026 0.0000000000
5163  28.766  -60.420  47.129 0.0000000000
5164  27.834  -58.972  47.036 0.0000000000
5165  29.392  -60.546  47.017 0.0000000000
5166  30.222  -60.669  47.011 0.0000000000
5815  31.506  -50.608  38.184 0.0000000000
5816  30.289  -51.309  39.156 0.0000000000
5817  29.338  -52.314  40.522 0.0000000000
5821  31.825  -48.027  39.177 0.0000000000
6473  33.830  -43.558  52.025 0.0000000000
6474  35.011  -45.087  53.613 0.0000000000
6475  34.427  -43.732  54.078 0.0000000000
6476  34.679  -44.297  55.914 0.0000000000
6835  32.366  -51.480  54.291 0.0000000000
6840  24.050  -58.276  49.264 0.0000000000
6843  27.686  -60.278  47.280 0.0000000000
7757  28.756  -54.484  57.138 0.0000000000
7758  27.305  -54.930  58.742 0.0000000000
7759  25.161  -55.451  56.481 0.0000000000
7760  23.422  -56.275  54.056 0.0000000000
7762  22.302  -57.571  55.032 0.0000000000
7763  22.610  -57.587  51.923 0.0000000000
7764  22.558  -59.112  50.024 0.0000000000
7765  23.073  -60.258  49.504 0.0000000000
7766  23.768  -61.279  49.569 0.0000000000
8777  33.459  -47.282  46.496 0.0000000000
8778  31.278  -47.913  46.665 0.0000000000
8779  33.699  -47.784  48.467 0.0000000000
8780  34.115  -48.244  50.483 0.0000000000
8781  34.619  -48.952  52.452 0.0000000000
8782  36.337  -46.897  54.149 0.0000000000
8783  36.445  -48.410  54.413 0.0000000000
8784  34.920  -49.864  54.475 0.0000000000
8933  31.371  -39.562  40.443 0.0000000000
8935  31.354  -42.929  42.327 0.0000000000
8936  31.344  -42.744  45.981 0.0000000000
8937  31.567  -43.545  45.014 0.0000000000
8939  33.166  -45.076  44.767 0.0000000000
8940  33.912  -46.236  45.689 0.0000000000
9512  29.622  -49.023  45.166 0.0000000000
9513  28.494  -50.597  43.639 0.0000000000
9514  28.537  -52.623  42.378 0.0000000000
9515  28.678  -52.025  47.695 0.0000000000
9516  28.190  -53.118  44.364 0.0000000000
9517  29.434  -54.957  41.675 0.0000000000
9521  27.461  -54.584  54.052 0.0000000000
9526  27.951  -57.762  45.983 0.0000000000
9527  29.623  -58.950  46.079 0.0000000000
9528  31.263  -60.826  46.421 0.0000000000
9545  20.082  -62.450  51.504 0.0000000000
