#!ascii label  , from subject fsaverage5 vox2ras=TkReg
22
145  37.834  -29.242  12.487 0.0000000000
590  42.432  -23.268  7.542 0.0000000000
1309  40.114  -26.069  10.337 0.0000000000
2415  42.084  -30.702  8.817 0.0000000000
3227  35.330  -28.987  13.346 0.0000000000
3228  36.483  -28.010  11.576 0.0000000000
3229  39.076  -27.660  11.448 0.0000000000
3230  42.573  -26.062  9.736 0.0000000000
3231  41.206  -27.953  10.319 0.0000000000
5365  39.077  -25.913  8.173 0.0000000000
5367  40.323  -25.115  6.360 0.0000000000
5368  41.548  -24.485  4.584 0.0000000000
5369  43.490  -21.950  6.194 0.0000000000
6964  37.760  -26.934  9.905 0.0000000000
6965  41.288  -24.600  9.031 0.0000000000
6966  44.976  -22.606  8.228 0.0000000000
6967  43.978  -24.268  9.055 0.0000000000
7860  34.708  -29.938  14.845 0.0000000000
9765  44.306  -22.556  1.390 0.0000000000
9773  42.934  -23.666  2.891 0.0000000000
9792  36.914  -31.064  13.496 0.0000000000
9801  40.059  -29.942  10.637 0.0000000000
