#!ascii label  , from subject fsaverage5 vox2ras=TkReg
99
69  43.564  -53.405  43.334 0.0000000000
73  47.915  -42.798  37.500 0.0000000000
189  35.337  -51.010  37.850 0.0000000000
190  39.760  -57.722  40.974 0.0000000000
192  31.989  -43.728  40.906 0.0000000000
193  37.408  -45.674  35.343 0.0000000000
420  40.836  -39.999  35.989 0.0000000000
421  45.263  -48.464  38.733 0.0000000000
940  40.778  -49.758  39.324 0.0000000000
941  41.352  -47.378  37.129 0.0000000000
942  45.008  -50.982  41.838 0.0000000000
1493  39.630  -52.252  40.354 0.0000000000
1494  42.581  -55.748  41.716 0.0000000000
1495  38.036  -54.186  38.675 0.0000000000
1499  34.662  -41.397  35.563 0.0000000000
1500  33.345  -44.248  36.628 0.0000000000
1501  36.509  -48.478  37.633 0.0000000000
1710  49.404  -46.554  36.864 0.0000000000
1711  50.810  -44.130  39.103 0.0000000000
1940  44.768  -41.117  36.249 0.0000000000
1941  38.802  -42.676  34.665 0.0000000000
1942  42.728  -44.463  35.288 0.0000000000
1943  46.399  -45.782  36.163 0.0000000000
2849  45.829  -54.093  44.564 0.0000000000
2851  45.467  -55.298  43.935 0.0000000000
2860  41.983  -51.533  41.728 0.0000000000
2861  42.914  -50.374  40.558 0.0000000000
2862  44.175  -52.164  43.016 0.0000000000
2863  46.293  -52.818  44.114 0.0000000000
3212  48.774  -41.805  39.527 0.0000000000
3449  37.668  -51.655  38.853 0.0000000000
3450  39.058  -53.266  39.331 0.0000000000
3451  36.603  -52.633  38.136 0.0000000000
3457  31.566  -42.359  39.554 0.0000000000
3458  32.529  -42.484  37.474 0.0000000000
3459  32.246  -43.817  38.565 0.0000000000
3460  33.662  -49.173  37.976 0.0000000000
3461  34.350  -47.761  37.540 0.0000000000
3462  35.889  -50.031  38.215 0.0000000000
3463  37.966  -50.518  39.145 0.0000000000
3810  50.661  -48.291  38.381 0.0000000000
3811  50.780  -47.026  37.257 0.0000000000
4237  41.287  -56.526  41.206 0.0000000000
4238  43.271  -57.342  43.166 0.0000000000
4239  41.682  -58.316  42.608 0.0000000000
4259  42.909  -40.507  35.986 0.0000000000
4260  35.879  -43.541  35.016 0.0000000000
4261  36.691  -41.942  34.925 0.0000000000
4262  38.013  -44.197  34.720 0.0000000000
4263  43.286  -47.978  37.923 0.0000000000
4264  41.839  -46.058  35.840 0.0000000000
4265  43.835  -46.779  36.425 0.0000000000
4266  44.575  -45.340  35.815 0.0000000000
4267  45.718  -47.406  36.984 0.0000000000
4268  47.624  -47.868  37.392 0.0000000000
4269  47.186  -48.975  39.324 0.0000000000
5814  34.005  -51.726  37.613 0.0000000000
5819  32.381  -44.985  39.836 0.0000000000
5820  32.177  -45.983  41.025 0.0000000000
6299  38.937  -39.469  35.928 0.0000000000
6300  38.925  -47.857  37.291 0.0000000000
6301  39.423  -46.638  35.981 0.0000000000
6302  41.090  -48.618  38.460 0.0000000000
6303  43.055  -49.235  39.538 0.0000000000
6304  44.949  -49.689  40.694 0.0000000000
6305  46.867  -50.054  41.447 0.0000000000
6306  46.934  -51.411  42.855 0.0000000000
7325  41.520  -52.873  41.978 0.0000000000
7326  43.442  -54.491  42.409 0.0000000000
7327  41.324  -53.772  40.822 0.0000000000
7328  40.540  -54.848  40.039 0.0000000000
7329  39.047  -55.817  39.825 0.0000000000
7330  35.291  -53.368  37.854 0.0000000000
7332  37.682  -57.154  39.860 0.0000000000
7333  36.254  -58.438  40.644 0.0000000000
7339  33.906  -42.854  35.888 0.0000000000
7340  35.193  -45.020  35.473 0.0000000000
7341  32.964  -45.651  37.820 0.0000000000
7342  34.556  -46.485  36.492 0.0000000000
7343  36.847  -47.179  36.525 0.0000000000
7344  38.694  -49.116  38.403 0.0000000000
7345  40.017  -51.036  40.419 0.0000000000
7830  48.472  -44.585  36.859 0.0000000000
7831  49.341  -43.460  38.418 0.0000000000
7832  49.929  -44.989  37.283 0.0000000000
7833  51.200  -45.424  37.613 0.0000000000
8392  44.577  -56.610  43.688 0.0000000000
8393  44.948  -58.220  45.154 0.0000000000
8420  46.429  -42.095  36.948 0.0000000000
8422  37.691  -40.663  35.339 0.0000000000
8423  39.650  -41.268  35.144 0.0000000000
8424  39.916  -45.103  35.138 0.0000000000
8425  40.790  -43.339  34.786 0.0000000000
8426  41.792  -41.837  35.113 0.0000000000
8427  43.719  -42.672  35.351 0.0000000000
8428  45.572  -43.644  35.943 0.0000000000
8429  47.060  -44.223  36.431 0.0000000000
8430  47.996  -46.218  36.520 0.0000000000
8431  49.304  -48.103  37.801 0.0000000000
