#!ascii label  , from subject fsaverage5 vox2ras=TkReg
23
251  48.778  9.686  12.338 0.0000000000
507  54.748  13.970  9.115 0.0000000000
2164  50.166  14.552  9.040 0.0000000000
2166  51.978  12.390  11.162 0.0000000000
4773  54.882  15.820  13.085 0.0000000000
4774  52.415  16.597  13.215 0.0000000000
4775  52.956  14.599  8.764 0.0000000000
4776  50.584  13.677  5.313 0.0000000000
4777  52.993  13.557  5.176 0.0000000000
4778  49.526  12.426  16.081 0.0000000000
4779  51.301  13.735  15.516 0.0000000000
4780  50.069  11.412  11.923 0.0000000000
6610  55.483  14.925  13.678 0.0000000000
6612  50.100  8.463  8.439 0.0000000000
7582  47.897  10.852  16.132 0.0000000000
7584  46.654  9.366  16.249 0.0000000000
7585  47.971  7.983  12.977 0.0000000000
9055  49.768  17.864  12.719 0.0000000000
9061  53.914  14.352  14.634 0.0000000000
9062  54.202  12.977  10.106 0.0000000000
9063  50.687  10.226  7.571 0.0000000000
9064  52.227  11.564  6.717 0.0000000000
9065  53.537  12.611  5.779 0.0000000000
