#!ascii label  , from subject fsaverage5 vox2ras=TkReg
46
22  48.940  26.210  4.660 0.0000000000
382  51.762  30.504  5.184 0.0000000000
383  54.869  23.693  12.072 0.0000000000
878  49.066  29.359  9.228 0.0000000000
1110  54.635  22.668  17.576 0.0000000000
1111  54.721  18.838  15.161 0.0000000000
1618  50.677  32.759  -5.695 0.0000000000
1852  53.162  27.341  3.832 0.0000000000
1853  52.925  24.591  7.644 0.0000000000
1854  53.838  27.247  8.080 0.0000000000
1855  52.177  26.326  13.380 0.0000000000
1872  52.332  31.512  1.699 0.0000000000
2163  50.884  21.026  10.960 0.0000000000
2658  50.202  27.169  2.708 0.0000000000
2659  48.080  28.367  2.111 0.0000000000
3031  55.122  19.744  18.101 0.0000000000
4072  53.233  28.777  4.299 0.0000000000
4073  53.909  27.389  5.996 0.0000000000
4074  52.997  28.823  6.303 0.0000000000
4075  48.006  28.636  11.290 0.0000000000
4076  50.603  27.676  11.057 0.0000000000
4115  52.082  30.951  3.325 0.0000000000
4116  53.046  29.229  2.536 0.0000000000
4770  54.438  23.902  9.341 0.0000000000
4771  52.327  22.466  8.722 0.0000000000
4772  53.806  22.178  11.086 0.0000000000
5936  51.940  30.296  -0.740 0.0000000000
5937  50.966  30.715  -2.190 0.0000000000
6188  50.512  30.066  7.139 0.0000000000
6190  46.355  30.532  10.296 0.0000000000
6606  54.996  23.484  15.221 0.0000000000
6607  54.648  21.822  14.225 0.0000000000
6608  55.569  20.676  16.576 0.0000000000
7615  49.679  31.489  -3.576 0.0000000000
8182  51.419  26.583  3.898 0.0000000000
8183  51.011  25.578  6.133 0.0000000000
8184  53.049  26.259  5.825 0.0000000000
8185  54.271  25.871  7.757 0.0000000000
8186  54.554  25.648  9.948 0.0000000000
8187  51.782  28.359  8.485 0.0000000000
8188  52.970  26.809  10.493 0.0000000000
8189  53.943  25.333  12.971 0.0000000000
8190  53.698  24.714  16.010 0.0000000000
8236  52.256  32.021  0.113 0.0000000000
8238  52.297  27.817  2.333 0.0000000000
9051  50.332  23.372  7.813 0.0000000000
