#!ascii label  , from subject fsaverage5 vox2ras=TkReg
29
121  7.189  56.351  -10.928 0.0000000000
525  9.498  64.011  7.965 0.0000000000
1158  6.838  62.678  -7.446 0.0000000000
1159  8.619  61.714  -1.879 0.0000000000
1160  8.990  55.423  -4.638 0.0000000000
1633  6.542  60.700  -13.563 0.0000000000
1634  6.230  56.659  -17.725 0.0000000000
2220  10.097  64.964  2.261 0.0000000000
3078  6.688  59.295  -9.132 0.0000000000
3079  8.832  59.806  -5.906 0.0000000000
3080  9.615  56.357  -7.850 0.0000000000
4908  11.154  64.817  9.925 0.0000000000
4910  9.834  63.804  10.675 0.0000000000
4912  9.605  61.668  8.192 0.0000000000
4917  9.886  60.847  0.969 0.0000000000
4936  6.091  53.719  -19.372 0.0000000000
6691  11.135  64.078  6.861 0.0000000000
6693  8.363  65.101  -2.535 0.0000000000
6694  8.005  62.723  -4.178 0.0000000000
6695  8.281  58.455  -3.328 0.0000000000
7650  6.034  61.997  -10.385 0.0000000000
7651  5.769  59.266  -12.505 0.0000000000
7652  6.310  56.767  -14.220 0.0000000000
7653  6.071  58.881  -15.723 0.0000000000
9223  11.556  64.654  3.966 0.0000000000
9224  9.352  64.177  5.075 0.0000000000
9225  9.307  64.114  0.048 0.0000000000
9226  9.430  62.538  3.194 0.0000000000
9227  8.799  61.623  5.860 0.0000000000
