#!ascii label  , from subject fsaverage5 vox2ras=TkReg
40
266  10.041  65.662  -3.776 0.0000000000
267  12.249  58.168  -13.635 0.0000000000
746  15.905  57.387  -7.273 0.0000000000
747  20.542  59.325  -11.674 0.0000000000
1156  13.449  64.544  11.595 0.0000000000
1629  22.079  61.720  -0.004 0.0000000000
1630  15.740  65.220  -0.098 0.0000000000
1631  16.119  62.314  -4.169 0.0000000000
1632  10.039  63.519  -8.950 0.0000000000
1635  10.159  58.484  -18.222 0.0000000000
2666  22.415  57.109  -9.504 0.0000000000
2667  24.461  58.954  -10.877 0.0000000000
3075  20.257  60.807  7.487 0.0000000000
3675  21.818  59.184  -1.522 0.0000000000
3676  19.359  62.485  -2.278 0.0000000000
3677  19.150  60.596  -3.602 0.0000000000
3678  13.579  57.485  -10.095 0.0000000000
3679  13.095  60.668  -8.013 0.0000000000
3680  10.349  60.680  -10.598 0.0000000000
3681  7.500  62.740  -11.111 0.0000000000
3682  8.822  59.836  -13.825 0.0000000000
3684  11.480  59.205  -16.124 0.0000000000
4133  22.340  56.441  3.166 0.0000000000
4909  10.759  64.822  12.884 0.0000000000
4913  12.722  65.705  -1.684 0.0000000000
4914  12.343  65.717  0.940 0.0000000000
5950  18.418  57.412  -4.854 0.0000000000
5952  17.723  56.180  -10.200 0.0000000000
5953  16.209  58.243  -12.680 0.0000000000
5954  15.094  59.757  -14.876 0.0000000000
6689  15.904  62.437  10.588 0.0000000000
7641  21.931  62.515  2.273 0.0000000000
7643  19.124  64.187  -0.482 0.0000000000
7644  15.872  63.536  -2.063 0.0000000000
7645  12.573  63.617  -4.331 0.0000000000
7646  16.071  60.550  -5.798 0.0000000000
7647  13.103  62.830  -6.680 0.0000000000
7648  9.950  64.536  -6.934 0.0000000000
8259  22.826  59.853  2.495 0.0000000000
8260  22.064  58.012  0.698 0.0000000000
