#!ascii label  , from subject fsaverage5 vox2ras=TkReg
32
198  37.809  -9.842  -11.003 0.0000000000
678  35.951  -11.777  -4.623 0.0000000000
956  42.705  -8.590  -16.345 0.0000000000
1961  40.212  -3.137  -18.912 0.0000000000
1962  37.793  -6.198  -11.555 0.0000000000
1963  41.493  -5.915  -18.124 0.0000000000
2598  36.572  -12.459  -1.594 0.0000000000
3255  41.050  -0.410  -21.946 0.0000000000
3256  40.062  0.859  -21.985 0.0000000000
3476  36.425  -12.869  -7.551 0.0000000000
4304  38.824  -3.273  -15.440 0.0000000000
4305  36.410  -6.663  -7.912 0.0000000000
4307  37.754  -7.945  -11.206 0.0000000000
4309  42.134  -7.263  -17.357 0.0000000000
4310  44.671  -4.507  -19.043 0.0000000000
4311  43.944  -3.449  -20.172 0.0000000000
5829  36.795  -10.389  -1.907 0.0000000000
5830  36.071  -13.881  -4.393 0.0000000000
6327  40.311  -11.458  -13.241 0.0000000000
6328  39.891  -9.881  -13.928 0.0000000000
6329  43.372  -9.832  -15.347 0.0000000000
7361  36.197  -8.792  -7.824 0.0000000000
7362  35.934  -9.592  -4.825 0.0000000000
7363  36.114  -10.878  -7.694 0.0000000000
7364  38.015  -11.623  -10.737 0.0000000000
8476  39.762  -1.731  -18.993 0.0000000000
8477  41.959  -1.539  -21.623 0.0000000000
8481  39.606  -8.315  -14.463 0.0000000000
8482  39.380  -6.687  -15.022 0.0000000000
8483  39.078  -5.041  -15.403 0.0000000000
8484  40.801  -4.598  -18.617 0.0000000000
8485  43.008  -2.426  -21.105 0.0000000000
