#!ascii label  , from subject fsaverage5 vox2ras=TkReg
94
106  52.344  -18.950  36.371 0.0000000000
307  47.634  -23.113  38.230 0.0000000000
308  54.273  -26.595  38.803 0.0000000000
309  50.673  -32.052  42.470 0.0000000000
787  45.589  -25.498  37.680 0.0000000000
788  48.801  -28.440  38.059 0.0000000000
789  47.144  -30.527  39.216 0.0000000000
1282  54.784  -17.096  35.213 0.0000000000
1283  54.769  -18.560  31.551 0.0000000000
1284  53.237  -21.167  32.861 0.0000000000
1285  56.822  -28.257  43.320 0.0000000000
1286  58.635  -25.744  39.234 0.0000000000
1705  50.034  -21.011  37.791 0.0000000000
1706  51.220  -23.546  34.801 0.0000000000
1707  50.162  -25.813  36.883 0.0000000000
1708  52.628  -29.348  41.034 0.0000000000
1709  54.422  -31.554  45.452 0.0000000000
2107  45.382  -24.163  42.249 0.0000000000
2376  55.553  -24.947  35.134 0.0000000000
2377  59.587  -25.271  34.149 0.0000000000
2382  47.544  -33.836  43.992 0.0000000000
2383  51.206  -35.239  47.439 0.0000000000
2707  44.771  -26.481  37.928 0.0000000000
2708  46.251  -28.013  37.645 0.0000000000
3202  53.566  -18.065  35.664 0.0000000000
3203  53.593  -18.863  33.628 0.0000000000
3204  52.324  -19.837  34.184 0.0000000000
3205  57.606  -29.402  44.711 0.0000000000
3206  58.778  -27.895  42.830 0.0000000000
3802  48.896  -22.067  38.184 0.0000000000
3803  49.271  -23.151  36.229 0.0000000000
3804  48.458  -24.442  36.754 0.0000000000
3805  49.802  -30.399  40.201 0.0000000000
3806  50.688  -29.208  39.566 0.0000000000
3807  51.820  -30.817  41.739 0.0000000000
3808  53.809  -30.318  43.235 0.0000000000
3809  52.558  -32.022  44.035 0.0000000000
4635  47.062  -23.227  42.840 0.0000000000
5289  57.487  -14.757  32.283 0.0000000000
5295  52.689  -25.448  36.649 0.0000000000
5296  53.322  -24.481  35.004 0.0000000000
5297  54.860  -25.423  37.046 0.0000000000
5298  60.168  -25.918  38.348 0.0000000000
5299  59.168  -25.281  36.808 0.0000000000
5300  60.643  -25.852  35.472 0.0000000000
5311  45.924  -33.093  42.174 0.0000000000
6025  46.478  -24.271  37.924 0.0000000000
6026  47.634  -25.766  37.016 0.0000000000
6027  46.935  -27.009  37.154 0.0000000000
6028  47.916  -29.469  38.665 0.0000000000
6029  48.874  -31.530  40.838 0.0000000000
6916  56.162  -15.953  34.870 0.0000000000
6917  55.959  -16.417  32.853 0.0000000000
6918  54.538  -17.911  33.203 0.0000000000
6919  53.997  -19.888  32.124 0.0000000000
6921  55.785  -27.728  41.006 0.0000000000
6922  56.497  -26.100  39.220 0.0000000000
6923  57.871  -26.872  41.349 0.0000000000
6924  59.660  -26.714  40.777 0.0000000000
6925  60.420  -27.461  39.493 0.0000000000
7819  51.153  -19.933  37.197 0.0000000000
7820  51.040  -20.867  34.819 0.0000000000
7821  50.077  -21.937  35.493 0.0000000000
7822  50.746  -24.614  35.894 0.0000000000
7823  52.202  -26.532  37.888 0.0000000000
7824  49.573  -27.114  37.636 0.0000000000
7825  51.529  -27.683  38.819 0.0000000000
7826  53.509  -27.977  40.048 0.0000000000
7827  54.615  -28.932  42.505 0.0000000000
7828  55.686  -29.700  44.591 0.0000000000
7829  56.248  -31.269  45.940 0.0000000000
8868  55.893  -16.124  37.472 0.0000000000
8878  53.278  -18.363  39.076 0.0000000000
8879  52.173  -19.412  39.874 0.0000000000
8880  50.835  -20.473  40.539 0.0000000000
8881  49.409  -21.436  40.703 0.0000000000
8884  47.945  -22.319  40.539 0.0000000000
8885  46.529  -23.377  40.204 0.0000000000
8886  45.145  -24.389  39.795 0.0000000000
8887  44.022  -25.251  39.657 0.0000000000
9677  57.519  -17.066  28.387 0.0000000000
9678  56.087  -17.043  30.961 0.0000000000
9679  56.607  -18.214  29.488 0.0000000000
9684  52.108  -22.510  33.742 0.0000000000
9685  54.060  -23.632  33.366 0.0000000000
9687  57.073  -25.418  37.318 0.0000000000
9688  57.760  -25.183  35.036 0.0000000000
9690  59.692  -24.980  31.740 0.0000000000
9703  47.539  -32.526  41.367 0.0000000000
9704  49.211  -33.120  43.309 0.0000000000
9706  49.234  -34.467  45.919 0.0000000000
9707  50.970  -33.442  45.208 0.0000000000
9708  52.835  -33.744  46.878 0.0000000000
9709  54.635  -33.884  47.314 0.0000000000
