#!ascii label  , from subject fsaverage5 vox2ras=TkReg
11
589  34.215  -24.332  5.020 0.0000000000
2404  32.498  -24.396  9.246 0.0000000000
5359  35.331  -24.338  2.995 0.0000000000
5364  32.060  -24.435  11.508 0.0000000000
6961  31.831  -26.606  13.656 0.0000000000
6962  32.345  -26.583  11.279 0.0000000000
6963  34.050  -27.937  11.325 0.0000000000
9768  33.234  -24.354  7.086 0.0000000000
9769  33.341  -26.517  8.961 0.0000000000
9770  34.568  -26.376  6.836 0.0000000000
9771  35.907  -26.208  4.823 0.0000000000
