#!ascii label  , from subject fsaverage5 vox2ras=TkReg
13
1305  34.476  -18.343  7.706 0.0000000000
1306  34.707  -19.304  11.003 0.0000000000
2400  35.973  -18.794  -1.017 0.0000000000
2401  35.110  -18.568  3.270 0.0000000000
5355  36.446  -15.246  5.063 0.0000000000
5356  36.766  -15.565  6.956 0.0000000000
6957  37.093  -16.056  8.686 0.0000000000
6959  34.526  -18.846  9.325 0.0000000000
9756  36.124  -15.693  0.403 0.0000000000
9757  36.113  -15.399  2.841 0.0000000000
9758  35.596  -18.809  1.106 0.0000000000
9760  34.716  -18.294  5.485 0.0000000000
9761  35.168  -21.977  1.849 0.0000000000
