#!ascii label  , from subject fsaverage5 vox2ras=TkReg
11
197  37.921  -4.147  -0.114 0.0000000000
954  37.318  2.020  -5.604 0.0000000000
3473  37.193  -3.297  -2.559 0.0000000000
3474  37.018  -5.867  -2.507 0.0000000000
5827  37.868  -6.617  0.066 0.0000000000
7359  37.373  -0.721  -2.516 0.0000000000
8478  36.787  -0.321  -5.194 0.0000000000
9024  38.048  -10.754  5.035 0.0000000000
9025  37.144  -11.234  6.468 0.0000000000
9184  37.756  -5.817  2.445 0.0000000000
9185  37.916  -8.243  2.848 0.0000000000
