#!ascii label  , from subject fsaverage5 vox2ras=TkReg
23
119  35.895  30.604  -2.082 0.0000000000
261  31.265  25.407  8.353 0.0000000000
520  31.304  21.536  1.251 0.0000000000
1142  29.760  28.477  1.046 0.0000000000
2201  34.498  19.371  -2.198 0.0000000000
2203  29.593  24.007  5.013 0.0000000000
3060  34.760  30.001  -2.919 0.0000000000
3061  31.239  29.396  -1.549 0.0000000000
3062  32.372  30.224  -0.193 0.0000000000
4863  29.935  23.605  0.118 0.0000000000
4865  32.986  20.547  -0.436 0.0000000000
4869  30.193  27.641  4.981 0.0000000000
4870  30.050  25.037  6.877 0.0000000000
6663  29.197  26.991  -0.344 0.0000000000
6664  29.306  25.186  1.544 0.0000000000
6665  31.374  22.716  9.988 0.0000000000
6666  30.272  22.202  8.369 0.0000000000
7627  32.926  25.269  9.329 0.0000000000
9169  30.839  29.628  2.555 0.0000000000
9170  29.390  26.550  3.285 0.0000000000
9171  30.057  22.757  3.096 0.0000000000
9172  30.017  21.356  6.490 0.0000000000
9173  30.802  20.161  4.428 0.0000000000
