#!ascii label  , from subject fsaverage5 vox2ras=TkReg
55
50  33.792  -26.191  46.068 0.0000000000
376  32.386  -17.125  45.470 0.0000000000
714  40.951  -11.922  38.229 0.0000000000
716  35.973  -14.148  37.804 0.0000000000
1067  33.681  -21.915  45.908 0.0000000000
1068  34.156  -21.218  42.550 0.0000000000
1069  37.906  -24.799  45.765 0.0000000000
1577  31.975  -28.688  49.193 0.0000000000
1578  37.191  -27.092  51.379 0.0000000000
1834  35.122  -13.000  43.697 0.0000000000
1837  35.041  -22.537  49.251 0.0000000000
1839  34.004  -23.234  53.565 0.0000000000
1840  30.441  -25.359  47.787 0.0000000000
2634  40.725  -11.932  40.295 0.0000000000
2635  38.348  -12.949  37.968 0.0000000000
2636  38.040  -12.358  40.153 0.0000000000
2987  34.419  -24.311  45.489 0.0000000000
2988  35.386  -24.070  44.136 0.0000000000
2989  35.892  -25.875  45.601 0.0000000000
3587  31.636  -29.410  52.264 0.0000000000
3588  34.431  -29.090  53.449 0.0000000000
4035  34.860  -19.886  50.187 0.0000000000
4036  35.860  -20.506  51.927 0.0000000000
4041  33.027  -22.880  55.841 0.0000000000
4043  31.889  -23.885  50.612 0.0000000000
4637  33.379  -15.087  44.488 0.0000000000
4638  33.230  -15.124  41.326 0.0000000000
4639  32.103  -17.265  42.543 0.0000000000
4640  37.839  -21.412  43.929 0.0000000000
5895  36.850  -14.742  35.700 0.0000000000
6527  32.472  -19.344  46.166 0.0000000000
6528  32.015  -19.467  43.579 0.0000000000
6529  33.440  -21.848  44.018 0.0000000000
6530  36.800  -23.107  43.649 0.0000000000
6531  39.723  -23.080  46.467 0.0000000000
7517  32.831  -27.616  47.311 0.0000000000
7518  35.266  -27.238  47.748 0.0000000000
7519  34.602  -28.232  50.167 0.0000000000
8128  37.728  -11.589  43.094 0.0000000000
8130  35.392  -13.100  46.335 0.0000000000
8131  33.870  -14.997  47.238 0.0000000000
8134  33.143  -16.990  48.016 0.0000000000
8135  33.505  -19.482  48.267 0.0000000000
8136  34.407  -21.981  47.641 0.0000000000
8137  33.768  -24.456  47.044 0.0000000000
8143  36.410  -21.388  53.898 0.0000000000
8144  34.869  -23.316  51.177 0.0000000000
8145  32.867  -24.363  48.715 0.0000000000
8146  32.026  -26.026  46.772 0.0000000000
8147  30.712  -27.341  47.397 0.0000000000
8148  29.718  -28.489  48.956 0.0000000000
8149  29.326  -29.311  51.828 0.0000000000
8152  29.137  -29.747  55.553 0.0000000000
8888  35.299  -13.297  40.558 0.0000000000
8897  37.692  -26.124  48.476 0.0000000000
