#!ascii label  , from subject fsaverage5 vox2ras=TkReg
65
15  3.024  -33.549  65.386 0.0000000000
222  7.083  -30.401  56.993 0.0000000000
367  5.442  -25.950  72.709 0.0000000000
702  5.317  -32.088  61.590 0.0000000000
710  2.798  -34.980  69.249 0.0000000000
711  4.363  -39.616  72.397 0.0000000000
717  30.977  -30.106  64.190 0.0000000000
863  7.952  -27.369  72.281 0.0000000000
1047  16.010  -31.435  74.595 0.0000000000
1566  7.138  -36.401  75.327 0.0000000000
1567  8.519  -39.225  75.062 0.0000000000
1813  3.174  -29.397  69.458 0.0000000000
1814  4.410  -27.239  66.339 0.0000000000
2052  5.901  -25.845  62.301 0.0000000000
2620  3.801  -35.925  64.107 0.0000000000
2621  4.687  -35.269  62.010 0.0000000000
2622  3.986  -32.779  63.509 0.0000000000
2630  2.516  -34.280  67.516 0.0000000000
2631  2.801  -37.830  68.237 0.0000000000
2632  3.239  -37.151  65.924 0.0000000000
2638  32.717  -30.738  67.358 0.0000000000
3538  5.853  -33.205  57.380 0.0000000000
3540  5.532  -32.024  55.195 0.0000000000
3542  6.314  -29.502  54.795 0.0000000000
3567  6.039  -37.219  72.945 0.0000000000
3568  5.650  -40.643  71.505 0.0000000000
3569  6.174  -39.571  74.106 0.0000000000
3985  4.041  -27.568  71.348 0.0000000000
3986  4.036  -26.392  70.071 0.0000000000
3987  5.077  -24.632  71.702 0.0000000000
4025  6.703  -26.721  73.073 0.0000000000
4026  6.265  -29.132  71.584 0.0000000000
4027  4.978  -28.362  72.070 0.0000000000
4028  3.722  -30.127  70.783 0.0000000000
4503  5.099  -24.490  66.860 0.0000000000
4504  5.168  -26.554  64.283 0.0000000000
5869  5.434  -34.387  59.754 0.0000000000
5870  6.617  -31.336  59.473 0.0000000000
5885  4.234  -38.062  72.083 0.0000000000
5886  3.118  -38.173  70.488 0.0000000000
5887  3.885  -40.127  69.770 0.0000000000
6160  9.813  -25.797  72.603 0.0000000000
6161  8.523  -25.146  73.722 0.0000000000
6489  18.749  -30.909  71.985 0.0000000000
6490  18.225  -31.879  73.763 0.0000000000
6491  16.854  -33.243  73.302 0.0000000000
7489  9.176  -34.823  75.648 0.0000000000
7490  8.994  -36.360  76.480 0.0000000000
7491  5.512  -38.151  74.346 0.0000000000
7492  7.334  -37.944  75.706 0.0000000000
7493  9.991  -38.439  76.199 0.0000000000
8071  2.770  -31.326  67.215 0.0000000000
8072  3.538  -30.231  65.606 0.0000000000
8073  3.552  -28.289  67.889 0.0000000000
8074  4.522  -25.404  68.496 0.0000000000
8125  3.695  -32.789  70.014 0.0000000000
8126  2.802  -32.027  69.155 0.0000000000
8724  4.718  -29.553  63.807 0.0000000000
8725  6.044  -28.853  61.920 0.0000000000
8726  7.030  -28.141  59.674 0.0000000000
8728  6.876  -25.164  60.273 0.0000000000
8729  7.223  -27.344  57.304 0.0000000000
8730  6.421  -26.649  55.271 0.0000000000
8731  6.013  -25.915  53.502 0.0000000000
8816  14.846  -32.967  75.040 0.0000000000
