#!ascii label  , from subject fsaverage5 vox2ras=TkReg
15
249  45.537  16.804  8.377 0.0000000000
728  42.984  19.908  9.324 0.0000000000
1599  38.872  16.857  10.540 0.0000000000
1600  41.815  14.542  8.046 0.0000000000
3623  37.338  18.159  11.537 0.0000000000
3624  39.207  19.960  10.687 0.0000000000
3625  44.407  18.389  8.275 0.0000000000
3626  42.183  17.361  8.231 0.0000000000
3627  43.609  16.086  7.051 0.0000000000
3629  45.149  14.844  6.335 0.0000000000
5921  46.425  19.563  8.928 0.0000000000
7567  34.132  17.028  12.670 0.0000000000
7569  35.865  16.062  12.391 0.0000000000
7572  40.733  18.632  9.599 0.0000000000
7573  40.304  15.684  9.370 0.0000000000
