#!ascii label  , from subject fsaverage5 vox2ras=TkReg
28
23  44.407  -12.586  20.474 0.0000000000
314  37.369  -12.171  20.563 0.0000000000
794  40.780  -12.394  21.006 0.0000000000
796  39.783  -17.828  22.036 0.0000000000
1718  34.937  -12.772  18.558 0.0000000000
1947  43.951  -17.839  20.284 0.0000000000
2714  42.561  -12.459  20.861 0.0000000000
2715  40.276  -15.018  21.935 0.0000000000
2716  42.178  -15.043  21.746 0.0000000000
3824  35.929  -12.392  19.759 0.0000000000
4275  47.681  -15.586  19.421 0.0000000000
6038  38.942  -12.266  20.975 0.0000000000
6039  36.852  -15.060  21.266 0.0000000000
6040  38.463  -14.918  21.832 0.0000000000
7850  34.330  -13.261  17.005 0.0000000000
8438  46.232  -12.764  19.843 0.0000000000
8439  44.378  -15.281  21.150 0.0000000000
8440  46.075  -15.448  20.314 0.0000000000
8441  45.564  -17.935  19.292 0.0000000000
9042  35.128  -9.980  17.512 0.0000000000
9043  36.407  -9.773  18.378 0.0000000000
9044  37.756  -9.842  18.826 0.0000000000
9047  39.292  -9.993  18.954 0.0000000000
9048  40.859  -10.247  18.883 0.0000000000
9049  42.548  -10.465  18.654 0.0000000000
9050  44.170  -10.568  18.253 0.0000000000
9077  46.352  -10.605  17.708 0.0000000000
9784  41.956  -17.738  21.412 0.0000000000
