#!ascii label  , from subject fsaverage5 vox2ras=TkReg
36
9  14.360  25.501  -15.843 0.0000000000
680  11.181  21.109  -15.445 0.0000000000
682  15.425  19.699  -14.155 0.0000000000
1190  5.242  23.464  -25.515 0.0000000000
2181  14.388  23.395  -21.439 0.0000000000
2261  7.527  15.508  -21.209 0.0000000000
2262  8.297  22.578  -21.794 0.0000000000
2427  15.857  18.545  -19.264 0.0000000000
2600  12.538  23.595  -15.002 0.0000000000
2601  13.215  20.564  -13.749 0.0000000000
2602  14.840  22.684  -14.899 0.0000000000
5011  6.140  16.187  -21.838 0.0000000000
5013  6.474  22.552  -24.796 0.0000000000
5014  7.727  26.201  -23.130 0.0000000000
5015  9.606  25.868  -19.687 0.0000000000
5422  13.193  21.692  -24.444 0.0000000000
5423  14.872  20.908  -20.435 0.0000000000
5424  13.742  18.958  -23.378 0.0000000000
5426  17.169  14.713  -20.321 0.0000000000
5832  10.468  18.246  -16.280 0.0000000000
5834  11.950  17.776  -13.979 0.0000000000
5835  14.059  17.137  -13.249 0.0000000000
6750  4.972  20.425  -24.234 0.0000000000
6751  4.388  24.447  -25.320 0.0000000000
6752  4.538  27.609  -26.237 0.0000000000
9105  15.495  24.894  -17.755 0.0000000000
9107  13.031  24.901  -24.363 0.0000000000
9266  12.705  27.214  -16.429 0.0000000000
9344  5.992  19.327  -24.066 0.0000000000
9345  7.559  18.890  -22.595 0.0000000000
9346  9.191  19.023  -19.286 0.0000000000
9347  9.890  22.325  -18.173 0.0000000000
9348  11.022  25.040  -16.971 0.0000000000
9837  15.820  22.205  -16.917 0.0000000000
9838  16.414  19.487  -16.232 0.0000000000
9840  14.969  16.474  -22.015 0.0000000000
