#!ascii label  , from subject fsaverage5 vox2ras=TkReg
14
1615  31.069  40.247  -10.686 0.0000000000
2193  37.170  38.702  -8.423 0.0000000000
2195  43.102  35.724  -13.226 0.0000000000
3652  31.193  42.865  -13.213 0.0000000000
4843  38.914  44.095  -11.503 0.0000000000
4844  36.268  42.176  -9.478 0.0000000000
4845  39.574  40.713  -10.905 0.0000000000
9139  33.578  42.728  -10.999 0.0000000000
9140  33.613  40.057  -8.154 0.0000000000
9141  34.823  36.795  -6.904 0.0000000000
9147  42.416  39.216  -13.411 0.0000000000
9148  40.413  37.164  -10.488 0.0000000000
9149  38.555  35.064  -8.973 0.0000000000
9150  36.347  33.343  -8.908 0.0000000000
