#!ascii label  , from subject fsaverage5 vox2ras=TkReg
28
32  34.451  -72.598  28.798 0.0000000000
417  34.767  -67.997  39.216 0.0000000000
782  34.399  -75.853  34.536 0.0000000000
1934  34.402  -72.937  39.494 0.0000000000
1935  33.788  -70.705  34.612 0.0000000000
2326  33.137  -66.534  30.814 0.0000000000
2334  30.422  -63.117  27.672 0.0000000000
2702  34.376  -74.392  31.596 0.0000000000
4249  34.585  -70.549  39.203 0.0000000000
4250  33.729  -72.175  37.247 0.0000000000
4251  33.678  -69.563  37.058 0.0000000000
5173  32.568  -66.038  33.711 0.0000000000
5195  29.877  -65.298  24.612 0.0000000000
5196  31.806  -65.815  25.510 0.0000000000
6016  34.770  -76.633  37.234 0.0000000000
6017  35.922  -78.368  36.017 0.0000000000
7803  37.148  -77.864  33.720 0.0000000000
7804  37.712  -76.676  30.909 0.0000000000
8405  35.666  -72.816  42.046 0.0000000000
8406  34.808  -74.968  39.679 0.0000000000
8407  34.133  -74.437  37.383 0.0000000000
8408  34.202  -73.235  34.543 0.0000000000
8409  33.985  -71.694  31.540 0.0000000000
9536  33.280  -68.040  35.380 0.0000000000
9537  33.708  -68.829  32.509 0.0000000000
9538  33.472  -69.649  29.413 0.0000000000
9563  32.016  -64.518  28.885 0.0000000000
9564  32.863  -67.490  27.328 0.0000000000
