#!ascii label  , from subject fsaverage5 vox2ras=TkReg
34
105  45.483  -10.376  27.479 0.0000000000
236  37.006  -19.234  35.996 0.0000000000
491  34.251  -32.785  44.775 0.0000000000
715  37.914  -14.821  33.963 0.0000000000
1101  51.488  -8.784  22.868 0.0000000000
1572  42.586  -9.555  30.489 0.0000000000
1574  40.872  -14.340  31.500 0.0000000000
2108  32.910  -17.521  39.665 0.0000000000
2149  54.160  -5.318  20.089 0.0000000000
2979  47.516  -11.033  26.913 0.0000000000
3018  45.570  -8.062  28.118 0.0000000000
3020  46.712  -8.624  26.368 0.0000000000
3021  48.464  -9.444  25.285 0.0000000000
3580  41.248  -11.810  30.676 0.0000000000
3581  39.899  -11.873  32.225 0.0000000000
3582  37.283  -17.275  34.638 0.0000000000
3583  39.191  -17.326  33.573 0.0000000000
3584  39.349  -19.512  35.308 0.0000000000
4663  36.218  -30.753  42.819 0.0000000000
5893  39.087  -12.217  34.081 0.0000000000
5895  36.850  -14.742  35.700 0.0000000000
5896  35.592  -16.717  36.137 0.0000000000
6590  49.675  -7.787  23.690 0.0000000000
7506  43.843  -9.864  28.802 0.0000000000
7507  44.973  -12.343  28.824 0.0000000000
7508  42.985  -11.966  29.529 0.0000000000
7509  42.869  -14.321  30.817 0.0000000000
7511  39.236  -14.583  32.573 0.0000000000
7512  41.157  -17.055  32.944 0.0000000000
8890  34.617  -18.245  37.488 0.0000000000
8891  32.699  -19.347  41.171 0.0000000000
8892  34.460  -19.514  39.280 0.0000000000
9016  52.646  -7.139  21.245 0.0000000000
9017  54.660  -8.537  20.578 0.0000000000
