#!ascii label  , from subject fsaverage5 vox2ras=TkReg
23
30  19.461  -81.319  37.160 0.0000000000
297  21.577  -84.574  38.519 0.0000000000
766  13.474  -81.262  32.434 0.0000000000
777  19.075  -83.966  40.136 0.0000000000
778  14.616  -87.115  36.809 0.0000000000
2301  17.296  -78.144  28.122 0.0000000000
2686  16.527  -81.614  34.381 0.0000000000
2695  19.727  -79.138  41.141 0.0000000000
2696  20.121  -80.657  42.333 0.0000000000
2697  18.735  -82.902  38.979 0.0000000000
2698  16.088  -84.868  38.312 0.0000000000
3768  22.231  -82.169  41.497 0.0000000000
3770  23.462  -81.915  39.500 0.0000000000
3772  22.610  -84.670  35.919 0.0000000000
5108  19.173  -77.515  30.710 0.0000000000
6006  21.059  -81.717  42.386 0.0000000000
6007  20.240  -84.560  40.117 0.0000000000
6008  18.350  -86.344  37.694 0.0000000000
6009  16.942  -85.964  38.827 0.0000000000
6010  13.188  -85.904  37.796 0.0000000000
8324  19.990  -77.892  38.609 0.0000000000
8325  20.284  -79.222  35.262 0.0000000000
9459  17.907  -79.759  32.272 0.0000000000
