#!ascii label  , from subject fsaverage5 vox2ras=TkReg
45
223  9.399  2.636  67.212 0.0000000000
362  17.169  7.903  61.546 0.0000000000
370  14.503  -2.497  68.092 0.0000000000
703  10.251  8.636  64.865 0.0000000000
842  20.001  5.143  64.575 0.0000000000
855  18.491  -0.378  66.343 0.0000000000
856  16.174  2.435  64.054 0.0000000000
1802  13.568  11.185  60.892 0.0000000000
1821  12.021  0.143  67.027 0.0000000000
1822  13.037  5.220  63.400 0.0000000000
2623  10.512  11.690  63.885 0.0000000000
2624  8.620  10.511  65.169 0.0000000000
2762  21.444  3.175  65.252 0.0000000000
2773  20.067  -1.942  64.762 0.0000000000
2774  18.626  -2.836  65.782 0.0000000000
2775  20.331  0.370  65.767 0.0000000000
2776  19.441  2.400  65.420 0.0000000000
3543  8.857  0.018  68.137 0.0000000000
3962  15.312  9.523  60.604 0.0000000000
3963  15.938  12.262  60.369 0.0000000000
3964  17.579  10.711  61.026 0.0000000000
4001  11.510  -2.500  68.766 0.0000000000
4002  13.409  -1.104  67.829 0.0000000000
4003  16.736  5.114  62.874 0.0000000000
4004  14.627  3.656  63.214 0.0000000000
4005  15.034  6.467  61.754 0.0000000000
4006  13.242  8.081  61.648 0.0000000000
5871  10.016  5.525  66.150 0.0000000000
5872  7.772  3.866  67.249 0.0000000000
5873  8.249  7.173  66.433 0.0000000000
6122  18.648  6.606  63.129 0.0000000000
6144  16.866  -3.391  66.294 0.0000000000
6145  16.540  -1.317  67.014 0.0000000000
6146  15.333  0.055  66.237 0.0000000000
6147  17.450  1.226  65.297 0.0000000000
6148  18.098  4.004  64.316 0.0000000000
8042  12.169  12.962  62.097 0.0000000000
8044  14.357  13.831  60.597 0.0000000000
8092  10.303  -1.097  68.286 0.0000000000
8093  10.758  1.468  66.832 0.0000000000
8094  14.006  1.182  65.225 0.0000000000
8095  12.581  2.536  64.923 0.0000000000
8096  11.286  4.001  65.361 0.0000000000
8097  11.570  6.945  63.978 0.0000000000
8098  11.694  9.980  62.672 0.0000000000
