#!ascii label  , from subject fsaverage5 vox2ras=TkReg
61
107  49.344  -16.087  49.501 0.0000000000
239  37.453  -33.863  64.199 0.0000000000
489  48.501  -21.519  57.507 0.0000000000
719  33.566  -32.824  67.308 0.0000000000
1063  52.074  -15.549  42.969 0.0000000000
1064  53.147  -14.933  48.546 0.0000000000
1066  53.067  -17.000  51.714 0.0000000000
1070  44.121  -28.684  61.627 0.0000000000
1071  45.293  -22.956  60.101 0.0000000000
1072  46.573  -27.499  57.664 0.0000000000
1580  40.539  -29.656  63.811 0.0000000000
1581  40.644  -33.587  60.413 0.0000000000
2100  58.679  -12.314  38.332 0.0000000000
2103  55.828  -13.686  42.698 0.0000000000
2112  45.904  -18.922  55.843 0.0000000000
2113  49.565  -16.704  54.944 0.0000000000
2983  50.615  -16.000  46.301 0.0000000000
2984  51.414  -15.241  49.213 0.0000000000
2985  53.368  -15.593  50.327 0.0000000000
2986  51.742  -15.515  51.257 0.0000000000
2990  44.022  -30.921  59.031 0.0000000000
2991  45.663  -28.115  59.748 0.0000000000
3590  37.165  -31.751  65.840 0.0000000000
3592  39.328  -31.931  64.462 0.0000000000
3593  41.196  -31.866  62.887 0.0000000000
3594  39.245  -33.905  62.457 0.0000000000
4619  57.751  -11.628  39.280 0.0000000000
4620  57.855  -13.756  39.317 0.0000000000
4621  57.392  -12.810  40.782 0.0000000000
4625  54.424  -14.649  45.373 0.0000000000
4626  54.010  -14.218  42.914 0.0000000000
4627  55.671  -14.863  44.429 0.0000000000
4648  46.987  -22.015  59.143 0.0000000000
4649  45.682  -20.755  58.309 0.0000000000
4650  47.403  -19.332  57.894 0.0000000000
4651  47.538  -17.326  55.791 0.0000000000
4652  49.212  -18.761  56.720 0.0000000000
4653  50.804  -18.562  54.748 0.0000000000
4654  49.606  -21.248  55.460 0.0000000000
5900  35.026  -31.404  66.830 0.0000000000
5901  35.470  -33.493  65.929 0.0000000000
6521  52.548  -15.129  46.008 0.0000000000
6522  54.619  -15.172  47.528 0.0000000000
6524  54.338  -16.321  49.097 0.0000000000
6532  42.999  -26.585  62.144 0.0000000000
6533  43.433  -24.373  60.265 0.0000000000
6534  44.845  -25.655  61.312 0.0000000000
6535  46.590  -24.896  59.837 0.0000000000
6536  47.807  -24.579  57.875 0.0000000000
6537  48.288  -24.272  55.555 0.0000000000
7525  42.417  -29.194  62.918 0.0000000000
7526  42.749  -31.531  61.129 0.0000000000
8863  59.934  -11.766  35.437 0.0000000000
8866  58.657  -13.375  36.628 0.0000000000
8876  57.040  -14.128  41.839 0.0000000000
8900  44.093  -22.846  57.906 0.0000000000
8901  44.694  -21.243  55.191 0.0000000000
8904  46.980  -16.620  52.820 0.0000000000
8905  49.501  -15.906  52.430 0.0000000000
8906  51.452  -16.641  53.374 0.0000000000
8907  51.897  -19.060  52.645 0.0000000000
