#!ascii label  , from subject fsaverage5 vox2ras=TkReg
113
0  27.198  -14.101  60.787 0.0000000000
45  13.100  -20.373  72.633 0.0000000000
46  8.054  -9.089  65.812 0.0000000000
165  20.493  -16.691  68.786 0.0000000000
166  14.563  -11.142  62.359 0.0000000000
168  18.182  -23.057  66.284 0.0000000000
368  5.657  -21.254  66.931 0.0000000000
369  8.799  -14.031  68.809 0.0000000000
642  21.289  -11.807  59.169 0.0000000000
645  23.842  -14.516  65.989 0.0000000000
646  20.280  -14.281  62.292 0.0000000000
648  24.782  -17.578  69.681 0.0000000000
651  27.839  -13.867  54.062 0.0000000000
851  7.379  -19.898  71.695 0.0000000000
852  10.661  -17.968  69.947 0.0000000000
853  18.094  -4.965  63.901 0.0000000000
854  14.872  -6.139  65.740 0.0000000000
860  15.926  -22.229  70.911 0.0000000000
1447  16.968  -18.398  70.465 0.0000000000
1448  13.888  -16.988  66.997 0.0000000000
1449  17.068  -15.630  64.377 0.0000000000
1450  17.320  -9.742  61.041 0.0000000000
1453  23.269  -21.789  67.028 0.0000000000
1454  20.414  -20.426  70.427 0.0000000000
1816  5.802  -16.914  69.251 0.0000000000
1817  7.519  -11.081  68.515 0.0000000000
1818  11.562  -12.500  65.431 0.0000000000
1819  11.222  -8.743  68.075 0.0000000000
1820  10.495  -5.697  68.754 0.0000000000
2565  24.719  -13.648  64.233 0.0000000000
2566  22.908  -13.540  62.395 0.0000000000
2567  27.223  -13.622  65.243 0.0000000000
2568  25.904  -14.150  66.760 0.0000000000
2569  27.657  -14.360  60.755 0.0000000000
2571  26.672  -14.060  56.998 0.0000000000
2770  11.128  -21.510  73.495 0.0000000000
2771  10.031  -20.168  72.610 0.0000000000
2772  11.922  -19.152  71.559 0.0000000000
2780  14.697  -21.305  72.386 0.0000000000
2781  13.767  -23.208  71.667 0.0000000000
2782  12.524  -22.408  73.270 0.0000000000
2943  6.419  -11.984  66.164 0.0000000000
3370  18.764  -17.456  69.706 0.0000000000
3371  17.246  -16.876  67.763 0.0000000000
3372  19.017  -16.113  66.713 0.0000000000
3373  19.386  -11.488  60.249 0.0000000000
3374  18.353  -12.503  61.072 0.0000000000
3380  22.582  -17.039  69.632 0.0000000000
3381  22.618  -19.292  70.143 0.0000000000
3382  20.519  -18.191  70.546 0.0000000000
3383  18.765  -19.229  71.132 0.0000000000
3394  29.792  -13.276  54.041 0.0000000000
3988  8.166  -16.993  69.965 0.0000000000
3989  6.640  -18.319  70.416 0.0000000000
3990  7.220  -15.221  69.401 0.0000000000
3991  6.347  -13.834  68.889 0.0000000000
3992  8.073  -12.464  68.874 0.0000000000
3993  13.859  -14.467  63.798 0.0000000000
3994  12.403  -15.031  65.746 0.0000000000
3995  13.009  -11.741  63.604 0.0000000000
3997  12.996  -7.288  67.065 0.0000000000
3998  12.937  -5.844  68.510 0.0000000000
3999  10.843  -7.186  69.061 0.0000000000
5767  22.326  -15.822  67.551 0.0000000000
5768  20.891  -15.505  65.687 0.0000000000
5769  22.395  -14.583  64.213 0.0000000000
5770  21.147  -12.997  60.924 0.0000000000
5772  26.846  -18.644  69.421 0.0000000000
5773  26.634  -15.860  68.793 0.0000000000
5774  24.735  -15.678  68.280 0.0000000000
5781  28.551  -14.246  57.458 0.0000000000
6138  8.183  -21.450  73.039 0.0000000000
6139  9.027  -18.720  71.219 0.0000000000
6140  9.498  -16.068  68.866 0.0000000000
6141  16.181  -7.535  62.903 0.0000000000
6142  14.586  -8.260  63.749 0.0000000000
6143  16.592  -5.385  64.622 0.0000000000
6154  17.034  -22.666  68.787 0.0000000000
6448  6.006  -20.257  65.232 0.0000000000
7213  15.105  -19.294  71.447 0.0000000000
7214  13.731  -18.450  69.891 0.0000000000
7215  15.542  -17.824  68.692 0.0000000000
7216  15.419  -16.121  65.637 0.0000000000
7217  15.386  -13.947  62.533 0.0000000000
7218  19.070  -15.054  63.569 0.0000000000
7219  17.099  -13.290  61.720 0.0000000000
7220  16.168  -10.439  61.639 0.0000000000
7221  17.525  -7.127  62.348 0.0000000000
7226  21.837  -22.715  64.324 0.0000000000
7227  20.887  -22.482  66.560 0.0000000000
7228  24.450  -20.101  69.174 0.0000000000
7229  22.015  -21.220  68.777 0.0000000000
7230  19.530  -21.999  68.607 0.0000000000
7231  18.261  -21.328  70.544 0.0000000000
7232  16.751  -20.279  71.573 0.0000000000
7455  9.250  -5.893  66.009 0.0000000000
7456  8.717  -7.970  64.001 0.0000000000
8075  5.219  -22.474  68.530 0.0000000000
8076  6.037  -21.590  71.348 0.0000000000
8077  5.663  -20.247  69.709 0.0000000000
8078  5.248  -18.893  68.212 0.0000000000
8079  5.124  -15.765  67.897 0.0000000000
8080  5.988  -12.762  67.763 0.0000000000
8081  7.547  -10.025  67.310 0.0000000000
8082  12.202  -17.497  68.382 0.0000000000
8083  11.001  -15.512  67.370 0.0000000000
8084  10.184  -13.265  67.299 0.0000000000
8085  12.860  -9.214  65.156 0.0000000000
8086  11.250  -10.409  66.529 0.0000000000
8087  9.642  -11.439  67.963 0.0000000000
8088  9.201  -9.850  68.664 0.0000000000
8089  8.960  -8.491  68.546 0.0000000000
8090  9.031  -7.273  67.393 0.0000000000
