#!ascii label  , from subject fsaverage5 vox2ras=TkReg
112
44  25.001  0.227  46.461 0.0000000000
162  19.704  -7.758  59.109 0.0000000000
163  21.796  0.087  54.586 0.0000000000
164  23.342  -10.344  50.500 0.0000000000
171  30.080  -10.452  48.160 0.0000000000
364  21.053  9.567  57.475 0.0000000000
365  22.689  8.681  46.875 0.0000000000
643  21.574  -8.778  55.121 0.0000000000
644  24.030  -12.765  54.745 0.0000000000
844  22.919  5.754  62.043 0.0000000000
845  22.151  -0.236  49.231 0.0000000000
846  21.694  4.779  51.117 0.0000000000
847  24.065  4.437  47.082 0.0000000000
848  27.307  8.132  46.678 0.0000000000
849  27.782  4.505  49.259 0.0000000000
1442  20.560  -3.345  62.055 0.0000000000
1443  23.109  0.512  60.023 0.0000000000
1444  21.413  -4.028  57.307 0.0000000000
1445  21.928  -4.966  51.920 0.0000000000
1446  23.265  -5.415  46.672 0.0000000000
1459  26.245  -6.441  44.568 0.0000000000
1460  26.315  -11.530  48.117 0.0000000000
1806  20.933  13.964  54.188 0.0000000000
1807  21.630  5.182  56.698 0.0000000000
1808  20.756  9.417  52.057 0.0000000000
1809  21.893  12.902  48.372 0.0000000000
1810  24.848  11.695  44.781 0.0000000000
1811  29.173  12.495  46.355 0.0000000000
2563  22.560  -11.794  56.893 0.0000000000
2763  22.213  5.580  64.010 0.0000000000
2764  23.301  3.235  63.986 0.0000000000
2765  23.186  -0.124  47.256 0.0000000000
2766  22.699  2.457  48.012 0.0000000000
2767  24.467  2.416  47.024 0.0000000000
2768  26.175  4.423  47.492 0.0000000000
2769  26.228  2.430  47.739 0.0000000000
2791  27.248  1.840  49.077 0.0000000000
2792  26.464  -0.342  46.778 0.0000000000
3362  19.961  -5.524  60.409 0.0000000000
3363  21.235  -3.746  59.900 0.0000000000
3364  20.706  -5.767  58.366 0.0000000000
3365  22.302  -9.600  52.919 0.0000000000
3366  21.635  -7.085  53.630 0.0000000000
3367  22.249  -7.741  50.936 0.0000000000
3368  22.433  -5.335  49.111 0.0000000000
3369  23.049  -8.174  48.309 0.0000000000
3376  18.938  -6.275  61.772 0.0000000000
3391  24.363  -8.881  46.555 0.0000000000
3392  24.620  -11.220  48.967 0.0000000000
3969  20.668  11.897  55.733 0.0000000000
3970  22.358  0.376  57.267 0.0000000000
3971  22.413  2.992  58.591 0.0000000000
3972  21.577  2.752  55.933 0.0000000000
3973  21.969  6.795  48.846 0.0000000000
3974  21.323  7.163  51.466 0.0000000000
3975  21.374  9.232  49.159 0.0000000000
3976  21.090  11.405  50.035 0.0000000000
3977  22.023  10.946  47.408 0.0000000000
3978  22.943  12.224  46.056 0.0000000000
3979  23.756  10.204  45.524 0.0000000000
3980  29.145  8.461  48.637 0.0000000000
3981  28.498  10.078  46.601 0.0000000000
3982  30.278  10.739  48.624 0.0000000000
4058  27.949  -9.126  45.677 0.0000000000
5762  20.185  -10.191  58.717 0.0000000000
5763  20.753  -8.186  57.380 0.0000000000
5764  21.309  -10.493  57.095 0.0000000000
5765  22.494  -11.106  54.759 0.0000000000
5766  23.664  -11.745  52.697 0.0000000000
5779  25.246  -12.704  51.649 0.0000000000
5780  25.894  -13.534  54.396 0.0000000000
6126  21.944  7.665  59.757 0.0000000000
6127  21.769  -0.106  51.901 0.0000000000
6128  21.487  2.591  53.151 0.0000000000
6129  21.742  2.437  50.306 0.0000000000
6130  22.375  4.596  48.634 0.0000000000
6131  23.571  6.568  46.834 0.0000000000
6132  24.832  8.182  45.824 0.0000000000
6133  25.792  6.243  46.662 0.0000000000
6134  27.788  6.367  48.217 0.0000000000
6135  29.397  6.624  50.321 0.0000000000
6176  28.635  4.106  51.127 0.0000000000
7202  21.541  -1.424  63.614 0.0000000000
7203  23.390  0.296  62.897 0.0000000000
7204  22.279  -1.728  61.593 0.0000000000
7205  22.167  -1.820  58.791 0.0000000000
7206  21.884  -2.062  56.076 0.0000000000
7207  21.279  -6.274  55.997 0.0000000000
7208  21.506  -4.511  54.728 0.0000000000
7209  21.838  -2.465  53.229 0.0000000000
7210  22.064  -2.699  50.465 0.0000000000
7211  22.681  -2.700  47.942 0.0000000000
7212  23.788  -2.568  45.932 0.0000000000
7222  19.294  -4.102  63.190 0.0000000000
7243  25.329  -3.025  45.125 0.0000000000
7244  24.575  -6.345  45.337 0.0000000000
7245  26.030  -9.356  45.808 0.0000000000
7246  28.241  -11.206  47.885 0.0000000000
7247  27.071  -12.926  50.881 0.0000000000
7248  28.894  -12.469  50.834 0.0000000000
7249  30.492  -11.670  51.284 0.0000000000
8053  23.373  3.219  61.278 0.0000000000
8054  22.240  5.567  59.403 0.0000000000
8055  21.439  7.438  57.372 0.0000000000
8056  21.415  5.143  53.843 0.0000000000
8057  21.154  7.331  54.445 0.0000000000
8058  20.852  9.642  55.192 0.0000000000
8059  20.665  11.628  53.006 0.0000000000
8060  21.109  13.596  51.082 0.0000000000
8064  25.565  13.639  43.672 0.0000000000
8065  26.246  9.872  45.250 0.0000000000
8066  27.169  11.844  44.978 0.0000000000
