#!ascii label  , from subject fsaverage5 vox2ras=TkReg
31
306  33.660  -76.544  17.732 0.0000000000
785  36.426  -80.383  22.753 0.0000000000
1272  41.810  -72.754  20.447 0.0000000000
1277  32.606  -84.335  13.122 0.0000000000
1699  39.610  -78.103  28.175 0.0000000000
1703  35.049  -81.785  17.261 0.0000000000
1704  30.764  -79.809  13.391 0.0000000000
3191  42.133  -74.057  22.852 0.0000000000
3192  43.481  -75.023  19.728 0.0000000000
3790  37.112  -81.241  29.269 0.0000000000
3792  39.079  -80.623  27.511 0.0000000000
3797  35.405  -78.276  20.305 0.0000000000
3798  35.862  -81.452  20.231 0.0000000000
3799  34.554  -79.172  17.735 0.0000000000
3800  33.778  -80.147  15.113 0.0000000000
3801  32.491  -77.861  15.420 0.0000000000
6020  36.372  -81.101  27.223 0.0000000000
6021  37.120  -82.266  24.649 0.0000000000
6022  36.073  -79.233  25.018 0.0000000000
6023  35.580  -77.138  22.766 0.0000000000
6024  34.522  -75.313  20.174 0.0000000000
6894  40.682  -74.210  26.830 0.0000000000
6900  41.267  -71.696  18.193 0.0000000000
6901  43.069  -73.047  15.841 0.0000000000
7806  41.519  -76.620  26.390 0.0000000000
7809  42.254  -79.342  17.986 0.0000000000
7815  35.865  -83.855  16.593 0.0000000000
7816  34.520  -82.597  14.464 0.0000000000
9568  32.888  -74.127  17.528 0.0000000000
9571  31.150  -76.029  15.487 0.0000000000
9572  29.379  -78.129  13.773 0.0000000000
