#!ascii label  , from subject fsaverage5 vox2ras=TkReg
24
135  23.942  -79.296  28.817 0.0000000000
565  29.051  -68.233  22.167 0.0000000000
1252  25.912  -72.755  25.037 0.0000000000
1253  27.639  -74.433  19.735 0.0000000000
1254  25.609  -81.014  23.201 0.0000000000
2336  31.760  -72.065  18.400 0.0000000000
2706  34.679  -73.467  25.785 0.0000000000
3172  24.798  -76.059  26.900 0.0000000000
3173  25.678  -76.847  24.196 0.0000000000
3174  25.017  -80.368  25.991 0.0000000000
5198  32.701  -70.327  20.819 0.0000000000
5199  30.553  -70.142  19.989 0.0000000000
5200  25.780  -78.119  18.894 0.0000000000
5201  27.446  -75.503  17.174 0.0000000000
6862  27.349  -69.988  23.244 0.0000000000
6863  28.496  -71.273  20.622 0.0000000000
6864  26.892  -73.567  22.311 0.0000000000
6865  26.512  -77.585  21.401 0.0000000000
7776  23.966  -79.664  34.631 0.0000000000
7777  23.752  -82.227  31.046 0.0000000000
7778  24.956  -83.677  28.024 0.0000000000
7779  23.647  -85.920  30.338 0.0000000000
9566  34.028  -71.738  23.033 0.0000000000
9569  29.388  -72.626  18.356 0.0000000000
