#!ascii label  , from subject fsaverage5 vox2ras=TkReg
38
224  8.371  -5.024  59.804 0.0000000000
468  6.228  -18.673  58.735 0.0000000000
469  6.637  -15.289  50.797 0.0000000000
1023  4.834  -14.746  66.411 0.0000000000
1024  6.200  -19.565  63.154 0.0000000000
1025  5.863  -13.741  62.568 0.0000000000
1027  5.714  -10.159  55.078 0.0000000000
1028  7.164  -7.983  52.928 0.0000000000
1552  9.048  -6.710  62.400 0.0000000000
2055  7.427  -12.437  58.108 0.0000000000
2056  4.967  -17.496  54.296 0.0000000000
2944  5.093  -14.206  64.436 0.0000000000
4506  6.403  -19.121  61.027 0.0000000000
4507  7.664  -22.062  61.050 0.0000000000
4508  7.853  -21.477  58.687 0.0000000000
4510  7.140  -20.741  56.374 0.0000000000
4511  8.697  -5.670  61.103 0.0000000000
4512  8.573  -9.506  60.254 0.0000000000
4513  8.117  -8.791  58.493 0.0000000000
4514  5.479  -12.642  52.862 0.0000000000
4515  5.144  -13.985  54.142 0.0000000000
4516  5.256  -16.470  52.058 0.0000000000
4517  5.850  -19.502  52.096 0.0000000000
6447  4.869  -17.901  66.622 0.0000000000
6449  4.639  -17.285  64.610 0.0000000000
6450  4.848  -16.697  62.701 0.0000000000
6451  5.190  -16.201  60.694 0.0000000000
6453  7.345  -7.825  57.142 0.0000000000
6454  7.095  -6.607  56.212 0.0000000000
6455  5.969  -8.953  53.922 0.0000000000
6456  6.878  -11.795  52.021 0.0000000000
8734  6.990  -13.194  60.498 0.0000000000
8735  5.779  -15.583  58.540 0.0000000000
8736  6.526  -11.507  56.179 0.0000000000
8737  5.698  -15.058  56.181 0.0000000000
8738  5.567  -18.092  56.578 0.0000000000
8739  6.052  -20.207  54.372 0.0000000000
8740  6.962  -22.217  52.301 0.0000000000
