#!ascii label  , from subject fsaverage5 vox2ras=TkReg
23
221  11.016  -35.253  52.608 0.0000000000
1019  14.131  -33.885  48.753 0.0000000000
1652  10.560  -38.669  40.898 0.0000000000
1653  11.235  -34.522  39.494 0.0000000000
1654  6.582  -33.493  42.045 0.0000000000
3114  11.510  -41.277  41.926 0.0000000000
3713  13.380  -35.007  38.636 0.0000000000
3714  13.013  -32.471  37.700 0.0000000000
3716  8.705  -31.645  40.132 0.0000000000
3717  6.593  -31.080  41.436 0.0000000000
4490  13.852  -36.099  52.107 0.0000000000
4492  16.488  -35.645  47.862 0.0000000000
5025  8.077  -38.030  41.676 0.0000000000
6439  12.589  -34.493  50.746 0.0000000000
7694  12.752  -39.316  40.480 0.0000000000
7695  13.365  -37.260  39.348 0.0000000000
7696  11.093  -36.630  39.987 0.0000000000
7697  8.770  -36.216  41.155 0.0000000000
7698  10.949  -32.017  38.780 0.0000000000
7699  8.958  -34.090  40.670 0.0000000000
7700  6.348  -35.718  42.467 0.0000000000
8699  8.175  -45.240  47.565 0.0000000000
9358  9.281  -40.730  41.726 0.0000000000
