#!ascii label  , from subject fsaverage5 vox2ras=TkReg
60
18  16.099  -60.544  63.601 0.0000000000
292  24.414  -57.941  63.833 0.0000000000
294  18.738  -60.727  54.622 0.0000000000
409  10.203  -61.153  61.749 0.0000000000
772  20.508  -59.474  64.345 0.0000000000
773  21.438  -59.615  58.946 0.0000000000
774  18.586  -62.190  60.423 0.0000000000
923  8.070  -65.046  58.498 0.0000000000
1246  16.005  -67.817  52.949 0.0000000000
1915  12.738  -61.159  63.301 0.0000000000
1916  14.280  -64.421  60.859 0.0000000000
1917  10.818  -65.162  60.442 0.0000000000
2088  14.863  -56.758  60.365 0.0000000000
2089  12.388  -56.991  60.085 0.0000000000
2327  15.321  -63.888  55.649 0.0000000000
2328  18.787  -64.086  52.159 0.0000000000
2692  18.234  -59.975  64.043 0.0000000000
2693  19.687  -61.540  62.704 0.0000000000
2694  17.492  -62.109  62.895 0.0000000000
3760  19.977  -60.093  56.566 0.0000000000
3761  21.297  -58.959  55.771 0.0000000000
4207  11.319  -61.278  62.874 0.0000000000
4208  11.691  -63.395  62.454 0.0000000000
4209  10.091  -63.383  61.777 0.0000000000
4210  7.640  -66.203  56.223 0.0000000000
4211  8.693  -66.618  57.288 0.0000000000
4212  8.578  -67.863  54.679 0.0000000000
4213  9.490  -69.870  53.439 0.0000000000
5175  13.212  -65.873  58.627 0.0000000000
5176  15.026  -64.568  58.585 0.0000000000
5177  13.878  -65.732  55.971 0.0000000000
5178  18.683  -67.544  52.223 0.0000000000
5179  17.353  -65.886  52.390 0.0000000000
5181  21.110  -63.773  51.348 0.0000000000
5998  22.494  -58.833  64.261 0.0000000000
5999  23.135  -59.078  61.671 0.0000000000
6000  21.544  -60.493  62.177 0.0000000000
6001  20.069  -61.066  59.656 0.0000000000
6002  18.594  -61.319  57.528 0.0000000000
6269  9.030  -63.171  60.438 0.0000000000
6270  8.045  -62.892  58.849 0.0000000000
7761  22.570  -58.241  58.234 0.0000000000
7762  22.302  -57.571  55.032 0.0000000000
8353  14.268  -60.863  63.397 0.0000000000
8354  15.155  -62.780  62.662 0.0000000000
8355  13.336  -63.175  62.584 0.0000000000
8356  12.428  -64.862  60.827 0.0000000000
8357  11.487  -66.687  58.511 0.0000000000
8358  9.340  -65.089  59.674 0.0000000000
8359  9.971  -66.828  58.051 0.0000000000
8805  17.536  -58.306  62.463 0.0000000000
8832  15.377  -58.818  62.130 0.0000000000
8833  13.756  -58.948  62.257 0.0000000000
8834  12.377  -59.238  62.138 0.0000000000
8835  11.198  -59.185  61.390 0.0000000000
9539  16.425  -63.524  60.804 0.0000000000
9540  16.736  -62.926  58.206 0.0000000000
9541  17.070  -62.294  55.374 0.0000000000
9542  15.032  -65.927  53.536 0.0000000000
9543  16.611  -64.100  53.257 0.0000000000
