#!ascii label  , from subject fsaverage5 vox2ras=TkReg
16
68  13.192  -73.186  50.258 0.0000000000
1245  12.372  -71.153  53.205 0.0000000000
1922  10.095  -74.022  48.415 0.0000000000
3165  12.725  -72.430  52.171 0.0000000000
3166  14.841  -71.373  52.741 0.0000000000
6849  12.289  -69.266  54.092 0.0000000000
6850  13.684  -67.619  53.882 0.0000000000
6851  14.225  -69.638  53.219 0.0000000000
6852  16.831  -69.557  52.590 0.0000000000
8360  11.090  -68.535  56.145 0.0000000000
8361  10.853  -70.036  53.982 0.0000000000
8362  10.897  -71.707  52.540 0.0000000000
8363  11.133  -72.909  51.315 0.0000000000
8371  9.430  -73.370  50.245 0.0000000000
8372  11.676  -73.621  49.492 0.0000000000
8373  12.990  -73.919  47.315 0.0000000000
