#!ascii label  , from subject fsaverage5 vox2ras=TkReg
35
100  10.306  -1.525  53.987 0.0000000000
225  7.358  6.915  60.836 0.0000000000
706  8.607  12.629  59.366 0.0000000000
1553  6.507  -0.888  65.335 0.0000000000
1554  6.942  0.817  61.636 0.0000000000
1555  7.707  2.864  56.695 0.0000000000
1556  7.756  3.339  52.468 0.0000000000
1557  8.066  7.655  55.902 0.0000000000
2946  9.610  -2.239  55.768 0.0000000000
2950  10.206  -4.171  52.403 0.0000000000
2952  10.682  -1.233  52.251 0.0000000000
3546  6.849  6.048  63.560 0.0000000000
3547  6.319  2.865  64.001 0.0000000000
3548  6.932  4.076  61.442 0.0000000000
3549  7.686  2.123  59.391 0.0000000000
3550  7.244  4.860  58.550 0.0000000000
3551  7.076  5.205  56.125 0.0000000000
3552  7.711  7.378  58.333 0.0000000000
3553  8.226  16.373  58.642 0.0000000000
4533  7.528  6.536  51.507 0.0000000000
5875  7.168  9.189  62.500 0.0000000000
5876  7.673  9.617  60.104 0.0000000000
5877  7.889  12.053  61.582 0.0000000000
5878  8.028  15.510  60.848 0.0000000000
7459  7.478  -2.527  62.492 0.0000000000
7461  6.327  -0.262  63.440 0.0000000000
7462  7.418  -1.958  60.932 0.0000000000
7463  7.832  -0.829  59.364 0.0000000000
7464  8.641  0.360  57.502 0.0000000000
7465  9.116  1.039  55.459 0.0000000000
7466  9.394  1.273  53.489 0.0000000000
7467  7.614  3.097  54.601 0.0000000000
7468  6.931  5.729  53.666 0.0000000000
7469  8.594  8.268  53.467 0.0000000000
7470  8.337  9.912  57.836 0.0000000000
