#!ascii label  , from subject fsaverage5 vox2ras=TkReg
49
103  21.336  -44.978  60.021 0.0000000000
476  30.144  -48.191  64.410 0.0000000000
1039  32.243  -44.369  55.919 0.0000000000
1041  28.431  -44.580  62.483 0.0000000000
1042  25.913  -45.878  63.356 0.0000000000
1043  26.345  -49.493  61.382 0.0000000000
1044  22.841  -47.878  60.880 0.0000000000
2073  35.348  -50.605  60.251 0.0000000000
2074  30.679  -44.975  59.240 0.0000000000
2075  33.654  -47.528  63.246 0.0000000000
2076  31.955  -51.799  63.155 0.0000000000
2077  27.531  -53.147  63.720 0.0000000000
2078  23.017  -54.503  62.232 0.0000000000
2961  24.820  -44.770  61.406 0.0000000000
2962  23.713  -45.606  61.471 0.0000000000
2963  24.647  -46.916  62.173 0.0000000000
2964  22.284  -46.451  60.927 0.0000000000
4554  36.280  -48.328  60.441 0.0000000000
4558  29.490  -46.141  64.169 0.0000000000
4559  30.852  -46.014  63.004 0.0000000000
4560  31.914  -47.747  64.351 0.0000000000
4561  33.363  -49.480  63.516 0.0000000000
4562  31.512  -49.803  64.150 0.0000000000
4563  29.959  -52.390  63.839 0.0000000000
4564  29.523  -50.386  63.656 0.0000000000
4565  23.798  -50.548  60.008 0.0000000000
4566  24.689  -52.050  61.561 0.0000000000
6296  39.012  -34.219  38.440 0.0000000000
6478  23.911  -43.098  58.403 0.0000000000
6480  25.902  -44.123  61.002 0.0000000000
6481  27.201  -45.012  63.318 0.0000000000
6482  28.029  -46.714  64.205 0.0000000000
6483  28.439  -48.671  62.994 0.0000000000
6484  26.645  -47.390  62.608 0.0000000000
6485  24.719  -48.436  60.891 0.0000000000
6486  22.165  -49.442  59.486 0.0000000000
8786  33.899  -52.177  58.034 0.0000000000
8787  33.087  -53.055  59.641 0.0000000000
8789  31.654  -44.825  57.546 0.0000000000
8790  33.576  -45.793  59.557 0.0000000000
8793  34.970  -46.935  61.503 0.0000000000
8794  35.117  -48.948  62.080 0.0000000000
8795  33.882  -51.287  61.867 0.0000000000
8800  27.208  -51.143  62.518 0.0000000000
8801  25.224  -53.703  63.062 0.0000000000
8802  23.608  -56.201  63.858 0.0000000000
8823  19.636  -45.347  60.430 0.0000000000
8824  20.157  -47.063  60.747 0.0000000000
8825  20.019  -48.450  60.401 0.0000000000
