#!ascii label  , from subject fsaverage5 vox2ras=TkReg
28
284  8.301  -85.050  35.333 0.0000000000
298  17.319  -87.295  25.723 0.0000000000
1255  12.759  -86.557  23.839 0.0000000000
1256  16.933  -87.930  18.812 0.0000000000
1280  27.405  -91.889  10.142 0.0000000000
1668  6.711  -75.805  25.397 0.0000000000
1689  18.339  -87.182  31.998 0.0000000000
1690  12.861  -86.960  30.931 0.0000000000
3775  11.281  -86.345  36.300 0.0000000000
3776  13.224  -87.183  34.044 0.0000000000
3777  10.352  -85.949  33.598 0.0000000000
3778  9.959  -86.427  29.955 0.0000000000
5208  18.677  -90.001  17.510 0.0000000000
5213  25.303  -92.096  18.772 0.0000000000
6867  15.123  -86.352  24.917 0.0000000000
6868  16.699  -86.686  22.236 0.0000000000
6869  14.721  -87.024  21.046 0.0000000000
6914  28.127  -92.262  12.925 0.0000000000
7724  9.794  -89.039  24.537 0.0000000000
7780  20.376  -87.162  29.468 0.0000000000
7781  17.481  -87.361  28.860 0.0000000000
7783  15.550  -87.532  31.307 0.0000000000
7784  15.518  -87.298  28.352 0.0000000000
7785  12.762  -86.034  27.788 0.0000000000
7786  10.735  -87.373  26.433 0.0000000000
9461  13.317  -80.019  27.859 0.0000000000
9671  27.202  -91.495  5.167 0.0000000000
9672  26.411  -92.846  3.265 0.0000000000
