#!ascii label  , from subject fsaverage5 vox2ras=TkReg
14
555  18.948  -74.310  20.581 0.0000000000
1227  19.491  -65.445  12.657 0.0000000000
2305  16.420  -70.481  17.562 0.0000000000
5114  14.623  -74.352  19.836 0.0000000000
5118  18.242  -67.162  15.245 0.0000000000
5119  19.215  -69.713  15.822 0.0000000000
5120  15.134  -67.513  17.101 0.0000000000
5121  11.719  -69.026  17.695 0.0000000000
6816  21.138  -66.743  14.326 0.0000000000
6817  17.041  -64.906  14.029 0.0000000000
6819  16.360  -64.460  11.190 0.0000000000
9472  20.448  -71.022  18.123 0.0000000000
9473  17.540  -73.060  18.274 0.0000000000
9474  13.746  -71.334  19.664 0.0000000000
