#!ascii label  , from subject fsaverage5 vox2ras=TkReg
21
40  34.370  -74.147  -12.413 0.0000000000
833  35.674  -68.282  -14.261 0.0000000000
1384  27.693  -66.047  -3.843 0.0000000000
1388  28.632  -67.906  -9.882 0.0000000000
2500  32.508  -66.394  -14.983 0.0000000000
2751  36.676  -71.465  -12.852 0.0000000000
2752  37.291  -68.545  -13.990 0.0000000000
2753  34.898  -71.093  -12.791 0.0000000000
3306  28.988  -68.111  -6.256 0.0000000000
3307  28.429  -70.072  -7.138 0.0000000000
5604  31.634  -70.067  -14.652 0.0000000000
5605  29.579  -69.225  -14.309 0.0000000000
7106  28.506  -69.634  -10.789 0.0000000000
7107  28.592  -67.963  -13.192 0.0000000000
7108  28.064  -66.477  -12.202 0.0000000000
10053  32.992  -73.477  -12.679 0.0000000000
10054  33.378  -70.660  -13.826 0.0000000000
10055  34.291  -67.385  -15.012 0.0000000000
10056  35.837  -63.484  -16.035 0.0000000000
10057  30.699  -65.475  -14.532 0.0000000000
10058  34.108  -61.999  -15.270 0.0000000000
