#!ascii label  , from subject fsaverage5 vox2ras=TkReg
93
154  11.615  -87.217  -14.492 0.0000000000
550  14.738  -96.389  10.824 0.0000000000
552  5.991  -94.308  12.665 0.0000000000
1215  10.070  -96.163  13.659 0.0000000000
1216  9.591  -89.848  13.455 0.0000000000
1218  7.362  -83.800  16.265 0.0000000000
1219  5.947  -78.575  16.084 0.0000000000
1220  5.517  -80.097  10.089 0.0000000000
1221  3.050  -73.519  14.476 0.0000000000
1231  22.774  -63.886  7.926 0.0000000000
1376  6.665  -91.904  -11.698 0.0000000000
1378  13.391  -88.904  -10.774 0.0000000000
1382  7.846  -75.200  1.430 0.0000000000
1764  5.644  -88.575  -9.611 0.0000000000
2290  17.550  -100.363  10.644 0.0000000000
2292  11.519  -100.719  10.559 0.0000000000
2293  9.040  -99.194  10.563 0.0000000000
2295  5.497  -88.662  15.513 0.0000000000
2296  4.351  -90.096  9.574 0.0000000000
2343  21.083  -97.749  12.914 0.0000000000
2484  19.076  -98.947  -14.211 0.0000000000
2486  14.851  -95.929  -12.011 0.0000000000
2492  6.648  -81.233  -4.964 0.0000000000
3135  11.971  -90.639  13.215 0.0000000000
3138  5.100  -78.575  19.303 0.0000000000
3140  3.715  -76.304  15.431 0.0000000000
3296  8.520  -89.375  -12.967 0.0000000000
3297  9.583  -90.281  -11.957 0.0000000000
3298  12.611  -88.609  -13.224 0.0000000000
3302  8.757  -71.573  -1.313 0.0000000000
3303  10.251  -69.227  -3.948 0.0000000000
3502  26.635  -98.282  -9.925 0.0000000000
5084  15.913  -98.644  11.484 0.0000000000
5085  14.402  -100.736  10.662 0.0000000000
5086  12.757  -98.630  11.251 0.0000000000
5087  7.778  -95.253  13.957 0.0000000000
5088  8.576  -98.186  13.123 0.0000000000
5089  7.424  -96.843  12.373 0.0000000000
5090  9.057  -97.365  9.516 0.0000000000
5091  6.564  -95.437  9.897 0.0000000000
5093  6.637  -87.528  18.341 0.0000000000
5094  5.400  -85.706  19.284 0.0000000000
5095  6.053  -84.422  11.687 0.0000000000
5096  5.987  -87.111  12.029 0.0000000000
5097  4.134  -87.403  9.150 0.0000000000
5102  6.575  -78.491  11.514 0.0000000000
5215  16.992  -95.024  12.270 0.0000000000
5217  17.933  -97.727  13.077 0.0000000000
5218  19.472  -99.295  11.786 0.0000000000
5565  17.087  -99.088  -12.267 0.0000000000
5584  10.908  -77.026  -2.163 0.0000000000
5585  7.535  -78.393  -2.059 0.0000000000
5586  10.152  -80.246  -4.195 0.0000000000
5587  9.537  -83.837  -5.626 0.0000000000
6794  14.027  -93.658  12.268 0.0000000000
6795  12.156  -96.418  12.353 0.0000000000
6796  12.082  -93.616  13.048 0.0000000000
6797  9.814  -93.214  13.206 0.0000000000
6798  7.645  -92.500  13.199 0.0000000000
6799  5.141  -80.817  22.527 0.0000000000
6800  5.991  -83.416  19.577 0.0000000000
6801  5.392  -80.874  19.416 0.0000000000
6802  6.939  -81.025  16.163 0.0000000000
6803  4.832  -81.814  12.499 0.0000000000
6805  3.804  -79.367  12.716 0.0000000000
6806  3.380  -77.052  12.324 0.0000000000
7088  14.558  -90.029  -7.836 0.0000000000
7093  5.308  -69.358  4.164 0.0000000000
7095  7.677  -71.649  2.400 0.0000000000
7096  10.315  -74.085  -0.693 0.0000000000
7399  27.030  -97.427  -12.208 0.0000000000
7400  24.955  -97.250  -14.279 0.0000000000
7955  5.739  -90.322  -11.460 0.0000000000
7956  8.172  -87.748  -11.986 0.0000000000
8542  8.887  -59.993  -0.291 0.0000000000
8543  10.989  -61.569  -1.536 0.0000000000
9435  10.445  -98.786  12.726 0.0000000000
9436  9.707  -100.505  10.848 0.0000000000
9441  8.716  -87.918  17.250 0.0000000000
9442  7.240  -89.450  14.822 0.0000000000
9443  5.701  -91.173  12.988 0.0000000000
9444  5.930  -86.395  15.702 0.0000000000
9445  5.277  -89.351  12.691 0.0000000000
9446  4.882  -92.585  10.678 0.0000000000
9447  5.357  -93.713  7.649 0.0000000000
9478  3.686  -70.135  13.540 0.0000000000
9499  24.320  -60.229  7.630 0.0000000000
10007  21.722  -99.346  -14.162 0.0000000000
10008  22.289  -97.397  -14.556 0.0000000000
10015  16.883  -97.439  -13.518 0.0000000000
10016  19.558  -97.074  -13.521 0.0000000000
10033  6.279  -84.920  -6.988 0.0000000000
10034  8.806  -86.613  -8.793 0.0000000000
