#!ascii label  , from subject fsaverage5 vox2ras=TkReg
50
445  39.043  -87.493  -13.629 0.0000000000
620  21.522  -75.685  -8.814 0.0000000000
982  33.399  -86.589  -13.828 0.0000000000
1387  26.603  -74.739  -6.540 0.0000000000
1998  40.094  -81.595  -13.697 0.0000000000
1999  34.893  -81.388  -13.145 0.0000000000
2000  32.657  -80.349  -11.010 0.0000000000
2490  30.625  -79.081  -8.372 0.0000000000
2497  21.212  -80.179  -8.089 0.0000000000
2498  28.833  -77.164  -8.003 0.0000000000
4377  37.364  -88.953  -12.328 0.0000000000
4379  40.686  -86.416  -11.622 0.0000000000
4381  41.946  -84.660  -13.080 0.0000000000
4382  42.191  -81.912  -13.670 0.0000000000
4383  39.570  -84.664  -13.974 0.0000000000
4385  33.841  -84.307  -13.626 0.0000000000
4386  31.278  -83.956  -13.389 0.0000000000
4387  33.174  -80.961  -12.333 0.0000000000
4388  30.095  -83.305  -12.127 0.0000000000
5579  28.219  -82.477  -9.401 0.0000000000
5580  27.054  -81.706  -8.271 0.0000000000
5592  20.829  -74.018  -7.514 0.0000000000
5598  21.018  -78.079  -8.161 0.0000000000
5599  28.635  -72.931  -9.197 0.0000000000
5600  27.622  -76.068  -7.372 0.0000000000
5601  29.316  -74.010  -10.060 0.0000000000
5602  30.324  -75.164  -10.662 0.0000000000
5603  29.934  -72.169  -13.118 0.0000000000
6373  35.655  -89.426  -13.636 0.0000000000
6374  36.381  -87.002  -14.201 0.0000000000
6375  32.709  -88.765  -13.821 0.0000000000
7103  23.231  -75.506  -6.340 0.0000000000
7104  26.317  -73.080  -5.815 0.0000000000
8576  40.198  -78.939  -14.309 0.0000000000
8577  36.771  -84.411  -13.780 0.0000000000
8578  37.564  -81.150  -13.237 0.0000000000
8579  37.979  -78.545  -14.219 0.0000000000
8580  35.644  -78.447  -13.576 0.0000000000
8581  34.370  -77.977  -12.703 0.0000000000
8582  33.501  -77.126  -11.685 0.0000000000
10024  29.173  -83.070  -10.833 0.0000000000
10025  31.722  -79.883  -9.471 0.0000000000
10026  32.401  -76.481  -10.722 0.0000000000
10039  17.881  -72.294  -5.787 0.0000000000
10047  22.669  -81.672  -8.793 0.0000000000
10048  23.981  -77.619  -6.364 0.0000000000
10049  24.999  -79.156  -7.087 0.0000000000
10050  26.236  -80.276  -7.541 0.0000000000
10051  29.688  -78.054  -8.082 0.0000000000
10052  31.236  -75.694  -10.865 0.0000000000
