#!ascii label  , from subject fsaverage4 vox2ras=TkReg
14
9  -53.472  -22.487  -4.517 0.0000000000
329  -58.094  -14.404  -5.380 0.0000000000
541  -49.306  -21.261  -13.042 0.0000000000
1433  -56.010  -25.890  -2.956 0.0000000000
1533  -48.468  -26.233  -5.548 0.0000000000
2135  -53.164  -13.722  -9.683 0.0000000000
2136  -54.635  -9.606  -9.408 0.0000000000
2137  -49.402  -21.494  -8.191 0.0000000000
2138  -51.060  -17.574  -9.053 0.0000000000
2139  -49.291  -16.964  -14.172 0.0000000000
2140  -53.587  -20.886  -15.785 0.0000000000
2144  -50.879  -8.339  -14.715 0.0000000000
2202  -47.506  -25.759  -10.076 0.0000000000
2205  -51.346  -25.303  -13.420 0.0000000000
