#!ascii label  , from subject fsaverage4 vox2ras=TkReg
11
206  -27.211  -54.733  47.985 0.0000000000
207  -34.547  -50.689  52.075 0.0000000000
397  -27.414  -61.867  45.618 0.0000000000
398  -28.783  -59.394  39.997 0.0000000000
803  -30.398  -52.020  50.322 0.0000000000
805  -29.811  -50.308  46.105 0.0000000000
1558  -25.418  -59.850  48.261 0.0000000000
1559  -26.002  -58.165  45.980 0.0000000000
1560  -28.068  -60.859  43.337 0.0000000000
1562  -29.255  -63.298  41.302 0.0000000000
1592  -31.350  -63.250  39.958 0.0000000000
