#!ascii label  , from subject fsaverage4 vox2ras=TkReg
11
173  -49.696  -24.600  46.054 0.0000000000
672  -44.816  -29.374  47.748 0.0000000000
673  -45.068  -27.108  44.055 0.0000000000
674  -48.798  -25.538  50.102 0.0000000000
680  -49.839  -25.106  41.134 0.0000000000
713  -54.506  -22.825  43.454 0.0000000000
806  -42.956  -33.647  52.976 0.0000000000
807  -43.566  -31.110  50.197 0.0000000000
808  -36.852  -34.703  58.431 0.0000000000
809  -40.886  -34.460  56.105 0.0000000000
820  -32.992  -36.977  54.283 0.0000000000
