#!ascii label  , from subject fsaverage4 vox2ras=TkReg
18
63  -14.477  -41.618  72.129 0.0000000000
199  -20.519  -43.719  61.670 0.0000000000
201  -22.521  -40.956  55.234 0.0000000000
239  -17.861  -47.902  69.182 0.0000000000
777  -20.944  -42.473  58.084 0.0000000000
779  -20.233  -47.791  59.155 0.0000000000
781  -23.159  -47.345  58.040 0.0000000000
782  -24.502  -45.831  57.686 0.0000000000
784  -26.606  -44.242  55.670 0.0000000000
816  -24.933  -38.638  52.410 0.0000000000
817  -28.237  -43.158  52.876 0.0000000000
821  -30.746  -41.539  51.674 0.0000000000
924  -15.595  -42.453  68.167 0.0000000000
930  -18.410  -43.218  71.644 0.0000000000
931  -19.712  -45.822  65.224 0.0000000000
932  -17.870  -49.016  62.487 0.0000000000
942  -14.184  -50.392  70.662 0.0000000000
943  -12.292  -53.791  66.541 0.0000000000
