#!ascii label  , from subject fsaverage4 vox2ras=TkReg
14
202  -20.204  -58.690  62.978 0.0000000000
203  -21.234  -62.816  56.385 0.0000000000
204  -27.116  -57.112  62.797 0.0000000000
205  -34.726  -54.811  58.763 0.0000000000
242  -14.584  -53.936  62.017 0.0000000000
785  -20.895  -55.228  61.256 0.0000000000
786  -23.536  -58.815  64.336 0.0000000000
788  -18.331  -62.475  62.178 0.0000000000
789  -18.858  -65.299  58.246 0.0000000000
790  -21.267  -62.195  61.569 0.0000000000
791  -23.947  -59.796  59.845 0.0000000000
797  -31.283  -55.432  61.176 0.0000000000
945  -17.670  -55.821  59.554 0.0000000000
948  -16.597  -59.747  60.494 0.0000000000
