#!ascii label  , from subject fsaverage4 vox2ras=TkReg
14
597  -27.526  -58.537  -14.605 0.0000000000
599  -32.341  -54.152  -9.554 0.0000000000
2288  -39.216  -37.077  -22.323 0.0000000000
2290  -34.621  -38.100  -23.802 0.0000000000
2365  -31.117  -63.171  -9.402 0.0000000000
2367  -32.098  -56.400  -16.292 0.0000000000
2368  -30.093  -50.418  -17.563 0.0000000000
2373  -31.845  -51.406  -6.397 0.0000000000
2375  -34.596  -47.685  -10.050 0.0000000000
2376  -26.403  -50.014  -15.929 0.0000000000
2377  -29.292  -43.193  -20.434 0.0000000000
2378  -29.765  -56.498  -12.657 0.0000000000
2379  -30.920  -49.121  -13.867 0.0000000000
2380  -35.255  -43.154  -15.077 0.0000000000
