#!ascii label  , from subject fsaverage4 vox2ras=TkReg
28
31  -13.008  -92.719  3.053 0.0000000000
150  -15.125  -63.902  0.707 0.0000000000
428  -11.367  -87.240  7.483 0.0000000000
436  -15.129  -98.287  -3.665 0.0000000000
585  -6.637  -81.117  3.385 0.0000000000
586  -5.444  -90.029  -3.465 0.0000000000
588  -15.673  -74.497  2.822 0.0000000000
1677  -12.377  -83.746  10.675 0.0000000000
1680  -11.450  -89.994  3.843 0.0000000000
1711  -14.372  -95.276  0.061 0.0000000000
1712  -8.630  -99.727  3.536 0.0000000000
1713  -10.257  -101.979  -1.279 0.0000000000
1715  -15.190  -102.171  -2.721 0.0000000000
2316  -10.847  -87.757  -0.405 0.0000000000
2317  -10.613  -91.095  -2.761 0.0000000000
2318  -12.816  -81.306  5.752 0.0000000000
2319  -11.966  -84.198  3.149 0.0000000000
2320  -5.997  -85.584  -0.082 0.0000000000
2322  -3.166  -85.048  -3.961 0.0000000000
2323  -20.038  -75.240  5.368 0.0000000000
2324  -15.371  -78.578  6.674 0.0000000000
2327  -22.028  -71.044  2.108 0.0000000000
2328  -22.318  -65.271  0.274 0.0000000000
2329  -14.827  -68.907  1.480 0.0000000000
2330  -3.764  -75.771  4.979 0.0000000000
2332  -9.954  -76.766  4.705 0.0000000000
2333  -7.849  -70.964  4.454 0.0000000000
2334  -7.110  -65.622  3.918 0.0000000000
