#!ascii label  , from subject fsaverage4 vox2ras=TkReg
18
108  43.564  -53.405  43.334 0.0000000000
115  47.915  -42.798  37.500 0.0000000000
414  35.337  -51.010  37.850 0.0000000000
440  37.408  -45.674  35.343 0.0000000000
443  45.263  -48.464  38.733 0.0000000000
1628  39.630  -52.252  40.354 0.0000000000
1629  42.581  -55.748  41.716 0.0000000000
1630  38.036  -54.186  38.675 0.0000000000
1728  33.345  -44.248  36.628 0.0000000000
1729  36.509  -48.478  37.633 0.0000000000
1730  40.778  -49.758  39.324 0.0000000000
1737  44.768  -41.117  36.249 0.0000000000
1738  41.352  -47.378  37.129 0.0000000000
1739  45.008  -50.982  41.838 0.0000000000
1740  38.802  -42.676  34.665 0.0000000000
1741  42.728  -44.463  35.288 0.0000000000
1742  46.399  -45.782  36.163 0.0000000000
1744  49.404  -46.554  36.864 0.0000000000
