#!ascii label  , from subject fsaverage4 vox2ras=TkReg
12
604  45.970  -27.356  -2.513 0.0000000000
616  48.727  -14.335  -11.894 0.0000000000
2391  53.255  -25.677  -1.106 0.0000000000
2394  57.383  -21.705  -1.890 0.0000000000
2395  49.492  -23.606  -3.332 0.0000000000
2396  46.773  -21.582  -6.703 0.0000000000
2397  44.803  -25.927  -6.929 0.0000000000
2441  50.582  -16.863  -7.106 0.0000000000
2442  46.475  -19.354  -11.672 0.0000000000
2443  58.160  -14.264  -3.454 0.0000000000
2444  55.209  -11.487  -7.054 0.0000000000
2445  53.009  -9.313  -12.111 0.0000000000
