#!ascii label  , from subject fsaverage4 vox2ras=TkReg
19
61  52.344  -18.950  36.371 0.0000000000
232  47.634  -23.113  38.230 0.0000000000
445  54.273  -26.595  38.803 0.0000000000
446  50.673  -32.052  42.470 0.0000000000
892  54.784  -17.096  35.213 0.0000000000
901  50.035  -21.011  37.791 0.0000000000
904  45.589  -25.498  37.680 0.0000000000
1748  48.801  -28.440  38.059 0.0000000000
1749  47.144  -30.527  39.216 0.0000000000
1750  51.220  -23.546  34.801 0.0000000000
1751  50.162  -25.813  36.883 0.0000000000
1752  52.628  -29.348  41.033 0.0000000000
1753  56.822  -28.257  43.320 0.0000000000
1754  54.422  -31.554  45.452 0.0000000000
1755  54.769  -18.560  31.551 0.0000000000
1756  53.237  -21.167  32.861 0.0000000000
1762  58.635  -25.744  39.234 0.0000000000
1765  59.587  -25.271  34.149 0.0000000000
1783  47.544  -33.835  43.991 0.0000000000
