#!ascii label  , from subject fsaverage4 vox2ras=TkReg
20
65  25.001  0.226  46.461 0.0000000000
244  23.342  -10.346  50.501 0.0000000000
270  21.796  0.086  54.586 0.0000000000
273  22.689  8.681  46.875 0.0000000000
650  20.559  -3.346  62.054 0.0000000000
952  23.265  -5.417  46.673 0.0000000000
954  26.315  -11.531  48.118 0.0000000000
957  27.782  4.504  49.259 0.0000000000
1050  21.575  -8.780  55.121 0.0000000000
1051  23.109  0.512  60.023 0.0000000000
1052  21.413  -4.029  57.306 0.0000000000
1053  21.928  -4.967  51.921 0.0000000000
1054  22.151  -0.237  49.231 0.0000000000
1056  22.919  5.753  62.043 0.0000000000
1062  21.694  4.778  51.118 0.0000000000
1063  24.065  4.436  47.082 0.0000000000
1064  21.630  5.181  56.698 0.0000000000
1065  20.756  9.416  52.057 0.0000000000
1067  27.307  8.132  46.678 0.0000000000
1069  24.848  11.695  44.781 0.0000000000
