#!ascii label  , from subject fsaverage4 vox2ras=TkReg
22
0  27.198  -14.101  60.787 0.0000000000
42  13.101  -20.372  72.632 0.0000000000
43  8.054  -9.089  65.812 0.0000000000
162  20.494  -16.691  68.786 0.0000000000
163  14.564  -11.143  62.358 0.0000000000
167  8.799  -14.031  68.809 0.0000000000
642  23.844  -14.514  65.986 0.0000000000
643  20.281  -14.281  62.293 0.0000000000
645  16.969  -18.397  70.464 0.0000000000
646  13.889  -16.988  66.997 0.0000000000
647  17.069  -15.630  64.377 0.0000000000
652  7.379  -19.898  71.695 0.0000000000
653  10.662  -17.968  69.947 0.0000000000
657  5.802  -16.914  69.252 0.0000000000
659  7.520  -11.081  68.515 0.0000000000
660  14.873  -6.139  65.740 0.0000000000
662  11.562  -12.500  65.431 0.0000000000
663  11.222  -8.743  68.074 0.0000000000
751  24.783  -17.576  69.681 0.0000000000
754  23.270  -21.789  67.030 0.0000000000
755  20.415  -20.426  70.427 0.0000000000
756  15.927  -22.229  70.911 0.0000000000
