#!ascii label  , from subject fsaverage6 vox2ras=TkReg
90
270  -49.235  -22.152  6.530 0.0000000000
534  -52.008  -13.611  2.112 0.0000000000
1172  -44.732  -21.583  6.044 0.0000000000
1173  -51.175  -17.604  5.471 0.0000000000
1174  -46.648  -18.848  2.414 0.0000000000
1175  -49.299  -15.673  -1.105 0.0000000000
1639  -45.897  -26.293  6.502 0.0000000000
1640  -42.901  -24.834  8.901 0.0000000000
3093  -45.425  -20.082  4.224 0.0000000000
4960  -51.450  -15.534  4.090 0.0000000000
4962  -54.392  -13.791  3.043 0.0000000000
6718  -47.198  -21.502  7.173 0.0000000000
6719  -50.472  -19.859  6.094 0.0000000000
6720  -47.785  -19.458  5.961 0.0000000000
6721  -48.385  -17.610  4.376 0.0000000000
6722  -49.181  -15.869  2.546 0.0000000000
6723  -50.217  -14.150  0.672 0.0000000000
6724  -48.144  -17.484  0.630 0.0000000000
7665  -47.740  -24.280  6.655 0.0000000000
7667  -44.908  -25.721  8.510 0.0000000000
7668  -46.117  -23.581  7.998 0.0000000000
7669  -43.829  -23.069  7.578 0.0000000000
12637  -49.885  -22.287  5.670 0.0000000000
12639  -50.676  -21.143  5.650 0.0000000000
12640  -51.655  -14.604  3.127 0.0000000000
12641  -52.900  -14.678  3.694 0.0000000000
12642  -53.136  -13.691  2.597 0.0000000000
12643  -54.616  -12.678  1.986 0.0000000000
15037  -45.910  -21.365  6.869 0.0000000000
15038  -47.615  -20.464  6.593 0.0000000000
15039  -46.329  -20.482  6.074 0.0000000000
15040  -45.928  -19.464  3.298 0.0000000000
15041  -46.848  -18.759  4.377 0.0000000000
15042  -47.213  -17.924  3.453 0.0000000000
15043  -48.752  -16.732  3.470 0.0000000000
15044  -47.892  -17.312  2.510 0.0000000000
15045  -48.565  -16.555  1.635 0.0000000000
15046  -47.374  -18.249  1.528 0.0000000000
16835  -48.089  -24.333  5.525 0.0000000000
16836  -46.845  -25.307  6.672 0.0000000000
16840  -42.365  -25.794  9.413 0.0000000000
16841  -43.398  -26.244  9.318 0.0000000000
16842  -44.041  -25.247  8.974 0.0000000000
16843  -45.569  -24.647  8.317 0.0000000000
16844  -44.520  -24.188  8.543 0.0000000000
16845  -45.035  -23.217  8.007 0.0000000000
16846  -43.441  -23.890  8.305 0.0000000000
20640  -50.914  -18.679  5.803 0.0000000000
20641  -51.946  -18.861  5.389 0.0000000000
20642  -52.401  -17.799  5.266 0.0000000000
20662  -49.647  -14.835  -0.213 0.0000000000
20664  -50.026  -13.804  -1.112 0.0000000000
23999  -45.093  -20.840  5.139 0.0000000000
24003  -46.202  -19.970  1.315 0.0000000000
27360  -51.302  -16.578  4.911 0.0000000000
27361  -52.724  -16.725  5.023 0.0000000000
27362  -52.903  -15.627  4.529 0.0000000000
27363  -54.216  -14.834  3.954 0.0000000000
31036  -48.333  -21.857  7.052 0.0000000000
31037  -49.920  -21.005  6.339 0.0000000000
31038  -48.823  -20.738  6.687 0.0000000000
31039  -49.185  -19.589  6.270 0.0000000000
31040  -49.450  -18.537  5.790 0.0000000000
31041  -46.568  -19.617  5.266 0.0000000000
31042  -48.110  -18.544  5.214 0.0000000000
31043  -49.696  -17.556  5.139 0.0000000000
31044  -50.001  -16.519  4.303 0.0000000000
31045  -50.268  -15.586  3.409 0.0000000000
31046  -50.591  -14.633  2.454 0.0000000000
31048  -49.726  -15.028  1.624 0.0000000000
31049  -49.103  -15.789  0.721 0.0000000000
31050  -48.792  -16.678  -0.242 0.0000000000
31051  -47.061  -19.311  0.451 0.0000000000
31052  -47.790  -18.580  -0.398 0.0000000000
31053  -48.441  -17.705  -1.254 0.0000000000
33421  -49.147  -23.182  4.436 0.0000000000
33422  -48.959  -23.374  5.619 0.0000000000
33423  -48.554  -23.253  6.618 0.0000000000
33427  -42.743  -27.214  9.514 0.0000000000
33428  -44.227  -26.719  8.683 0.0000000000
33429  -45.594  -26.143  7.728 0.0000000000
33430  -46.355  -25.069  7.675 0.0000000000
33431  -47.072  -23.993  7.504 0.0000000000
33432  -47.796  -22.930  7.260 0.0000000000
33433  -46.700  -22.520  7.542 0.0000000000
33434  -45.519  -22.234  7.456 0.0000000000
33435  -44.316  -22.326  6.851 0.0000000000
33437  -42.644  -23.306  6.719 0.0000000000
33438  -43.144  -22.606  5.888 0.0000000000
38081  -51.373  -20.036  5.543 0.0000000000
