#!ascii label  , from subject fsaverage6 vox2ras=TkReg
294
5  -50.077  -48.913  44.899 0.0000000000
187  -45.448  -50.469  40.572 0.0000000000
463  -46.506  -41.565  41.031 0.0000000000
464  -53.760  -41.475  46.230 0.0000000000
465  -48.949  -36.219  39.554 0.0000000000
666  -51.774  -49.297  43.219 0.0000000000
667  -47.689  -49.804  42.950 0.0000000000
1017  -44.532  -35.606  37.320 0.0000000000
1058  -43.654  -42.221  39.746 0.0000000000
1192  -55.718  -37.122  44.231 0.0000000000
2041  -48.132  -44.972  43.004 0.0000000000
2042  -51.273  -45.262  45.703 0.0000000000
2043  -49.868  -41.479  44.055 0.0000000000
2044  -51.334  -38.560  43.932 0.0000000000
2045  -53.362  -35.389  40.691 0.0000000000
2094  -41.271  -46.378  35.816 0.0000000000
2095  -43.656  -46.169  38.737 0.0000000000
2096  -45.753  -45.709  41.215 0.0000000000
2263  -53.796  -46.262  43.465 0.0000000000
2587  -48.868  -49.304  43.971 0.0000000000
3113  -56.960  -37.591  43.430 0.0000000000
3442  -43.974  -50.417  39.263 0.0000000000
4480  -47.474  -43.210  42.076 0.0000000000
4481  -49.007  -43.305  43.439 0.0000000000
4482  -48.464  -41.539  42.431 0.0000000000
4483  -47.748  -37.159  41.431 0.0000000000
4485  -50.154  -37.352  42.112 0.0000000000
4486  -52.459  -37.105  42.370 0.0000000000
4487  -51.203  -36.183  40.379 0.0000000000
4489  -43.849  -31.954  34.545 0.0000000000
4607  -41.311  -44.551  37.404 0.0000000000
4608  -42.678  -46.279  37.176 0.0000000000
4609  -42.241  -44.318  38.915 0.0000000000
4610  -45.091  -41.929  40.241 0.0000000000
4611  -44.594  -43.821  40.785 0.0000000000
5017  -52.307  -43.385  46.067 0.0000000000
5018  -52.634  -45.968  45.490 0.0000000000
5019  -53.987  -44.042  45.412 0.0000000000
5021  -55.261  -45.425  41.049 0.0000000000
5809  -46.663  -50.276  41.850 0.0000000000
5811  -48.286  -51.731  43.801 0.0000000000
6433  -45.150  -40.180  40.045 0.0000000000
6434  -46.856  -40.142  41.563 0.0000000000
6436  -45.644  -37.021  40.231 0.0000000000
6437  -46.758  -35.863  38.513 0.0000000000
6754  -54.718  -39.462  45.534 0.0000000000
6755  -55.049  -42.167  45.207 0.0000000000
8695  -48.941  -46.857  43.744 0.0000000000
8696  -50.615  -47.226  45.173 0.0000000000
8697  -49.711  -45.152  44.355 0.0000000000
8698  -50.522  -43.424  44.994 0.0000000000
8699  -51.551  -41.499  45.422 0.0000000000
8700  -48.468  -39.947  43.331 0.0000000000
8701  -50.301  -39.917  44.648 0.0000000000
8702  -52.559  -39.725  45.528 0.0000000000
8703  -53.492  -37.887  44.284 0.0000000000
8704  -54.436  -36.022  42.505 0.0000000000
8706  -43.058  -33.593  35.369 0.0000000000
8707  -45.271  -34.337  36.141 0.0000000000
8708  -47.510  -34.809  36.918 0.0000000000
8711  -49.826  -34.933  37.848 0.0000000000
8851  -41.954  -48.452  36.804 0.0000000000
8852  -43.478  -48.506  37.844 0.0000000000
8853  -44.724  -48.379  39.141 0.0000000000
8854  -43.285  -44.063  39.923 0.0000000000
8855  -44.539  -45.988  40.202 0.0000000000
8856  -45.542  -48.092  40.651 0.0000000000
8857  -46.639  -47.670  41.861 0.0000000000
8858  -47.816  -47.241  42.787 0.0000000000
9349  -51.964  -47.893  45.375 0.0000000000
9350  -52.672  -47.915  43.533 0.0000000000
9351  -53.221  -47.670  41.033 0.0000000000
9352  -54.767  -44.714  43.548 0.0000000000
9353  -54.513  -46.698  41.211 0.0000000000
9354  -54.010  -47.989  38.868 0.0000000000
10264  -50.302  -49.973  45.054 0.0000000000
10266  -50.822  -49.262  45.209 0.0000000000
10267  -49.461  -49.135  44.483 0.0000000000
10268  -49.706  -50.186  44.716 0.0000000000
11122  -44.716  -50.463  39.881 0.0000000000
11124  -45.438  -51.350  40.849 0.0000000000
12160  -47.142  -42.404  41.597 0.0000000000
12161  -47.995  -42.402  42.191 0.0000000000
12162  -47.569  -41.620  41.643 0.0000000000
12163  -48.409  -36.652  40.443 0.0000000000
12164  -48.933  -37.273  41.825 0.0000000000
12165  -49.614  -36.792  40.974 0.0000000000
12166  -50.751  -36.839  41.222 0.0000000000
12167  -50.118  -36.259  40.046 0.0000000000
12286  -40.505  -43.803  37.741 0.0000000000
12287  -41.109  -43.694  38.265 0.0000000000
12288  -41.806  -44.445  38.074 0.0000000000
12289  -41.612  -43.500  38.842 0.0000000000
12290  -45.817  -41.777  40.615 0.0000000000
12291  -45.552  -42.766  40.896 0.0000000000
12292  -46.398  -42.563  41.227 0.0000000000
12697  -53.144  -42.375  46.127 0.0000000000
12698  -53.231  -43.679  45.958 0.0000000000
12699  -53.930  -42.677  45.960 0.0000000000
13521  -51.629  -49.018  41.990 0.0000000000
13522  -47.203  -50.118  42.448 0.0000000000
13523  -47.398  -51.097  42.900 0.0000000000
13524  -47.964  -50.924  43.446 0.0000000000
14561  -45.126  -39.509  40.392 0.0000000000
14563  -44.049  -36.149  38.041 0.0000000000
14564  -44.628  -36.960  39.554 0.0000000000
14565  -45.186  -36.293  38.713 0.0000000000
14566  -46.269  -36.382  39.344 0.0000000000
14567  -45.642  -35.705  37.940 0.0000000000
15097  -55.255  -38.253  44.891 0.0000000000
15098  -55.342  -39.655  45.272 0.0000000000
15099  -55.941  -38.434  44.615 0.0000000000
15101  -56.714  -39.011  43.322 0.0000000000
19195  -48.450  -45.899  43.350 0.0000000000
19196  -49.336  -45.997  44.037 0.0000000000
19197  -48.927  -45.105  43.651 0.0000000000
19198  -49.495  -42.422  43.702 0.0000000000
19199  -49.758  -43.385  44.213 0.0000000000
19200  -50.260  -42.458  44.471 0.0000000000
19201  -51.073  -42.492  45.244 0.0000000000
19202  -50.648  -41.469  44.747 0.0000000000
19204  -47.610  -40.021  42.444 0.0000000000
19206  -50.097  -38.509  43.753 0.0000000000
19207  -49.578  -39.242  44.146 0.0000000000
19208  -50.689  -39.186  44.481 0.0000000000
19209  -51.357  -39.821  45.158 0.0000000000
19210  -51.874  -39.038  44.844 0.0000000000
19211  -53.000  -38.805  45.161 0.0000000000
19212  -52.428  -38.291  44.124 0.0000000000
19213  -52.973  -36.262  41.499 0.0000000000
19214  -53.420  -36.542  42.426 0.0000000000
19215  -53.874  -35.664  41.515 0.0000000000
19222  -44.503  -33.235  35.212 0.0000000000
19223  -45.591  -33.615  35.508 0.0000000000
19224  -46.397  -34.591  36.508 0.0000000000
19579  -41.697  -47.413  36.205 0.0000000000
19580  -43.177  -46.159  37.942 0.0000000000
19581  -43.124  -47.405  37.367 0.0000000000
19582  -43.729  -47.312  38.073 0.0000000000
19583  -44.130  -48.511  38.534 0.0000000000
19584  -44.182  -47.246  38.830 0.0000000000
19586  -42.715  -43.205  39.708 0.0000000000
19587  -43.404  -43.080  40.038 0.0000000000
19588  -45.188  -44.725  40.990 0.0000000000
19589  -44.566  -44.825  40.610 0.0000000000
19590  -45.119  -45.912  40.768 0.0000000000
19591  -45.087  -47.072  40.347 0.0000000000
19592  -45.650  -46.909  40.929 0.0000000000
19593  -46.065  -47.911  41.338 0.0000000000
19594  -46.195  -46.609  41.487 0.0000000000
19596  -47.369  -46.234  42.383 0.0000000000
19597  -47.882  -46.101  42.868 0.0000000000
19598  -48.382  -47.139  43.206 0.0000000000
20812  -50.923  -46.200  45.422 0.0000000000
20813  -51.348  -47.600  45.562 0.0000000000
20814  -51.588  -46.681  45.712 0.0000000000
20815  -53.228  -46.122  44.651 0.0000000000
20816  -52.743  -47.062  44.606 0.0000000000
20817  -53.162  -47.078  43.565 0.0000000000
20818  -52.841  -47.730  42.265 0.0000000000
20819  -53.530  -47.091  42.248 0.0000000000
20820  -55.377  -42.427  44.413 0.0000000000
20821  -54.971  -43.398  44.527 0.0000000000
20822  -55.154  -43.838  43.458 0.0000000000
20824  -55.011  -46.151  41.202 0.0000000000
20826  -54.323  -47.438  39.979 0.0000000000
23089  -48.230  -49.518  43.461 0.0000000000
23090  -48.598  -50.667  43.874 0.0000000000
23091  -49.161  -50.337  44.304 0.0000000000
23717  -43.438  -35.366  36.716 0.0000000000
24034  -56.137  -35.972  43.375 0.0000000000
24035  -56.456  -37.241  43.920 0.0000000000
24628  -43.182  -50.383  38.637 0.0000000000
26495  -48.534  -44.122  43.222 0.0000000000
26496  -48.260  -43.252  42.743 0.0000000000
26497  -48.757  -42.440  42.926 0.0000000000
26498  -49.120  -41.510  43.321 0.0000000000
26499  -47.065  -37.783  42.300 0.0000000000
26501  -48.272  -37.753  42.730 0.0000000000
26502  -49.561  -37.891  42.948 0.0000000000
26503  -50.759  -37.970  43.095 0.0000000000
26504  -51.953  -37.841  43.193 0.0000000000
26505  -51.363  -37.389  42.186 0.0000000000
26506  -51.925  -36.681  41.337 0.0000000000
26507  -52.309  -35.829  40.582 0.0000000000
26723  -41.346  -45.308  36.411 0.0000000000
26724  -42.008  -46.362  36.448 0.0000000000
26725  -41.956  -45.365  37.202 0.0000000000
26726  -42.460  -45.237  37.989 0.0000000000
26727  -42.947  -45.205  38.755 0.0000000000
26728  -44.379  -42.064  39.988 0.0000000000
26729  -44.097  -42.955  40.298 0.0000000000
26730  -44.803  -42.886  40.544 0.0000000000
26731  -45.285  -43.784  41.100 0.0000000000
26732  -45.809  -44.649  41.333 0.0000000000
27463  -51.726  -44.364  45.966 0.0000000000
27464  -51.968  -45.638  45.811 0.0000000000
27465  -52.496  -44.744  45.905 0.0000000000
27466  -53.271  -44.975  45.427 0.0000000000
27467  -53.883  -45.272  44.668 0.0000000000
27469  -55.329  -44.111  42.205 0.0000000000
28915  -46.101  -50.405  41.194 0.0000000000
28916  -46.113  -51.310  41.586 0.0000000000
28917  -46.775  -51.261  42.303 0.0000000000
28918  -47.626  -51.905  43.159 0.0000000000
30367  -45.935  -40.887  40.463 0.0000000000
30368  -46.817  -40.892  41.202 0.0000000000
30369  -46.019  -40.196  40.778 0.0000000000
30375  -46.660  -37.087  40.851 0.0000000000
30376  -47.325  -36.496  39.832 0.0000000000
30377  -47.826  -36.058  39.036 0.0000000000
30554  -45.237  -41.124  40.003 0.0000000000
31120  -54.269  -40.526  45.935 0.0000000000
31121  -54.492  -41.770  45.845 0.0000000000
31122  -54.954  -40.874  45.629 0.0000000000
31123  -55.423  -41.034  44.998 0.0000000000
31125  -56.453  -38.683  44.084 0.0000000000
36337  -49.488  -47.943  44.370 0.0000000000
36338  -50.331  -48.096  45.103 0.0000000000
36339  -49.748  -47.034  44.497 0.0000000000
36340  -50.105  -46.136  44.732 0.0000000000
36341  -50.483  -45.195  45.078 0.0000000000
36342  -49.293  -44.234  43.933 0.0000000000
36343  -50.047  -44.295  44.733 0.0000000000
36344  -50.838  -44.351  45.495 0.0000000000
36345  -51.347  -43.418  45.746 0.0000000000
36346  -51.977  -42.436  45.955 0.0000000000
36347  -52.663  -41.497  46.016 0.0000000000
36348  -47.706  -40.774  41.945 0.0000000000
36349  -48.515  -40.691  42.788 0.0000000000
36350  -49.261  -40.648  43.683 0.0000000000
36352  -49.354  -39.948  44.048 0.0000000000
36353  -50.082  -40.672  44.437 0.0000000000
36354  -50.925  -40.653  45.079 0.0000000000
36355  -52.041  -40.708  45.609 0.0000000000
36356  -53.210  -40.632  46.024 0.0000000000
36357  -53.718  -39.538  45.746 0.0000000000
36358  -54.183  -38.487  45.147 0.0000000000
36359  -54.648  -37.559  44.363 0.0000000000
36360  -52.965  -37.442  43.355 0.0000000000
36361  -53.996  -36.946  43.400 0.0000000000
36362  -55.070  -36.481  43.499 0.0000000000
36363  -55.517  -35.463  42.548 0.0000000000
36367  -42.711  -34.394  35.636 0.0000000000
36368  -43.788  -34.721  36.103 0.0000000000
36369  -43.468  -32.785  34.936 0.0000000000
36370  -44.156  -33.998  35.705 0.0000000000
36371  -44.929  -34.962  36.674 0.0000000000
36372  -46.027  -35.143  37.202 0.0000000000
36373  -47.130  -35.330  37.754 0.0000000000
36374  -48.233  -35.510  38.237 0.0000000000
36382  -48.673  -34.956  37.383 0.0000000000
36383  -49.397  -35.575  38.791 0.0000000000
36384  -50.580  -35.550  39.184 0.0000000000
36385  -51.663  -35.337  39.546 0.0000000000
36801  -42.114  -49.407  37.433 0.0000000000
36802  -42.483  -47.430  36.704 0.0000000000
36803  -42.719  -48.472  37.305 0.0000000000
36804  -42.893  -49.453  37.958 0.0000000000
36805  -43.654  -49.575  38.539 0.0000000000
36806  -44.399  -49.496  39.178 0.0000000000
36807  -45.033  -49.449  39.790 0.0000000000
36809  -42.776  -44.229  39.490 0.0000000000
36810  -43.409  -45.090  39.548 0.0000000000
36811  -43.921  -43.928  40.336 0.0000000000
36812  -43.916  -44.946  40.137 0.0000000000
36813  -44.081  -46.128  39.481 0.0000000000
36814  -44.649  -47.228  39.578 0.0000000000
36815  -45.163  -48.257  39.870 0.0000000000
36816  -45.637  -49.379  40.501 0.0000000000
36817  -46.114  -49.189  41.170 0.0000000000
36818  -46.564  -49.002  41.790 0.0000000000
36819  -47.120  -48.759  42.319 0.0000000000
36820  -46.796  -46.360  41.936 0.0000000000
36821  -47.216  -47.374  42.299 0.0000000000
36822  -47.706  -48.473  42.818 0.0000000000
36823  -48.324  -48.328  43.322 0.0000000000
36824  -48.934  -48.144  43.836 0.0000000000
38287  -51.111  -48.507  45.378 0.0000000000
38288  -51.799  -48.663  45.239 0.0000000000
38289  -52.170  -48.721  44.473 0.0000000000
38290  -52.187  -46.908  45.425 0.0000000000
38291  -52.374  -47.981  44.668 0.0000000000
38292  -52.233  -48.648  43.478 0.0000000000
38293  -52.253  -48.371  42.205 0.0000000000
38294  -52.369  -48.117  40.921 0.0000000000
38296  -54.545  -43.052  45.348 0.0000000000
38297  -54.503  -44.354  44.614 0.0000000000
38298  -54.374  -45.473  43.579 0.0000000000
38299  -55.021  -45.112  42.261 0.0000000000
38300  -54.687  -45.861  42.330 0.0000000000
38301  -54.188  -46.455  42.360 0.0000000000
38302  -53.910  -47.185  41.030 0.0000000000
38303  -53.623  -47.788  39.882 0.0000000000
