#!ascii label  , from subject fsaverage6 vox2ras=TkReg
34
2243  -53.933  -8.050  -1.625 0.0000000000
3870  -57.653  -1.893  -3.702 0.0000000000
4964  -55.131  -11.206  0.950 0.0000000000
4965  -56.103  -7.960  -0.592 0.0000000000
4966  -53.000  -11.132  0.111 0.0000000000
6723  -50.217  -14.150  0.672 0.0000000000
9288  -56.982  -4.723  -2.081 0.0000000000
9290  -51.045  -11.772  -0.993 0.0000000000
9291  -51.674  -8.939  -2.432 0.0000000000
11552  -57.319  -0.383  -4.854 0.0000000000
12644  -53.527  -12.519  1.541 0.0000000000
12645  -54.054  -11.161  0.485 0.0000000000
12646  -52.519  -12.465  1.107 0.0000000000
20657  -55.059  -7.940  -1.172 0.0000000000
20658  -56.542  -6.302  -1.344 0.0000000000
20659  -55.559  -6.269  -1.969 0.0000000000
20661  -54.536  -6.449  -2.375 0.0000000000
20663  -50.660  -13.057  -0.244 0.0000000000
20667  -50.997  -9.658  -3.266 0.0000000000
20668  -52.195  -7.363  -3.283 0.0000000000
27370  -55.609  -9.646  0.090 0.0000000000
27371  -54.544  -9.592  -0.390 0.0000000000
27372  -53.435  -9.626  -0.799 0.0000000000
31046  -50.591  -14.633  2.454 0.0000000000
31047  -51.057  -13.667  1.538 0.0000000000
38102  -57.435  -6.587  -0.748 0.0000000000
38104  -57.888  -3.726  -2.533 0.0000000000
38105  -57.372  -3.239  -2.838 0.0000000000
38108  -51.519  -12.621  0.541 0.0000000000
38109  -51.983  -11.314  -0.383 0.0000000000
38110  -52.376  -9.883  -1.185 0.0000000000
38112  -51.303  -10.372  -1.695 0.0000000000
38113  -52.788  -8.365  -1.931 0.0000000000
38114  -53.337  -6.804  -2.777 0.0000000000
