#!ascii label  , from subject fsaverage6 vox2ras=TkReg
362
151  -49.481  -0.013  -26.389 0.0000000000
204  -55.087  -28.391  -12.361 0.0000000000
331  -52.158  -3.330  -14.868 0.0000000000
332  -55.094  7.275  -11.911 0.0000000000
607  -50.241  -12.691  -14.782 0.0000000000
608  -53.900  -9.409  -23.429 0.0000000000
972  -62.246  -26.605  -12.979 0.0000000000
973  -63.762  -21.521  -14.688 0.0000000000
975  -62.743  -15.937  -16.853 0.0000000000
1353  -49.154  -1.967  -20.736 0.0000000000
1354  -48.963  -6.924  -21.009 0.0000000000
1355  -52.012  -4.162  -25.391 0.0000000000
1356  -57.775  -5.931  -25.488 0.0000000000
1357  -55.888  -0.656  -27.638 0.0000000000
1749  -54.967  2.319  -13.393 0.0000000000
1750  -51.721  3.424  -19.816 0.0000000000
2457  -52.409  -16.414  -17.648 0.0000000000
2458  -50.879  -8.339  -14.715 0.0000000000
2459  -50.101  -11.562  -19.963 0.0000000000
2460  -56.189  -14.372  -19.580 0.0000000000
2461  -59.594  -10.666  -21.235 0.0000000000
2465  -52.772  10.223  -17.333 0.0000000000
2466  -47.721  4.965  -25.102 0.0000000000
2469  -52.333  3.615  -30.825 0.0000000000
2892  -60.950  -22.531  -14.616 0.0000000000
2893  -61.528  -19.846  -15.068 0.0000000000
2894  -63.486  -18.770  -15.305 0.0000000000
3273  -48.536  -0.950  -23.680 0.0000000000
3274  -49.021  -3.583  -23.892 0.0000000000
3275  -50.844  -1.967  -26.029 0.0000000000
3276  -54.275  -2.072  -26.412 0.0000000000
3277  -53.022  -0.075  -27.485 0.0000000000
3875  -55.748  5.176  -12.453 0.0000000000
3876  -53.382  2.850  -16.573 0.0000000000
3877  -54.494  5.706  -15.713 0.0000000000
4353  -57.585  -29.893  -12.604 0.0000000000
5497  -49.997  -14.480  -16.901 0.0000000000
5500  -51.451  -5.767  -14.747 0.0000000000
5501  -50.679  -8.335  -23.109 0.0000000000
5502  -49.281  -9.230  -20.777 0.0000000000
5503  -51.892  -10.831  -21.891 0.0000000000
5504  -52.864  -13.041  -20.438 0.0000000000
5505  -55.012  -11.810  -21.641 0.0000000000
5506  -57.926  -12.715  -20.454 0.0000000000
5507  -56.983  -10.178  -22.627 0.0000000000
5508  -58.255  -5.491  -26.943 0.0000000000
5509  -59.434  -7.748  -24.851 0.0000000000
5518  -50.566  11.065  -20.744 0.0000000000
5519  -50.348  7.813  -21.185 0.0000000000
5520  -48.152  8.319  -24.350 0.0000000000
5527  -49.349  5.581  -31.764 0.0000000000
6355  -56.177  -26.089  -13.325 0.0000000000
6356  -58.492  -27.438  -12.507 0.0000000000
6357  -59.823  -25.112  -13.553 0.0000000000
6358  -63.177  -24.112  -13.773 0.0000000000
6362  -63.962  -17.746  -16.798 0.0000000000
6363  -63.141  -14.970  -18.838 0.0000000000
7043  -50.526  -2.648  -17.793 0.0000000000
7044  -49.881  -5.160  -17.966 0.0000000000
7045  -48.815  -4.551  -21.061 0.0000000000
7046  -49.971  -5.876  -23.632 0.0000000000
7047  -52.901  -6.710  -24.853 0.0000000000
7048  -55.943  -7.619  -24.637 0.0000000000
7049  -55.102  -4.790  -25.997 0.0000000000
7050  -56.884  -3.266  -26.836 0.0000000000
7051  -57.274  -3.144  -28.427 0.0000000000
7918  -55.026  -1.381  -11.407 0.0000000000
7921  -53.311  -0.601  -14.260 0.0000000000
7922  -51.815  0.081  -17.189 0.0000000000
7923  -50.421  0.688  -20.447 0.0000000000
7924  -49.211  1.551  -23.100 0.0000000000
9930  -50.594  -10.451  -14.993 0.0000000000
9931  -49.441  -7.613  -17.876 0.0000000000
9932  -49.258  -9.836  -17.751 0.0000000000
9933  -49.598  -12.039  -17.421 0.0000000000
9934  -51.169  -13.986  -18.940 0.0000000000
9935  -54.444  -15.666  -18.627 0.0000000000
9936  -57.848  -16.935  -17.321 0.0000000000
9937  -59.586  -15.299  -17.977 0.0000000000
9938  -61.279  -13.451  -18.872 0.0000000000
9940  -58.766  -8.406  -23.483 0.0000000000
9948  -53.582  8.688  -12.103 0.0000000000
9951  -54.101  8.881  -14.393 0.0000000000
9952  -52.747  6.785  -18.562 0.0000000000
9953  -49.721  4.455  -22.057 0.0000000000
9954  -48.251  2.113  -26.012 0.0000000000
9961  -46.267  5.582  -28.589 0.0000000000
9962  -48.607  3.394  -28.893 0.0000000000
9963  -51.301  1.617  -28.870 0.0000000000
9964  -54.216  1.308  -29.630 0.0000000000
10572  -60.207  -20.500  -15.330 0.0000000000
10953  -48.875  -0.522  -25.055 0.0000000000
10954  -49.229  -1.648  -25.160 0.0000000000
10955  -50.215  -0.933  -26.316 0.0000000000
10956  -52.068  -0.960  -26.814 0.0000000000
10957  -51.176  -0.119  -27.203 0.0000000000
11553  -55.450  6.470  -10.764 0.0000000000
11554  -56.008  5.661  -10.737 0.0000000000
11555  -55.507  6.299  -12.140 0.0000000000
11556  -55.143  5.458  -14.055 0.0000000000
11557  -55.067  6.777  -13.549 0.0000000000
12031  -54.837  -29.489  -12.212 0.0000000000
12033  -56.422  -29.036  -12.382 0.0000000000
13177  -49.667  -13.513  -15.900 0.0000000000
13178  -53.046  -3.594  -13.190 0.0000000000
13180  -51.780  -4.577  -14.895 0.0000000000
13181  -52.187  -8.943  -23.454 0.0000000000
13182  -51.208  -9.561  -22.585 0.0000000000
13183  -52.849  -10.208  -22.680 0.0000000000
13184  -53.416  -11.336  -21.923 0.0000000000
13185  -54.439  -10.631  -22.577 0.0000000000
13186  -55.964  -11.045  -22.141 0.0000000000
13187  -55.469  -9.857  -23.126 0.0000000000
13199  -49.440  9.739  -22.523 0.0000000000
14431  -56.867  -24.832  -14.055 0.0000000000
14432  -57.926  -25.599  -13.450 0.0000000000
14433  -58.677  -24.358  -14.202 0.0000000000
14434  -62.633  -21.972  -14.579 0.0000000000
14435  -62.142  -23.336  -14.134 0.0000000000
14436  -63.599  -22.846  -14.262 0.0000000000
14437  -64.333  -23.802  -14.229 0.0000000000
14438  -64.433  -22.477  -14.628 0.0000000000
14440  -64.378  -21.022  -14.999 0.0000000000
14441  -63.195  -17.357  -15.958 0.0000000000
14442  -63.859  -18.225  -15.919 0.0000000000
14443  -63.536  -16.729  -16.736 0.0000000000
14444  -63.550  -16.339  -17.826 0.0000000000
14445  -63.124  -15.309  -17.770 0.0000000000
15578  -49.826  -2.333  -19.288 0.0000000000
15579  -49.483  -3.595  -19.457 0.0000000000
15580  -48.879  -3.245  -20.918 0.0000000000
15581  -50.279  -3.984  -24.992 0.0000000000
15582  -49.437  -4.778  -23.813 0.0000000000
15583  -50.852  -5.070  -24.587 0.0000000000
15584  -51.385  -6.292  -24.382 0.0000000000
15585  -52.499  -5.356  -25.136 0.0000000000
15586  -53.997  -5.695  -25.561 0.0000000000
15587  -53.582  -4.336  -25.702 0.0000000000
15588  -55.289  -1.158  -26.865 0.0000000000
15589  -55.649  -2.422  -26.601 0.0000000000
15590  -56.439  -1.857  -27.269 0.0000000000
15591  -57.293  -3.025  -27.566 0.0000000000
15592  -56.775  -1.708  -28.042 0.0000000000
17383  -55.675  1.879  -12.110 0.0000000000
17384  -55.026  0.398  -12.489 0.0000000000
17385  -54.202  0.864  -13.864 0.0000000000
17386  -52.538  -0.173  -15.675 0.0000000000
17387  -53.386  1.269  -15.298 0.0000000000
17388  -52.616  3.071  -18.331 0.0000000000
17389  -51.965  1.679  -18.609 0.0000000000
17390  -51.141  2.064  -20.199 0.0000000000
17391  -49.792  1.223  -21.859 0.0000000000
17392  -50.318  2.455  -21.553 0.0000000000
18819  -60.359  -27.038  -12.615 0.0000000000
18820  -59.755  -28.241  -12.550 0.0000000000
18821  -61.516  -27.882  -12.771 0.0000000000
22248  -51.305  -16.641  -17.094 0.0000000000
22252  -54.078  -17.184  -17.274 0.0000000000
22256  -51.984  -7.429  -13.175 0.0000000000
22260  -50.703  -9.465  -14.766 0.0000000000
22261  -49.121  -6.062  -19.429 0.0000000000
22262  -49.711  -6.335  -17.831 0.0000000000
22263  -49.009  -7.234  -19.469 0.0000000000
22264  -49.650  -10.409  -20.442 0.0000000000
22265  -49.043  -9.544  -19.268 0.0000000000
22266  -49.280  -10.658  -19.025 0.0000000000
22267  -49.427  -10.896  -17.662 0.0000000000
22268  -49.681  -11.814  -18.745 0.0000000000
22269  -50.063  -13.092  -18.438 0.0000000000
22270  -50.627  -12.751  -19.437 0.0000000000
22271  -54.606  -13.729  -20.154 0.0000000000
22272  -53.617  -14.390  -19.591 0.0000000000
22273  -55.343  -15.099  -19.058 0.0000000000
22274  -56.121  -16.335  -17.982 0.0000000000
22275  -57.002  -15.704  -18.433 0.0000000000
22276  -58.737  -16.167  -17.669 0.0000000000
22277  -57.854  -14.927  -18.824 0.0000000000
22278  -58.783  -11.809  -20.834 0.0000000000
22279  -59.643  -13.125  -19.484 0.0000000000
22280  -60.380  -12.154  -19.916 0.0000000000
22281  -61.738  -12.655  -19.460 0.0000000000
22282  -60.936  -11.323  -20.501 0.0000000000
22283  -56.972  -6.652  -25.062 0.0000000000
22284  -57.477  -8.025  -24.061 0.0000000000
22285  -58.253  -7.227  -24.516 0.0000000000
22309  -52.195  11.447  -17.159 0.0000000000
22311  -52.954  10.824  -15.703 0.0000000000
22312  -53.547  10.020  -14.252 0.0000000000
22313  -53.523  9.543  -15.975 0.0000000000
22314  -53.763  7.961  -16.458 0.0000000000
22315  -52.834  8.547  -17.824 0.0000000000
22316  -48.886  6.445  -23.092 0.0000000000
22317  -50.026  6.115  -21.589 0.0000000000
22318  -48.691  4.774  -23.434 0.0000000000
22319  -48.491  3.165  -23.946 0.0000000000
22320  -47.761  3.414  -25.530 0.0000000000
22339  -50.811  4.634  -31.267 0.0000000000
22340  -49.149  4.424  -30.300 0.0000000000
22341  -50.653  3.701  -29.872 0.0000000000
22342  -49.981  2.562  -28.797 0.0000000000
22343  -52.028  2.712  -29.713 0.0000000000
22344  -53.103  1.743  -29.314 0.0000000000
23636  -59.234  -23.031  -14.725 0.0000000000
23637  -59.820  -21.821  -15.115 0.0000000000
23638  -61.433  -21.199  -14.948 0.0000000000
23639  -62.779  -20.588  -14.810 0.0000000000
23640  -63.604  -20.108  -14.907 0.0000000000
23641  -62.635  -19.271  -14.977 0.0000000000
23642  -62.445  -18.060  -15.560 0.0000000000
24323  -48.670  -1.446  -22.232 0.0000000000
24324  -48.580  -2.846  -22.398 0.0000000000
24325  -48.633  -2.314  -23.785 0.0000000000
24326  -49.726  -2.852  -25.087 0.0000000000
24327  -51.434  -3.049  -25.743 0.0000000000
24328  -53.147  -3.127  -25.956 0.0000000000
24329  -52.703  -1.971  -26.308 0.0000000000
24330  -53.757  -1.036  -26.827 0.0000000000
24331  -54.607  -0.160  -27.470 0.0000000000
25406  -56.283  4.692  -11.041 0.0000000000
25407  -55.475  3.816  -12.883 0.0000000000
25408  -54.167  2.674  -14.830 0.0000000000
25409  -54.797  4.074  -14.420 0.0000000000
25410  -54.085  4.274  -16.141 0.0000000000
25411  -53.303  4.555  -17.900 0.0000000000
26269  -63.119  -27.685  -12.960 0.0000000000
28327  -50.945  -15.481  -17.448 0.0000000000
28332  -51.188  -7.088  -14.672 0.0000000000
28333  -49.551  -7.690  -22.211 0.0000000000
28334  -49.097  -8.065  -20.962 0.0000000000
28335  -49.805  -8.850  -22.006 0.0000000000
28336  -50.339  -10.035  -21.629 0.0000000000
28337  -50.917  -11.260  -21.011 0.0000000000
28338  -51.472  -12.392  -20.385 0.0000000000
28339  -52.465  -11.918  -21.218 0.0000000000
28340  -53.963  -12.459  -21.048 0.0000000000
28341  -55.525  -13.053  -20.666 0.0000000000
28342  -57.038  -13.575  -20.015 0.0000000000
28343  -56.377  -12.252  -21.149 0.0000000000
28344  -57.305  -11.369  -21.583 0.0000000000
28345  -58.205  -10.348  -21.920 0.0000000000
28346  -58.230  -5.497  -26.197 0.0000000000
28347  -58.733  -6.753  -25.167 0.0000000000
28348  -58.861  -6.627  -25.933 0.0000000000
28364  -51.769  10.722  -18.891 0.0000000000
28365  -51.759  9.080  -19.279 0.0000000000
28366  -50.525  9.418  -20.884 0.0000000000
28367  -49.184  8.116  -22.760 0.0000000000
28368  -47.861  6.660  -24.655 0.0000000000
28379  -47.710  6.231  -31.933 0.0000000000
29523  -55.050  6.005  -9.883 0.0000000000
29524  -54.811  7.075  -10.833 0.0000000000
30187  -55.528  -27.275  -12.661 0.0000000000
30188  -56.719  -27.961  -12.445 0.0000000000
30189  -57.217  -26.810  -12.795 0.0000000000
30190  -59.032  -26.315  -12.864 0.0000000000
30191  -60.983  -25.824  -13.067 0.0000000000
30192  -60.402  -23.800  -14.174 0.0000000000
30193  -61.613  -24.547  -13.646 0.0000000000
30194  -62.841  -25.332  -13.326 0.0000000000
30195  -64.146  -25.111  -13.660 0.0000000000
30202  -64.144  -19.685  -15.356 0.0000000000
30203  -64.302  -19.310  -16.153 0.0000000000
30204  -63.912  -19.045  -17.030 0.0000000000
30205  -63.573  -17.633  -17.811 0.0000000000
30207  -62.777  -14.929  -19.954 0.0000000000
31793  -51.258  -2.964  -16.288 0.0000000000
31794  -50.918  -4.232  -16.446 0.0000000000
31795  -50.174  -3.923  -18.013 0.0000000000
31796  -49.256  -4.868  -19.473 0.0000000000
31797  -48.845  -5.777  -21.020 0.0000000000
31798  -48.727  -4.161  -22.505 0.0000000000
31799  -48.952  -5.368  -22.499 0.0000000000
31800  -49.295  -6.523  -22.389 0.0000000000
31801  -50.311  -7.127  -23.424 0.0000000000
31802  -51.751  -7.648  -24.055 0.0000000000
31803  -53.295  -8.138  -24.196 0.0000000000
31804  -54.894  -8.578  -24.084 0.0000000000
31805  -54.403  -7.230  -24.914 0.0000000000
31806  -55.609  -6.220  -25.481 0.0000000000
31807  -56.582  -5.356  -25.835 0.0000000000
31808  -54.676  -3.334  -26.154 0.0000000000
31809  -56.111  -3.889  -26.356 0.0000000000
31810  -57.344  -4.627  -26.276 0.0000000000
31811  -57.779  -4.302  -26.984 0.0000000000
31812  -57.751  -4.352  -27.824 0.0000000000
32654  -53.347  -30.006  -11.947 0.0000000000
32655  -53.562  -28.802  -12.145 0.0000000000
32663  -52.509  -28.055  -12.196 0.0000000000
32664  -54.031  -27.678  -12.479 0.0000000000
32665  -54.519  -26.497  -13.127 0.0000000000
34108  -53.478  -2.372  -13.082 0.0000000000
34116  -54.084  -0.995  -12.840 0.0000000000
34117  -52.645  -2.029  -14.570 0.0000000000
34118  -51.801  -1.606  -16.026 0.0000000000
34119  -51.089  -1.317  -17.483 0.0000000000
34120  -50.422  -1.037  -19.075 0.0000000000
34121  -52.675  1.469  -16.957 0.0000000000
34122  -51.102  0.285  -18.823 0.0000000000
34123  -49.674  -0.619  -20.596 0.0000000000
34124  -49.184  -0.127  -21.986 0.0000000000
34125  -48.825  0.314  -23.387 0.0000000000
34126  -48.711  0.545  -24.899 0.0000000000
35881  -58.056  -28.656  -12.436 0.0000000000
40016  -56.139  -19.091  -16.337 0.0000000000
40017  -57.343  -18.613  -16.453 0.0000000000
40025  -51.530  -10.805  -13.743 0.0000000000
40026  -50.559  -11.555  -14.905 0.0000000000
40027  -50.635  -5.479  -16.396 0.0000000000
40028  -50.420  -6.657  -16.253 0.0000000000
40029  -50.138  -7.934  -16.192 0.0000000000
40030  -49.015  -8.430  -19.421 0.0000000000
40031  -49.275  -8.767  -17.805 0.0000000000
40032  -49.847  -9.105  -16.258 0.0000000000
40033  -49.831  -10.146  -16.289 0.0000000000
40034  -49.830  -11.181  -16.250 0.0000000000
40035  -49.784  -12.388  -16.053 0.0000000000
40036  -49.746  -13.324  -17.216 0.0000000000
40037  -50.525  -14.266  -17.962 0.0000000000
40038  -51.810  -15.191  -18.275 0.0000000000
40039  -51.965  -13.597  -19.734 0.0000000000
40040  -52.682  -14.888  -19.035 0.0000000000
40041  -53.490  -16.086  -18.182 0.0000000000
40042  -55.222  -16.830  -17.573 0.0000000000
40043  -56.813  -17.512  -17.049 0.0000000000
40046  -60.531  -16.557  -16.807 0.0000000000
40047  -61.364  -15.579  -17.198 0.0000000000
40048  -58.779  -14.022  -19.178 0.0000000000
40049  -60.454  -14.275  -18.364 0.0000000000
40050  -62.043  -14.665  -17.783 0.0000000000
40051  -62.490  -14.032  -18.642 0.0000000000
40052  -62.628  -13.624  -19.644 0.0000000000
40054  -56.504  -8.923  -23.603 0.0000000000
40055  -57.999  -9.247  -23.051 0.0000000000
40056  -59.097  -9.368  -22.404 0.0000000000
40057  -59.309  -7.861  -24.111 0.0000000000
40058  -59.774  -8.744  -22.917 0.0000000000
40059  -60.225  -9.915  -21.710 0.0000000000
40079  -53.869  7.445  -11.081 0.0000000000
40080  -54.431  8.199  -11.819 0.0000000000
40088  -53.994  9.140  -12.980 0.0000000000
40089  -54.632  8.135  -13.102 0.0000000000
40090  -54.484  7.361  -14.949 0.0000000000
40091  -53.718  6.245  -17.242 0.0000000000
40092  -52.446  5.156  -19.198 0.0000000000
40093  -51.512  7.316  -19.766 0.0000000000
40094  -51.308  5.613  -20.370 0.0000000000
40095  -50.833  3.983  -20.934 0.0000000000
40096  -49.455  2.889  -22.619 0.0000000000
40097  -48.544  1.809  -24.528 0.0000000000
40098  -48.833  0.935  -26.353 0.0000000000
40118  -46.760  6.840  -26.382 0.0000000000
40119  -46.881  5.226  -26.848 0.0000000000
40120  -47.566  5.263  -30.496 0.0000000000
40121  -47.388  4.355  -29.034 0.0000000000
40122  -47.412  3.809  -27.284 0.0000000000
40123  -48.237  2.624  -27.454 0.0000000000
40124  -49.339  1.649  -27.616 0.0000000000
40125  -50.315  0.701  -27.691 0.0000000000
40126  -52.259  0.732  -28.277 0.0000000000
40127  -53.862  0.748  -28.443 0.0000000000
40128  -55.112  0.371  -28.600 0.0000000000
40131  -55.975  -0.499  -28.864 0.0000000000
