#!ascii label  , from subject fsaverage6 vox2ras=TkReg
439
10  -53.472  -22.487  -4.517 0.0000000000
85  -58.855  -18.946  -15.983 0.0000000000
124  -59.120  -6.977  -2.553 0.0000000000
205  -49.306  -21.261  -13.042 0.0000000000
330  -55.987  -1.595  -4.426 0.0000000000
532  -58.095  -14.404  -5.380 0.0000000000
607  -50.241  -12.691  -14.782 0.0000000000
683  -48.468  -26.233  -5.548 0.0000000000
684  -47.506  -25.759  -10.076 0.0000000000
685  -49.402  -21.494  -8.190 0.0000000000
971  -57.490  -23.604  -14.727 0.0000000000
975  -62.743  -15.937  -16.853 0.0000000000
1350  -59.117  -10.952  -4.904 0.0000000000
1351  -53.164  -13.722  -9.682 0.0000000000
1352  -54.635  -9.606  -9.408 0.0000000000
1519  -49.596  -30.009  -10.887 0.0000000000
1520  -51.346  -25.303  -13.420 0.0000000000
1521  -53.587  -20.886  -15.785 0.0000000000
1747  -55.780  -4.432  -8.207 0.0000000000
2235  -60.554  -21.221  -2.693 0.0000000000
2236  -55.679  -18.424  -4.283 0.0000000000
2288  -63.393  -23.839  -1.358 0.0000000000
2289  -56.011  -25.890  -2.956 0.0000000000
2317  -50.376  -29.618  -2.969 0.0000000000
2455  -51.060  -17.574  -9.053 0.0000000000
2456  -49.291  -16.964  -14.172 0.0000000000
2458  -50.879  -8.339  -14.715 0.0000000000
2603  -50.768  -24.323  -5.041 0.0000000000
2604  -48.865  -23.911  -6.861 0.0000000000
2605  -51.047  -21.935  -6.076 0.0000000000
2891  -58.620  -21.098  -15.547 0.0000000000
2893  -61.528  -19.846  -15.068 0.0000000000
2894  -63.486  -18.770  -15.305 0.0000000000
2895  -61.135  -17.662  -16.022 0.0000000000
3270  -58.905  -9.410  -3.083 0.0000000000
3271  -56.557  -10.154  -7.101 0.0000000000
3272  -56.740  -8.241  -5.431 0.0000000000
3490  -47.671  -30.491  -9.267 0.0000000000
3491  -48.239  -23.375  -11.692 0.0000000000
3492  -48.927  -25.636  -12.039 0.0000000000
3493  -50.000  -23.354  -13.569 0.0000000000
3494  -52.539  -22.934  -14.866 0.0000000000
3495  -51.109  -21.401  -14.774 0.0000000000
4949  -63.207  -20.452  -1.627 0.0000000000
4950  -61.163  -19.365  -2.460 0.0000000000
5082  -64.288  -21.836  -0.687 0.0000000000
5083  -61.857  -22.503  -2.409 0.0000000000
5150  -53.141  -27.785  -2.862 0.0000000000
5151  -57.719  -27.282  -1.780 0.0000000000
5490  -56.722  -16.331  -4.658 0.0000000000
5491  -53.121  -17.780  -6.679 0.0000000000
5492  -54.268  -15.995  -6.865 0.0000000000
5493  -51.446  -13.280  -12.380 0.0000000000
5494  -50.381  -15.182  -11.754 0.0000000000
5495  -49.589  -14.773  -14.443 0.0000000000
5496  -50.358  -16.741  -16.341 0.0000000000
5497  -49.997  -14.480  -16.901 0.0000000000
5498  -53.936  -3.762  -11.538 0.0000000000
5499  -53.112  -6.346  -11.623 0.0000000000
5500  -51.451  -5.767  -14.747 0.0000000000
5837  -47.021  -28.374  -6.337 0.0000000000
5838  -47.010  -27.985  -8.590 0.0000000000
5839  -47.368  -25.904  -7.677 0.0000000000
5840  -47.901  -23.500  -9.114 0.0000000000
5841  -48.662  -21.227  -10.652 0.0000000000
7038  -59.057  -12.326  -5.773 0.0000000000
7039  -55.475  -14.087  -7.399 0.0000000000
7040  -56.496  -11.921  -8.032 0.0000000000
7041  -54.341  -11.601  -10.275 0.0000000000
7042  -52.540  -11.117  -12.607 0.0000000000
7043  -50.526  -2.648  -17.793 0.0000000000
7044  -49.881  -5.160  -17.966 0.0000000000
7383  -52.150  -29.258  -11.924 0.0000000000
7384  -48.149  -27.963  -10.417 0.0000000000
7385  -50.271  -27.595  -11.801 0.0000000000
7386  -52.955  -26.924  -12.809 0.0000000000
7387  -54.258  -24.539  -14.203 0.0000000000
7388  -55.342  -22.112  -15.490 0.0000000000
7389  -56.398  -20.008  -16.023 0.0000000000
7915  -57.745  -5.523  -5.255 0.0000000000
7917  -56.855  -2.305  -8.441 0.0000000000
7918  -55.026  -1.381  -11.407 0.0000000000
7920  -56.420  1.421  -10.794 0.0000000000
8498  -47.322  -7.948  -13.858 0.0000000000
9267  -57.009  -21.768  -3.556 0.0000000000
9268  -54.605  -20.292  -4.614 0.0000000000
9271  -60.155  -15.817  -3.131 0.0000000000
9274  -61.073  -13.561  -3.434 0.0000000000
9288  -56.982  -4.723  -2.081 0.0000000000
9289  -55.183  -4.737  -3.085 0.0000000000
9426  -61.694  -26.249  -1.139 0.0000000000
9427  -59.923  -24.863  -2.368 0.0000000000
9428  -58.354  -23.386  -3.056 0.0000000000
9429  -54.587  -24.236  -3.695 0.0000000000
9509  -47.374  -30.029  -4.588 0.0000000000
9510  -49.268  -27.965  -4.232 0.0000000000
9511  -51.807  -26.031  -3.928 0.0000000000
9919  -52.067  -19.862  -6.299 0.0000000000
9920  -50.208  -19.510  -8.583 0.0000000000
9921  -49.204  -19.253  -11.045 0.0000000000
9922  -52.028  -15.619  -9.249 0.0000000000
9923  -49.623  -17.172  -11.503 0.0000000000
9924  -49.419  -19.265  -13.530 0.0000000000
9925  -51.027  -19.107  -15.348 0.0000000000
9926  -53.312  -18.701  -16.257 0.0000000000
9928  -54.971  -7.056  -8.538 0.0000000000
9929  -52.621  -8.995  -11.917 0.0000000000
9930  -50.594  -10.451  -14.993 0.0000000000
9931  -49.441  -7.613  -17.876 0.0000000000
10283  -52.094  -23.418  -4.821 0.0000000000
10284  -50.912  -23.121  -5.554 0.0000000000
10285  -52.193  -22.179  -5.263 0.0000000000
10571  -58.896  -19.956  -15.635 0.0000000000
10572  -60.207  -20.500  -15.330 0.0000000000
10573  -60.188  -19.367  -15.502 0.0000000000
10574  -61.396  -18.667  -15.456 0.0000000000
10575  -60.033  -18.358  -15.926 0.0000000000
10950  -58.971  -8.196  -2.634 0.0000000000
10951  -57.783  -8.904  -4.023 0.0000000000
10952  -58.065  -7.478  -3.770 0.0000000000
11171  -48.748  -22.291  -12.380 0.0000000000
11172  -48.975  -23.410  -12.660 0.0000000000
11173  -49.553  -22.342  -13.401 0.0000000000
11174  -50.481  -22.318  -14.208 0.0000000000
11175  -50.074  -21.398  -13.990 0.0000000000
12761  -64.732  -21.572  0.170 0.0000000000
12763  -63.750  -21.144  -1.222 0.0000000000
12830  -56.158  -28.271  -1.859 0.0000000000
13170  -57.387  -15.383  -5.004 0.0000000000
13171  -55.457  -16.122  -5.801 0.0000000000
13172  -56.138  -15.239  -6.033 0.0000000000
13173  -50.813  -12.973  -13.560 0.0000000000
13174  -50.280  -13.969  -13.328 0.0000000000
13175  -49.875  -13.744  -14.599 0.0000000000
13176  -49.643  -14.617  -15.767 0.0000000000
13177  -49.667  -13.513  -15.900 0.0000000000
13178  -53.046  -3.594  -13.190 0.0000000000
13179  -52.657  -4.792  -13.147 0.0000000000
13180  -51.780  -4.577  -14.895 0.0000000000
13568  -47.671  -27.265  -5.910 0.0000000000
13569  -47.184  -27.099  -7.018 0.0000000000
13570  -47.745  -26.043  -6.608 0.0000000000
13571  -49.124  -22.674  -7.491 0.0000000000
13572  -48.279  -23.642  -7.958 0.0000000000
13573  -48.479  -22.486  -8.729 0.0000000000
13574  -48.230  -22.309  -9.937 0.0000000000
13575  -48.889  -21.353  -9.355 0.0000000000
14441  -63.195  -17.357  -15.958 0.0000000000
14442  -63.859  -18.225  -15.919 0.0000000000
15570  -59.157  -11.636  -5.658 0.0000000000
15571  -57.775  -12.135  -7.000 0.0000000000
15572  -57.843  -11.313  -6.815 0.0000000000
15573  -55.484  -9.909  -8.208 0.0000000000
15574  -55.443  -10.783  -8.765 0.0000000000
15575  -54.566  -10.578  -9.925 0.0000000000
15576  -53.516  -11.357  -11.477 0.0000000000
15577  -53.592  -10.301  -11.132 0.0000000000
16226  -49.348  -31.327  -10.308 0.0000000000
16228  -50.571  -30.961  -11.013 0.0000000000
16229  -51.916  -30.523  -11.544 0.0000000000
16230  -50.798  -29.716  -11.523 0.0000000000
16231  -47.232  -26.868  -9.253 0.0000000000
16232  -47.455  -28.013  -9.569 0.0000000000
16233  -47.736  -26.831  -10.297 0.0000000000
16234  -50.066  -25.524  -12.796 0.0000000000
16235  -49.528  -26.701  -11.949 0.0000000000
16236  -50.777  -26.506  -12.624 0.0000000000
16237  -51.584  -27.359  -12.364 0.0000000000
16238  -52.129  -26.195  -13.118 0.0000000000
16239  -53.633  -25.754  -13.499 0.0000000000
16240  -52.737  -24.929  -13.859 0.0000000000
16241  -53.028  -21.928  -15.431 0.0000000000
16242  -53.892  -22.549  -15.251 0.0000000000
16243  -54.410  -21.537  -15.691 0.0000000000
16244  -55.920  -21.057  -15.834 0.0000000000
16245  -54.982  -20.480  -15.968 0.0000000000
17376  -55.989  -1.820  -9.984 0.0000000000
17377  -56.596  -0.504  -9.735 0.0000000000
17383  -55.675  1.879  -12.110 0.0000000000
17384  -55.026  0.398  -12.489 0.0000000000
20609  -58.742  -21.542  -3.134 0.0000000000
20610  -57.502  -20.887  -3.525 0.0000000000
20611  -59.312  -20.649  -3.057 0.0000000000
20612  -61.495  -18.271  -2.190 0.0000000000
20614  -60.512  -17.735  -2.522 0.0000000000
20615  -59.529  -16.963  -2.993 0.0000000000
20616  -61.034  -16.701  -2.522 0.0000000000
20660  -56.156  -4.627  -2.602 0.0000000000
21005  -64.139  -24.686  -0.577 0.0000000000
21007  -62.687  -25.021  -1.275 0.0000000000
21008  -60.808  -25.513  -1.785 0.0000000000
21009  -61.761  -24.318  -2.044 0.0000000000
21010  -61.186  -21.869  -2.560 0.0000000000
21011  -60.175  -22.872  -2.786 0.0000000000
21012  -59.412  -22.197  -2.912 0.0000000000
21013  -57.683  -22.580  -3.248 0.0000000000
21205  -51.051  -30.416  -2.427 0.0000000000
21207  -49.120  -30.631  -2.979 0.0000000000
21208  -47.691  -30.894  -3.762 0.0000000000
21209  -48.641  -29.788  -3.649 0.0000000000
21210  -48.246  -28.995  -4.386 0.0000000000
21211  -49.785  -28.796  -3.588 0.0000000000
21212  -54.570  -26.812  -2.915 0.0000000000
21213  -52.464  -26.969  -3.426 0.0000000000
21214  -53.786  -25.995  -3.432 0.0000000000
21215  -53.155  -25.110  -3.812 0.0000000000
21216  -55.261  -25.096  -3.364 0.0000000000
22230  -55.162  -19.357  -4.392 0.0000000000
22231  -53.218  -20.101  -5.324 0.0000000000
22232  -53.807  -19.101  -5.365 0.0000000000
22233  -52.002  -17.660  -7.859 0.0000000000
22234  -51.493  -18.641  -7.639 0.0000000000
22235  -50.603  -18.532  -8.865 0.0000000000
22236  -49.586  -19.328  -9.857 0.0000000000
22237  -49.893  -18.431  -10.048 0.0000000000
22238  -54.216  -13.907  -8.516 0.0000000000
22239  -53.652  -14.858  -8.226 0.0000000000
22240  -52.593  -14.704  -9.362 0.0000000000
22241  -49.485  -16.019  -12.950 0.0000000000
22242  -49.941  -16.173  -11.617 0.0000000000
22243  -49.294  -17.061  -12.823 0.0000000000
22244  -49.176  -18.129  -12.600 0.0000000000
22245  -49.361  -18.099  -13.832 0.0000000000
22246  -50.088  -19.230  -14.514 0.0000000000
22247  -49.827  -18.012  -14.989 0.0000000000
22248  -51.305  -16.641  -17.094 0.0000000000
22249  -51.743  -17.747  -16.572 0.0000000000
22250  -52.886  -17.545  -17.014 0.0000000000
22251  -54.584  -18.362  -16.527 0.0000000000
22253  -56.846  -4.899  -6.662 0.0000000000
22254  -56.350  -6.182  -6.719 0.0000000000
22255  -55.299  -5.681  -8.302 0.0000000000
22256  -51.984  -7.429  -13.175 0.0000000000
22257  -52.852  -7.754  -11.660 0.0000000000
22258  -51.707  -8.650  -13.272 0.0000000000
22259  -51.568  -9.757  -13.547 0.0000000000
22260  -50.703  -9.465  -14.766 0.0000000000
22262  -49.711  -6.335  -17.831 0.0000000000
22267  -49.427  -10.896  -17.662 0.0000000000
23117  -49.591  -25.222  -5.242 0.0000000000
23118  -48.638  -25.031  -6.193 0.0000000000
23119  -49.677  -24.029  -5.900 0.0000000000
23120  -49.906  -22.909  -6.432 0.0000000000
23121  -50.146  -21.743  -7.039 0.0000000000
23635  -58.088  -22.356  -15.229 0.0000000000
23638  -61.433  -21.199  -14.948 0.0000000000
23640  -63.604  -20.108  -14.907 0.0000000000
23641  -62.635  -19.271  -14.977 0.0000000000
23642  -62.445  -18.060  -15.560 0.0000000000
23643  -62.035  -16.732  -16.339 0.0000000000
24318  -59.051  -10.290  -3.936 0.0000000000
24319  -57.876  -10.687  -6.000 0.0000000000
24320  -57.794  -9.969  -4.955 0.0000000000
24321  -56.633  -9.435  -6.126 0.0000000000
24322  -55.616  -8.831  -7.618 0.0000000000
24713  -48.246  -31.650  -9.457 0.0000000000
24714  -48.531  -30.274  -10.128 0.0000000000
24715  -47.858  -24.534  -10.884 0.0000000000
24716  -48.071  -25.690  -11.112 0.0000000000
24717  -48.527  -24.535  -11.888 0.0000000000
24718  -49.489  -24.409  -12.825 0.0000000000
24719  -50.723  -24.325  -13.555 0.0000000000
24720  -52.012  -24.038  -14.170 0.0000000000
24721  -51.222  -23.178  -14.317 0.0000000000
24722  -51.735  -22.169  -14.927 0.0000000000
24723  -52.203  -21.169  -15.385 0.0000000000
27341  -62.043  -20.851  -2.269 0.0000000000
27342  -60.842  -20.296  -2.642 0.0000000000
27343  -62.158  -19.915  -2.152 0.0000000000
27344  -62.314  -18.859  -1.947 0.0000000000
27579  -64.756  -22.575  0.020 0.0000000000
27580  -63.936  -22.817  -1.063 0.0000000000
27581  -62.577  -23.130  -1.976 0.0000000000
27582  -63.322  -22.176  -1.586 0.0000000000
27583  -62.666  -21.512  -1.986 0.0000000000
27700  -53.181  -30.144  -1.983 0.0000000000
27701  -52.437  -29.418  -2.414 0.0000000000
27702  -51.761  -28.644  -2.937 0.0000000000
27703  -53.879  -28.519  -2.374 0.0000000000
27704  -55.405  -27.547  -2.361 0.0000000000
27705  -56.802  -26.628  -2.366 0.0000000000
28314  -56.216  -17.387  -4.435 0.0000000000
28315  -54.333  -18.051  -5.439 0.0000000000
28316  -54.861  -17.014  -5.627 0.0000000000
28317  -53.631  -16.853  -6.778 0.0000000000
28318  -52.465  -16.724  -7.997 0.0000000000
28319  -52.238  -13.547  -11.030 0.0000000000
28320  -51.664  -14.478  -10.682 0.0000000000
28321  -50.892  -14.220  -12.076 0.0000000000
28322  -49.850  -14.999  -13.075 0.0000000000
28323  -49.335  -15.878  -14.253 0.0000000000
28324  -49.640  -16.865  -15.319 0.0000000000
28325  -49.654  -15.729  -15.531 0.0000000000
28326  -50.192  -15.630  -16.606 0.0000000000
28328  -54.859  -4.030  -9.920 0.0000000000
28329  -54.318  -5.313  -9.874 0.0000000000
28330  -53.451  -5.000  -11.497 0.0000000000
28331  -52.280  -6.062  -13.136 0.0000000000
28332  -51.188  -7.088  -14.672 0.0000000000
28979  -46.733  -29.527  -6.716 0.0000000000
28980  -46.813  -29.342  -7.853 0.0000000000
28981  -46.885  -28.174  -7.494 0.0000000000
28982  -47.070  -26.931  -8.173 0.0000000000
28983  -47.259  -25.826  -8.908 0.0000000000
28984  -47.960  -24.881  -7.259 0.0000000000
28985  -47.621  -24.708  -8.503 0.0000000000
28986  -47.534  -24.667  -9.716 0.0000000000
28987  -47.856  -23.434  -10.419 0.0000000000
28988  -48.269  -22.325  -11.209 0.0000000000
28989  -48.832  -21.275  -11.924 0.0000000000
29514  -54.874  -1.900  -5.048 0.0000000000
29516  -55.351  -0.361  -5.806 0.0000000000
31782  -58.710  -13.326  -5.564 0.0000000000
31783  -56.835  -14.243  -6.360 0.0000000000
31784  -57.380  -13.190  -6.710 0.0000000000
31785  -56.081  -13.026  -7.755 0.0000000000
31786  -54.829  -12.869  -8.905 0.0000000000
31787  -56.614  -11.003  -7.767 0.0000000000
31788  -55.283  -11.761  -9.182 0.0000000000
31789  -53.748  -12.707  -10.164 0.0000000000
31790  -52.893  -12.543  -11.453 0.0000000000
31791  -52.129  -12.245  -12.661 0.0000000000
31792  -51.377  -11.923  -13.762 0.0000000000
31793  -51.258  -2.964  -16.288 0.0000000000
31794  -50.918  -4.232  -16.446 0.0000000000
31795  -50.174  -3.923  -18.013 0.0000000000
31796  -49.256  -4.868  -19.473 0.0000000000
32652  -52.903  -33.001  -10.748 0.0000000000
32656  -47.216  -29.298  -8.936 0.0000000000
32657  -47.872  -29.150  -9.862 0.0000000000
32658  -48.745  -28.984  -10.646 0.0000000000
32659  -48.514  -26.827  -11.197 0.0000000000
32660  -49.125  -27.821  -11.155 0.0000000000
32661  -49.891  -28.781  -11.306 0.0000000000
32662  -51.140  -28.494  -11.811 0.0000000000
32663  -52.509  -28.055  -12.196 0.0000000000
32666  -55.223  -25.268  -13.807 0.0000000000
32667  -55.820  -24.057  -14.500 0.0000000000
32668  -53.374  -23.645  -14.581 0.0000000000
32669  -54.875  -23.243  -14.932 0.0000000000
32670  -56.404  -22.847  -15.137 0.0000000000
32671  -56.956  -21.641  -15.616 0.0000000000
32672  -57.409  -20.546  -15.788 0.0000000000
32673  -57.695  -19.517  -16.037 0.0000000000
34102  -57.332  -3.837  -6.793 0.0000000000
34104  -57.701  -2.844  -6.852 0.0000000000
34105  -56.412  -3.286  -8.321 0.0000000000
34106  -55.446  -2.928  -10.000 0.0000000000
34107  -54.482  -2.639  -11.590 0.0000000000
34115  -55.809  0.000  -11.139 0.0000000000
34116  -54.084  -0.995  -12.840 0.0000000000
35766  -47.533  -6.474  -14.511 0.0000000000
38043  -55.211  -22.118  -3.992 0.0000000000
38044  -54.082  -21.413  -4.586 0.0000000000
38045  -55.837  -21.100  -4.043 0.0000000000
38046  -56.313  -20.123  -3.897 0.0000000000
38047  -56.812  -19.146  -3.616 0.0000000000
38050  -57.378  -18.215  -3.459 0.0000000000
38051  -57.885  -17.137  -3.604 0.0000000000
38052  -58.432  -16.052  -3.792 0.0000000000
38053  -59.128  -14.983  -4.154 0.0000000000
38060  -61.494  -15.487  -2.513 0.0000000000
38061  -60.652  -14.633  -3.348 0.0000000000
38062  -59.678  -13.978  -4.550 0.0000000000
38063  -60.159  -12.935  -4.548 0.0000000000
38064  -60.325  -12.080  -4.511 0.0000000000
38065  -60.340  -11.419  -4.019 0.0000000000
38068  -60.197  -10.770  -3.281 0.0000000000
38069  -60.069  -10.125  -2.502 0.0000000000
38106  -56.648  -2.985  -3.288 0.0000000000
38107  -55.741  -3.044  -3.768 0.0000000000
38114  -53.337  -6.804  -2.777 0.0000000000
38115  -54.014  -5.150  -3.552 0.0000000000
38521  -59.729  -26.724  -1.492 0.0000000000
38522  -58.847  -26.070  -2.060 0.0000000000
38523  -57.967  -25.376  -2.651 0.0000000000
38524  -60.983  -23.596  -2.549 0.0000000000
38525  -59.046  -24.180  -2.818 0.0000000000
38526  -57.202  -24.641  -3.082 0.0000000000
38527  -56.457  -23.831  -3.302 0.0000000000
38528  -55.740  -22.996  -3.607 0.0000000000
38529  -53.981  -23.346  -4.057 0.0000000000
38765  -46.735  -30.387  -5.787 0.0000000000
38766  -47.119  -29.254  -5.450 0.0000000000
38767  -47.908  -28.136  -5.145 0.0000000000
38768  -48.868  -27.081  -4.880 0.0000000000
38769  -51.089  -27.838  -3.482 0.0000000000
38770  -50.487  -27.010  -4.070 0.0000000000
38771  -50.001  -26.082  -4.628 0.0000000000
38772  -51.298  -25.181  -4.421 0.0000000000
38773  -52.610  -24.281  -4.245 0.0000000000
39991  -52.777  -21.131  -5.289 0.0000000000
39992  -51.624  -20.981  -6.101 0.0000000000
39993  -50.629  -20.686  -7.208 0.0000000000
39994  -52.620  -18.836  -6.418 0.0000000000
39995  -51.090  -19.660  -7.317 0.0000000000
39996  -49.834  -20.489  -8.381 0.0000000000
39997  -49.306  -20.284  -9.643 0.0000000000
39998  -49.049  -20.203  -10.864 0.0000000000
39999  -49.053  -20.204  -12.048 0.0000000000
40000  -54.923  -15.078  -7.109 0.0000000000
40001  -53.125  -15.788  -8.061 0.0000000000
40002  -51.524  -16.574  -9.141 0.0000000000
40003  -51.080  -15.386  -10.484 0.0000000000
40004  -50.600  -16.386  -10.353 0.0000000000
40005  -50.292  -17.366  -10.257 0.0000000000
40006  -49.414  -18.266  -11.299 0.0000000000
40007  -49.143  -19.219  -12.318 0.0000000000
40008  -49.448  -20.318  -13.246 0.0000000000
40009  -50.129  -20.383  -14.218 0.0000000000
40010  -51.137  -20.322  -14.954 0.0000000000
40011  -52.250  -20.117  -15.527 0.0000000000
40012  -50.665  -17.875  -15.955 0.0000000000
40013  -52.086  -18.915  -15.909 0.0000000000
40014  -53.552  -19.839  -15.907 0.0000000000
40015  -54.853  -19.455  -16.189 0.0000000000
40016  -56.139  -19.091  -16.337 0.0000000000
40017  -57.343  -18.613  -16.453 0.0000000000
40018  -57.201  -6.737  -5.147 0.0000000000
40019  -55.871  -7.618  -6.898 0.0000000000
40020  -54.730  -8.455  -8.924 0.0000000000
40021  -54.054  -6.645  -10.091 0.0000000000
40022  -53.779  -8.013  -10.335 0.0000000000
40023  -53.632  -9.271  -10.693 0.0000000000
40024  -52.556  -10.087  -12.306 0.0000000000
40025  -51.530  -10.805  -13.743 0.0000000000
40026  -50.559  -11.555  -14.905 0.0000000000
40027  -50.635  -5.479  -16.396 0.0000000000
40028  -50.420  -6.657  -16.253 0.0000000000
40029  -50.138  -7.934  -16.192 0.0000000000
40031  -49.275  -8.767  -17.805 0.0000000000
40032  -49.847  -9.105  -16.258 0.0000000000
40033  -49.831  -10.146  -16.289 0.0000000000
40034  -49.830  -11.181  -16.250 0.0000000000
40035  -49.784  -12.388  -16.053 0.0000000000
40044  -58.460  -18.058  -16.522 0.0000000000
40045  -59.538  -17.340  -16.609 0.0000000000
40046  -60.531  -16.557  -16.807 0.0000000000
40047  -61.364  -15.579  -17.198 0.0000000000
