#!ascii label  , from subject fsaverage6 vox2ras=TkReg
91
120  -53.876  21.510  16.586 0.0000000000
526  -52.048  27.063  6.122 0.0000000000
1150  -52.670  18.125  20.284 0.0000000000
2221  -49.249  28.433  9.060 0.0000000000
2222  -53.237  24.531  10.504 0.0000000000
3070  -53.349  20.098  18.648 0.0000000000
3071  -54.251  17.971  17.982 0.0000000000
3072  -54.336  19.688  16.525 0.0000000000
3074  -54.215  21.130  14.241 0.0000000000
3079  -51.197  30.864  1.575 0.0000000000
4916  -51.618  29.839  6.305 0.0000000000
4917  -49.532  31.031  8.238 0.0000000000
4918  -51.491  28.034  7.532 0.0000000000
4919  -51.662  26.287  9.599 0.0000000000
4920  -52.535  25.492  7.619 0.0000000000
6695  -51.432  30.601  4.276 0.0000000000
6696  -51.516  28.519  4.964 0.0000000000
7640  -51.940  21.701  17.690 0.0000000000
9221  -52.422  23.634  15.554 0.0000000000
9228  -49.669  26.366  11.220 0.0000000000
9229  -52.158  25.134  12.737 0.0000000000
9230  -53.682  23.244  13.648 0.0000000000
9231  -53.599  22.531  11.276 0.0000000000
10750  -53.721  20.880  17.643 0.0000000000
10751  -54.131  19.931  17.771 0.0000000000
10752  -54.322  20.645  16.793 0.0000000000
10753  -54.327  20.429  15.512 0.0000000000
10754  -54.273  21.288  15.539 0.0000000000
10759  -50.847  30.701  -0.359 0.0000000000
12596  -51.994  28.414  6.183 0.0000000000
12597  -51.512  29.081  6.963 0.0000000000
12598  -52.032  27.628  6.832 0.0000000000
12599  -52.100  26.753  7.486 0.0000000000
12600  -52.306  26.192  6.728 0.0000000000
14970  -52.061  17.056  21.052 0.0000000000
14972  -53.188  17.277  19.899 0.0000000000
14984  -51.412  20.726  11.942 0.0000000000
14996  -51.163  30.047  2.297 0.0000000000
14997  -51.284  30.674  3.015 0.0000000000
14998  -51.400  29.852  3.464 0.0000000000
14999  -51.612  29.618  4.578 0.0000000000
15000  -51.143  28.963  4.048 0.0000000000
20496  -51.337  23.787  16.331 0.0000000000
20509  -49.236  29.837  8.676 0.0000000000
20513  -47.807  28.304  9.737 0.0000000000
20514  -48.099  27.026  10.661 0.0000000000
20515  -49.357  27.283  9.930 0.0000000000
20516  -52.545  25.377  10.045 0.0000000000
20517  -51.908  25.729  11.126 0.0000000000
20518  -52.859  24.895  11.747 0.0000000000
20519  -53.060  24.307  13.232 0.0000000000
20520  -53.501  23.953  12.102 0.0000000000
20521  -53.847  22.914  12.485 0.0000000000
20522  -53.582  23.496  10.878 0.0000000000
23958  -52.990  19.102  19.536 0.0000000000
23959  -53.691  18.125  19.274 0.0000000000
23960  -53.944  19.029  18.651 0.0000000000
23961  -54.379  18.858  17.326 0.0000000000
23962  -54.113  18.680  16.116 0.0000000000
27280  -50.885  31.177  6.386 0.0000000000
27281  -49.761  31.788  7.648 0.0000000000
27282  -50.779  30.510  7.271 0.0000000000
27283  -50.573  29.495  7.807 0.0000000000
27284  -50.528  28.295  8.274 0.0000000000
27285  -50.492  27.211  9.192 0.0000000000
27286  -51.530  27.052  8.290 0.0000000000
27287  -52.287  25.957  8.586 0.0000000000
27288  -52.888  24.933  8.943 0.0000000000
27289  -53.216  23.963  9.276 0.0000000000
27290  -52.787  24.383  7.927 0.0000000000
30947  -53.958  17.134  18.453 0.0000000000
30979  -50.876  31.556  2.481 0.0000000000
30980  -50.948  31.521  3.961 0.0000000000
30981  -50.988  31.525  5.263 0.0000000000
30982  -51.571  30.349  5.400 0.0000000000
30983  -51.863  29.067  5.504 0.0000000000
30984  -51.830  27.798  5.607 0.0000000000
33353  -51.816  18.938  20.127 0.0000000000
33354  -52.247  20.054  19.198 0.0000000000
33355  -52.672  20.936  18.260 0.0000000000
33356  -53.049  21.687  17.296 0.0000000000
37906  -52.222  22.731  16.718 0.0000000000
37907  -53.163  22.589  16.139 0.0000000000
37929  -50.705  26.431  10.497 0.0000000000
37930  -51.012  25.782  12.050 0.0000000000
37932  -52.301  24.452  14.197 0.0000000000
37933  -53.169  23.425  14.734 0.0000000000
37934  -53.810  22.317  15.148 0.0000000000
37935  -54.096  22.077  14.089 0.0000000000
37936  -53.938  21.888  12.848 0.0000000000
37938  -53.245  22.987  9.709 0.0000000000
