#!ascii label  , from subject fsaverage6 vox2ras=TkReg
65
80  -36.092  -2.930  -6.493 0.0000000000
539  -36.935  -4.374  -0.122 0.0000000000
1513  -36.621  -0.360  -8.811 0.0000000000
2257  -36.472  -3.765  -3.348 0.0000000000
3102  -36.598  -10.283  4.328 0.0000000000
3104  -36.950  -9.314  3.003 0.0000000000
3105  -37.157  -8.862  1.438 0.0000000000
4328  -36.809  0.804  -10.002 0.0000000000
5001  -36.768  -4.129  -1.757 0.0000000000
6743  -37.390  -8.511  -0.352 0.0000000000
6744  -37.114  -4.617  1.558 0.0000000000
7369  -36.311  -1.677  -7.695 0.0000000000
9331  -36.187  -3.373  -4.971 0.0000000000
10562  -36.178  -3.940  -8.202 0.0000000000
10783  -36.791  -9.773  3.688 0.0000000000
10785  -36.195  -6.976  3.857 0.0000000000
12008  -36.843  1.192  -10.721 0.0000000000
12677  -36.796  -6.309  -1.109 0.0000000000
12679  -36.760  -6.135  -2.005 0.0000000000
12680  -36.564  -6.010  -2.803 0.0000000000
12681  -36.862  -4.284  -0.980 0.0000000000
15063  -37.876  -12.158  5.244 0.0000000000
15064  -37.702  -12.533  6.150 0.0000000000
15077  -36.414  -6.784  2.217 0.0000000000
15078  -37.275  -8.649  0.547 0.0000000000
15079  -36.526  -6.681  1.410 0.0000000000
15080  -36.706  -6.682  0.480 0.0000000000
15081  -37.168  -4.694  2.553 0.0000000000
16201  -36.881  1.382  -5.280 0.0000000000
18743  -36.512  -1.044  -8.237 0.0000000000
18744  -36.592  -2.817  -9.358 0.0000000000
18745  -36.809  -2.171  -10.021 0.0000000000
20762  -36.182  -5.566  -4.390 0.0000000000
20764  -35.992  -5.378  -5.181 0.0000000000
20766  -36.323  -3.551  -4.138 0.0000000000
24015  -36.298  -10.692  5.090 0.0000000000
24016  -38.180  -11.822  4.403 0.0000000000
24018  -38.277  -11.408  3.578 0.0000000000
24019  -38.240  -10.980  2.781 0.0000000000
24020  -38.005  -10.522  1.936 0.0000000000
24021  -37.941  -10.357  0.965 0.0000000000
24022  -37.008  -9.064  2.250 0.0000000000
24023  -36.291  -6.860  3.075 0.0000000000
26222  -36.732  0.260  -9.384 0.0000000000
27434  -36.351  -5.829  -3.648 0.0000000000
27435  -36.578  -4.064  -2.627 0.0000000000
31096  -37.292  -8.340  -1.258 0.0000000000
31097  -36.836  -6.560  -0.314 0.0000000000
31098  -37.030  -4.441  0.738 0.0000000000
32616  -36.324  -1.111  -5.442 0.0000000000
32617  -36.185  -2.274  -7.078 0.0000000000
32618  -36.374  -0.540  -6.058 0.0000000000
32619  -36.483  0.109  -6.697 0.0000000000
32620  -36.603  0.833  -7.243 0.0000000000
32623  -36.691  1.403  -7.850 0.0000000000
35789  -36.356  -3.335  -8.758 0.0000000000
38233  -36.061  -3.162  -5.746 0.0000000000
38251  -37.954  -2.573  0.711 0.0000000000
38252  -37.698  -2.381  -0.079 0.0000000000
38253  -37.435  -2.212  -0.858 0.0000000000
38254  -37.261  -1.919  -1.579 0.0000000000
38257  -37.070  -1.705  -2.410 0.0000000000
38258  -36.937  -1.476  -3.118 0.0000000000
38259  -36.736  -1.316  -3.870 0.0000000000
38260  -36.510  -1.198  -4.643 0.0000000000
