#!ascii label  , from subject fsaverage6 vox2ras=TkReg
145
278  -57.421  -37.518  34.923 0.0000000000
279  -61.426  -32.846  26.295 0.0000000000
1193  -55.588  -42.715  43.254 0.0000000000
1194  -57.148  -38.507  41.670 0.0000000000
1196  -57.025  -42.105  34.361 0.0000000000
1653  -60.941  -33.824  34.276 0.0000000000
1654  -58.446  -34.757  30.987 0.0000000000
2266  -57.650  -40.882  37.410 0.0000000000
2267  -58.374  -45.133  34.871 0.0000000000
3113  -56.960  -37.591  43.430 0.0000000000
3715  -62.596  -32.384  28.179 0.0000000000
3716  -61.343  -33.449  30.542 0.0000000000
3717  -59.874  -33.616  28.817 0.0000000000
3718  -56.544  -35.170  29.738 0.0000000000
5020  -55.681  -43.302  40.730 0.0000000000
5025  -58.252  -36.819  36.335 0.0000000000
5026  -57.657  -38.246  37.936 0.0000000000
5027  -57.594  -39.370  36.426 0.0000000000
5028  -57.258  -44.461  32.666 0.0000000000
5029  -58.209  -43.557  34.486 0.0000000000
5030  -58.685  -45.708  32.537 0.0000000000
6756  -55.893  -39.908  44.668 0.0000000000
6757  -56.232  -40.427  42.766 0.0000000000
6758  -56.217  -41.326  40.323 0.0000000000
6760  -56.781  -40.103  35.102 0.0000000000
7697  -59.000  -35.591  34.559 0.0000000000
7698  -62.240  -32.779  32.247 0.0000000000
7699  -60.016  -34.540  32.693 0.0000000000
7700  -57.720  -36.039  32.939 0.0000000000
9358  -57.953  -37.013  39.956 0.0000000000
9359  -56.905  -39.662  39.262 0.0000000000
9360  -57.244  -42.454  38.089 0.0000000000
9361  -57.927  -41.533  35.868 0.0000000000
9362  -58.122  -43.024  36.390 0.0000000000
9363  -57.457  -44.786  36.698 0.0000000000
9366  -57.684  -50.550  31.229 0.0000000000
11395  -62.151  -32.594  27.123 0.0000000000
11396  -61.445  -33.047  28.436 0.0000000000
11397  -60.771  -33.188  27.604 0.0000000000
11398  -58.921  -33.794  28.217 0.0000000000
11399  -59.766  -33.394  27.014 0.0000000000
12700  -55.813  -43.693  39.370 0.0000000000
12705  -57.882  -37.225  35.603 0.0000000000
12706  -57.795  -38.010  36.472 0.0000000000
12707  -57.447  -38.485  35.796 0.0000000000
12709  -58.068  -45.023  32.477 0.0000000000
15100  -57.207  -38.016  42.615 0.0000000000
15101  -56.714  -39.011  43.322 0.0000000000
15102  -56.716  -39.354  42.338 0.0000000000
15103  -56.144  -40.852  41.609 0.0000000000
15104  -56.528  -39.851  41.199 0.0000000000
16074  -49.654  -51.899  38.478 0.0000000000
16900  -61.045  -33.296  34.988 0.0000000000
16903  -59.441  -35.218  35.352 0.0000000000
16904  -59.913  -34.753  34.481 0.0000000000
16908  -59.797  -34.061  30.781 0.0000000000
16909  -60.605  -33.985  31.685 0.0000000000
16910  -59.219  -34.698  31.836 0.0000000000
16911  -58.784  -35.329  32.756 0.0000000000
16912  -58.064  -35.392  31.906 0.0000000000
16914  -57.180  -35.550  31.293 0.0000000000
20820  -55.377  -42.427  44.413 0.0000000000
20821  -54.971  -43.398  44.527 0.0000000000
20822  -55.154  -43.838  43.458 0.0000000000
20837  -58.415  -36.358  38.974 0.0000000000
20838  -57.507  -39.611  37.710 0.0000000000
20839  -57.247  -38.950  38.594 0.0000000000
20840  -57.216  -40.362  38.173 0.0000000000
20841  -56.926  -41.190  38.620 0.0000000000
20842  -57.509  -41.656  37.788 0.0000000000
20843  -56.933  -41.128  34.872 0.0000000000
20844  -57.484  -40.822  35.508 0.0000000000
20845  -57.591  -41.788  35.049 0.0000000000
20846  -58.421  -44.268  34.653 0.0000000000
20847  -58.321  -43.279  35.488 0.0000000000
20848  -58.225  -44.111  35.659 0.0000000000
20849  -57.784  -43.988  36.627 0.0000000000
20852  -58.087  -46.028  34.950 0.0000000000
20857  -58.367  -49.996  31.216 0.0000000000
20858  -58.162  -50.779  30.350 0.0000000000
24035  -56.456  -37.241  43.920 0.0000000000
24038  -57.633  -37.169  41.923 0.0000000000
25119  -62.826  -32.077  29.152 0.0000000000
25120  -62.509  -32.668  30.356 0.0000000000
25121  -62.017  -32.957  29.403 0.0000000000
25122  -60.560  -33.554  29.654 0.0000000000
25123  -59.015  -34.113  29.966 0.0000000000
25124  -57.562  -34.917  30.296 0.0000000000
25125  -58.118  -34.292  29.295 0.0000000000
25126  -57.164  -34.631  28.765 0.0000000000
27478  -58.173  -36.950  38.027 0.0000000000
27479  -57.979  -37.513  37.190 0.0000000000
27480  -57.666  -38.856  37.160 0.0000000000
27481  -57.665  -40.124  36.968 0.0000000000
27482  -57.086  -43.286  33.618 0.0000000000
27483  -57.733  -42.790  34.437 0.0000000000
27484  -57.809  -43.889  33.529 0.0000000000
27485  -58.417  -44.590  33.517 0.0000000000
27486  -58.690  -45.396  33.707 0.0000000000
27488  -58.924  -46.490  32.781 0.0000000000
29302  -62.971  -31.818  26.917 0.0000000000
31123  -55.423  -41.034  44.998 0.0000000000
31124  -55.765  -41.317  44.127 0.0000000000
31125  -56.453  -38.683  44.084 0.0000000000
31126  -56.194  -40.128  43.852 0.0000000000
31127  -55.896  -41.624  42.995 0.0000000000
31128  -55.891  -41.904  41.874 0.0000000000
31129  -56.022  -42.257  40.529 0.0000000000
31130  -56.241  -42.785  39.272 0.0000000000
31132  -56.918  -38.873  35.136 0.0000000000
31139  -56.313  -43.868  32.844 0.0000000000
31140  -56.570  -44.943  31.750 0.0000000000
32457  -48.906  -53.248  36.835 0.0000000000
32458  -49.431  -51.705  37.305 0.0000000000
33509  -58.064  -36.528  34.674 0.0000000000
33512  -61.689  -33.327  33.217 0.0000000000
33513  -61.968  -33.201  31.400 0.0000000000
33514  -61.360  -33.749  32.406 0.0000000000
33515  -60.599  -34.261  33.490 0.0000000000
33516  -59.386  -35.128  33.682 0.0000000000
33517  -58.416  -35.887  33.700 0.0000000000
33518  -57.441  -36.744  33.954 0.0000000000
33522  -56.278  -35.804  30.642 0.0000000000
38295  -52.691  -48.064  39.694 0.0000000000
38296  -54.545  -43.052  45.348 0.0000000000
38313  -56.282  -50.408  31.889 0.0000000000
38316  -57.529  -37.712  40.871 0.0000000000
38317  -57.671  -37.672  38.881 0.0000000000
38318  -57.291  -38.334  39.683 0.0000000000
38319  -56.973  -39.025  40.450 0.0000000000
38320  -56.580  -40.460  39.822 0.0000000000
38321  -56.665  -41.951  39.063 0.0000000000
38322  -56.780  -43.289  38.207 0.0000000000
38323  -57.333  -39.757  35.724 0.0000000000
38324  -57.710  -40.519  36.224 0.0000000000
38325  -57.928  -41.253  36.678 0.0000000000
38326  -58.082  -42.508  35.255 0.0000000000
38327  -58.157  -42.208  36.187 0.0000000000
38328  -57.974  -41.991  37.122 0.0000000000
38329  -57.757  -42.786  37.238 0.0000000000
38330  -57.351  -43.719  37.332 0.0000000000
38331  -56.812  -44.500  37.426 0.0000000000
38340  -56.801  -50.869  31.120 0.0000000000
38376  -62.059  -32.413  24.876 0.0000000000
38391  -54.001  -36.533  28.317 0.0000000000
