#!ascii label  , from subject fsaverage6 vox2ras=TkReg
205
184  -50.041  -54.444  40.720 0.0000000000
541  -56.204  -44.100  38.301 0.0000000000
664  -50.666  -52.141  43.673 0.0000000000
666  -51.774  -49.297  43.219 0.0000000000
918  -50.080  -54.675  27.777 0.0000000000
925  -49.221  -59.883  40.725 0.0000000000
1484  -49.387  -57.819  38.365 0.0000000000
1492  -49.692  -56.304  42.580 0.0000000000
1910  -50.765  -57.563  25.956 0.0000000000
2264  -55.229  -47.215  39.059 0.0000000000
2265  -56.730  -48.221  34.949 0.0000000000
2268  -58.918  -49.280  31.121 0.0000000000
2269  -60.049  -49.764  27.589 0.0000000000
2585  -51.070  -50.914  43.410 0.0000000000
3434  -49.475  -55.742  39.576 0.0000000000
3435  -48.816  -56.002  37.216 0.0000000000
3436  -49.342  -54.218  38.424 0.0000000000
3445  -50.410  -54.081  42.941 0.0000000000
3446  -49.593  -54.763  43.140 0.0000000000
3447  -50.256  -55.512  41.897 0.0000000000
3448  -49.819  -56.942  40.695 0.0000000000
4194  -49.827  -56.490  30.595 0.0000000000
4195  -51.057  -54.711  26.383 0.0000000000
5020  -55.681  -43.302  40.730 0.0000000000
5021  -55.261  -45.425  41.049 0.0000000000
5022  -55.676  -45.801  38.728 0.0000000000
5023  -55.931  -47.597  36.975 0.0000000000
5024  -56.574  -46.299  36.714 0.0000000000
5031  -58.728  -47.311  32.922 0.0000000000
5033  -59.640  -49.586  29.424 0.0000000000
5804  -50.408  -53.322  42.063 0.0000000000
5805  -49.864  -52.933  39.954 0.0000000000
5806  -50.463  -52.016  41.576 0.0000000000
5807  -50.671  -50.304  41.250 0.0000000000
6273  -48.039  -58.757  41.681 0.0000000000
6275  -47.976  -61.118  41.737 0.0000000000
7307  -48.629  -56.359  34.768 0.0000000000
7323  -49.363  -57.916  41.510 0.0000000000
7324  -49.656  -58.891  39.512 0.0000000000
8338  -50.832  -56.595  28.875 0.0000000000
8340  -49.627  -58.574  26.991 0.0000000000
9353  -54.513  -46.698  41.211 0.0000000000
9354  -54.010  -47.989  38.868 0.0000000000
9355  -54.724  -48.368  36.729 0.0000000000
9356  -55.505  -48.888  34.758 0.0000000000
9357  -56.481  -49.749  32.836 0.0000000000
9363  -57.457  -44.786  36.698 0.0000000000
9364  -57.748  -46.827  34.877 0.0000000000
9365  -57.829  -48.836  32.972 0.0000000000
9367  -58.623  -51.010  29.530 0.0000000000
9368  -59.378  -51.158  27.377 0.0000000000
9371  -60.166  -50.064  25.253 0.0000000000
9373  -60.849  -50.602  20.785 0.0000000000
9374  -61.196  -49.497  19.144 0.0000000000
9375  -61.594  -48.189  17.702 0.0000000000
11114  -49.792  -55.150  40.076 0.0000000000
11115  -49.381  -55.052  38.960 0.0000000000
11116  -49.649  -54.320  39.587 0.0000000000
11125  -50.377  -54.325  41.943 0.0000000000
11126  -50.372  -54.801  42.413 0.0000000000
11127  -50.285  -55.032  41.390 0.0000000000
11128  -50.030  -55.617  40.758 0.0000000000
11873  -49.315  -56.462  31.616 0.0000000000
11875  -51.418  -54.619  25.647 0.0000000000
12700  -55.813  -43.693  39.370 0.0000000000
12701  -55.529  -44.696  39.596 0.0000000000
12702  -55.803  -44.961  38.479 0.0000000000
12703  -56.051  -46.033  37.676 0.0000000000
12704  -56.277  -45.287  37.475 0.0000000000
13514  -50.530  -52.744  42.843 0.0000000000
13515  -50.419  -52.633  41.760 0.0000000000
13516  -50.590  -52.132  42.663 0.0000000000
13517  -51.362  -50.067  43.327 0.0000000000
13518  -50.920  -50.649  42.334 0.0000000000
13521  -51.629  -49.018  41.990 0.0000000000
13527  -50.417  -52.422  43.944 0.0000000000
13528  -50.454  -53.113  43.267 0.0000000000
14295  -48.730  -59.356  41.444 0.0000000000
14296  -48.058  -59.945  41.579 0.0000000000
14297  -48.662  -60.515  41.261 0.0000000000
16064  -49.771  -58.936  37.839 0.0000000000
16068  -48.607  -56.184  35.994 0.0000000000
16069  -48.472  -55.181  35.336 0.0000000000
16072  -49.891  -52.210  39.644 0.0000000000
16073  -49.538  -52.714  38.812 0.0000000000
16098  -49.694  -55.517  42.893 0.0000000000
16100  -49.069  -55.825  42.699 0.0000000000
16102  -49.006  -56.591  42.461 0.0000000000
16103  -48.832  -57.422  42.094 0.0000000000
16104  -49.462  -57.065  42.034 0.0000000000
16105  -49.580  -57.354  39.577 0.0000000000
16106  -49.675  -57.858  40.098 0.0000000000
16107  -49.612  -58.395  38.919 0.0000000000
18346  -49.806  -55.583  29.176 0.0000000000
18347  -50.392  -55.611  28.373 0.0000000000
18351  -50.978  -58.731  27.177 0.0000000000
18352  -50.239  -58.120  26.352 0.0000000000
20818  -52.841  -47.730  42.265 0.0000000000
20823  -55.284  -46.369  40.069 0.0000000000
20824  -55.011  -46.151  41.202 0.0000000000
20825  -54.818  -46.971  40.066 0.0000000000
20826  -54.323  -47.438  39.979 0.0000000000
20827  -54.716  -47.702  39.026 0.0000000000
20828  -54.324  -48.168  37.848 0.0000000000
20829  -55.095  -47.939  38.043 0.0000000000
20830  -56.348  -47.810  35.941 0.0000000000
20831  -55.779  -48.288  35.886 0.0000000000
20832  -56.189  -48.600  34.899 0.0000000000
20833  -55.968  -49.298  33.705 0.0000000000
20834  -56.669  -48.996  33.882 0.0000000000
20851  -57.597  -45.820  35.854 0.0000000000
20852  -58.087  -46.028  34.950 0.0000000000
20853  -58.892  -48.321  32.011 0.0000000000
20854  -58.347  -48.060  32.978 0.0000000000
20855  -58.397  -49.089  32.074 0.0000000000
20856  -57.858  -49.766  32.055 0.0000000000
20857  -58.367  -49.996  31.216 0.0000000000
20858  -58.162  -50.779  30.350 0.0000000000
20859  -58.833  -50.240  30.377 0.0000000000
20860  -59.903  -49.661  28.602 0.0000000000
20861  -59.632  -50.458  28.596 0.0000000000
20862  -59.926  -50.512  27.490 0.0000000000
20864  -60.048  -50.619  26.424 0.0000000000
20869  -59.621  -49.523  25.197 0.0000000000
20870  -60.220  -50.084  24.058 0.0000000000
20871  -60.460  -50.692  24.013 0.0000000000
20872  -60.578  -50.547  22.905 0.0000000000
20878  -61.336  -48.902  18.411 0.0000000000
23084  -50.722  -51.611  44.357 0.0000000000
23085  -50.903  -51.662  43.529 0.0000000000
23086  -50.967  -51.048  44.439 0.0000000000
23087  -51.323  -50.266  44.345 0.0000000000
23088  -51.805  -49.489  44.262 0.0000000000
24614  -49.287  -56.681  39.027 0.0000000000
24615  -49.090  -56.921  37.927 0.0000000000
24616  -49.161  -55.849  38.432 0.0000000000
24617  -49.040  -55.045  37.743 0.0000000000
24635  -50.183  -54.408  43.152 0.0000000000
24636  -50.176  -55.248  42.732 0.0000000000
24637  -50.065  -55.883  42.316 0.0000000000
24638  -49.875  -56.649  41.745 0.0000000000
24639  -50.061  -56.089  41.293 0.0000000000
24640  -49.705  -56.348  40.176 0.0000000000
26030  -42.891  -64.434  45.057 0.0000000000
27469  -55.329  -44.111  42.205 0.0000000000
27470  -55.402  -44.411  40.868 0.0000000000
27471  -55.459  -45.568  39.866 0.0000000000
27472  -55.555  -46.580  39.020 0.0000000000
27473  -55.577  -47.435  38.063 0.0000000000
27474  -55.818  -46.741  37.888 0.0000000000
27475  -56.248  -46.930  36.841 0.0000000000
27476  -56.768  -47.310  35.853 0.0000000000
27490  -59.309  -48.504  31.048 0.0000000000
27491  -59.322  -49.510  30.234 0.0000000000
27493  -59.674  -48.767  29.321 0.0000000000
27494  -59.800  -48.888  28.469 0.0000000000
28904  -50.191  -53.824  41.342 0.0000000000
28905  -49.890  -53.699  40.312 0.0000000000
28906  -50.184  -53.135  41.012 0.0000000000
28907  -50.186  -52.443  40.736 0.0000000000
28908  -50.149  -51.740  40.490 0.0000000000
28909  -50.778  -51.456  42.513 0.0000000000
28910  -50.478  -51.195  41.429 0.0000000000
28911  -50.295  -50.909  40.249 0.0000000000
28923  -50.340  -53.427  43.526 0.0000000000
28924  -50.467  -53.728  42.523 0.0000000000
29999  -47.287  -59.293  41.529 0.0000000000
30001  -47.235  -61.585  42.371 0.0000000000
30002  -48.525  -61.675  41.178 0.0000000000
30004  -47.012  -62.542  42.756 0.0000000000
32455  -49.571  -53.512  39.164 0.0000000000
32494  -48.726  -58.354  41.713 0.0000000000
32495  -49.232  -58.846  41.049 0.0000000000
32496  -49.706  -57.460  41.137 0.0000000000
32497  -49.589  -58.330  40.539 0.0000000000
32498  -49.502  -59.345  40.142 0.0000000000
35303  -50.262  -56.523  29.703 0.0000000000
35309  -50.406  -59.234  27.836 0.0000000000
35310  -48.888  -58.920  27.787 0.0000000000
38295  -52.691  -48.064  39.694 0.0000000000
38300  -54.687  -45.861  42.330 0.0000000000
38301  -54.188  -46.455  42.360 0.0000000000
38302  -53.910  -47.185  41.030 0.0000000000
38303  -53.623  -47.788  39.882 0.0000000000
38308  -55.412  -48.129  36.928 0.0000000000
38309  -55.084  -48.565  35.759 0.0000000000
38331  -56.812  -44.500  37.426 0.0000000000
38332  -56.955  -45.598  36.678 0.0000000000
38333  -57.216  -46.609  35.847 0.0000000000
38334  -57.291  -47.606  34.877 0.0000000000
38335  -58.263  -47.119  33.904 0.0000000000
38336  -57.762  -47.891  33.875 0.0000000000
38337  -57.248  -48.531  33.931 0.0000000000
38338  -57.220  -49.416  32.970 0.0000000000
38339  -57.095  -50.236  32.066 0.0000000000
38340  -56.801  -50.869  31.120 0.0000000000
38342  -57.712  -51.288  29.402 0.0000000000
38344  -59.256  -50.380  29.507 0.0000000000
38345  -59.057  -51.100  28.441 0.0000000000
38346  -58.555  -51.566  27.224 0.0000000000
38352  -59.769  -49.063  27.496 0.0000000000
38354  -59.717  -49.316  26.367 0.0000000000
38355  -60.114  -49.956  26.442 0.0000000000
38356  -60.226  -50.690  25.209 0.0000000000
38363  -61.025  -50.084  19.900 0.0000000000
