#!ascii label  , from subject fsaverage6 vox2ras=TkReg
134
122  -28.274  26.406  7.528 0.0000000000
530  -27.182  26.239  -0.125 0.0000000000
1189  -29.160  20.029  5.248 0.0000000000
1190  -30.334  20.648  2.262 0.0000000000
1191  -27.421  27.135  3.593 0.0000000000
1650  -30.146  24.321  10.555 0.0000000000
2228  -32.097  29.772  5.892 0.0000000000
2262  -31.094  20.259  -0.971 0.0000000000
3107  -28.182  22.822  8.455 0.0000000000
3108  -28.745  19.522  6.928 0.0000000000
3109  -27.939  23.397  6.563 0.0000000000
3110  -28.047  23.669  4.809 0.0000000000
3111  -27.713  27.023  5.618 0.0000000000
3710  -29.574  20.969  11.537 0.0000000000
3711  -31.432  23.095  11.570 0.0000000000
5012  -28.427  23.383  1.322 0.0000000000
5013  -30.780  20.534  0.634 0.0000000000
5014  -28.564  23.003  -0.283 0.0000000000
5015  -28.734  22.520  -1.772 0.0000000000
6751  -29.739  20.428  3.795 0.0000000000
6752  -28.203  23.740  3.023 0.0000000000
6753  -27.295  26.754  1.735 0.0000000000
7691  -28.738  21.900  10.117 0.0000000000
7692  -29.076  25.448  9.162 0.0000000000
9247  -30.833  27.382  8.483 0.0000000000
9248  -29.777  28.629  7.046 0.0000000000
9257  -28.800  29.607  5.337 0.0000000000
9258  -28.265  29.902  3.355 0.0000000000
9259  -27.985  29.635  1.313 0.0000000000
9260  -27.770  29.025  -0.686 0.0000000000
9347  -31.455  20.091  -2.490 0.0000000000
10787  -28.127  24.614  8.063 0.0000000000
10788  -28.008  23.177  7.494 0.0000000000
10789  -27.888  24.976  7.121 0.0000000000
10790  -27.725  25.283  6.230 0.0000000000
10791  -27.959  26.763  6.595 0.0000000000
11390  -31.063  21.569  12.184 0.0000000000
11391  -32.163  22.362  11.918 0.0000000000
12692  -27.580  24.897  0.691 0.0000000000
12693  -28.488  23.211  0.519 0.0000000000
12694  -27.624  24.494  -0.119 0.0000000000
12695  -27.606  24.289  -0.930 0.0000000000
12696  -27.125  25.871  -0.895 0.0000000000
13560  -32.964  18.512  -3.722 0.0000000000
15085  -28.914  19.835  6.062 0.0000000000
15089  -29.877  18.334  4.417 0.0000000000
15091  -29.448  20.249  4.549 0.0000000000
15092  -27.616  25.485  4.313 0.0000000000
15093  -28.110  23.785  3.941 0.0000000000
15094  -27.622  25.467  3.357 0.0000000000
15095  -27.635  25.287  2.420 0.0000000000
15096  -27.342  27.041  2.687 0.0000000000
16892  -29.824  22.716  11.148 0.0000000000
16893  -29.156  21.474  10.888 0.0000000000
16894  -29.252  23.242  10.468 0.0000000000
16895  -28.790  23.749  9.769 0.0000000000
16896  -29.588  24.880  9.909 0.0000000000
20558  -32.696  25.322  10.030 0.0000000000
20560  -32.559  29.042  6.536 0.0000000000
20561  -31.962  27.936  7.874 0.0000000000
20562  -31.375  28.587  7.267 0.0000000000
20563  -30.297  27.989  7.807 0.0000000000
20564  -30.862  29.303  6.561 0.0000000000
20586  -29.904  30.472  4.994 0.0000000000
20588  -28.503  29.844  4.363 0.0000000000
20593  -27.894  29.361  0.255 0.0000000000
20799  -31.400  19.100  1.675 0.0000000000
20800  -30.974  20.422  -0.187 0.0000000000
20801  -32.000  19.166  0.203 0.0000000000
20802  -32.295  19.126  -0.595 0.0000000000
20803  -33.560  17.539  -1.162 0.0000000000
20804  -32.530  18.996  -1.387 0.0000000000
20805  -32.769  18.820  -2.182 0.0000000000
20806  -31.289  20.194  -1.778 0.0000000000
20808  -28.669  22.257  -2.500 0.0000000000
24025  -28.401  20.758  8.615 0.0000000000
24026  -28.664  19.127  7.745 0.0000000000
24027  -28.350  21.201  7.708 0.0000000000
24028  -28.349  21.470  6.847 0.0000000000
24029  -28.434  21.750  5.956 0.0000000000
24030  -28.584  21.890  5.127 0.0000000000
24031  -27.987  23.552  5.683 0.0000000000
24032  -27.641  25.482  5.223 0.0000000000
24033  -27.535  27.151  4.631 0.0000000000
25112  -30.413  22.160  11.704 0.0000000000
25113  -30.801  23.716  11.135 0.0000000000
27454  -29.336  22.052  1.826 0.0000000000
27455  -30.570  20.606  1.444 0.0000000000
27456  -29.527  21.882  0.960 0.0000000000
27457  -29.679  21.716  0.177 0.0000000000
27458  -29.749  21.596  -0.592 0.0000000000
27459  -29.920  21.443  -1.331 0.0000000000
27460  -28.597  22.812  -1.053 0.0000000000
27461  -27.624  23.923  -1.696 0.0000000000
31113  -30.051  20.549  3.055 0.0000000000
31114  -28.728  22.052  4.311 0.0000000000
31115  -28.921  22.180  3.499 0.0000000000
31116  -29.145  22.097  2.678 0.0000000000
31117  -28.313  23.581  2.158 0.0000000000
31118  -27.661  25.044  1.533 0.0000000000
31119  -27.239  26.532  0.818 0.0000000000
33492  -28.682  18.367  9.465 0.0000000000
33493  -29.107  19.529  11.042 0.0000000000
33494  -28.769  19.986  10.248 0.0000000000
33495  -28.526  20.406  9.442 0.0000000000
33496  -28.420  22.385  9.307 0.0000000000
33497  -28.413  24.239  8.906 0.0000000000
33498  -28.636  26.036  8.333 0.0000000000
37979  -33.124  23.264  11.326 0.0000000000
37980  -32.380  23.927  11.076 0.0000000000
37981  -31.691  24.580  10.729 0.0000000000
37982  -31.026  25.262  10.241 0.0000000000
37985  -30.438  25.912  9.617 0.0000000000
37986  -29.876  26.520  8.944 0.0000000000
37987  -29.370  27.137  8.168 0.0000000000
37988  -28.896  27.688  7.386 0.0000000000
38012  -31.627  30.457  5.223 0.0000000000
38013  -30.387  29.912  5.866 0.0000000000
38014  -29.262  29.163  6.300 0.0000000000
38015  -28.432  28.137  6.528 0.0000000000
38016  -28.063  28.444  5.563 0.0000000000
38017  -27.832  28.574  4.581 0.0000000000
38018  -27.682  28.682  3.506 0.0000000000
38020  -28.112  29.854  2.316 0.0000000000
38021  -27.557  28.519  2.528 0.0000000000
38022  -27.442  28.311  1.545 0.0000000000
38023  -27.330  28.063  0.589 0.0000000000
38024  -27.226  27.719  -0.369 0.0000000000
38033  -27.141  27.427  -1.271 0.0000000000
38273  -31.718  19.156  0.953 0.0000000000
38280  -32.881  18.673  -2.985 0.0000000000
38281  -31.577  19.924  -3.216 0.0000000000
38282  -30.030  21.316  -2.078 0.0000000000
38283  -30.105  21.121  -2.798 0.0000000000
