#!ascii label  , from subject fsaverage6 vox2ras=TkReg
43
1177  -34.862  -15.755  18.420 0.0000000000
1179  -34.734  -16.097  14.659 0.0000000000
1181  -38.222  -14.490  7.982 0.0000000000
2249  -36.189  -15.612  11.245 0.0000000000
3098  -34.517  -15.985  16.543 0.0000000000
6228  -38.894  -20.341  20.669 0.0000000000
6727  -34.065  -18.934  18.234 0.0000000000
6729  -33.886  -19.349  15.990 0.0000000000
8274  -34.685  -19.204  19.712 0.0000000000
8275  -35.716  -15.992  19.736 0.0000000000
9306  -35.357  -16.004  12.866 0.0000000000
9308  -37.388  -15.191  9.686 0.0000000000
15052  -34.534  -17.405  18.323 0.0000000000
15053  -33.876  -19.124  17.141 0.0000000000
15054  -34.340  -17.527  17.323 0.0000000000
15055  -34.615  -16.135  15.518 0.0000000000
15056  -34.466  -17.744  15.297 0.0000000000
15057  -34.785  -17.762  14.348 0.0000000000
15059  -35.190  -17.785  13.456 0.0000000000
18192  -36.409  -17.979  20.705 0.0000000000
18193  -35.249  -19.368  20.306 0.0000000000
18194  -35.771  -17.791  20.287 0.0000000000
18195  -35.203  -17.656  19.711 0.0000000000
18196  -36.252  -16.204  20.193 0.0000000000
20705  -35.758  -15.861  12.046 0.0000000000
20706  -36.058  -17.454  11.864 0.0000000000
20710  -37.892  -14.860  8.792 0.0000000000
24007  -35.007  -14.154  18.452 0.0000000000
24008  -34.600  -15.904  17.467 0.0000000000
24010  -34.305  -14.333  16.683 0.0000000000
27400  -34.959  -14.282  10.963 0.0000000000
31062  -34.307  -17.669  16.279 0.0000000000
31063  -34.109  -19.378  14.977 0.0000000000
31075  -38.534  -14.124  7.138 0.0000000000
35119  -34.323  -19.016  19.041 0.0000000000
35120  -34.808  -17.499  19.067 0.0000000000
35121  -35.238  -15.889  19.146 0.0000000000
38157  -34.162  -14.441  13.796 0.0000000000
38158  -35.003  -16.048  13.745 0.0000000000
38159  -35.650  -17.651  12.605 0.0000000000
38164  -36.844  -15.399  10.503 0.0000000000
38166  -37.286  -16.543  9.464 0.0000000000
38168  -35.748  -18.278  9.699 0.0000000000
