#!ascii label  , from subject fsaverage6 vox2ras=TkReg
138
401  -59.144  -27.301  18.358 0.0000000000
759  -62.377  -29.353  26.087 0.0000000000
907  -60.952  -16.183  22.274 0.0000000000
908  -56.958  -20.709  22.933 0.0000000000
1201  -56.365  -30.351  19.980 0.0000000000
1895  -60.251  -27.038  22.413 0.0000000000
1896  -58.260  -24.190  21.811 0.0000000000
2272  -62.062  -30.224  21.445 0.0000000000
2678  -61.225  -28.742  27.917 0.0000000000
2679  -60.509  -27.899  26.440 0.0000000000
4162  -58.290  -21.542  25.026 0.0000000000
4163  -58.061  -23.684  23.676 0.0000000000
4164  -58.241  -22.174  23.506 0.0000000000
4166  -56.168  -22.868  21.711 0.0000000000
5040  -60.405  -27.108  19.950 0.0000000000
5041  -62.042  -28.598  21.454 0.0000000000
5042  -60.741  -28.953  19.359 0.0000000000
5973  -61.755  -29.818  29.585 0.0000000000
5974  -62.879  -30.447  27.867 0.0000000000
5975  -63.170  -31.261  25.779 0.0000000000
6241  -60.198  -18.047  23.736 0.0000000000
6242  -58.311  -20.330  23.547 0.0000000000
6243  -58.792  -18.143  22.817 0.0000000000
8297  -59.265  -26.719  24.786 0.0000000000
8298  -58.310  -25.279  24.015 0.0000000000
8299  -59.015  -25.586  21.821 0.0000000000
8300  -59.022  -25.634  19.801 0.0000000000
8301  -57.527  -22.580  22.323 0.0000000000
8302  -57.481  -24.360  20.514 0.0000000000
8303  -57.634  -25.971  18.915 0.0000000000
9376  -61.619  -28.276  24.079 0.0000000000
9377  -62.825  -29.875  23.478 0.0000000000
9378  -62.370  -31.767  23.565 0.0000000000
9379  -59.608  -30.257  20.435 0.0000000000
10358  -59.662  -27.783  27.300 0.0000000000
10359  -59.223  -27.322  26.536 0.0000000000
11842  -58.885  -20.698  24.771 0.0000000000
11843  -58.350  -21.876  24.210 0.0000000000
11844  -58.704  -21.017  24.049 0.0000000000
12720  -59.954  -27.164  19.038 0.0000000000
12721  -60.717  -28.046  19.457 0.0000000000
12722  -59.917  -28.152  18.610 0.0000000000
13795  -61.917  -28.969  27.126 0.0000000000
13796  -62.270  -29.553  27.889 0.0000000000
13797  -62.703  -29.910  26.950 0.0000000000
13798  -63.116  -30.865  26.882 0.0000000000
13799  -62.931  -30.317  25.908 0.0000000000
14242  -60.535  -17.167  23.229 0.0000000000
14243  -59.491  -18.128  23.272 0.0000000000
14244  -59.961  -17.216  22.486 0.0000000000
18248  -57.872  -25.090  24.945 0.0000000000
18249  -57.722  -24.246  24.692 0.0000000000
18250  -58.304  -23.930  22.739 0.0000000000
18251  -58.390  -24.665  22.810 0.0000000000
18252  -58.578  -24.795  21.832 0.0000000000
18253  -59.166  -25.579  20.756 0.0000000000
18254  -58.625  -24.908  20.912 0.0000000000
18255  -57.693  -20.531  23.254 0.0000000000
18256  -57.864  -21.529  23.051 0.0000000000
18257  -57.212  -21.714  22.714 0.0000000000
18259  -56.754  -23.638  21.163 0.0000000000
18261  -57.624  -25.145  19.659 0.0000000000
20880  -59.771  -26.893  23.709 0.0000000000
20881  -60.501  -27.541  24.462 0.0000000000
20882  -60.951  -27.689  23.138 0.0000000000
20883  -62.263  -29.486  21.288 0.0000000000
20884  -62.494  -29.262  22.402 0.0000000000
20885  -62.617  -30.142  22.318 0.0000000000
20886  -62.842  -30.801  23.427 0.0000000000
20887  -62.305  -30.968  22.506 0.0000000000
20888  -57.349  -29.757  18.946 0.0000000000
20889  -58.875  -29.711  19.360 0.0000000000
20890  -57.917  -30.328  20.191 0.0000000000
23253  -60.126  -28.161  28.005 0.0000000000
23254  -60.846  -28.297  27.194 0.0000000000
23255  -61.563  -28.468  26.394 0.0000000000
23521  -61.445  -15.501  21.245 0.0000000000
23522  -60.542  -16.368  21.378 0.0000000000
25925  -57.793  -23.383  24.593 0.0000000000
25926  -58.038  -22.622  24.451 0.0000000000
25927  -58.230  -22.977  23.547 0.0000000000
25928  -58.169  -23.209  22.738 0.0000000000
25930  -56.491  -21.842  22.445 0.0000000000
27504  -60.527  -27.062  21.139 0.0000000000
27505  -61.332  -27.792  21.819 0.0000000000
27506  -61.227  -27.918  20.581 0.0000000000
27507  -61.554  -28.806  20.296 0.0000000000
27508  -61.580  -29.652  20.441 0.0000000000
27510  -56.811  -31.006  21.104 0.0000000000
29297  -62.482  -30.617  29.834 0.0000000000
29298  -61.539  -29.320  28.689 0.0000000000
29299  -62.453  -30.081  28.767 0.0000000000
29300  -62.861  -30.990  28.964 0.0000000000
29301  -63.016  -31.468  27.988 0.0000000000
29923  -59.807  -18.860  24.115 0.0000000000
29924  -58.918  -20.017  23.943 0.0000000000
29925  -59.139  -19.160  23.679 0.0000000000
29926  -58.440  -19.273  23.355 0.0000000000
29927  -57.729  -19.401  23.050 0.0000000000
31153  -58.806  -28.191  18.026 0.0000000000
35182  -57.561  -25.757  26.116 0.0000000000
35183  -58.556  -26.631  25.796 0.0000000000
35184  -58.154  -25.929  25.286 0.0000000000
35185  -58.755  -26.116  24.334 0.0000000000
35186  -59.179  -26.261  23.240 0.0000000000
35187  -58.115  -24.459  23.830 0.0000000000
35188  -58.718  -25.475  22.931 0.0000000000
35189  -59.639  -26.357  21.988 0.0000000000
35190  -59.851  -26.311  20.801 0.0000000000
35191  -59.730  -26.344  19.758 0.0000000000
35192  -59.260  -26.426  18.942 0.0000000000
35193  -58.345  -21.242  23.521 0.0000000000
35194  -58.021  -22.395  22.820 0.0000000000
35195  -57.949  -23.414  21.945 0.0000000000
35196  -56.884  -22.732  21.943 0.0000000000
35197  -57.428  -23.489  21.437 0.0000000000
35198  -58.087  -24.237  21.003 0.0000000000
35199  -58.300  -24.931  20.097 0.0000000000
35200  -58.488  -25.772  19.169 0.0000000000
35201  -58.408  -26.612  18.421 0.0000000000
36518  -60.304  -18.424  24.652 0.0000000000
36519  -60.753  -17.618  24.242 0.0000000000
36520  -61.088  -16.732  23.798 0.0000000000
36521  -61.312  -15.732  23.064 0.0000000000
38368  -59.898  -27.377  25.632 0.0000000000
38369  -61.092  -28.043  25.468 0.0000000000
38370  -61.985  -28.817  25.109 0.0000000000
38371  -61.977  -28.432  22.770 0.0000000000
38372  -62.354  -29.008  23.760 0.0000000000
38373  -62.664  -29.632  24.817 0.0000000000
38374  -63.066  -30.543  24.597 0.0000000000
38375  -62.937  -31.487  24.568 0.0000000000
38377  -59.537  -29.021  18.783 0.0000000000
38378  -60.416  -29.725  19.804 0.0000000000
38379  -61.050  -30.258  20.807 0.0000000000
38380  -58.387  -30.924  21.202 0.0000000000
38382  -61.320  -31.018  21.805 0.0000000000
38383  -61.416  -31.885  22.793 0.0000000000
