#!ascii label  , from subject fsaverage6 vox2ras=TkReg
21
964  -38.200  -0.867  -19.477 0.0000000000
2882  -36.631  -4.770  -9.956 0.0000000000
4329  -37.271  -2.602  -12.483 0.0000000000
4330  -37.418  -1.490  -13.783 0.0000000000
6342  -37.533  -0.424  -15.155 0.0000000000
8507  -37.066  -3.639  -11.253 0.0000000000
12009  -37.093  -0.506  -11.796 0.0000000000
12010  -37.144  -0.057  -12.410 0.0000000000
18746  -37.667  -3.236  -14.674 0.0000000000
18747  -37.555  -3.809  -13.946 0.0000000000
18751  -37.860  -0.837  -17.280 0.0000000000
18752  -37.913  -1.467  -16.742 0.0000000000
26225  -37.356  -1.997  -13.129 0.0000000000
26226  -37.757  -2.663  -15.357 0.0000000000
30156  -37.138  0.516  -12.949 0.0000000000
30158  -37.461  0.193  -15.616 0.0000000000
35790  -36.859  -4.226  -10.617 0.0000000000
35792  -37.173  -3.122  -11.833 0.0000000000
35793  -37.428  -4.373  -13.247 0.0000000000
35798  -37.491  -0.998  -14.511 0.0000000000
35799  -37.830  -2.073  -16.013 0.0000000000
