#!ascii label  , from subject fsaverage6 vox2ras=TkReg
125
432  -40.085  -11.920  -14.369 0.0000000000
434  -42.140  -4.569  -20.773 0.0000000000
538  -36.405  -16.617  -7.268 0.0000000000
961  -41.323  -8.434  -17.589 0.0000000000
962  -37.640  -6.147  -13.872 0.0000000000
964  -38.200  -0.867  -19.477 0.0000000000
1970  -46.048  -6.734  -16.702 0.0000000000
1973  -38.187  -3.580  -16.912 0.0000000000
2255  -37.968  -14.623  -10.943 0.0000000000
2881  -37.248  -7.369  -12.465 0.0000000000
4321  -45.707  -9.396  -15.401 0.0000000000
4322  -43.419  -10.229  -16.245 0.0000000000
4323  -41.739  -6.608  -19.119 0.0000000000
4324  -44.242  -5.723  -19.114 0.0000000000
4325  -44.395  -3.356  -20.650 0.0000000000
4327  -44.196  -1.027  -22.293 0.0000000000
4332  -39.601  -1.385  -22.390 0.0000000000
4996  -37.087  -15.684  -9.106 0.0000000000
6336  -38.013  -10.658  -13.085 0.0000000000
6337  -40.747  -10.207  -15.972 0.0000000000
6338  -38.605  -9.233  -14.578 0.0000000000
6339  -39.100  -7.761  -16.201 0.0000000000
6340  -39.478  -6.285  -17.839 0.0000000000
6739  -35.967  -15.187  -1.234 0.0000000000
8501  -43.912  -8.048  -17.661 0.0000000000
8502  -46.155  -4.091  -18.130 0.0000000000
8508  -37.948  -4.831  -15.283 0.0000000000
8509  -39.636  -4.761  -19.436 0.0000000000
8511  -39.757  -3.038  -20.989 0.0000000000
8512  -42.091  -2.556  -22.357 0.0000000000
9325  -38.948  -13.350  -12.610 0.0000000000
12000  -41.399  -12.234  -14.720 0.0000000000
12001  -43.116  -11.325  -15.549 0.0000000000
12002  -41.705  -11.353  -15.502 0.0000000000
12003  -41.924  -5.650  -19.921 0.0000000000
12004  -43.213  -5.192  -20.063 0.0000000000
12005  -43.265  -4.162  -20.824 0.0000000000
12006  -44.330  -2.214  -21.468 0.0000000000
12007  -43.298  -3.097  -21.645 0.0000000000
12670  -36.242  -17.188  -6.393 0.0000000000
12676  -36.789  -16.201  -8.240 0.0000000000
14401  -38.320  -9.934  -13.835 0.0000000000
14402  -37.569  -9.036  -12.875 0.0000000000
14403  -37.470  -6.799  -13.190 0.0000000000
14404  -38.005  -7.755  -14.297 0.0000000000
14405  -38.263  -7.100  -15.142 0.0000000000
14406  -39.318  -7.028  -17.077 0.0000000000
14407  -38.471  -6.423  -15.987 0.0000000000
15072  -36.680  -13.326  -0.129 0.0000000000
15073  -35.887  -14.958  -2.277 0.0000000000
18720  -46.096  -11.350  -13.339 0.0000000000
18723  -45.877  -8.089  -16.052 0.0000000000
18728  -41.006  -9.328  -16.732 0.0000000000
18729  -42.337  -9.366  -16.990 0.0000000000
18730  -42.599  -8.383  -17.757 0.0000000000
18731  -45.345  -3.628  -19.464 0.0000000000
18732  -45.292  -4.912  -18.701 0.0000000000
18733  -46.157  -2.757  -18.918 0.0000000000
18748  -38.107  -4.218  -16.232 0.0000000000
18749  -38.692  -5.011  -17.501 0.0000000000
18750  -38.747  -4.323  -18.221 0.0000000000
18754  -40.558  -1.106  -23.260 0.0000000000
18755  -39.695  -2.226  -21.707 0.0000000000
18756  -40.800  -2.049  -22.632 0.0000000000
18757  -40.839  -3.013  -21.802 0.0000000000
18758  -41.937  -1.537  -23.104 0.0000000000
18759  -43.020  -0.741  -23.254 0.0000000000
20750  -40.112  -13.855  -13.001 0.0000000000
20751  -38.488  -13.993  -11.854 0.0000000000
23617  -36.989  -7.982  -11.743 0.0000000000
23619  -36.883  -6.180  -11.169 0.0000000000
23620  -37.145  -5.577  -11.924 0.0000000000
26208  -44.054  -12.176  -14.606 0.0000000000
26209  -45.440  -10.647  -14.739 0.0000000000
26210  -44.359  -11.070  -15.252 0.0000000000
26211  -44.604  -9.947  -15.940 0.0000000000
26212  -44.871  -8.731  -16.598 0.0000000000
26213  -41.568  -7.534  -18.385 0.0000000000
26214  -42.880  -7.359  -18.548 0.0000000000
26215  -43.106  -6.273  -19.327 0.0000000000
26216  -44.348  -4.532  -19.870 0.0000000000
26217  -45.320  -2.414  -20.301 0.0000000000
26219  -45.196  -1.317  -21.118 0.0000000000
26220  -45.058  0.005  -21.981 0.0000000000
26228  -38.811  -1.268  -21.190 0.0000000000
26230  -40.268  -0.142  -23.866 0.0000000000
27426  -37.544  -15.193  -10.060 0.0000000000
27427  -36.562  -9.684  -2.884 0.0000000000
30144  -38.971  -11.407  -13.830 0.0000000000
30145  -40.451  -11.080  -15.186 0.0000000000
30146  -39.247  -10.598  -14.590 0.0000000000
30147  -39.545  -9.814  -15.381 0.0000000000
30148  -39.863  -9.027  -16.241 0.0000000000
30149  -37.828  -8.422  -13.593 0.0000000000
30150  -38.854  -8.502  -15.368 0.0000000000
30151  -40.106  -8.212  -17.039 0.0000000000
30152  -40.342  -7.414  -17.862 0.0000000000
30153  -40.565  -6.579  -18.709 0.0000000000
30154  -40.740  -5.705  -19.548 0.0000000000
31086  -35.676  -16.641  -3.423 0.0000000000
31087  -35.758  -16.182  -4.424 0.0000000000
35771  -42.027  -10.357  -16.255 0.0000000000
35772  -43.667  -9.170  -16.924 0.0000000000
35773  -45.061  -7.477  -17.281 0.0000000000
35774  -44.088  -6.922  -18.365 0.0000000000
35775  -45.182  -6.235  -17.983 0.0000000000
35776  -46.146  -5.379  -17.392 0.0000000000
35791  -37.305  -5.005  -12.581 0.0000000000
35794  -37.825  -5.531  -14.628 0.0000000000
35795  -38.577  -5.718  -16.733 0.0000000000
35796  -39.564  -5.540  -18.637 0.0000000000
35797  -40.816  -4.829  -20.279 0.0000000000
35800  -38.263  -2.949  -17.599 0.0000000000
35801  -38.892  -2.096  -20.431 0.0000000000
35802  -38.898  -2.890  -19.811 0.0000000000
35803  -38.856  -3.604  -19.064 0.0000000000
35804  -39.700  -3.921  -20.161 0.0000000000
35805  -40.885  -3.905  -21.078 0.0000000000
35806  -42.143  -3.607  -21.552 0.0000000000
35807  -43.229  -1.852  -22.483 0.0000000000
38214  -40.730  -13.092  -13.824 0.0000000000
38215  -39.481  -12.633  -13.463 0.0000000000
38221  -37.031  -13.696  -10.257 0.0000000000
38223  -37.924  -12.586  -12.120 0.0000000000
38224  -38.443  -11.980  -12.986 0.0000000000
