#!ascii label  , from subject fsaverage6 vox2ras=TkReg
339
45  -39.033  -27.170  49.577 0.0000000000
165  -34.946  -24.596  50.754 0.0000000000
166  -32.785  -19.292  47.534 0.0000000000
168  -29.819  -29.691  49.726 0.0000000000
369  -38.907  -22.045  44.982 0.0000000000
648  -32.191  -23.926  54.684 0.0000000000
852  -40.065  -24.266  47.364 0.0000000000
856  -40.401  -14.017  40.314 0.0000000000
860  -34.682  -29.284  49.934 0.0000000000
861  -34.977  -30.482  55.584 0.0000000000
862  -39.682  -28.251  55.335 0.0000000000
1026  -51.955  -14.731  32.539 0.0000000000
1447  -34.911  -27.047  46.568 0.0000000000
1448  -35.557  -24.824  45.113 0.0000000000
1449  -35.174  -22.011  49.555 0.0000000000
1454  -31.272  -26.427  48.438 0.0000000000
1817  -39.736  -21.649  42.234 0.0000000000
1820  -36.216  -21.347  36.342 0.0000000000
1821  -37.290  -16.021  35.779 0.0000000000
1822  -43.484  -12.148  38.683 0.0000000000
1828  -30.034  -30.727  55.714 0.0000000000
2770  -41.388  -26.164  52.031 0.0000000000
2771  -42.103  -24.631  50.781 0.0000000000
2772  -40.048  -25.813  48.539 0.0000000000
2780  -36.940  -28.372  49.846 0.0000000000
2781  -37.086  -29.017  52.535 0.0000000000
2782  -39.403  -27.753  52.376 0.0000000000
2783  -41.723  -26.590  55.118 0.0000000000
2946  -53.961  -13.411  31.847 0.0000000000
3370  -34.308  -25.613  48.154 0.0000000000
3371  -35.136  -24.704  47.464 0.0000000000
3372  -35.736  -23.439  49.947 0.0000000000
3380  -33.765  -24.402  52.881 0.0000000000
3381  -31.656  -24.782  51.510 0.0000000000
3382  -33.109  -25.315  49.887 0.0000000000
3383  -33.141  -27.005  47.432 0.0000000000
3992  -39.009  -21.569  43.687 0.0000000000
3993  -33.478  -22.269  46.639 0.0000000000
3994  -34.533  -23.634  44.652 0.0000000000
4002  -35.940  -16.633  36.958 0.0000000000
4003  -44.170  -12.571  41.875 0.0000000000
4004  -42.028  -13.296  39.336 0.0000000000
4017  -29.774  -30.453  52.427 0.0000000000
4018  -37.817  -29.956  58.814 0.0000000000
4019  -35.358  -30.891  58.980 0.0000000000
5767  -35.747  -23.515  53.872 0.0000000000
5768  -36.562  -22.220  52.871 0.0000000000
5771  -31.021  -23.268  59.078 0.0000000000
5772  -30.450  -23.757  55.783 0.0000000000
5773  -32.986  -23.133  57.857 0.0000000000
5774  -34.623  -23.415  56.103 0.0000000000
6139  -41.882  -23.092  49.520 0.0000000000
6140  -39.390  -22.923  46.126 0.0000000000
6154  -32.165  -29.787  49.763 0.0000000000
6155  -32.183  -30.558  52.322 0.0000000000
6156  -34.614  -30.018  52.346 0.0000000000
6157  -37.415  -29.561  55.506 0.0000000000
6452  -50.394  -16.056  33.514 0.0000000000
7213  -36.860  -27.593  47.562 0.0000000000
7214  -37.888  -26.507  46.576 0.0000000000
7215  -35.843  -26.068  45.822 0.0000000000
7216  -34.667  -23.531  47.064 0.0000000000
7217  -33.883  -20.559  49.008 0.0000000000
7218  -36.017  -20.710  52.181 0.0000000000
7219  -34.992  -19.066  51.472 0.0000000000
7228  -29.887  -24.539  52.555 0.0000000000
7230  -30.168  -28.091  48.362 0.0000000000
7231  -32.431  -28.508  48.009 0.0000000000
7232  -34.818  -28.356  47.899 0.0000000000
7464  -50.299  -14.083  29.545 0.0000000000
7465  -52.436  -12.892  28.964 0.0000000000
8082  -37.871  -25.066  45.376 0.0000000000
8083  -37.137  -23.728  44.443 0.0000000000
8084  -36.236  -22.748  43.525 0.0000000000
8088  -36.523  -22.211  40.634 0.0000000000
8089  -37.700  -22.523  38.953 0.0000000000
8090  -38.917  -22.553  37.246 0.0000000000
8093  -38.538  -14.913  34.768 0.0000000000
8094  -38.600  -14.674  38.014 0.0000000000
8095  -40.074  -13.899  37.072 0.0000000000
8112  -30.459  -30.695  59.321 0.0000000000
8113  -32.412  -30.863  55.586 0.0000000000
10450  -40.238  -26.749  50.807 0.0000000000
10451  -40.774  -26.029  50.266 0.0000000000
10452  -39.612  -26.513  49.077 0.0000000000
10460  -38.065  -27.791  49.743 0.0000000000
10461  -38.143  -28.126  51.074 0.0000000000
10462  -39.220  -27.473  50.962 0.0000000000
10463  -40.457  -27.022  52.231 0.0000000000
10627  -55.796  -12.665  33.174 0.0000000000
10628  -56.754  -11.881  32.723 0.0000000000
11050  -34.584  -25.076  49.492 0.0000000000
11051  -35.150  -24.676  49.115 0.0000000000
11052  -35.493  -24.227  50.312 0.0000000000
11059  -28.186  -23.806  55.190 0.0000000000
11060  -34.471  -24.514  52.092 0.0000000000
11061  -33.336  -24.848  51.268 0.0000000000
11062  -34.048  -24.963  50.382 0.0000000000
11063  -33.748  -25.513  49.051 0.0000000000
11668  -40.214  -21.984  46.555 0.0000000000
11670  -40.182  -21.638  45.951 0.0000000000
11671  -40.189  -21.379  45.321 0.0000000000
11672  -38.809  -21.733  44.335 0.0000000000
11673  -32.931  -20.798  47.197 0.0000000000
11674  -32.833  -21.718  46.118 0.0000000000
11682  -35.263  -16.806  37.660 0.0000000000
11697  -29.749  -30.198  50.973 0.0000000000
13450  -36.089  -22.930  55.208 0.0000000000
13451  -36.713  -22.372  54.626 0.0000000000
13457  -32.326  -22.956  60.163 0.0000000000
13458  -32.019  -23.191  58.484 0.0000000000
13459  -33.240  -22.787  59.397 0.0000000000
13461  -34.807  -22.945  57.434 0.0000000000
13463  -35.226  -23.533  54.909 0.0000000000
14068  -41.110  -24.479  48.993 0.0000000000
14069  -42.130  -23.785  50.164 0.0000000000
14070  -40.977  -23.701  48.425 0.0000000000
14071  -40.676  -23.020  47.780 0.0000000000
14072  -39.765  -23.523  46.740 0.0000000000
14094  -27.105  -30.457  58.244 0.0000000000
14095  -33.319  -29.630  49.806 0.0000000000
14096  -33.378  -30.037  51.030 0.0000000000
14097  -34.677  -29.697  51.148 0.0000000000
14098  -38.389  -28.683  53.905 0.0000000000
14099  -37.207  -29.301  53.958 0.0000000000
14100  -38.689  -28.935  55.549 0.0000000000
14101  -38.756  -29.188  56.981 0.0000000000
14102  -39.816  -28.420  56.885 0.0000000000
14104  -40.757  -27.624  56.708 0.0000000000
14591  -51.112  -15.374  32.976 0.0000000000
14593  -53.105  -14.845  34.556 0.0000000000
15865  -35.930  -27.495  46.907 0.0000000000
15866  -36.468  -27.024  46.469 0.0000000000
15867  -35.485  -26.590  46.230 0.0000000000
15868  -35.261  -23.457  48.443 0.0000000000
15869  -35.045  -24.154  47.114 0.0000000000
15870  -34.855  -22.722  48.406 0.0000000000
15871  -34.222  -22.084  48.058 0.0000000000
15872  -34.556  -21.283  49.310 0.0000000000
15873  -36.850  -20.818  53.897 0.0000000000
15874  -36.384  -21.464  52.424 0.0000000000
15875  -36.569  -20.074  53.611 0.0000000000
15879  -34.427  -18.330  50.824 0.0000000000
15895  -31.392  -23.847  55.392 0.0000000000
15896  -30.186  -24.090  54.227 0.0000000000
15897  -30.991  -24.187  53.780 0.0000000000
15898  -31.340  -25.467  49.841 0.0000000000
15899  -30.501  -25.350  50.367 0.0000000000
15900  -30.447  -26.272  48.951 0.0000000000
15901  -29.770  -27.040  48.617 0.0000000000
15902  -30.668  -27.323  48.193 0.0000000000
15903  -31.273  -28.386  48.134 0.0000000000
15904  -31.723  -27.584  47.922 0.0000000000
15905  -34.155  -27.166  46.932 0.0000000000
15906  -33.820  -27.817  47.350 0.0000000000
15907  -34.950  -27.737  47.126 0.0000000000
15908  -35.829  -28.030  47.733 0.0000000000
16404  -51.379  -13.505  29.293 0.0000000000
17728  -40.787  -21.212  43.882 0.0000000000
17733  -36.906  -25.771  45.464 0.0000000000
17734  -38.009  -25.797  45.955 0.0000000000
17735  -36.676  -25.111  44.975 0.0000000000
17737  -35.793  -23.880  44.221 0.0000000000
17738  -35.179  -23.340  43.877 0.0000000000
17739  -36.677  -23.191  43.999 0.0000000000
17752  -36.141  -22.145  38.317 0.0000000000
17753  -36.808  -22.246  37.435 0.0000000000
17755  -37.480  -22.187  36.642 0.0000000000
17761  -37.719  -16.394  34.254 0.0000000000
17762  -37.927  -15.521  35.279 0.0000000000
17764  -37.859  -14.875  38.636 0.0000000000
17765  -39.516  -14.242  39.144 0.0000000000
17766  -42.818  -12.705  39.066 0.0000000000
17767  -41.061  -13.587  38.192 0.0000000000
17768  -41.741  -13.010  37.832 0.0000000000
17769  -40.752  -13.294  36.712 0.0000000000
17770  -42.376  -12.456  37.530 0.0000000000
17771  -43.025  -11.895  37.102 0.0000000000
17803  -28.802  -30.481  54.102 0.0000000000
17804  -27.809  -30.370  54.305 0.0000000000
17805  -28.980  -30.621  55.899 0.0000000000
17806  -29.181  -30.647  57.679 0.0000000000
17807  -30.325  -30.765  57.676 0.0000000000
17808  -33.498  -30.580  53.950 0.0000000000
17809  -32.321  -30.765  54.073 0.0000000000
17810  -33.637  -30.766  55.591 0.0000000000
17812  -34.078  -31.005  59.048 0.0000000000
23416  -42.514  -25.456  53.344 0.0000000000
23418  -41.841  -25.448  51.413 0.0000000000
23419  -41.046  -25.288  49.646 0.0000000000
23420  -40.094  -25.056  47.890 0.0000000000
23434  -35.766  -28.893  49.883 0.0000000000
23435  -35.782  -29.282  51.097 0.0000000000
23436  -36.945  -28.713  51.085 0.0000000000
23437  -38.297  -28.416  52.522 0.0000000000
23438  -39.564  -28.012  53.903 0.0000000000
23439  -40.754  -27.500  55.247 0.0000000000
23440  -40.688  -27.249  53.816 0.0000000000
23441  -41.609  -26.404  53.538 0.0000000000
23732  -52.919  -14.064  32.166 0.0000000000
23733  -53.883  -14.086  34.015 0.0000000000
23734  -54.800  -13.366  33.583 0.0000000000
24496  -34.455  -26.407  46.923 0.0000000000
24497  -34.932  -26.016  46.581 0.0000000000
24498  -34.867  -25.305  47.767 0.0000000000
24499  -35.386  -24.080  48.663 0.0000000000
24500  -35.633  -22.750  49.713 0.0000000000
24514  -33.134  -24.221  53.812 0.0000000000
24515  -31.882  -24.316  53.025 0.0000000000
24516  -32.722  -24.567  52.312 0.0000000000
24517  -32.381  -25.045  50.691 0.0000000000
24518  -32.161  -25.782  49.073 0.0000000000
24519  -32.198  -26.737  47.945 0.0000000000
24520  -32.871  -26.088  48.420 0.0000000000
24521  -33.755  -26.367  47.606 0.0000000000
25616  -39.273  -21.563  42.972 0.0000000000
25617  -34.345  -23.713  45.762 0.0000000000
25618  -35.051  -24.211  44.950 0.0000000000
25619  -33.744  -23.157  45.420 0.0000000000
25633  -35.868  -17.728  36.012 0.0000000000
25634  -36.624  -16.392  36.314 0.0000000000
25635  -42.228  -13.451  40.907 0.0000000000
25636  -41.203  -13.784  39.719 0.0000000000
25637  -43.123  -12.898  40.534 0.0000000000
25638  -43.894  -12.281  40.240 0.0000000000
25661  -29.938  -30.635  54.030 0.0000000000
25662  -36.396  -30.337  57.145 0.0000000000
25663  -35.208  -30.722  57.335 0.0000000000
25664  -36.656  -30.552  58.832 0.0000000000
28813  -35.405  -24.063  52.453 0.0000000000
28814  -35.942  -23.530  51.805 0.0000000000
28815  -36.352  -22.984  53.113 0.0000000000
28816  -36.867  -21.615  54.159 0.0000000000
28824  -29.479  -23.602  56.417 0.0000000000
28825  -30.665  -23.560  57.330 0.0000000000
28826  -31.791  -23.524  56.993 0.0000000000
28827  -32.531  -23.680  56.110 0.0000000000
28829  -33.611  -23.329  56.807 0.0000000000
28830  -33.403  -23.777  55.170 0.0000000000
28831  -34.191  -23.917  54.609 0.0000000000
28832  -34.824  -24.088  53.360 0.0000000000
28842  -30.565  -23.150  60.241 0.0000000000
29678  -43.785  -22.103  52.546 0.0000000000
29679  -43.110  -23.772  52.020 0.0000000000
29680  -43.031  -22.958  51.348 0.0000000000
29682  -41.603  -22.426  48.853 0.0000000000
29683  -40.376  -22.485  47.126 0.0000000000
29684  -39.054  -22.461  45.559 0.0000000000
29699  -39.666  -14.037  41.052 0.0000000000
29702  -41.372  -13.659  41.615 0.0000000000
29716  -30.961  -29.884  49.776 0.0000000000
29717  -30.886  -30.241  50.874 0.0000000000
29718  -32.147  -30.265  50.978 0.0000000000
29719  -33.418  -30.353  52.367 0.0000000000
29720  -34.820  -30.228  54.021 0.0000000000
29721  -35.936  -29.556  52.569 0.0000000000
29722  -36.035  -29.825  54.039 0.0000000000
29723  -36.203  -30.079  55.566 0.0000000000
29724  -37.650  -29.800  57.200 0.0000000000
30410  -49.494  -16.734  33.982 0.0000000000
30412  -51.492  -16.211  35.591 0.0000000000
32191  -37.956  -27.485  48.539 0.0000000000
32192  -38.470  -26.908  47.959 0.0000000000
32193  -37.482  -27.099  47.111 0.0000000000
32194  -36.734  -26.424  45.966 0.0000000000
32195  -35.862  -25.416  45.443 0.0000000000
32196  -35.206  -25.395  46.367 0.0000000000
32197  -35.212  -24.829  46.087 0.0000000000
32198  -34.881  -24.261  45.908 0.0000000000
32199  -34.106  -22.911  46.920 0.0000000000
32200  -33.541  -21.399  47.778 0.0000000000
32201  -33.210  -19.928  48.358 0.0000000000
32202  -36.131  -22.795  51.301 0.0000000000
32203  -35.970  -22.073  50.999 0.0000000000
32204  -35.644  -21.350  50.913 0.0000000000
32205  -36.078  -19.205  53.207 0.0000000000
32206  -35.525  -19.912  51.914 0.0000000000
32207  -35.024  -20.596  50.606 0.0000000000
32208  -34.422  -19.797  50.165 0.0000000000
32209  -33.750  -19.077  49.428 0.0000000000
32229  -28.950  -28.747  49.105 0.0000000000
32230  -29.146  -23.980  54.535 0.0000000000
32233  -30.753  -24.595  52.175 0.0000000000
32234  -29.717  -25.134  51.000 0.0000000000
32236  -28.847  -26.799  49.029 0.0000000000
32237  -29.310  -27.904  48.737 0.0000000000
32238  -30.000  -28.946  48.874 0.0000000000
32239  -30.989  -29.139  48.686 0.0000000000
32240  -32.160  -29.161  48.733 0.0000000000
32241  -33.406  -29.152  48.740 0.0000000000
32242  -32.716  -27.828  47.586 0.0000000000
32243  -33.573  -28.530  47.953 0.0000000000
32244  -34.748  -28.853  48.875 0.0000000000
32245  -35.770  -28.466  48.764 0.0000000000
32246  -36.890  -28.032  48.645 0.0000000000
32867  -48.410  -16.248  32.233 0.0000000000
32868  -49.161  -15.600  31.781 0.0000000000
32869  -49.997  -14.942  31.366 0.0000000000
32872  -51.027  -14.352  31.094 0.0000000000
32873  -52.102  -13.739  30.797 0.0000000000
32874  -53.130  -13.117  30.500 0.0000000000
32875  -54.167  -12.389  30.124 0.0000000000
32876  -55.163  -11.722  29.879 0.0000000000
32877  -53.418  -12.375  28.728 0.0000000000
34554  -38.888  -26.254  47.422 0.0000000000
34555  -39.016  -25.533  46.786 0.0000000000
34556  -38.953  -24.769  46.209 0.0000000000
34557  -36.356  -24.468  44.541 0.0000000000
34558  -37.558  -24.376  44.927 0.0000000000
34559  -38.636  -24.045  45.681 0.0000000000
34560  -38.304  -23.402  45.191 0.0000000000
34561  -37.933  -22.847  44.695 0.0000000000
34562  -37.624  -22.417  44.165 0.0000000000
34570  -35.892  -22.397  42.908 0.0000000000
34571  -37.471  -22.094  43.560 0.0000000000
34572  -37.517  -21.938  42.875 0.0000000000
34573  -37.732  -21.943  42.105 0.0000000000
34574  -38.187  -22.021  41.365 0.0000000000
34575  -35.507  -22.047  39.205 0.0000000000
34576  -37.085  -22.365  39.795 0.0000000000
34577  -38.809  -22.218  40.590 0.0000000000
34578  -39.397  -22.439  39.749 0.0000000000
34579  -40.004  -22.585  38.973 0.0000000000
34580  -40.625  -22.614  38.128 0.0000000000
34589  -39.134  -14.202  34.247 0.0000000000
34591  -37.145  -15.532  37.377 0.0000000000
34592  -37.831  -15.247  36.851 0.0000000000
34593  -40.225  -14.073  38.603 0.0000000000
34594  -39.361  -14.354  37.490 0.0000000000
34595  -38.500  -14.861  36.411 0.0000000000
34596  -39.184  -14.332  35.935 0.0000000000
34597  -39.820  -13.661  35.531 0.0000000000
34644  -30.692  -30.497  61.207 0.0000000000
34645  -31.004  -30.570  52.421 0.0000000000
34646  -31.105  -30.743  53.959 0.0000000000
34647  -31.157  -30.850  55.615 0.0000000000
34648  -33.864  -30.945  57.313 0.0000000000
34649  -32.609  -30.996  57.359 0.0000000000
34650  -31.397  -30.907  57.471 0.0000000000
