#!ascii label  , from subject fsaverage6 vox2ras=TkReg
453
107  -5.403  -29.019  62.226 0.0000000000
235  -6.989  -19.480  62.274 0.0000000000
374  -39.742  -28.513  61.488 0.0000000000
377  -19.027  -21.825  71.664 0.0000000000
486  -5.595  -29.579  53.153 0.0000000000
488  -5.272  -29.462  70.990 0.0000000000
645  -36.446  -22.237  56.645 0.0000000000
647  -33.445  -22.422  60.978 0.0000000000
650  -31.517  -21.796  65.296 0.0000000000
850  -43.364  -24.620  54.639 0.0000000000
863  -42.904  -25.143  60.504 0.0000000000
1045  -32.704  -33.621  66.098 0.0000000000
1062  -8.027  -24.207  63.602 0.0000000000
1063  -9.113  -25.266  58.156 0.0000000000
1064  -6.290  -29.678  57.676 0.0000000000
1066  -5.913  -34.750  58.267 0.0000000000
1067  -12.348  -24.841  72.926 0.0000000000
1068  -8.804  -24.441  73.877 0.0000000000
1070  -8.361  -40.546  73.895 0.0000000000
1576  -6.275  -23.893  67.526 0.0000000000
1826  -30.734  -30.616  68.162 0.0000000000
1827  -34.789  -30.935  66.748 0.0000000000
1829  -35.506  -30.672  62.263 0.0000000000
1837  -14.824  -25.015  70.104 0.0000000000
1839  -16.498  -24.955  65.471 0.0000000000
2102  -7.226  -20.524  57.358 0.0000000000
2103  -8.101  -25.685  53.507 0.0000000000
2109  -6.277  -23.892  71.691 0.0000000000
2110  -4.069  -29.071  66.905 0.0000000000
2111  -5.050  -35.362  68.442 0.0000000000
2112  -3.018  -35.414  66.804 0.0000000000
2113  -4.187  -35.183  62.594 0.0000000000
2565  -37.059  -21.061  59.043 0.0000000000
2567  -35.197  -21.287  61.952 0.0000000000
2568  -34.926  -22.373  58.786 0.0000000000
2570  -34.405  -20.897  64.669 0.0000000000
2982  -6.417  -26.602  62.753 0.0000000000
2983  -7.214  -26.901  60.500 0.0000000000
2984  -6.181  -29.291  60.045 0.0000000000
2985  -6.307  -32.037  57.739 0.0000000000
2986  -6.043  -31.907  60.177 0.0000000000
2988  -10.266  -27.373  72.037 0.0000000000
4011  -28.960  -29.949  66.996 0.0000000000
4012  -31.069  -29.925  66.410 0.0000000000
4013  -32.725  -30.781  67.504 0.0000000000
4014  -33.048  -30.131  65.623 0.0000000000
4020  -37.878  -29.824  62.020 0.0000000000
4021  -37.613  -29.843  64.625 0.0000000000
4022  -39.563  -29.057  63.933 0.0000000000
4025  -44.533  -23.433  59.900 0.0000000000
4034  -17.281  -21.261  72.185 0.0000000000
4035  -15.678  -23.017  72.524 0.0000000000
4036  -16.994  -23.380  71.236 0.0000000000
4624  -7.205  -19.924  59.810 0.0000000000
4625  -7.053  -27.839  55.477 0.0000000000
4626  -8.725  -25.659  55.664 0.0000000000
4640  -6.942  -27.116  72.802 0.0000000000
4641  -7.293  -24.128  73.149 0.0000000000
4642  -5.641  -26.819  71.585 0.0000000000
4643  -5.027  -26.585  69.585 0.0000000000
4644  -4.181  -29.185  69.369 0.0000000000
4651  -3.263  -35.367  64.668 0.0000000000
5769  -37.330  -20.950  55.677 0.0000000000
5778  -32.597  -22.248  63.229 0.0000000000
6122  -46.543  -11.611  44.863 0.0000000000
6124  -48.060  -10.525  47.726 0.0000000000
6136  -44.510  -22.680  57.375 0.0000000000
6138  -43.885  -22.828  53.327 0.0000000000
6158  -39.884  -28.463  58.467 0.0000000000
6159  -41.310  -26.907  60.862 0.0000000000
6160  -41.612  -26.702  58.150 0.0000000000
6161  -43.218  -24.851  57.838 0.0000000000
6518  -8.440  -21.382  63.532 0.0000000000
6519  -9.212  -21.843  60.843 0.0000000000
6520  -8.948  -24.612  61.045 0.0000000000
6521  -7.445  -27.411  57.970 0.0000000000
6522  -5.767  -29.802  55.389 0.0000000000
6523  -5.270  -31.917  53.449 0.0000000000
6524  -5.432  -32.083  55.562 0.0000000000
6525  -5.324  -34.630  56.172 0.0000000000
6529  -10.560  -24.674  73.761 0.0000000000
6530  -8.612  -27.345  72.967 0.0000000000
6532  -7.244  -39.451  73.461 0.0000000000
7513  -6.518  -19.092  64.453 0.0000000000
7514  -7.508  -21.157  65.729 0.0000000000
7515  -6.975  -24.049  65.638 0.0000000000
7516  -5.695  -26.486  64.791 0.0000000000
7524  -8.803  -37.613  73.632 0.0000000000
7525  -9.321  -38.683  74.872 0.0000000000
8103  -27.847  -32.188  68.798 0.0000000000
8104  -26.797  -30.288  67.637 0.0000000000
8105  -28.627  -30.721  68.760 0.0000000000
8106  -29.865  -32.021  68.349 0.0000000000
8107  -31.914  -32.125  67.872 0.0000000000
8108  -33.919  -32.227  67.111 0.0000000000
8109  -35.992  -32.145  66.302 0.0000000000
8116  -35.244  -30.357  65.057 0.0000000000
8117  -37.040  -30.731  66.072 0.0000000000
8136  -13.675  -24.955  71.711 0.0000000000
8142  -19.208  -23.716  67.268 0.0000000000
8143  -18.152  -23.668  69.418 0.0000000000
8144  -15.700  -25.010  67.945 0.0000000000
8872  -6.878  -20.857  55.021 0.0000000000
8873  -9.382  -22.371  58.006 0.0000000000
8874  -8.972  -22.863  55.532 0.0000000000
8875  -8.210  -22.905  53.344 0.0000000000
8894  -6.020  -23.845  69.652 0.0000000000
8895  -5.186  -26.459  67.214 0.0000000000
8896  -4.577  -29.025  64.523 0.0000000000
8899  -5.085  -32.340  69.727 0.0000000000
8901  -3.797  -35.413  68.301 0.0000000000
8902  -3.846  -32.170  68.764 0.0000000000
8903  -3.451  -32.013  66.718 0.0000000000
8904  -3.871  -31.999  64.360 0.0000000000
8905  -4.839  -32.064  62.281 0.0000000000
8906  -5.400  -35.065  60.631 0.0000000000
10245  -37.139  -20.714  59.668 0.0000000000
10247  -35.701  -20.934  62.177 0.0000000000
10248  -35.804  -21.425  60.159 0.0000000000
10250  -35.332  -20.483  64.267 0.0000000000
10662  -5.784  -27.732  62.436 0.0000000000
10663  -6.163  -27.870  61.330 0.0000000000
10664  -5.821  -29.124  61.167 0.0000000000
10665  -6.110  -30.554  60.081 0.0000000000
10666  -5.654  -30.446  61.195 0.0000000000
11693  -32.028  -30.025  65.992 0.0000000000
11694  -31.980  -30.078  64.490 0.0000000000
11698  -38.918  -29.306  60.202 0.0000000000
11699  -37.916  -29.947  60.408 0.0000000000
11700  -38.848  -29.261  61.772 0.0000000000
11701  -38.712  -29.274  63.151 0.0000000000
11702  -39.676  -28.686  62.828 0.0000000000
11704  -40.472  -28.061  62.460 0.0000000000
11712  -18.978  -20.667  71.596 0.0000000000
11714  -18.178  -21.521  72.015 0.0000000000
11715  -17.336  -22.371  72.110 0.0000000000
11716  -18.092  -22.643  71.535 0.0000000000
12302  -6.026  -18.720  61.749 0.0000000000
12303  -6.096  -19.034  60.520 0.0000000000
12304  -7.125  -19.695  61.086 0.0000000000
12305  -6.133  -28.769  54.285 0.0000000000
12306  -6.836  -27.826  54.374 0.0000000000
12320  -6.116  -28.263  71.978 0.0000000000
12321  -6.234  -26.977  72.264 0.0000000000
12322  -5.393  -28.112  71.394 0.0000000000
12323  -4.856  -28.001  70.541 0.0000000000
12324  -4.629  -29.323  70.344 0.0000000000
13450  -36.089  -22.930  55.208 0.0000000000
13452  -37.026  -21.728  55.909 0.0000000000
13460  -35.751  -22.308  57.699 0.0000000000
13467  -34.010  -21.702  62.832 0.0000000000
13468  -33.735  -21.574  64.031 0.0000000000
13469  -33.105  -22.246  62.181 0.0000000000
13470  -31.716  -22.813  61.164 0.0000000000
14042  -45.729  -11.944  45.296 0.0000000000
14043  -47.487  -10.978  46.445 0.0000000000
14065  -43.974  -23.657  56.025 0.0000000000
14066  -44.343  -22.726  55.398 0.0000000000
14067  -43.791  -23.712  54.069 0.0000000000
14086  -44.545  -12.611  43.735 0.0000000000
14105  -42.557  -25.702  54.805 0.0000000000
14106  -42.572  -25.808  56.459 0.0000000000
14107  -43.351  -24.750  56.286 0.0000000000
14108  -43.873  -23.799  57.600 0.0000000000
14702  -8.563  -22.760  63.827 0.0000000000
14703  -9.045  -22.974  62.561 0.0000000000
14704  -8.554  -24.382  62.353 0.0000000000
14705  -6.712  -28.272  59.079 0.0000000000
14706  -7.440  -27.184  59.204 0.0000000000
14707  -6.720  -28.461  57.854 0.0000000000
14710  -5.521  -30.876  55.403 0.0000000000
14711  -5.867  -30.850  56.492 0.0000000000
14712  -6.195  -33.362  57.965 0.0000000000
14713  -5.853  -33.341  56.813 0.0000000000
14714  -5.644  -34.660  57.206 0.0000000000
14716  -5.280  -35.937  57.487 0.0000000000
14717  -12.595  -23.457  73.670 0.0000000000
14718  -11.605  -23.353  73.950 0.0000000000
14719  -11.470  -24.751  73.420 0.0000000000
14721  -9.432  -27.396  72.609 0.0000000000
14722  -8.492  -28.643  72.044 0.0000000000
14723  -7.647  -28.550  72.334 0.0000000000
14725  -7.643  -40.015  73.826 0.0000000000
15919  -30.742  -21.608  66.190 0.0000000000
16510  -7.089  -20.002  65.180 0.0000000000
16511  -6.735  -19.875  66.134 0.0000000000
16512  -6.617  -22.472  67.687 0.0000000000
16513  -6.994  -22.531  66.879 0.0000000000
16514  -6.583  -23.967  66.594 0.0000000000
16515  -6.349  -25.303  65.251 0.0000000000
16516  -6.025  -25.241  66.199 0.0000000000
16533  -8.898  -38.077  74.430 0.0000000000
17782  -26.402  -31.803  69.688 0.0000000000
17783  -26.913  -32.432  68.934 0.0000000000
17784  -27.323  -31.570  69.320 0.0000000000
17788  -29.957  -30.141  67.851 0.0000000000
17789  -28.890  -30.216  68.134 0.0000000000
17790  -29.694  -30.644  68.466 0.0000000000
17791  -29.345  -31.329  68.712 0.0000000000
17792  -30.364  -31.260  68.481 0.0000000000
17793  -30.926  -32.066  68.104 0.0000000000
17794  -31.396  -31.304  68.226 0.0000000000
17795  -33.727  -30.865  67.068 0.0000000000
17796  -33.355  -31.481  67.463 0.0000000000
17797  -34.390  -31.526  67.058 0.0000000000
17798  -34.953  -32.178  66.694 0.0000000000
17799  -35.438  -31.486  66.682 0.0000000000
17816  -34.161  -30.450  63.895 0.0000000000
17817  -35.369  -30.422  63.784 0.0000000000
17818  -38.418  -29.911  65.164 0.0000000000
17819  -37.352  -30.199  65.488 0.0000000000
17820  -38.137  -30.578  65.702 0.0000000000
17821  -37.675  -31.328  65.930 0.0000000000
17830  -42.128  -25.979  60.794 0.0000000000
17831  -42.068  -26.440  61.843 0.0000000000
17862  -15.359  -24.054  71.565 0.0000000000
17863  -14.711  -24.006  72.233 0.0000000000
17864  -14.287  -24.998  70.927 0.0000000000
17866  -13.599  -26.117  69.153 0.0000000000
17878  -16.958  -24.895  64.167 0.0000000000
17879  -18.382  -24.189  65.218 0.0000000000
17880  -17.920  -24.228  66.473 0.0000000000
17881  -18.681  -23.692  68.439 0.0000000000
17882  -17.422  -24.296  67.661 0.0000000000
17883  -16.932  -24.303  68.780 0.0000000000
17884  -16.104  -24.982  66.760 0.0000000000
19625  -6.126  -19.494  58.169 0.0000000000
19627  -6.105  -19.720  57.019 0.0000000000
19629  -7.036  -20.721  56.228 0.0000000000
19630  -9.553  -23.553  59.608 0.0000000000
19631  -9.335  -22.127  59.366 0.0000000000
19632  -9.625  -23.814  58.212 0.0000000000
19633  -8.373  -25.821  54.526 0.0000000000
19634  -9.150  -24.313  55.593 0.0000000000
19635  -8.838  -24.430  54.525 0.0000000000
19636  -8.587  -22.922  54.395 0.0000000000
19637  -8.519  -24.336  53.504 0.0000000000
19677  -8.799  -22.971  73.980 0.0000000000
19678  -6.666  -24.007  72.503 0.0000000000
19679  -7.314  -22.589  73.093 0.0000000000
19684  -6.069  -23.827  70.709 0.0000000000
19685  -4.474  -27.801  68.301 0.0000000000
19686  -5.024  -26.516  68.398 0.0000000000
19687  -4.586  -27.751  67.040 0.0000000000
19688  -4.804  -27.717  65.812 0.0000000000
19689  -4.309  -29.036  65.681 0.0000000000
19697  -5.034  -33.822  69.041 0.0000000000
19701  -3.117  -37.248  67.052 0.0000000000
19702  -3.419  -37.255  67.741 0.0000000000
19703  -3.342  -35.406  67.704 0.0000000000
19704  -3.763  -33.763  68.494 0.0000000000
19705  -3.349  -33.722  67.716 0.0000000000
19706  -3.524  -32.063  67.817 0.0000000000
19707  -3.161  -33.690  66.709 0.0000000000
19708  -3.648  -35.285  63.604 0.0000000000
19709  -3.509  -33.647  64.460 0.0000000000
19710  -3.934  -33.623  63.357 0.0000000000
19711  -4.291  -32.032  63.261 0.0000000000
19712  -4.517  -33.592  62.358 0.0000000000
19713  -5.133  -33.568  61.399 0.0000000000
19714  -4.799  -35.140  61.658 0.0000000000
23047  -36.749  -21.639  57.961 0.0000000000
23048  -37.327  -20.843  57.559 0.0000000000
23051  -34.466  -21.725  61.569 0.0000000000
23052  -34.251  -22.356  59.916 0.0000000000
23053  -35.210  -21.806  60.324 0.0000000000
23054  -35.895  -22.003  58.916 0.0000000000
23058  -34.914  -21.106  63.381 0.0000000000
23798  -7.188  -25.453  63.172 0.0000000000
23799  -7.685  -25.615  62.009 0.0000000000
23800  -6.805  -26.741  61.652 0.0000000000
23801  -6.490  -28.062  60.219 0.0000000000
23802  -6.362  -29.449  58.903 0.0000000000
23803  -6.235  -30.754  57.674 0.0000000000
23804  -6.342  -30.693  58.872 0.0000000000
23805  -6.399  -31.985  59.005 0.0000000000
23806  -6.220  -33.428  59.199 0.0000000000
23807  -12.047  -26.034  71.822 0.0000000000
23808  -11.286  -26.033  72.537 0.0000000000
24527  -30.807  -22.442  63.417 0.0000000000
24528  -30.240  -22.345  64.376 0.0000000000
24886  -6.380  -22.397  68.525 0.0000000000
25651  -30.006  -29.846  66.764 0.0000000000
25652  -30.961  -30.136  67.558 0.0000000000
25653  -31.737  -30.655  67.896 0.0000000000
25654  -31.955  -30.225  67.110 0.0000000000
25655  -32.966  -30.332  66.754 0.0000000000
25656  -33.947  -30.409  66.437 0.0000000000
25666  -36.741  -30.309  62.157 0.0000000000
25667  -36.619  -30.144  63.611 0.0000000000
25668  -37.754  -29.719  63.459 0.0000000000
25669  -38.594  -29.457  64.358 0.0000000000
25670  -39.395  -29.594  64.748 0.0000000000
25675  -43.763  -24.301  60.264 0.0000000000
25694  -16.521  -22.090  72.506 0.0000000000
25695  -16.398  -23.194  71.909 0.0000000000
25696  -15.899  -24.151  70.750 0.0000000000
26753  -6.140  -19.285  59.358 0.0000000000
26754  -7.229  -20.206  58.579 0.0000000000
26755  -8.154  -26.635  56.794 0.0000000000
26756  -8.984  -25.471  56.843 0.0000000000
26757  -7.932  -26.812  55.609 0.0000000000
26758  -7.615  -26.892  54.426 0.0000000000
26782  -7.831  -25.871  73.368 0.0000000000
26783  -8.016  -24.319  73.613 0.0000000000
26784  -7.077  -25.723  72.997 0.0000000000
26785  -6.462  -25.541  72.455 0.0000000000
26786  -5.999  -25.428  71.707 0.0000000000
26787  -5.687  -25.334  70.764 0.0000000000
26788  -5.259  -26.702  70.656 0.0000000000
26789  -4.540  -27.825  69.524 0.0000000000
26790  -4.001  -29.091  68.142 0.0000000000
26795  -5.071  -37.129  67.923 0.0000000000
26800  -3.040  -37.243  66.067 0.0000000000
26801  -3.019  -35.402  65.746 0.0000000000
26802  -3.186  -37.109  65.036 0.0000000000
26803  -3.536  -37.041  63.966 0.0000000000
26804  -3.944  -36.997  62.946 0.0000000000
28818  -37.762  -20.038  57.386 0.0000000000
28828  -33.865  -22.803  58.337 0.0000000000
28838  -34.279  -20.588  65.473 0.0000000000
28840  -32.090  -21.889  64.424 0.0000000000
28841  -31.314  -22.640  62.318 0.0000000000
29644  -48.341  -10.515  46.005 0.0000000000
29704  -45.382  -12.125  43.309 0.0000000000
29726  -39.789  -28.513  59.887 0.0000000000
29727  -40.535  -27.712  61.166 0.0000000000
29728  -40.617  -27.627  59.677 0.0000000000
29729  -41.455  -26.719  59.624 0.0000000000
29730  -42.255  -25.835  59.487 0.0000000000
29731  -41.676  -26.701  56.612 0.0000000000
29732  -42.446  -25.772  58.059 0.0000000000
29733  -43.094  -24.913  59.330 0.0000000000
29734  -43.815  -23.947  59.061 0.0000000000
29735  -44.524  -22.957  58.844 0.0000000000
30566  -7.846  -20.304  62.913 0.0000000000
30567  -8.176  -20.499  61.650 0.0000000000
30568  -8.910  -21.554  62.236 0.0000000000
30569  -9.422  -23.254  61.083 0.0000000000
30570  -9.139  -24.914  59.608 0.0000000000
30571  -8.069  -25.872  60.705 0.0000000000
30572  -8.327  -26.148  59.419 0.0000000000
30573  -8.355  -26.413  58.105 0.0000000000
30574  -7.279  -27.637  56.712 0.0000000000
30575  -6.356  -28.794  55.446 0.0000000000
30576  -5.549  -29.692  54.277 0.0000000000
30577  -5.314  -30.624  53.298 0.0000000000
30579  -5.181  -32.053  54.493 0.0000000000
30580  -5.215  -33.424  54.817 0.0000000000
30581  -5.905  -32.054  56.609 0.0000000000
30582  -5.362  -33.371  55.808 0.0000000000
30583  -5.310  -34.690  55.149 0.0000000000
30590  -10.607  -23.244  74.109 0.0000000000
30591  -9.694  -24.505  73.920 0.0000000000
30592  -10.445  -26.015  73.082 0.0000000000
30593  -9.577  -26.002  73.387 0.0000000000
30594  -8.729  -25.945  73.507 0.0000000000
30595  -7.706  -27.298  73.014 0.0000000000
30596  -6.853  -28.425  72.338 0.0000000000
30597  -6.015  -29.628  71.371 0.0000000000
30598  -7.090  -39.101  72.579 0.0000000000
30599  -6.352  -39.696  71.329 0.0000000000
32261  -29.621  -22.061  65.283 0.0000000000
32262  -29.062  -21.924  66.117 0.0000000000
32998  -5.923  -18.450  62.762 0.0000000000
33007  -6.766  -19.269  63.412 0.0000000000
33008  -7.523  -20.155  64.044 0.0000000000
33009  -7.985  -21.285  64.731 0.0000000000
33010  -8.022  -22.714  64.924 0.0000000000
33011  -7.010  -21.102  66.647 0.0000000000
33012  -7.446  -22.648  65.956 0.0000000000
33013  -7.478  -24.165  64.643 0.0000000000
33014  -6.736  -25.374  64.243 0.0000000000
33015  -6.047  -26.524  63.782 0.0000000000
33016  -5.443  -27.708  63.479 0.0000000000
33036  -8.069  -38.258  72.465 0.0000000000
33037  -7.949  -38.535  73.619 0.0000000000
33038  -8.198  -39.061  74.254 0.0000000000
33039  -8.767  -39.622  74.518 0.0000000000
33040  -10.578  -38.439  75.292 0.0000000000
34621  -27.874  -30.018  67.322 0.0000000000
34622  -27.782  -30.349  68.357 0.0000000000
34623  -27.581  -30.864  69.030 0.0000000000
34624  -28.280  -31.430  69.001 0.0000000000
34625  -28.827  -32.036  68.516 0.0000000000
34630  -32.391  -31.384  67.932 0.0000000000
34631  -32.916  -32.199  67.532 0.0000000000
34632  -33.369  -32.969  66.880 0.0000000000
34634  -35.369  -32.912  66.017 0.0000000000
34653  -31.910  -30.338  62.715 0.0000000000
34654  -33.040  -30.224  64.164 0.0000000000
34655  -34.066  -30.285  65.252 0.0000000000
34656  -35.053  -30.526  66.105 0.0000000000
34657  -36.442  -30.186  64.825 0.0000000000
34658  -36.220  -30.411  65.757 0.0000000000
34659  -35.887  -30.895  66.402 0.0000000000
34660  -36.556  -31.440  66.319 0.0000000000
34672  -41.266  -27.267  62.115 0.0000000000
34711  -13.346  -23.663  73.302 0.0000000000
34712  -14.888  -22.811  73.027 0.0000000000
34713  -14.106  -23.871  72.817 0.0000000000
34714  -13.075  -24.859  72.389 0.0000000000
34715  -12.664  -26.081  70.994 0.0000000000
34726  -19.800  -22.163  71.113 0.0000000000
34730  -18.770  -24.215  63.915 0.0000000000
34731  -19.754  -23.691  66.089 0.0000000000
34733  -19.946  -23.201  69.082 0.0000000000
34734  -19.372  -23.110  70.002 0.0000000000
34735  -18.697  -22.934  70.802 0.0000000000
34736  -17.612  -23.554  70.364 0.0000000000
34737  -16.441  -24.261  69.841 0.0000000000
34738  -15.275  -25.040  69.049 0.0000000000
34739  -14.847  -26.024  65.578 0.0000000000
34741  -14.027  -26.106  68.021 0.0000000000
36863  -8.377  -20.709  60.351 0.0000000000
36864  -8.454  -20.996  58.993 0.0000000000
36865  -8.419  -21.278  57.700 0.0000000000
36866  -9.411  -24.137  56.815 0.0000000000
36867  -9.256  -22.710  56.699 0.0000000000
36868  -8.339  -21.575  56.479 0.0000000000
36869  -8.033  -21.714  55.339 0.0000000000
36870  -7.653  -21.742  54.151 0.0000000000
36927  -6.264  -22.304  69.534 0.0000000000
36928  -6.060  -23.874  68.556 0.0000000000
36929  -5.570  -25.215  69.699 0.0000000000
36930  -5.627  -25.228  68.548 0.0000000000
36931  -5.773  -25.205  67.391 0.0000000000
36932  -5.389  -26.451  65.982 0.0000000000
36933  -5.125  -27.724  64.641 0.0000000000
36934  -4.972  -29.032  63.361 0.0000000000
36942  -5.946  -30.974  70.631 0.0000000000
36943  -5.178  -30.867  70.445 0.0000000000
36944  -5.557  -39.889  69.790 0.0000000000
36945  -4.741  -38.940  68.492 0.0000000000
36946  -4.441  -37.107  68.195 0.0000000000
36948  -3.864  -37.116  68.151 0.0000000000
36949  -4.363  -35.427  68.545 0.0000000000
36950  -4.347  -33.806  68.906 0.0000000000
36951  -4.383  -32.294  69.425 0.0000000000
36952  -4.438  -30.767  69.939 0.0000000000
36953  -3.974  -30.624  69.091 0.0000000000
36954  -3.711  -30.540  67.982 0.0000000000
36955  -3.709  -30.471  66.805 0.0000000000
36956  -3.249  -33.659  65.589 0.0000000000
36957  -3.589  -31.995  65.507 0.0000000000
36958  -3.901  -30.496  65.604 0.0000000000
36959  -4.214  -30.505  64.378 0.0000000000
36960  -4.606  -30.522  63.302 0.0000000000
36961  -5.090  -30.479  62.264 0.0000000000
36962  -5.427  -31.970  61.301 0.0000000000
36963  -5.728  -33.501  60.425 0.0000000000
36964  -5.818  -34.984  59.497 0.0000000000
36966  -5.313  -36.460  59.829 0.0000000000
