#!ascii label  , from subject fsaverage6 vox2ras=TkReg
144
179  -53.649  -6.987  9.449 0.0000000000
182  -61.939  -8.674  10.813 0.0000000000
183  -56.040  -15.522  14.672 0.0000000000
663  -58.538  -7.489  9.264 0.0000000000
907  -60.952  -16.183  22.274 0.0000000000
910  -51.690  -14.409  16.010 0.0000000000
1480  -63.360  -12.532  14.611 0.0000000000
1481  -60.483  -16.278  15.237 0.0000000000
1482  -60.092  -11.552  12.726 0.0000000000
1483  -55.630  -10.471  13.354 0.0000000000
2827  -62.078  -15.194  20.221 0.0000000000
3427  -62.891  -10.754  12.323 0.0000000000
3428  -61.975  -12.275  13.092 0.0000000000
3429  -61.450  -10.136  10.972 0.0000000000
3430  -56.189  -7.195  9.408 0.0000000000
3431  -56.957  -9.157  10.969 0.0000000000
3432  -54.660  -8.717  11.138 0.0000000000
3433  -53.258  -9.804  13.619 0.0000000000
4170  -58.215  -16.044  14.648 0.0000000000
4172  -55.672  -17.052  14.547 0.0000000000
5801  -60.482  -8.002  9.688 0.0000000000
5802  -59.260  -6.031  9.086 0.0000000000
6246  -53.913  -14.925  15.216 0.0000000000
6247  -53.302  -16.677  14.221 0.0000000000
6248  -50.881  -16.412  14.474 0.0000000000
7294  -63.230  -13.827  16.565 0.0000000000
7296  -62.141  -14.429  15.110 0.0000000000
7297  -60.409  -14.163  14.590 0.0000000000
7298  -58.357  -13.670  14.871 0.0000000000
7299  -59.366  -9.562  10.724 0.0000000000
7300  -57.880  -11.013  13.113 0.0000000000
7301  -56.256  -12.976  15.186 0.0000000000
7302  -54.042  -12.197  15.528 0.0000000000
7303  -51.684  -11.627  15.956 0.0000000000
8310  -52.963  -17.756  15.479 0.0000000000
8758  -62.611  -13.850  22.060 0.0000000000
8759  -63.379  -12.934  20.317 0.0000000000
8768  -63.796  -12.108  18.197 0.0000000000
8769  -63.739  -11.414  16.242 0.0000000000
11107  -62.455  -9.677  11.411 0.0000000000
11108  -62.246  -10.470  11.477 0.0000000000
11109  -61.831  -9.407  10.695 0.0000000000
11110  -54.957  -7.098  9.407 0.0000000000
11111  -55.385  -8.035  10.153 0.0000000000
11112  -54.153  -7.888  10.192 0.0000000000
11850  -57.143  -15.769  14.583 0.0000000000
11851  -56.956  -16.602  14.566 0.0000000000
11852  -55.832  -16.368  14.336 0.0000000000
13508  -59.988  -6.330  9.563 0.0000000000
14250  -52.757  -14.644  15.588 0.0000000000
14251  -52.359  -15.708  14.785 0.0000000000
14252  -51.265  -15.524  15.214 0.0000000000
14254  -48.089  -17.257  14.880 0.0000000000
16042  -63.360  -13.269  15.623 0.0000000000
16043  -62.832  -14.241  15.736 0.0000000000
16044  -62.879  -13.467  14.842 0.0000000000
16045  -61.096  -11.910  12.744 0.0000000000
16046  -61.248  -13.111  13.898 0.0000000000
16047  -60.316  -12.737  13.823 0.0000000000
16048  -59.418  -13.918  14.669 0.0000000000
16049  -59.376  -12.402  13.909 0.0000000000
16050  -59.539  -7.729  9.396 0.0000000000
16051  -59.996  -8.789  9.995 0.0000000000
16052  -58.928  -8.518  9.894 0.0000000000
16053  -56.308  -9.844  12.050 0.0000000000
16054  -57.424  -10.086  12.017 0.0000000000
16055  -56.758  -10.806  13.243 0.0000000000
16056  -57.160  -11.901  14.353 0.0000000000
16057  -56.035  -11.615  14.468 0.0000000000
16058  -55.175  -12.626  15.408 0.0000000000
16059  -54.862  -11.233  14.618 0.0000000000
16061  -52.546  -10.606  14.896 0.0000000000
18278  -51.882  -17.399  14.398 0.0000000000
18280  -51.828  -17.913  15.092 0.0000000000
19351  -63.096  -13.348  21.164 0.0000000000
19352  -63.567  -11.998  21.362 0.0000000000
19376  -63.781  -11.783  17.268 0.0000000000
23521  -61.445  -15.501  21.245 0.0000000000
23526  -50.624  -14.208  16.475 0.0000000000
23527  -50.250  -15.391  15.727 0.0000000000
24601  -63.175  -11.700  13.426 0.0000000000
24602  -62.732  -12.559  13.749 0.0000000000
24603  -62.559  -11.554  12.500 0.0000000000
24604  -61.741  -11.232  11.911 0.0000000000
24605  -60.814  -10.806  11.626 0.0000000000
24606  -57.389  -7.366  9.324 0.0000000000
24607  -57.765  -8.337  9.999 0.0000000000
24608  -56.580  -8.230  10.130 0.0000000000
24609  -55.809  -8.991  11.080 0.0000000000
24610  -55.126  -9.592  12.259 0.0000000000
24611  -54.447  -10.143  13.552 0.0000000000
25938  -59.382  -16.155  14.846 0.0000000000
25940  -58.112  -16.750  14.853 0.0000000000
28894  -61.322  -7.694  10.469 0.0000000000
28895  -61.329  -8.345  10.189 0.0000000000
28896  -60.672  -7.311  9.823 0.0000000000
28897  -59.895  -7.017  9.332 0.0000000000
28898  -59.024  -6.763  9.030 0.0000000000
29934  -54.955  -15.191  14.916 0.0000000000
29935  -54.690  -16.117  14.332 0.0000000000
29936  -53.491  -15.865  14.485 0.0000000000
29937  -52.076  -16.537  14.271 0.0000000000
29938  -50.676  -17.314  14.353 0.0000000000
29939  -49.729  -16.358  14.931 0.0000000000
29940  -49.423  -17.241  14.504 0.0000000000
32416  -63.143  -14.322  17.482 0.0000000000
32419  -62.223  -15.286  15.817 0.0000000000
32420  -61.479  -15.471  15.287 0.0000000000
32421  -62.101  -13.430  14.268 0.0000000000
32422  -61.360  -14.435  14.768 0.0000000000
32423  -60.533  -15.407  14.955 0.0000000000
32424  -59.463  -15.187  14.793 0.0000000000
32425  -58.361  -15.053  14.797 0.0000000000
32426  -57.250  -14.748  14.915 0.0000000000
32427  -61.032  -9.059  10.211 0.0000000000
32428  -60.472  -9.798  10.715 0.0000000000
32429  -59.736  -10.517  11.710 0.0000000000
32430  -58.176  -9.340  10.874 0.0000000000
32431  -58.590  -10.269  11.857 0.0000000000
32432  -59.013  -11.232  12.919 0.0000000000
32433  -58.257  -12.185  14.214 0.0000000000
32434  -57.354  -13.276  14.989 0.0000000000
32435  -56.244  -14.416  15.188 0.0000000000
32436  -55.178  -14.042  15.421 0.0000000000
32437  -54.099  -13.658  15.762 0.0000000000
32438  -52.950  -13.298  16.027 0.0000000000
32439  -53.684  -10.844  14.769 0.0000000000
32440  -52.882  -11.831  15.757 0.0000000000
32441  -51.803  -13.025  16.334 0.0000000000
36523  -62.041  -14.410  22.969 0.0000000000
36524  -61.729  -14.973  22.084 0.0000000000
36525  -62.346  -14.484  21.056 0.0000000000
36526  -62.815  -14.159  20.180 0.0000000000
36527  -63.127  -13.862  19.208 0.0000000000
36553  -63.628  -12.508  19.261 0.0000000000
36554  -63.403  -13.456  18.226 0.0000000000
36555  -63.567  -13.024  17.315 0.0000000000
36556  -63.649  -12.578  16.303 0.0000000000
36557  -63.662  -12.038  15.295 0.0000000000
36559  -63.535  -10.909  15.126 0.0000000000
36560  -63.509  -11.375  14.168 0.0000000000
36561  -63.188  -10.561  13.023 0.0000000000
36562  -62.687  -9.659  12.139 0.0000000000
36563  -62.137  -8.668  11.472 0.0000000000
