#!ascii label  , from subject fsaverage6 vox2ras=TkReg
45
255  -43.392  43.171  -13.208 0.0000000000
736  -38.278  46.468  -11.733 0.0000000000
3645  -44.028  40.669  -14.425 0.0000000000
3647  -41.544  42.248  -13.775 0.0000000000
3685  -43.714  41.978  -11.656 0.0000000000
3687  -44.998  39.976  -13.329 0.0000000000
3688  -45.797  37.603  -14.075 0.0000000000
5931  -42.551  45.303  -11.545 0.0000000000
5932  -41.329  45.161  -12.893 0.0000000000
5934  -38.097  49.190  -10.101 0.0000000000
7660  -46.365  35.349  -14.131 0.0000000000
11325  -43.775  41.982  -13.918 0.0000000000
11326  -42.863  41.550  -14.296 0.0000000000
11327  -42.693  42.914  -13.777 0.0000000000
11365  -43.789  42.888  -12.462 0.0000000000
11366  -44.433  41.012  -12.579 0.0000000000
11367  -44.299  41.747  -13.355 0.0000000000
11368  -44.679  40.532  -13.947 0.0000000000
13726  -41.863  46.414  -11.596 0.0000000000
13730  -38.094  50.586  -9.371 0.0000000000
13732  -36.502  51.618  -9.196 0.0000000000
16703  -39.879  45.888  -12.464 0.0000000000
16704  -39.913  44.502  -12.845 0.0000000000
16705  -38.384  45.127  -12.151 0.0000000000
16825  -45.120  37.808  -14.695 0.0000000000
16826  -46.130  36.447  -14.163 0.0000000000
16827  -45.271  36.464  -14.742 0.0000000000
24993  -44.043  39.203  -14.755 0.0000000000
25069  -45.698  38.030  -13.025 0.0000000000
25071  -45.423  38.809  -13.895 0.0000000000
25072  -44.934  39.155  -14.410 0.0000000000
29199  -42.990  44.303  -12.385 0.0000000000
29200  -42.409  44.237  -13.113 0.0000000000
29201  -42.208  45.413  -12.393 0.0000000000
29202  -41.183  46.363  -12.269 0.0000000000
29203  -39.789  47.074  -11.826 0.0000000000
29205  -39.651  48.334  -10.847 0.0000000000
29206  -38.157  47.839  -10.944 0.0000000000
29207  -36.487  48.676  -9.986 0.0000000000
29208  -34.789  49.824  -9.829 0.0000000000
29260  -43.221  43.772  -11.513 0.0000000000
33254  -41.354  43.765  -13.372 0.0000000000
33255  -39.973  42.966  -13.034 0.0000000000
33408  -46.831  36.322  -13.409 0.0000000000
33409  -47.130  35.464  -13.383 0.0000000000
