#!ascii label  , from subject fsaverage6 vox2ras=TkReg
304
117  -29.844  22.779  -20.519 0.0000000000
322  -19.346  24.221  -17.067 0.0000000000
323  -23.788  14.083  -21.912 0.0000000000
516  -17.001  35.418  -20.692 0.0000000000
518  -12.558  48.361  -21.318 0.0000000000
802  -15.965  25.587  -23.081 0.0000000000
803  -17.869  19.446  -21.500 0.0000000000
1130  -23.537  37.315  -10.838 0.0000000000
1131  -19.956  34.295  -14.594 0.0000000000
1132  -21.536  39.166  -16.706 0.0000000000
1732  -24.586  23.588  -16.216 0.0000000000
1733  -26.788  18.316  -22.920 0.0000000000
1734  -22.301  18.914  -18.708 0.0000000000
1735  -19.871  13.507  -21.087 0.0000000000
2187  -27.326  28.402  -15.091 0.0000000000
2188  -21.099  28.195  -13.081 0.0000000000
2189  -19.369  29.992  -19.037 0.0000000000
2190  -14.436  31.307  -24.236 0.0000000000
2195  -15.549  52.773  -15.541 0.0000000000
2197  -14.464  41.577  -21.705 0.0000000000
2722  -14.368  26.187  -23.263 0.0000000000
3048  -25.605  41.254  -10.108 0.0000000000
3050  -23.688  39.841  -11.631 0.0000000000
3051  -22.714  38.189  -13.690 0.0000000000
3052  -23.260  41.019  -14.592 0.0000000000
3847  -21.566  23.516  -15.469 0.0000000000
3848  -23.458  21.301  -17.580 0.0000000000
3849  -20.575  21.232  -16.787 0.0000000000
3850  -16.660  16.189  -22.709 0.0000000000
3851  -18.354  15.970  -21.585 0.0000000000
4831  -24.182  28.030  -13.112 0.0000000000
4833  -19.870  34.861  -18.211 0.0000000000
4834  -19.577  32.166  -16.678 0.0000000000
4835  -18.752  32.829  -20.326 0.0000000000
4836  -16.999  30.608  -22.480 0.0000000000
4837  -15.683  33.634  -23.168 0.0000000000
4849  -11.062  51.920  -20.913 0.0000000000
4854  -15.685  43.323  -17.941 0.0000000000
4855  -13.410  44.887  -21.657 0.0000000000
5430  -25.248  16.202  -23.004 0.0000000000
6052  -18.442  25.018  -20.645 0.0000000000
6053  -18.639  21.970  -19.096 0.0000000000
6054  -17.143  22.746  -22.440 0.0000000000
6055  -15.885  19.981  -23.017 0.0000000000
6644  -21.358  35.894  -12.280 0.0000000000
6645  -21.028  36.648  -15.720 0.0000000000
6646  -18.886  37.230  -18.132 0.0000000000
7882  -27.089  23.918  -19.047 0.0000000000
7883  -28.303  20.758  -21.890 0.0000000000
7884  -25.803  21.637  -20.062 0.0000000000
7885  -24.689  19.147  -20.921 0.0000000000
7886  -23.340  16.750  -20.952 0.0000000000
7887  -19.309  18.660  -18.873 0.0000000000
7888  -20.678  16.268  -19.845 0.0000000000
7889  -21.883  14.086  -20.780 0.0000000000
9122  -30.742  28.188  -17.401 0.0000000000
9123  -29.023  26.005  -18.436 0.0000000000
9124  -26.140  26.032  -15.861 0.0000000000
9125  -23.027  25.717  -14.100 0.0000000000
9126  -20.284  26.208  -14.901 0.0000000000
9127  -19.974  31.294  -13.319 0.0000000000
9128  -19.393  29.134  -15.332 0.0000000000
9129  -19.176  27.056  -17.845 0.0000000000
9130  -18.071  27.821  -21.395 0.0000000000
9131  -15.088  28.276  -23.756 0.0000000000
9132  -13.773  29.125  -23.618 0.0000000000
9150  -21.431  44.398  -14.215 0.0000000000
9151  -19.208  42.052  -15.641 0.0000000000
9152  -17.125  39.887  -17.911 0.0000000000
9153  -15.589  38.360  -21.487 0.0000000000
9154  -11.975  42.844  -24.233 0.0000000000
9155  -12.947  39.405  -24.309 0.0000000000
9156  -14.167  36.660  -24.140 0.0000000000
9157  -13.370  34.483  -24.345 0.0000000000
10729  -24.390  40.572  -10.543 0.0000000000
10730  -23.412  41.165  -11.530 0.0000000000
10731  -23.403  40.414  -13.098 0.0000000000
10732  -23.008  41.853  -12.958 0.0000000000
10929  -30.352  21.216  -21.620 0.0000000000
11527  -20.283  23.841  -16.018 0.0000000000
11528  -21.079  22.388  -16.165 0.0000000000
11529  -19.814  22.677  -16.696 0.0000000000
11531  -17.181  14.386  -22.673 0.0000000000
12513  -18.551  35.045  -19.295 0.0000000000
12514  -19.316  33.860  -19.253 0.0000000000
12515  -17.792  34.123  -20.520 0.0000000000
12516  -17.088  33.171  -21.735 0.0000000000
12517  -16.317  34.615  -21.994 0.0000000000
12529  -11.861  50.076  -21.138 0.0000000000
12530  -12.138  51.197  -19.287 0.0000000000
12531  -12.927  49.373  -19.374 0.0000000000
12533  -13.613  47.561  -19.483 0.0000000000
12534  -14.100  45.839  -19.648 0.0000000000
12535  -12.959  46.661  -21.433 0.0000000000
13110  -24.481  15.217  -22.612 0.0000000000
13927  -17.426  25.318  -22.181 0.0000000000
13928  -17.870  23.902  -21.734 0.0000000000
13929  -16.602  24.155  -22.844 0.0000000000
13931  -15.411  21.698  -23.242 0.0000000000
13933  -15.385  18.488  -22.806 0.0000000000
14906  -24.541  38.031  -10.064 0.0000000000
14908  -24.508  36.835  -9.536 0.0000000000
14909  -24.526  35.522  -9.084 0.0000000000
14910  -23.236  36.103  -10.126 0.0000000000
14912  -22.389  36.615  -11.440 0.0000000000
14913  -22.464  38.641  -15.276 0.0000000000
14914  -21.807  37.477  -14.640 0.0000000000
14915  -21.566  37.837  -16.296 0.0000000000
14916  -20.527  36.951  -17.387 0.0000000000
14917  -20.088  38.244  -17.298 0.0000000000
16715  -28.125  43.815  -11.294 0.0000000000
17302  -25.880  23.810  -17.493 0.0000000000
17303  -26.455  22.778  -19.576 0.0000000000
17304  -25.247  22.683  -18.123 0.0000000000
17305  -22.922  20.134  -18.165 0.0000000000
17306  -24.159  20.367  -19.371 0.0000000000
17307  -23.543  19.183  -19.741 0.0000000000
17308  -24.046  17.979  -20.997 0.0000000000
17309  -22.925  17.977  -19.916 0.0000000000
17310  -18.290  20.839  -20.300 0.0000000000
17311  -18.884  20.381  -18.666 0.0000000000
17312  -18.435  19.122  -20.054 0.0000000000
17313  -18.976  14.548  -21.515 0.0000000000
17314  -19.320  16.028  -20.518 0.0000000000
17315  -20.064  14.893  -20.694 0.0000000000
17316  -21.321  15.206  -20.387 0.0000000000
17317  -20.829  13.877  -20.701 0.0000000000
20246  -28.100  29.336  -14.655 0.0000000000
20248  -28.994  28.487  -16.525 0.0000000000
20249  -30.016  27.079  -17.857 0.0000000000
20250  -28.313  27.362  -16.964 0.0000000000
20251  -27.525  26.178  -17.321 0.0000000000
20252  -26.748  27.221  -15.572 0.0000000000
20253  -22.594  28.065  -12.785 0.0000000000
20254  -23.661  26.839  -13.646 0.0000000000
20255  -22.040  26.875  -13.454 0.0000000000
20256  -21.481  25.794  -14.160 0.0000000000
20257  -20.645  27.162  -13.949 0.0000000000
20260  -19.842  32.874  -13.871 0.0000000000
20261  -19.497  31.063  -17.769 0.0000000000
20262  -19.331  30.729  -15.941 0.0000000000
20263  -19.291  29.624  -17.107 0.0000000000
20264  -19.315  28.102  -16.524 0.0000000000
20265  -19.253  28.559  -18.405 0.0000000000
20266  -18.891  27.465  -19.584 0.0000000000
20267  -18.853  28.897  -20.221 0.0000000000
20268  -15.412  30.912  -23.755 0.0000000000
20269  -16.005  29.451  -23.367 0.0000000000
20270  -14.687  29.673  -24.105 0.0000000000
20271  -14.227  28.624  -23.957 0.0000000000
20272  -13.976  30.161  -24.135 0.0000000000
20311  -16.948  53.953  -15.184 0.0000000000
20313  -17.393  52.165  -14.734 0.0000000000
20315  -18.495  48.600  -14.128 0.0000000000
20316  -18.875  46.635  -14.081 0.0000000000
20317  -20.719  46.111  -13.894 0.0000000000
20318  -19.343  44.770  -14.376 0.0000000000
20319  -20.281  43.280  -14.924 0.0000000000
20320  -18.178  43.583  -15.146 0.0000000000
20321  -15.044  42.467  -19.806 0.0000000000
20322  -16.259  41.503  -17.924 0.0000000000
20323  -15.528  40.631  -19.737 0.0000000000
20324  -16.246  39.082  -19.526 0.0000000000
20325  -14.976  39.905  -21.619 0.0000000000
20331  -12.444  38.378  -24.523 0.0000000000
20332  -13.509  37.960  -24.303 0.0000000000
20333  -13.014  37.032  -24.578 0.0000000000
20334  -13.692  35.619  -24.460 0.0000000000
22050  -27.498  19.551  -22.460 0.0000000000
22051  -28.537  19.256  -22.748 0.0000000000
22052  -27.686  18.074  -23.244 0.0000000000
23332  -14.998  25.813  -23.394 0.0000000000
23333  -15.425  24.398  -23.305 0.0000000000
23334  -14.703  24.680  -23.263 0.0000000000
23918  -26.978  40.421  -10.217 0.0000000000
23921  -24.485  39.255  -10.465 0.0000000000
23922  -23.677  38.513  -11.391 0.0000000000
23923  -22.899  37.748  -12.190 0.0000000000
23924  -23.376  38.973  -12.803 0.0000000000
23925  -23.354  39.477  -14.379 0.0000000000
23926  -22.769  40.033  -15.834 0.0000000000
25357  -23.113  23.495  -15.555 0.0000000000
25358  -24.035  22.497  -16.900 0.0000000000
25359  -22.578  22.302  -16.187 0.0000000000
25360  -22.061  21.109  -16.868 0.0000000000
25361  -21.492  19.954  -17.488 0.0000000000
25362  -17.246  17.833  -22.383 0.0000000000
25363  -17.978  17.614  -21.488 0.0000000000
25364  -17.530  16.101  -22.402 0.0000000000
25365  -18.089  14.374  -22.343 0.0000000000
25366  -19.015  13.176  -21.646 0.0000000000
27126  -26.431  29.169  -13.403 0.0000000000
27127  -25.714  28.188  -13.938 0.0000000000
27128  -24.806  29.098  -12.659 0.0000000000
27129  -23.176  29.150  -12.166 0.0000000000
27130  -21.621  29.376  -12.303 0.0000000000
27131  -20.115  34.601  -16.475 0.0000000000
27132  -19.743  33.202  -15.731 0.0000000000
27133  -19.866  33.570  -17.553 0.0000000000
27134  -19.650  32.515  -18.566 0.0000000000
27135  -19.386  31.425  -19.698 0.0000000000
27136  -18.729  30.330  -20.801 0.0000000000
27137  -17.945  31.752  -21.399 0.0000000000
27138  -16.243  32.075  -22.912 0.0000000000
27139  -15.006  32.368  -23.933 0.0000000000
27163  -14.198  51.701  -16.323 0.0000000000
27164  -16.095  51.012  -15.256 0.0000000000
27168  -16.454  44.257  -16.136 0.0000000000
27170  -14.649  44.152  -19.742 0.0000000000
27171  -13.978  43.235  -21.728 0.0000000000
28206  -26.035  17.197  -23.104 0.0000000000
28207  -26.877  16.915  -23.511 0.0000000000
28208  -26.107  15.838  -23.424 0.0000000000
29482  -18.875  24.717  -18.695 0.0000000000
29483  -18.967  23.162  -18.001 0.0000000000
29484  -18.615  23.598  -19.858 0.0000000000
29485  -18.177  22.452  -21.071 0.0000000000
29486  -17.634  21.142  -21.893 0.0000000000
29487  -15.939  22.997  -23.153 0.0000000000
29488  -16.517  21.462  -22.850 0.0000000000
29489  -16.937  19.712  -22.529 0.0000000000
29490  -16.302  18.092  -22.751 0.0000000000
29491  -15.846  16.660  -22.592 0.0000000000
30857  -24.840  34.228  -9.064 0.0000000000
30862  -20.471  35.169  -13.339 0.0000000000
30863  -21.965  37.055  -12.982 0.0000000000
30864  -21.019  36.391  -13.892 0.0000000000
30865  -20.449  35.561  -15.150 0.0000000000
30866  -20.411  35.810  -16.963 0.0000000000
30867  -19.450  36.077  -18.264 0.0000000000
30868  -17.788  36.245  -19.262 0.0000000000
30889  -10.722  50.821  -22.395 0.0000000000
30890  -11.370  49.019  -22.702 0.0000000000
30891  -11.786  47.319  -22.840 0.0000000000
34012  -28.425  23.551  -20.027 0.0000000000
34013  -29.058  21.765  -21.232 0.0000000000
34014  -27.708  22.402  -20.584 0.0000000000
34015  -27.038  21.342  -21.125 0.0000000000
34016  -26.410  20.075  -21.642 0.0000000000
34017  -24.678  21.578  -18.757 0.0000000000
34018  -25.233  20.420  -20.533 0.0000000000
34019  -25.800  18.725  -22.062 0.0000000000
34020  -25.113  17.640  -22.163 0.0000000000
34021  -24.348  16.546  -22.092 0.0000000000
34022  -23.595  15.392  -21.703 0.0000000000
34023  -19.325  21.468  -17.625 0.0000000000
34024  -19.990  19.959  -17.684 0.0000000000
34025  -20.824  18.657  -18.307 0.0000000000
34026  -18.760  17.397  -20.242 0.0000000000
34027  -19.964  17.290  -19.357 0.0000000000
34028  -21.565  17.589  -19.170 0.0000000000
34029  -22.127  16.616  -20.040 0.0000000000
34030  -22.586  15.422  -20.807 0.0000000000
34031  -22.873  14.080  -21.315 0.0000000000
37584  -30.984  23.630  -19.894 0.0000000000
37611  -29.470  24.403  -19.519 0.0000000000
37612  -27.975  25.052  -18.840 0.0000000000
37613  -26.725  24.998  -17.443 0.0000000000
37614  -25.427  24.810  -15.966 0.0000000000
37615  -25.274  27.047  -14.378 0.0000000000
37616  -24.672  25.801  -14.726 0.0000000000
37617  -23.912  24.608  -14.997 0.0000000000
37618  -22.326  24.615  -14.688 0.0000000000
37619  -20.940  24.842  -15.064 0.0000000000
37620  -19.917  25.215  -16.026 0.0000000000
37623  -20.411  29.671  -13.064 0.0000000000
37624  -19.574  31.792  -14.860 0.0000000000
37625  -19.634  30.195  -14.290 0.0000000000
37626  -20.014  28.639  -14.015 0.0000000000
37627  -19.730  27.593  -15.026 0.0000000000
37628  -19.513  26.627  -16.223 0.0000000000
37629  -19.233  25.706  -17.305 0.0000000000
37630  -18.850  26.056  -19.071 0.0000000000
37631  -18.335  26.391  -20.963 0.0000000000
37632  -17.121  26.693  -22.451 0.0000000000
37633  -17.651  29.203  -21.964 0.0000000000
37634  -16.503  28.001  -22.901 0.0000000000
37635  -15.614  26.907  -23.305 0.0000000000
37636  -14.647  27.211  -23.638 0.0000000000
37637  -14.076  27.601  -23.501 0.0000000000
37692  -22.363  43.468  -12.808 0.0000000000
37693  -22.344  42.731  -14.512 0.0000000000
37694  -21.567  41.652  -15.522 0.0000000000
37695  -20.412  40.607  -16.243 0.0000000000
37696  -17.204  42.553  -16.421 0.0000000000
37697  -18.210  40.968  -16.657 0.0000000000
37698  -19.224  39.555  -17.028 0.0000000000
37699  -18.019  38.516  -18.024 0.0000000000
37700  -16.977  37.623  -19.442 0.0000000000
37701  -16.209  36.902  -21.161 0.0000000000
37702  -12.175  45.570  -23.086 0.0000000000
37703  -12.738  43.918  -23.333 0.0000000000
37704  -13.247  42.263  -23.438 0.0000000000
37706  -12.490  41.067  -24.299 0.0000000000
37707  -13.682  40.576  -23.477 0.0000000000
37708  -14.224  38.989  -23.417 0.0000000000
37709  -14.832  37.523  -23.213 0.0000000000
37710  -15.515  36.129  -22.667 0.0000000000
37711  -14.861  35.164  -23.727 0.0000000000
37712  -14.337  34.083  -24.145 0.0000000000
37713  -13.936  32.896  -24.269 0.0000000000
37716  -13.702  31.785  -23.986 0.0000000000
37717  -13.634  30.769  -23.339 0.0000000000
39774  -29.439  20.318  -22.226 0.0000000000
