#!ascii label  , from subject fsaverage6 vox2ras=TkReg
137
468  -55.892  -18.686  46.499 0.0000000000
469  -58.154  -17.016  39.439 0.0000000000
719  -17.285  -35.403  71.154 0.0000000000
1045  -32.704  -33.621  66.098 0.0000000000
1813  -48.474  -23.384  58.064 0.0000000000
1814  -50.103  -20.517  55.609 0.0000000000
1830  -39.112  -30.334  65.199 0.0000000000
1831  -42.722  -28.536  62.855 0.0000000000
1832  -45.923  -25.907  60.604 0.0000000000
2052  -52.796  -20.760  51.884 0.0000000000
2965  -34.695  -33.630  65.489 0.0000000000
2966  -32.710  -34.754  62.671 0.0000000000
3985  -47.425  -22.061  59.257 0.0000000000
3986  -48.171  -20.426  58.056 0.0000000000
4023  -40.955  -29.618  64.058 0.0000000000
4026  -44.592  -25.003  61.385 0.0000000000
4027  -46.142  -23.467  60.391 0.0000000000
4028  -47.363  -24.633  59.387 0.0000000000
4504  -51.413  -20.276  53.702 0.0000000000
4505  -51.920  -18.379  52.999 0.0000000000
4506  -54.724  -18.326  48.282 0.0000000000
4507  -54.897  -19.638  49.566 0.0000000000
4514  -58.047  -15.228  40.883 0.0000000000
4515  -56.848  -16.140  42.315 0.0000000000
4516  -57.700  -17.608  41.525 0.0000000000
5903  -17.621  -37.993  69.129 0.0000000000
6456  -59.121  -14.456  39.082 0.0000000000
6457  -58.598  -16.486  37.448 0.0000000000
8073  -49.309  -21.925  56.979 0.0000000000
8108  -33.919  -32.227  67.111 0.0000000000
8109  -35.992  -32.145  66.302 0.0000000000
8118  -38.153  -31.961  65.340 0.0000000000
8122  -42.876  -26.433  62.234 0.0000000000
8123  -44.370  -27.236  61.716 0.0000000000
8724  -50.032  -22.986  53.071 0.0000000000
8727  -53.617  -18.920  51.366 0.0000000000
10645  -35.676  -33.511  65.147 0.0000000000
10646  -34.743  -34.255  64.087 0.0000000000
11665  -46.663  -21.729  59.344 0.0000000000
11666  -47.057  -20.875  58.763 0.0000000000
11706  -45.358  -23.315  60.326 0.0000000000
11707  -46.056  -22.502  59.883 0.0000000000
11708  -46.787  -22.724  59.864 0.0000000000
12186  -55.322  -18.601  47.355 0.0000000000
12187  -55.478  -19.214  48.150 0.0000000000
12194  -58.421  -16.041  40.343 0.0000000000
12195  -58.016  -16.420  41.366 0.0000000000
12196  -57.948  -17.333  40.477 0.0000000000
12197  -57.078  -18.476  40.377 0.0000000000
14599  -59.558  -14.140  38.200 0.0000000000
14652  -31.756  -34.245  64.493 0.0000000000
17710  -48.613  -24.366  57.021 0.0000000000
17711  -49.050  -23.603  56.582 0.0000000000
17712  -48.918  -22.616  57.579 0.0000000000
17714  -48.581  -19.744  57.263 0.0000000000
17821  -37.675  -31.328  65.930 0.0000000000
17822  -38.732  -31.091  65.417 0.0000000000
17824  -39.707  -30.919  64.819 0.0000000000
17825  -41.854  -29.117  63.468 0.0000000000
17826  -41.536  -30.125  63.525 0.0000000000
17827  -42.408  -29.665  62.810 0.0000000000
17828  -42.755  -30.271  61.776 0.0000000000
17832  -42.910  -25.657  61.552 0.0000000000
17833  -45.371  -25.340  61.228 0.0000000000
17834  -44.507  -26.096  61.718 0.0000000000
17835  -45.150  -26.607  61.183 0.0000000000
17837  -45.561  -27.253  60.208 0.0000000000
17839  -46.298  -26.635  59.544 0.0000000000
17840  -47.962  -24.007  58.800 0.0000000000
17841  -47.628  -25.441  58.350 0.0000000000
17842  -48.200  -24.835  57.734 0.0000000000
19263  -49.791  -22.086  55.385 0.0000000000
19265  -50.236  -21.683  54.438 0.0000000000
19266  -52.080  -20.475  52.801 0.0000000000
19267  -51.378  -21.606  52.630 0.0000000000
19268  -52.034  -21.764  51.694 0.0000000000
19271  -52.267  -17.712  50.630 0.0000000000
19275  -54.509  -20.629  49.904 0.0000000000
19297  -57.112  -17.064  42.868 0.0000000000
19299  -56.693  -17.316  43.454 0.0000000000
23182  -18.001  -36.148  69.364 0.0000000000
23767  -33.733  -33.654  65.792 0.0000000000
23768  -32.771  -34.316  64.432 0.0000000000
23769  -33.759  -34.345  64.298 0.0000000000
25603  -48.015  -22.593  58.900 0.0000000000
25604  -48.480  -21.838  58.278 0.0000000000
25605  -47.815  -21.248  58.719 0.0000000000
25671  -40.085  -30.012  64.672 0.0000000000
25673  -41.186  -28.714  63.665 0.0000000000
25674  -41.992  -28.075  63.189 0.0000000000
25676  -43.757  -24.875  61.185 0.0000000000
25677  -44.562  -24.066  60.787 0.0000000000
25678  -45.394  -24.264  60.893 0.0000000000
25679  -46.122  -24.655  60.637 0.0000000000
25680  -46.663  -25.241  59.993 0.0000000000
25681  -46.826  -23.931  60.083 0.0000000000
25682  -47.483  -23.250  59.509 0.0000000000
26535  -50.178  -19.249  55.389 0.0000000000
26536  -50.700  -20.278  54.588 0.0000000000
26537  -50.929  -19.185  54.417 0.0000000000
26538  -51.750  -19.232  53.464 0.0000000000
26539  -52.575  -19.489  52.615 0.0000000000
26542  -54.948  -18.800  49.046 0.0000000000
26543  -55.435  -20.014  48.635 0.0000000000
26556  -57.453  -15.754  41.661 0.0000000000
26557  -57.583  -16.734  42.165 0.0000000000
26558  -57.450  -17.830  42.420 0.0000000000
29131  -18.204  -39.467  68.289 0.0000000000
30419  -58.592  -14.821  40.042 0.0000000000
30420  -58.793  -15.679  39.493 0.0000000000
30422  -59.135  -15.399  38.436 0.0000000000
30423  -59.459  -15.241  37.431 0.0000000000
30498  -31.679  -34.714  62.618 0.0000000000
34528  -49.463  -22.869  56.011 0.0000000000
34529  -49.629  -21.145  56.358 0.0000000000
34530  -48.824  -21.083  57.715 0.0000000000
34531  -49.250  -20.388  56.992 0.0000000000
34532  -49.638  -19.717  56.212 0.0000000000
34533  -49.497  -18.624  55.709 0.0000000000
34632  -33.369  -32.969  66.880 0.0000000000
34633  -34.388  -32.976  66.380 0.0000000000
34634  -35.369  -32.912  66.017 0.0000000000
34666  -40.620  -30.572  64.200 0.0000000000
34674  -42.857  -27.415  62.697 0.0000000000
34675  -43.731  -25.779  61.859 0.0000000000
34676  -43.670  -26.739  62.210 0.0000000000
34677  -43.545  -27.901  62.305 0.0000000000
34684  -46.958  -25.996  58.986 0.0000000000
34685  -47.007  -26.924  57.826 0.0000000000
36423  -50.769  -21.508  53.509 0.0000000000
36430  -52.761  -18.646  52.140 0.0000000000
36431  -53.351  -19.836  51.740 0.0000000000
36432  -54.326  -19.325  50.437 0.0000000000
36433  -54.003  -20.269  50.798 0.0000000000
36434  -53.423  -21.166  50.935 0.0000000000
36463  -55.933  -17.940  44.804 0.0000000000
36464  -56.331  -18.674  45.621 0.0000000000
