#!ascii label  , from subject fsaverage6 vox2ras=TkReg
111
565  -32.746  -78.632  16.681 0.0000000000
1250  -32.344  -81.131  29.047 0.0000000000
1251  -33.109  -77.148  23.883 0.0000000000
1252  -34.795  -81.838  22.318 0.0000000000
1253  -35.100  -82.915  16.274 0.0000000000
2334  -31.326  -73.239  19.361 0.0000000000
2336  -29.477  -81.637  12.415 0.0000000000
3169  -32.675  -82.128  31.607 0.0000000000
3170  -34.176  -83.129  28.027 0.0000000000
3171  -33.988  -81.768  25.775 0.0000000000
3172  -35.250  -83.385  24.828 0.0000000000
3173  -36.101  -83.591  21.937 0.0000000000
3801  -26.814  -88.860  13.278 0.0000000000
5193  -32.997  -77.893  20.207 0.0000000000
5195  -31.466  -76.292  17.694 0.0000000000
5197  -30.384  -77.864  14.596 0.0000000000
5198  -28.535  -79.711  12.779 0.0000000000
5199  -31.577  -79.686  14.058 0.0000000000
6860  -32.800  -79.204  26.635 0.0000000000
6861  -34.021  -79.692  23.250 0.0000000000
6862  -34.065  -80.082  19.594 0.0000000000
6863  -34.291  -80.602  16.538 0.0000000000
6864  -35.422  -81.951  19.545 0.0000000000
6865  -36.377  -84.198  18.878 0.0000000000
9537  -26.220  -73.015  20.575 0.0000000000
9563  -29.542  -71.936  18.662 0.0000000000
9569  -32.540  -81.763  14.068 0.0000000000
10848  -35.711  -82.963  28.154 0.0000000000
10849  -34.479  -83.053  29.053 0.0000000000
10850  -35.138  -83.391  27.307 0.0000000000
10851  -34.770  -83.328  26.350 0.0000000000
10852  -35.711  -83.659  25.789 0.0000000000
11481  -26.215  -87.874  13.273 0.0000000000
12873  -32.785  -78.338  18.391 0.0000000000
12874  -32.218  -77.100  18.853 0.0000000000
12875  -31.946  -77.603  17.038 0.0000000000
12876  -30.879  -77.082  16.018 0.0000000000
12877  -31.640  -78.157  15.362 0.0000000000
12878  -30.993  -78.773  14.200 0.0000000000
12879  -32.397  -79.016  15.231 0.0000000000
15266  -32.414  -81.865  30.332 0.0000000000
15272  -32.509  -80.193  27.780 0.0000000000
15273  -34.529  -81.846  24.123 0.0000000000
15274  -34.080  -80.789  24.630 0.0000000000
15275  -34.441  -80.777  22.793 0.0000000000
15276  -34.092  -79.799  21.358 0.0000000000
15277  -34.531  -80.927  20.988 0.0000000000
15278  -34.710  -80.934  19.655 0.0000000000
15279  -35.139  -81.810  20.970 0.0000000000
15280  -36.563  -84.382  21.390 0.0000000000
15281  -36.295  -83.836  20.367 0.0000000000
15282  -36.691  -84.686  19.967 0.0000000000
17074  -36.726  -78.407  31.445 0.0000000000
17075  -36.769  -78.791  30.019 0.0000000000
17076  -36.366  -80.365  29.456 0.0000000000
17077  -37.105  -79.326  28.381 0.0000000000
17082  -39.531  -76.849  25.395 0.0000000000
17084  -39.913  -76.573  24.680 0.0000000000
18515  -24.756  -77.854  20.446 0.0000000000
21347  -30.525  -72.450  18.806 0.0000000000
21348  -28.726  -76.229  15.061 0.0000000000
21349  -28.656  -74.845  16.061 0.0000000000
21353  -25.549  -78.713  13.976 0.0000000000
21354  -26.803  -78.577  13.522 0.0000000000
21355  -28.984  -80.758  12.583 0.0000000000
21356  -27.382  -80.851  12.442 0.0000000000
21360  -34.859  -81.746  16.400 0.0000000000
21361  -33.645  -81.144  15.202 0.0000000000
21362  -33.922  -82.284  15.209 0.0000000000
24137  -33.372  -82.696  29.702 0.0000000000
24138  -33.136  -82.309  28.565 0.0000000000
24139  -33.091  -81.547  27.453 0.0000000000
24140  -33.995  -82.611  26.950 0.0000000000
24141  -34.604  -82.700  25.249 0.0000000000
24142  -34.932  -82.763  23.650 0.0000000000
24143  -35.419  -82.700  22.354 0.0000000000
24144  -35.697  -83.473  23.422 0.0000000000
27779  -33.306  -77.440  22.053 0.0000000000
27780  -32.782  -76.092  22.564 0.0000000000
27781  -32.707  -76.475  20.758 0.0000000000
27782  -32.070  -75.677  19.530 0.0000000000
27783  -31.453  -74.791  18.432 0.0000000000
27784  -30.634  -74.071  17.695 0.0000000000
27785  -30.661  -75.668  16.758 0.0000000000
27786  -29.805  -76.544  15.355 0.0000000000
27787  -29.027  -77.594  14.096 0.0000000000
27788  -28.092  -78.528  13.322 0.0000000000
27789  -29.579  -78.637  13.523 0.0000000000
27790  -30.095  -79.673  13.250 0.0000000000
27791  -30.607  -80.613  13.055 0.0000000000
31366  -33.090  -78.216  25.255 0.0000000000
31367  -33.247  -80.573  26.290 0.0000000000
31368  -33.484  -79.519  25.019 0.0000000000
31369  -33.547  -78.435  23.550 0.0000000000
31370  -33.672  -78.720  21.691 0.0000000000
31371  -33.490  -79.061  19.816 0.0000000000
31372  -33.469  -79.381  18.116 0.0000000000
31373  -33.559  -79.630  16.524 0.0000000000
31374  -34.230  -80.281  18.112 0.0000000000
31375  -34.999  -81.258  18.109 0.0000000000
31376  -35.538  -82.414  17.840 0.0000000000
31377  -35.776  -82.814  20.728 0.0000000000
31378  -35.944  -83.130  19.181 0.0000000000
31379  -35.870  -83.564  17.614 0.0000000000
33722  -36.725  -78.102  32.569 0.0000000000
38930  -29.653  -73.553  17.297 0.0000000000
38931  -28.624  -73.284  17.416 0.0000000000
38932  -27.663  -73.279  17.918 0.0000000000
38945  -33.156  -80.004  15.209 0.0000000000
38946  -32.247  -80.605  14.049 0.0000000000
38947  -31.026  -81.584  12.984 0.0000000000
