#!ascii label  , from subject fsaverage6 vox2ras=TkReg
115
69  -7.308  -73.346  46.686 0.0000000000
189  -10.106  -70.514  53.312 0.0000000000
940  -6.404  -68.082  51.903 0.0000000000
942  -5.671  -68.522  47.784 0.0000000000
1493  -8.106  -72.854  51.014 0.0000000000
1501  -7.570  -67.940  56.039 0.0000000000
2593  -13.048  -67.279  59.891 0.0000000000
2860  -6.477  -70.970  49.395 0.0000000000
2861  -5.951  -68.226  49.835 0.0000000000
2862  -6.224  -71.261  47.233 0.0000000000
2863  -5.928  -71.511  45.226 0.0000000000
3449  -9.168  -71.988  52.265 0.0000000000
3450  -10.088  -73.936  50.204 0.0000000000
3451  -10.758  -72.002  50.557 0.0000000000
3460  -9.825  -68.958  56.955 0.0000000000
3461  -8.710  -67.427  57.966 0.0000000000
3462  -8.553  -69.894  55.233 0.0000000000
3463  -7.510  -70.375  53.488 0.0000000000
5813  -11.280  -69.428  54.998 0.0000000000
5814  -11.453  -69.985  51.449 0.0000000000
5815  -12.672  -68.688  53.458 0.0000000000
5821  -11.447  -68.199  58.505 0.0000000000
6300  -7.939  -65.720  53.834 0.0000000000
6302  -7.209  -65.581  51.681 0.0000000000
6303  -6.533  -65.337  49.668 0.0000000000
6304  -6.159  -65.478  47.803 0.0000000000
6306  -5.518  -68.870  45.747 0.0000000000
7325  -7.615  -73.243  48.808 0.0000000000
7344  -6.928  -68.070  54.045 0.0000000000
7345  -6.921  -70.719  51.550 0.0000000000
10529  -7.150  -73.525  45.623 0.0000000000
10540  -6.893  -72.148  48.038 0.0000000000
10541  -6.328  -71.052  48.316 0.0000000000
10542  -6.759  -72.308  46.927 0.0000000000
10543  -6.532  -72.481  45.912 0.0000000000
11129  -9.620  -71.224  52.692 0.0000000000
11130  -10.010  -72.146  51.533 0.0000000000
11131  -10.390  -71.193  51.820 0.0000000000
11140  -10.000  -69.876  55.189 0.0000000000
11141  -9.144  -69.432  56.121 0.0000000000
11142  -9.379  -70.331  54.401 0.0000000000
11143  -8.817  -70.895  53.674 0.0000000000
13529  -12.067  -69.037  55.749 0.0000000000
13530  -11.999  -69.147  54.145 0.0000000000
13531  -12.817  -68.711  55.125 0.0000000000
13541  -12.252  -67.783  59.216 0.0000000000
13542  -12.202  -68.484  57.605 0.0000000000
13543  -11.430  -68.906  56.838 0.0000000000
14340  -6.947  -66.792  53.007 0.0000000000
14341  -7.591  -65.652  52.690 0.0000000000
14342  -6.615  -66.766  51.918 0.0000000000
14343  -5.776  -68.371  48.822 0.0000000000
14344  -6.087  -66.767  49.888 0.0000000000
14345  -5.927  -66.881  48.916 0.0000000000
14346  -6.323  -65.380  48.798 0.0000000000
14347  -5.812  -66.997  47.886 0.0000000000
14349  -5.646  -68.729  46.789 0.0000000000
14350  -6.384  -72.671  44.022 0.0000000000
16109  -7.766  -73.092  49.982 0.0000000000
16110  -8.337  -74.258  48.835 0.0000000000
16111  -8.589  -74.049  49.870 0.0000000000
16143  -8.093  -67.727  57.008 0.0000000000
16148  -7.462  -66.875  55.087 0.0000000000
16149  -7.185  -68.052  55.042 0.0000000000
16150  -7.804  -71.685  52.280 0.0000000000
16151  -7.199  -70.651  52.512 0.0000000000
16152  -7.415  -71.825  51.350 0.0000000000
16153  -7.145  -71.923  50.288 0.0000000000
23580  -6.282  -69.691  50.755 0.0000000000
23581  -6.134  -68.145  50.811 0.0000000000
23582  -6.086  -69.683  49.629 0.0000000000
23583  -5.968  -69.776  48.587 0.0000000000
23584  -5.886  -69.963  47.544 0.0000000000
23585  -5.764  -70.111  46.557 0.0000000000
23586  -6.080  -71.295  46.222 0.0000000000
23587  -6.498  -72.540  44.962 0.0000000000
24641  -8.662  -72.558  51.815 0.0000000000
24642  -9.078  -73.575  50.736 0.0000000000
24643  -9.631  -72.964  51.247 0.0000000000
24644  -10.459  -73.115  50.369 0.0000000000
24645  -11.321  -72.952  49.593 0.0000000000
24660  -9.915  -67.907  58.414 0.0000000000
24661  -9.477  -67.071  58.836 0.0000000000
24662  -9.098  -68.246  57.633 0.0000000000
24663  -8.402  -68.746  56.684 0.0000000000
24664  -7.784  -69.221  55.758 0.0000000000
24665  -7.346  -69.231  54.847 0.0000000000
24666  -8.010  -70.192  54.358 0.0000000000
24667  -8.313  -71.351  52.972 0.0000000000
28925  -10.662  -69.955  54.119 0.0000000000
28926  -10.827  -70.411  52.473 0.0000000000
28927  -11.356  -69.679  53.235 0.0000000000
28928  -12.022  -69.256  52.439 0.0000000000
28931  -13.422  -68.036  52.718 0.0000000000
28943  -10.738  -67.550  59.113 0.0000000000
28944  -10.653  -68.571  57.808 0.0000000000
28945  -10.658  -69.400  56.005 0.0000000000
30062  -8.729  -64.749  53.413 0.0000000000
30063  -8.454  -64.700  52.333 0.0000000000
30064  -8.041  -64.473  51.244 0.0000000000
30065  -6.349  -66.759  50.771 0.0000000000
30066  -6.803  -65.394  50.611 0.0000000000
30068  -7.300  -64.134  49.413 0.0000000000
30075  -5.619  -70.308  45.514 0.0000000000
32501  -7.461  -73.325  47.739 0.0000000000
32505  -9.992  -75.573  47.782 0.0000000000
32506  -9.666  -74.571  49.685 0.0000000000
32512  -11.069  -70.950  50.789 0.0000000000
32551  -7.241  -66.875  54.075 0.0000000000
32552  -6.657  -68.074  52.939 0.0000000000
32553  -7.094  -69.315  53.834 0.0000000000
32554  -6.791  -69.427  52.777 0.0000000000
32555  -6.528  -69.559  51.757 0.0000000000
32556  -6.655  -70.820  50.540 0.0000000000
32557  -7.025  -72.089  49.162 0.0000000000
