#!ascii label  , from subject fsaverage6 vox2ras=TkReg
172
308  -18.493  -35.563  40.613 0.0000000000
309  -14.767  -44.527  46.206 0.0000000000
1285  -15.166  -38.282  40.029 0.0000000000
1286  -15.647  -32.884  37.506 0.0000000000
1287  -11.663  -35.137  40.061 0.0000000000
1705  -14.575  -32.557  48.356 0.0000000000
1706  -17.362  -31.745  43.538 0.0000000000
1707  -18.142  -36.804  45.739 0.0000000000
1708  -17.673  -40.873  43.308 0.0000000000
1709  -12.851  -41.797  43.553 0.0000000000
2376  -17.792  -29.376  38.692 0.0000000000
3205  -12.712  -38.838  41.159 0.0000000000
3206  -13.417  -36.684  39.760 0.0000000000
3207  -11.074  -37.379  41.071 0.0000000000
3208  -9.349  -36.031  41.326 0.0000000000
3802  -15.172  -34.732  49.491 0.0000000000
3803  -16.655  -34.641  47.017 0.0000000000
3804  -17.158  -36.980  48.220 0.0000000000
3805  -17.127  -43.796  47.007 0.0000000000
3806  -18.126  -41.494  45.762 0.0000000000
3807  -16.498  -43.044  44.770 0.0000000000
3808  -15.575  -41.707  42.914 0.0000000000
3809  -13.950  -43.242  44.635 0.0000000000
5295  -18.365  -33.560  41.960 0.0000000000
5296  -17.975  -30.730  41.075 0.0000000000
5297  -18.283  -32.452  39.503 0.0000000000
6921  -17.304  -37.239  39.781 0.0000000000
6922  -17.406  -34.293  38.487 0.0000000000
6923  -15.631  -35.678  38.640 0.0000000000
6924  -13.685  -34.137  38.532 0.0000000000
6925  -11.802  -32.734  39.294 0.0000000000
7821  -16.301  -32.351  45.959 0.0000000000
7822  -17.759  -34.341  44.480 0.0000000000
7823  -18.725  -36.464  43.114 0.0000000000
7824  -18.342  -39.253  47.088 0.0000000000
7825  -18.669  -38.960  44.460 0.0000000000
7826  -18.335  -38.377  41.915 0.0000000000
7827  -16.710  -39.709  41.221 0.0000000000
7828  -14.238  -40.328  41.770 0.0000000000
7829  -11.493  -40.458  42.838 0.0000000000
9687  -17.150  -31.213  37.573 0.0000000000
9707  -11.300  -44.190  46.267 0.0000000000
10885  -11.396  -39.027  41.782 0.0000000000
10886  -11.889  -38.082  41.085 0.0000000000
10887  -10.507  -38.403  41.721 0.0000000000
10888  -9.714  -37.764  41.797 0.0000000000
11483  -16.269  -35.861  48.831 0.0000000000
11484  -16.528  -36.988  49.413 0.0000000000
11485  -16.081  -44.351  46.493 0.0000000000
11486  -16.848  -43.501  45.861 0.0000000000
11487  -15.733  -43.891  45.494 0.0000000000
11488  -15.281  -43.277  44.594 0.0000000000
11489  -14.382  -43.928  45.340 0.0000000000
12975  -18.605  -34.535  41.246 0.0000000000
12976  -18.432  -33.032  40.700 0.0000000000
12977  -18.448  -34.000  39.986 0.0000000000
15375  -16.339  -37.861  39.785 0.0000000000
15376  -16.515  -36.540  39.075 0.0000000000
15377  -15.481  -37.013  39.272 0.0000000000
15378  -12.555  -35.903  39.856 0.0000000000
15379  -13.638  -35.447  39.108 0.0000000000
15380  -12.707  -34.632  39.279 0.0000000000
15381  -12.750  -33.348  38.781 0.0000000000
15382  -11.788  -33.917  39.575 0.0000000000
15383  -10.811  -33.229  39.988 0.0000000000
15384  -10.767  -34.418  40.218 0.0000000000
17167  -14.217  -31.570  47.761 0.0000000000
17168  -15.219  -31.419  46.647 0.0000000000
17169  -15.528  -32.488  47.163 0.0000000000
17170  -17.476  -35.753  46.326 0.0000000000
17171  -17.272  -34.596  45.757 0.0000000000
17172  -17.945  -35.600  45.112 0.0000000000
17173  -18.347  -35.340  43.801 0.0000000000
17174  -18.504  -36.641  44.442 0.0000000000
17176  -18.008  -39.315  48.378 0.0000000000
17178  -17.992  -41.257  44.562 0.0000000000
17179  -18.456  -40.236  45.137 0.0000000000
17180  -18.356  -40.033  43.798 0.0000000000
17181  -18.583  -38.738  43.156 0.0000000000
17182  -18.086  -39.685  42.601 0.0000000000
17183  -17.685  -39.176  41.493 0.0000000000
17184  -17.259  -40.372  42.245 0.0000000000
17185  -14.263  -41.846  43.177 0.0000000000
17186  -14.937  -41.028  42.233 0.0000000000
17187  -13.668  -41.099  42.698 0.0000000000
17188  -12.903  -40.378  42.255 0.0000000000
17189  -12.277  -41.084  43.131 0.0000000000
21645  -16.631  -30.888  44.293 0.0000000000
21646  -16.326  -29.630  43.974 0.0000000000
21647  -17.112  -30.420  43.128 0.0000000000
21648  -18.009  -30.048  39.876 0.0000000000
21649  -17.696  -29.194  40.716 0.0000000000
21653  -16.586  -33.626  37.857 0.0000000000
21654  -17.342  -32.750  37.978 0.0000000000
21655  -16.464  -32.079  37.410 0.0000000000
21704  -9.976  -44.614  46.835 0.0000000000
21705  -9.476  -44.022  46.138 0.0000000000
21706  -10.971  -43.576  45.656 0.0000000000
24201  -13.897  -38.576  40.524 0.0000000000
24202  -14.318  -37.463  39.799 0.0000000000
24203  -13.080  -37.794  40.431 0.0000000000
24204  -12.233  -37.036  40.450 0.0000000000
24205  -11.415  -36.264  40.565 0.0000000000
24206  -10.612  -35.587  40.679 0.0000000000
24207  -10.238  -36.727  41.132 0.0000000000
25276  -14.881  -33.629  48.996 0.0000000000
25277  -15.747  -33.542  47.763 0.0000000000
25278  -15.954  -34.655  48.312 0.0000000000
25279  -16.889  -35.807  47.616 0.0000000000
25280  -17.669  -36.890  47.013 0.0000000000
25284  -17.496  -42.398  45.179 0.0000000000
25285  -17.210  -41.936  44.070 0.0000000000
25286  -16.709  -41.435  42.998 0.0000000000
25287  -16.101  -42.441  43.826 0.0000000000
25288  -14.823  -42.583  43.842 0.0000000000
25289  -13.428  -42.495  44.025 0.0000000000
27963  -17.961  -32.670  42.784 0.0000000000
27964  -17.745  -31.284  42.305 0.0000000000
27965  -18.177  -32.106  41.491 0.0000000000
27966  -18.262  -31.516  40.200 0.0000000000
27967  -18.064  -30.923  39.041 0.0000000000
27968  -14.558  -32.215  37.509 0.0000000000
27969  -15.386  -31.420  37.117 0.0000000000
29428  -16.380  -44.733  47.638 0.0000000000
29429  -15.133  -45.028  47.212 0.0000000000
31509  -18.039  -36.556  40.143 0.0000000000
31510  -18.054  -34.960  39.480 0.0000000000
31511  -17.404  -35.759  39.137 0.0000000000
31512  -16.586  -35.079  38.455 0.0000000000
31513  -15.644  -34.321  38.039 0.0000000000
31514  -14.550  -36.264  39.124 0.0000000000
31515  -14.703  -34.889  38.436 0.0000000000
31516  -14.683  -33.580  37.883 0.0000000000
31517  -13.672  -32.858  38.090 0.0000000000
31518  -12.700  -32.157  38.500 0.0000000000
33843  -14.925  -30.384  46.170 0.0000000000
33844  -16.019  -31.217  45.503 0.0000000000
33845  -16.885  -32.129  44.767 0.0000000000
33846  -16.477  -33.483  46.484 0.0000000000
33847  -17.085  -33.384  45.243 0.0000000000
33848  -17.582  -33.066  43.974 0.0000000000
33849  -18.144  -33.971  43.229 0.0000000000
33850  -18.579  -35.037  42.546 0.0000000000
33851  -18.728  -36.002  41.829 0.0000000000
33852  -17.342  -38.119  48.956 0.0000000000
33853  -17.854  -38.060  47.760 0.0000000000
33854  -18.272  -38.003  46.435 0.0000000000
33856  -18.611  -39.110  45.728 0.0000000000
33857  -18.595  -37.887  45.082 0.0000000000
33858  -18.758  -37.732  43.748 0.0000000000
33859  -18.686  -37.444  42.500 0.0000000000
33860  -18.457  -37.038  41.240 0.0000000000
33861  -17.937  -37.844  40.704 0.0000000000
33862  -17.103  -38.554  40.497 0.0000000000
33863  -16.006  -39.056  40.520 0.0000000000
33864  -16.177  -40.789  42.075 0.0000000000
33865  -15.539  -40.133  41.347 0.0000000000
33866  -14.724  -39.463  40.868 0.0000000000
33867  -13.487  -39.587  41.415 0.0000000000
33868  -12.178  -39.705  41.993 0.0000000000
33869  -10.740  -39.852  42.590 0.0000000000
39291  -17.472  -29.831  41.933 0.0000000000
39292  -17.224  -28.381  41.643 0.0000000000
39297  -17.983  -33.450  38.849 0.0000000000
39298  -17.857  -31.840  38.426 0.0000000000
39299  -17.600  -30.310  37.973 0.0000000000
39300  -16.168  -30.565  36.937 0.0000000000
39301  -16.822  -29.674  37.122 0.0000000000
39359  -13.141  -44.392  46.211 0.0000000000
39360  -12.688  -43.741  45.506 0.0000000000
39361  -12.295  -43.102  44.868 0.0000000000
39365  -11.101  -41.824  44.111 0.0000000000
