#!ascii label  , from subject fsaverage6 vox2ras=TkReg
234
349  -30.791  -79.357  -11.458 0.0000000000
350  -21.609  -80.031  -6.120 0.0000000000
445  -28.245  -86.204  -16.930 0.0000000000
979  -35.580  -88.154  -15.152 0.0000000000
980  -29.038  -89.885  -15.817 0.0000000000
981  -35.794  -84.653  -16.161 0.0000000000
982  -35.686  -80.887  -14.107 0.0000000000
1408  -18.882  -77.442  -7.997 0.0000000000
1409  -21.755  -69.379  -8.400 0.0000000000
1525  -33.668  -89.891  -10.711 0.0000000000
1779  -23.095  -84.664  -11.739 0.0000000000
1781  -26.628  -80.829  -7.844 0.0000000000
1997  -22.633  -87.638  -13.214 0.0000000000
1998  -29.206  -83.368  -13.599 0.0000000000
2900  -35.790  -86.684  -16.233 0.0000000000
3328  -22.497  -71.715  -5.517 0.0000000000
3924  -26.989  -82.580  -11.416 0.0000000000
3925  -25.137  -82.888  -9.815 0.0000000000
3926  -28.658  -80.162  -9.843 0.0000000000
4377  -28.517  -87.870  -16.137 0.0000000000
4378  -26.337  -89.888  -14.051 0.0000000000
4379  -25.625  -88.526  -14.985 0.0000000000
4381  -24.960  -87.153  -15.618 0.0000000000
4382  -25.052  -85.300  -14.784 0.0000000000
4383  -28.689  -84.570  -15.431 0.0000000000
4385  -35.476  -78.891  -13.306 0.0000000000
5657  -20.304  -82.578  -6.932 0.0000000000
5659  -18.666  -81.481  -8.337 0.0000000000
5660  -18.001  -75.690  -9.829 0.0000000000
5661  -17.222  -78.620  -10.967 0.0000000000
6370  -29.078  -91.926  -15.553 0.0000000000
6371  -32.195  -89.686  -16.379 0.0000000000
6372  -32.003  -87.506  -16.878 0.0000000000
6373  -31.622  -85.436  -17.093 0.0000000000
6374  -32.251  -83.473  -15.936 0.0000000000
6375  -35.358  -82.841  -15.381 0.0000000000
7139  -23.094  -77.128  -5.113 0.0000000000
7140  -20.249  -78.585  -7.099 0.0000000000
7141  -21.185  -75.541  -5.706 0.0000000000
7142  -20.022  -73.617  -7.616 0.0000000000
7143  -19.512  -71.783  -10.688 0.0000000000
7144  -17.815  -69.675  -11.219 0.0000000000
7398  -34.871  -88.852  -12.998 0.0000000000
7992  -23.101  -82.928  -7.641 0.0000000000
7993  -24.010  -80.777  -6.224 0.0000000000
7994  -29.041  -78.035  -9.695 0.0000000000
7995  -27.588  -78.620  -6.996 0.0000000000
7996  -25.355  -78.360  -5.348 0.0000000000
8568  -26.155  -92.381  -15.370 0.0000000000
8574  -22.728  -86.049  -12.638 0.0000000000
8575  -25.711  -83.954  -13.120 0.0000000000
8576  -29.888  -81.843  -11.890 0.0000000000
8577  -32.774  -82.121  -13.591 0.0000000000
8578  -33.010  -80.288  -11.895 0.0000000000
8579  -33.239  -77.977  -12.351 0.0000000000
10120  -17.803  -79.966  -9.662 0.0000000000
10129  -16.026  -68.466  -10.160 0.0000000000
11604  -29.107  -81.237  -11.168 0.0000000000
11605  -27.824  -81.463  -10.517 0.0000000000
11606  -29.678  -79.783  -10.678 0.0000000000
12057  -28.206  -87.178  -16.647 0.0000000000
12058  -27.012  -88.159  -15.706 0.0000000000
12059  -26.632  -87.640  -16.212 0.0000000000
12060  -25.222  -88.007  -15.446 0.0000000000
12061  -26.566  -86.722  -16.387 0.0000000000
12062  -26.647  -85.765  -15.987 0.0000000000
12063  -28.462  -85.227  -16.343 0.0000000000
13337  -20.961  -81.251  -6.687 0.0000000000
13338  -19.385  -81.939  -7.494 0.0000000000
13339  -20.111  -80.772  -7.210 0.0000000000
13340  -17.182  -74.887  -10.360 0.0000000000
13341  -16.596  -76.620  -10.103 0.0000000000
14454  -33.851  -89.426  -15.003 0.0000000000
14455  -32.308  -90.406  -15.640 0.0000000000
14456  -33.910  -88.940  -15.983 0.0000000000
14457  -35.820  -85.706  -16.293 0.0000000000
14458  -33.917  -87.057  -16.651 0.0000000000
14459  -33.868  -86.024  -16.819 0.0000000000
14460  -31.767  -86.472  -17.029 0.0000000000
14461  -33.773  -84.919  -16.699 0.0000000000
14462  -33.611  -84.027  -16.423 0.0000000000
14463  -35.582  -83.690  -15.757 0.0000000000
14465  -37.976  -81.195  -13.871 0.0000000000
15737  -23.715  -75.557  -4.594 0.0000000000
15738  -22.097  -76.431  -5.347 0.0000000000
15739  -22.637  -74.733  -4.808 0.0000000000
15740  -22.081  -70.562  -6.892 0.0000000000
15741  -21.102  -72.578  -6.522 0.0000000000
15742  -20.807  -71.570  -8.057 0.0000000000
15743  -19.809  -72.632  -9.087 0.0000000000
15744  -20.636  -70.453  -9.639 0.0000000000
15745  -20.196  -69.505  -10.959 0.0000000000
15746  -21.371  -68.283  -9.878 0.0000000000
17532  -25.956  -81.835  -8.813 0.0000000000
17533  -24.205  -82.872  -8.666 0.0000000000
17534  -24.805  -81.846  -7.769 0.0000000000
17535  -23.527  -81.895  -6.809 0.0000000000
17536  -25.285  -80.850  -6.998 0.0000000000
17538  -29.510  -77.517  -10.921 0.0000000000
17542  -28.032  -77.110  -6.979 0.0000000000
17543  -26.526  -78.498  -6.090 0.0000000000
17544  -27.119  -77.144  -5.928 0.0000000000
18887  -29.034  -90.887  -15.743 0.0000000000
18888  -27.652  -92.151  -15.601 0.0000000000
18889  -27.752  -90.937  -15.120 0.0000000000
18891  -24.837  -91.640  -14.026 0.0000000000
18903  -22.675  -86.843  -13.005 0.0000000000
18904  -27.081  -84.412  -14.240 0.0000000000
18905  -25.333  -84.649  -13.946 0.0000000000
18906  -27.420  -83.788  -13.281 0.0000000000
18907  -27.865  -83.050  -12.417 0.0000000000
18908  -29.520  -82.653  -12.602 0.0000000000
18909  -34.131  -82.245  -14.839 0.0000000000
18910  -32.567  -82.808  -14.767 0.0000000000
18911  -34.301  -81.452  -13.827 0.0000000000
18912  -35.388  -77.885  -13.623 0.0000000000
18913  -34.333  -79.455  -12.474 0.0000000000
18914  -34.278  -78.370  -12.664 0.0000000000
18915  -33.100  -79.204  -11.923 0.0000000000
18916  -34.398  -77.384  -13.050 0.0000000000
22735  -19.462  -77.990  -7.471 0.0000000000
22736  -19.009  -79.318  -8.361 0.0000000000
22737  -18.482  -78.822  -8.712 0.0000000000
22739  -16.340  -79.636  -11.556 0.0000000000
22757  -18.265  -67.314  -11.423 0.0000000000
22758  -16.724  -68.935  -10.769 0.0000000000
22759  -17.239  -66.813  -10.842 0.0000000000
23650  -35.619  -87.606  -15.891 0.0000000000
23652  -37.720  -85.248  -15.663 0.0000000000
23653  -37.736  -84.344  -15.565 0.0000000000
23654  -37.477  -83.528  -15.136 0.0000000000
24420  -23.398  -72.797  -4.621 0.0000000000
25494  -24.940  -83.671  -11.925 0.0000000000
25495  -24.046  -83.829  -11.017 0.0000000000
25496  -25.898  -82.817  -10.818 0.0000000000
25497  -26.856  -81.758  -9.782 0.0000000000
25498  -27.692  -80.688  -8.941 0.0000000000
26309  -28.924  -88.781  -15.871 0.0000000000
26310  -27.708  -89.775  -14.920 0.0000000000
26311  -27.475  -88.757  -15.170 0.0000000000
26312  -26.027  -89.001  -14.390 0.0000000000
26313  -24.758  -89.412  -13.403 0.0000000000
26315  -24.427  -88.896  -13.871 0.0000000000
26316  -23.966  -88.234  -14.290 0.0000000000
26317  -23.664  -87.301  -14.504 0.0000000000
26318  -23.563  -86.360  -14.370 0.0000000000
26319  -24.948  -86.112  -15.387 0.0000000000
26320  -26.788  -85.050  -15.199 0.0000000000
26321  -28.942  -84.040  -14.516 0.0000000000
26322  -36.750  -79.409  -14.058 0.0000000000
26323  -35.636  -79.837  -13.476 0.0000000000
26324  -36.624  -78.467  -14.246 0.0000000000
26325  -36.462  -77.612  -14.598 0.0000000000
28613  -20.113  -83.704  -7.448 0.0000000000
28615  -18.818  -83.269  -7.878 0.0000000000
28617  -17.456  -81.988  -9.587 0.0000000000
28618  -18.461  -76.599  -8.894 0.0000000000
28619  -18.102  -78.207  -9.499 0.0000000000
28620  -17.615  -77.404  -10.266 0.0000000000
29589  -31.878  -77.402  -12.420 0.0000000000
30220  -29.055  -92.941  -15.287 0.0000000000
30221  -30.591  -91.546  -15.313 0.0000000000
30222  -30.655  -90.840  -15.971 0.0000000000
30223  -30.517  -89.952  -16.362 0.0000000000
30224  -34.001  -88.106  -16.478 0.0000000000
30225  -32.061  -88.634  -16.608 0.0000000000
30226  -30.403  -88.872  -16.545 0.0000000000
30227  -30.214  -87.804  -16.689 0.0000000000
30228  -29.817  -86.802  -16.991 0.0000000000
30229  -29.910  -85.859  -17.146 0.0000000000
30230  -30.226  -84.795  -16.704 0.0000000000
30231  -31.821  -84.425  -16.697 0.0000000000
30232  -33.780  -83.178  -15.747 0.0000000000
30233  -35.538  -81.919  -14.856 0.0000000000
30234  -36.982  -82.497  -14.784 0.0000000000
30235  -36.754  -81.479  -14.399 0.0000000000
30236  -36.784  -80.447  -14.120 0.0000000000
32015  -22.331  -78.573  -5.529 0.0000000000
32016  -20.780  -79.350  -6.509 0.0000000000
32017  -21.469  -77.917  -5.923 0.0000000000
32018  -20.640  -77.175  -6.211 0.0000000000
32019  -19.846  -76.414  -6.742 0.0000000000
32020  -21.762  -73.638  -5.410 0.0000000000
32021  -20.425  -74.669  -6.486 0.0000000000
32022  -19.329  -75.636  -7.616 0.0000000000
32023  -19.072  -74.716  -8.751 0.0000000000
32024  -18.670  -73.890  -10.054 0.0000000000
32025  -17.929  -73.038  -11.093 0.0000000000
32026  -17.098  -71.907  -11.129 0.0000000000
32027  -18.643  -70.816  -11.507 0.0000000000
32028  -19.416  -68.287  -11.495 0.0000000000
32695  -33.294  -89.807  -14.074 0.0000000000
32696  -35.378  -88.519  -14.094 0.0000000000
34304  -23.327  -83.989  -9.970 0.0000000000
34305  -22.455  -84.005  -8.858 0.0000000000
34306  -21.410  -83.900  -7.850 0.0000000000
34307  -21.768  -82.883  -6.990 0.0000000000
34308  -22.136  -81.728  -6.373 0.0000000000
34309  -22.789  -80.426  -6.048 0.0000000000
34310  -29.819  -78.435  -10.734 0.0000000000
34311  -29.035  -79.020  -9.691 0.0000000000
34312  -28.243  -79.584  -8.331 0.0000000000
34313  -28.979  -76.845  -9.889 0.0000000000
34314  -28.395  -78.530  -8.241 0.0000000000
34315  -26.995  -79.980  -7.237 0.0000000000
34316  -25.808  -79.857  -6.399 0.0000000000
34317  -24.633  -79.585  -5.806 0.0000000000
34318  -23.381  -79.278  -5.477 0.0000000000
34319  -24.085  -77.849  -5.098 0.0000000000
34320  -24.709  -76.257  -4.736 0.0000000000
35966  -24.626  -93.749  -16.342 0.0000000000
35967  -26.294  -91.223  -14.457 0.0000000000
35968  -24.634  -92.707  -15.291 0.0000000000
35983  -22.033  -86.588  -11.145 0.0000000000
35984  -22.733  -85.314  -12.182 0.0000000000
35985  -23.606  -85.538  -13.941 0.0000000000
35986  -23.728  -84.864  -13.345 0.0000000000
35987  -24.206  -84.310  -12.677 0.0000000000
35988  -26.342  -83.277  -12.235 0.0000000000
35989  -28.438  -82.345  -11.696 0.0000000000
35990  -30.387  -80.777  -11.463 0.0000000000
35991  -30.566  -84.082  -15.719 0.0000000000
35992  -30.842  -83.457  -14.673 0.0000000000
35993  -31.061  -82.794  -13.540 0.0000000000
35994  -34.432  -80.545  -12.864 0.0000000000
35995  -32.906  -81.219  -12.505 0.0000000000
35996  -31.185  -81.950  -12.615 0.0000000000
35997  -31.468  -81.041  -11.859 0.0000000000
35998  -31.813  -79.987  -11.670 0.0000000000
35999  -32.060  -78.586  -11.892 0.0000000000
36000  -33.083  -76.848  -13.088 0.0000000000
40594  -19.571  -80.082  -7.762 0.0000000000
40595  -18.245  -80.758  -9.152 0.0000000000
40597  -17.497  -79.401  -10.199 0.0000000000
