#!ascii label  , from subject fsaverage6 vox2ras=TkReg
349
156  -35.582  -43.869  -21.853 0.0000000000
159  -35.278  -41.366  -10.726 0.0000000000
352  -27.527  -58.538  -14.605 0.0000000000
631  -32.340  -54.153  -9.553 0.0000000000
1412  -28.050  -56.447  -6.897 0.0000000000
1414  -30.093  -50.419  -17.563 0.0000000000
1415  -26.403  -50.015  -15.928 0.0000000000
1416  -29.292  -43.195  -20.433 0.0000000000
1418  -34.621  -38.102  -23.802 0.0000000000
1784  -31.117  -63.172  -9.401 0.0000000000
1786  -32.098  -56.401  -16.292 0.0000000000
1787  -36.651  -48.569  -19.847 0.0000000000
1801  -32.396  -45.175  -6.927 0.0000000000
2504  -43.180  -36.032  -22.596 0.0000000000
2505  -39.216  -37.078  -22.323 0.0000000000
2528  -31.845  -51.406  -6.397 0.0000000000
2529  -34.595  -47.686  -10.049 0.0000000000
2530  -29.765  -56.499  -12.657 0.0000000000
2531  -30.920  -49.122  -13.866 0.0000000000
2532  -35.255  -43.156  -15.076 0.0000000000
3334  -32.940  -46.284  -19.102 0.0000000000
3335  -29.427  -46.773  -18.804 0.0000000000
3336  -32.333  -43.474  -20.810 0.0000000000
3337  -31.902  -40.737  -22.296 0.0000000000
3338  -35.074  -41.169  -22.759 0.0000000000
3361  -36.205  -39.218  -12.813 0.0000000000
3935  -33.497  -58.855  -15.723 0.0000000000
3936  -36.023  -54.499  -17.395 0.0000000000
3937  -34.917  -51.959  -17.313 0.0000000000
3938  -37.707  -51.205  -19.717 0.0000000000
5615  -44.979  -33.451  -22.222 0.0000000000
5616  -43.281  -33.690  -21.758 0.0000000000
5617  -41.386  -36.316  -22.017 0.0000000000
5618  -41.188  -34.127  -22.361 0.0000000000
5619  -39.291  -34.652  -23.493 0.0000000000
5674  -30.852  -55.657  -7.420 0.0000000000
5675  -30.387  -54.217  -6.403 0.0000000000
5676  -32.540  -52.802  -7.798 0.0000000000
5677  -33.639  -49.590  -7.952 0.0000000000
5678  -33.433  -50.959  -9.840 0.0000000000
5679  -29.732  -61.030  -12.356 0.0000000000
5680  -30.683  -59.971  -11.103 0.0000000000
5681  -28.457  -57.484  -13.470 0.0000000000
5682  -27.326  -46.036  -16.951 0.0000000000
5683  -28.051  -49.436  -14.942 0.0000000000
5684  -29.809  -46.283  -15.948 0.0000000000
5685  -33.002  -46.181  -14.708 0.0000000000
5686  -32.432  -43.321  -16.974 0.0000000000
5687  -35.038  -40.593  -17.426 0.0000000000
7150  -28.687  -58.067  -7.297 0.0000000000
7151  -31.076  -57.244  -8.661 0.0000000000
7152  -27.691  -54.927  -16.326 0.0000000000
7153  -26.570  -54.470  -15.109 0.0000000000
7154  -27.130  -50.820  -16.939 0.0000000000
7155  -27.244  -46.475  -18.030 0.0000000000
7156  -28.027  -42.796  -19.481 0.0000000000
7158  -29.658  -40.010  -21.911 0.0000000000
7159  -31.832  -37.603  -23.914 0.0000000000
7160  -34.679  -35.200  -25.014 0.0000000000
8000  -30.140  -64.892  -6.423 0.0000000000
8001  -30.872  -66.208  -8.231 0.0000000000
8002  -30.475  -63.828  -11.654 0.0000000000
8003  -28.626  -61.824  -14.308 0.0000000000
8005  -30.018  -60.888  -16.139 0.0000000000
8006  -28.713  -58.263  -16.154 0.0000000000
8007  -31.002  -53.600  -16.783 0.0000000000
8008  -33.859  -49.042  -17.742 0.0000000000
8009  -36.074  -46.226  -20.813 0.0000000000
8040  -31.904  -41.814  -8.890 0.0000000000
8041  -34.068  -43.217  -8.638 0.0000000000
10062  -38.594  -42.677  -23.316 0.0000000000
10069  -41.734  -38.125  -22.522 0.0000000000
10070  -39.951  -39.375  -22.697 0.0000000000
10071  -37.705  -40.551  -23.130 0.0000000000
10072  -37.242  -37.696  -23.497 0.0000000000
10073  -37.327  -35.174  -24.430 0.0000000000
10139  -29.174  -53.329  -5.399 0.0000000000
10140  -30.178  -50.146  -5.503 0.0000000000
10141  -32.498  -48.204  -6.549 0.0000000000
10142  -34.267  -46.363  -8.112 0.0000000000
10143  -35.465  -44.441  -10.234 0.0000000000
10145  -31.165  -58.747  -10.012 0.0000000000
10146  -31.060  -55.327  -11.435 0.0000000000
10147  -27.454  -53.443  -14.164 0.0000000000
10148  -29.482  -52.417  -13.406 0.0000000000
10149  -31.888  -51.833  -11.915 0.0000000000
10150  -33.452  -48.539  -12.257 0.0000000000
10151  -35.122  -45.521  -12.542 0.0000000000
10152  -36.335  -42.188  -12.761 0.0000000000
10153  -36.704  -40.003  -15.023 0.0000000000
11014  -34.298  -45.000  -20.440 0.0000000000
11015  -32.599  -44.918  -19.995 0.0000000000
11016  -34.054  -43.593  -21.209 0.0000000000
11017  -33.762  -42.319  -21.779 0.0000000000
11018  -35.345  -42.589  -22.351 0.0000000000
11037  -34.328  -40.608  -10.523 0.0000000000
11041  -35.788  -40.317  -11.767 0.0000000000
11617  -37.013  -52.679  -18.691 0.0000000000
13297  -42.250  -33.856  -21.949 0.0000000000
13354  -31.839  -55.022  -8.351 0.0000000000
13355  -31.802  -54.282  -7.643 0.0000000000
13356  -32.517  -53.444  -8.657 0.0000000000
13357  -33.136  -51.985  -8.777 0.0000000000
13358  -32.890  -52.509  -9.787 0.0000000000
13359  -28.570  -59.802  -13.621 0.0000000000
13360  -29.184  -59.258  -12.964 0.0000000000
13361  -27.827  -58.007  -13.920 0.0000000000
13362  -28.131  -44.277  -17.630 0.0000000000
13363  -28.349  -46.159  -16.427 0.0000000000
13364  -29.440  -44.545  -17.083 0.0000000000
13365  -31.059  -44.761  -16.533 0.0000000000
13366  -30.795  -43.115  -17.626 0.0000000000
13368  -30.543  -41.613  -18.765 0.0000000000
15757  -30.079  -57.749  -7.721 0.0000000000
15758  -30.629  -58.654  -8.106 0.0000000000
15759  -28.758  -52.733  -17.089 0.0000000000
15760  -27.393  -52.963  -16.641 0.0000000000
15761  -28.422  -50.741  -17.455 0.0000000000
15762  -29.268  -44.881  -19.613 0.0000000000
15763  -28.023  -46.669  -18.486 0.0000000000
15764  -28.109  -44.733  -19.250 0.0000000000
15765  -27.580  -44.400  -18.848 0.0000000000
15766  -28.311  -42.975  -19.977 0.0000000000
15767  -28.754  -41.211  -20.788 0.0000000000
15768  -29.449  -41.513  -21.279 0.0000000000
15769  -33.330  -39.336  -23.245 0.0000000000
15770  -31.872  -39.064  -23.196 0.0000000000
15771  -33.155  -37.781  -24.016 0.0000000000
15772  -33.239  -36.257  -24.690 0.0000000000
15773  -34.601  -36.684  -24.477 0.0000000000
17555  -30.647  -65.269  -11.319 0.0000000000
17556  -29.924  -64.198  -12.841 0.0000000000
17557  -29.551  -62.891  -13.046 0.0000000000
17558  -28.991  -63.058  -14.191 0.0000000000
17562  -32.801  -57.668  -16.041 0.0000000000
17563  -31.651  -59.870  -16.210 0.0000000000
17564  -31.002  -58.833  -16.364 0.0000000000
17565  -29.361  -59.688  -16.169 0.0000000000
17566  -30.279  -57.496  -16.500 0.0000000000
17567  -29.722  -56.005  -16.630 0.0000000000
17568  -31.506  -55.098  -16.492 0.0000000000
17569  -35.836  -50.247  -18.507 0.0000000000
17570  -34.389  -50.507  -17.397 0.0000000000
17571  -35.418  -48.819  -18.713 0.0000000000
17572  -35.041  -47.458  -19.147 0.0000000000
17573  -36.338  -47.391  -20.275 0.0000000000
17640  -33.014  -42.437  -8.570 0.0000000000
17641  -33.287  -44.200  -7.715 0.0000000000
22602  -44.122  -34.664  -22.922 0.0000000000
22608  -42.500  -37.015  -22.321 0.0000000000
22609  -40.336  -36.616  -22.096 0.0000000000
22610  -40.553  -37.677  -22.036 0.0000000000
22611  -39.564  -38.446  -22.258 0.0000000000
22612  -38.950  -40.033  -22.939 0.0000000000
22613  -38.521  -38.852  -22.715 0.0000000000
22614  -37.427  -39.258  -23.102 0.0000000000
22615  -38.264  -37.548  -22.818 0.0000000000
22616  -39.409  -33.387  -23.680 0.0000000000
22617  -38.325  -34.915  -23.819 0.0000000000
22618  -38.511  -33.604  -24.225 0.0000000000
22619  -37.556  -33.874  -24.856 0.0000000000
22782  -31.160  -52.907  -6.354 0.0000000000
22783  -29.781  -53.685  -5.885 0.0000000000
22784  -30.531  -52.313  -5.806 0.0000000000
22785  -29.724  -51.837  -5.388 0.0000000000
22786  -31.075  -50.797  -5.857 0.0000000000
22787  -31.412  -49.152  -5.962 0.0000000000
22788  -32.250  -49.778  -6.448 0.0000000000
22789  -34.237  -48.677  -8.986 0.0000000000
22790  -34.006  -47.958  -7.995 0.0000000000
22791  -34.651  -47.029  -8.964 0.0000000000
22792  -34.897  -45.431  -9.128 0.0000000000
22793  -35.120  -46.018  -10.117 0.0000000000
22794  -30.869  -64.076  -7.789 0.0000000000
22795  -30.605  -63.301  -7.107 0.0000000000
22796  -31.120  -62.548  -8.596 0.0000000000
22797  -30.273  -58.319  -11.984 0.0000000000
22798  -30.982  -59.416  -10.547 0.0000000000
22799  -30.658  -57.722  -11.435 0.0000000000
22800  -31.054  -57.102  -10.901 0.0000000000
22801  -30.372  -55.816  -12.195 0.0000000000
22802  -26.394  -52.316  -15.407 0.0000000000
22803  -26.834  -54.031  -14.550 0.0000000000
22804  -26.619  -51.792  -14.997 0.0000000000
22805  -29.432  -49.349  -14.328 0.0000000000
22806  -28.722  -51.066  -14.053 0.0000000000
22807  -30.099  -50.791  -13.526 0.0000000000
22808  -30.797  -52.102  -12.728 0.0000000000
22809  -31.396  -50.482  -12.886 0.0000000000
22810  -32.637  -50.151  -12.018 0.0000000000
22811  -32.293  -48.933  -13.150 0.0000000000
22812  -34.140  -44.684  -14.966 0.0000000000
22813  -34.286  -45.850  -13.693 0.0000000000
22814  -35.231  -44.428  -13.774 0.0000000000
22815  -35.845  -43.955  -12.612 0.0000000000
22816  -36.023  -42.816  -13.791 0.0000000000
22817  -36.587  -41.184  -13.854 0.0000000000
22818  -36.130  -41.634  -15.010 0.0000000000
24432  -31.457  -48.260  -18.150 0.0000000000
24433  -29.625  -48.590  -18.053 0.0000000000
24434  -31.052  -46.676  -18.883 0.0000000000
24435  -30.787  -45.064  -19.766 0.0000000000
24436  -30.689  -43.509  -20.629 0.0000000000
24437  -30.641  -41.822  -21.499 0.0000000000
24438  -32.071  -42.100  -21.568 0.0000000000
24439  -33.495  -40.740  -22.513 0.0000000000
24440  -34.822  -39.592  -23.242 0.0000000000
25512  -36.118  -58.966  -16.253 0.0000000000
25513  -34.161  -59.996  -15.535 0.0000000000
25514  -35.532  -57.788  -16.208 0.0000000000
25515  -34.919  -56.585  -16.224 0.0000000000
25516  -34.261  -55.299  -16.280 0.0000000000
25517  -33.554  -54.044  -16.415 0.0000000000
25518  -35.481  -53.208  -17.416 0.0000000000
25519  -36.461  -51.471  -18.498 0.0000000000
25520  -37.119  -49.950  -19.642 0.0000000000
25561  -31.426  -46.068  -6.358 0.0000000000
28539  -44.188  -33.545  -21.882 0.0000000000
28540  -43.269  -34.907  -22.441 0.0000000000
28541  -42.326  -36.041  -22.209 0.0000000000
28542  -42.183  -35.069  -22.238 0.0000000000
28543  -41.140  -35.268  -22.268 0.0000000000
28544  -40.151  -35.640  -22.485 0.0000000000
28545  -39.224  -35.942  -22.825 0.0000000000
28546  -40.161  -34.400  -22.908 0.0000000000
28547  -40.259  -33.082  -22.920 0.0000000000
28644  -29.552  -56.134  -6.884 0.0000000000
28645  -29.173  -55.485  -6.523 0.0000000000
28646  -30.707  -54.911  -6.859 0.0000000000
28647  -31.608  -53.593  -6.943 0.0000000000
28648  -32.305  -52.099  -7.026 0.0000000000
28649  -32.768  -50.505  -7.090 0.0000000000
28650  -33.105  -51.281  -7.893 0.0000000000
28651  -33.697  -50.302  -8.880 0.0000000000
28652  -34.090  -49.269  -9.959 0.0000000000
28653  -30.712  -62.222  -10.947 0.0000000000
28654  -31.079  -61.692  -10.221 0.0000000000
28655  -30.338  -60.539  -11.725 0.0000000000
28656  -29.764  -58.808  -12.468 0.0000000000
28657  -29.096  -56.994  -13.015 0.0000000000
28658  -26.743  -48.141  -16.324 0.0000000000
28659  -26.859  -49.687  -15.401 0.0000000000
28660  -27.482  -47.924  -15.864 0.0000000000
28661  -28.849  -47.821  -15.316 0.0000000000
28662  -30.273  -47.806  -14.913 0.0000000000
28663  -31.888  -47.669  -14.276 0.0000000000
28664  -31.436  -46.244  -15.449 0.0000000000
28665  -32.675  -44.828  -15.825 0.0000000000
28666  -33.984  -43.313  -16.092 0.0000000000
28667  -35.131  -41.814  -16.245 0.0000000000
28668  -33.809  -41.981  -17.254 0.0000000000
32042  -28.389  -57.179  -7.167 0.0000000000
32043  -29.804  -56.857  -7.295 0.0000000000
32044  -30.997  -56.461  -7.996 0.0000000000
32045  -31.726  -55.794  -9.127 0.0000000000
32046  -27.170  -56.850  -15.519 0.0000000000
32047  -27.012  -56.589  -14.809 0.0000000000
32048  -26.865  -54.948  -15.731 0.0000000000
32049  -26.630  -52.723  -16.067 0.0000000000
32050  -26.520  -50.504  -16.438 0.0000000000
32051  -28.131  -48.794  -17.829 0.0000000000
32052  -27.011  -48.799  -17.340 0.0000000000
32053  -26.626  -48.436  -16.854 0.0000000000
32054  -27.051  -46.144  -17.556 0.0000000000
32055  -27.492  -44.360  -18.197 0.0000000000
32061  -30.572  -40.396  -22.178 0.0000000000
32062  -30.633  -38.827  -22.933 0.0000000000
32065  -33.473  -34.821  -25.175 0.0000000000
32066  -35.046  -33.953  -25.426 0.0000000000
34329  -29.789  -66.438  -5.889 0.0000000000
34330  -30.607  -65.628  -7.110 0.0000000000
34331  -31.008  -64.687  -8.739 0.0000000000
34333  -30.934  -65.033  -9.905 0.0000000000
34334  -30.922  -63.649  -10.384 0.0000000000
34335  -30.167  -62.400  -11.992 0.0000000000
34336  -29.099  -61.419  -13.371 0.0000000000
34337  -28.139  -60.224  -14.411 0.0000000000
34341  -32.282  -60.969  -15.929 0.0000000000
34343  -29.256  -62.931  -15.305 0.0000000000
34344  -28.822  -61.594  -15.359 0.0000000000
34345  -28.299  -60.202  -15.417 0.0000000000
34346  -27.703  -58.640  -15.400 0.0000000000
34347  -28.109  -56.755  -16.182 0.0000000000
34348  -29.182  -54.374  -16.833 0.0000000000
34349  -30.564  -52.022  -17.168 0.0000000000
34350  -32.947  -52.635  -16.697 0.0000000000
34351  -32.412  -51.170  -17.073 0.0000000000
34352  -31.909  -49.702  -17.572 0.0000000000
34353  -33.359  -47.626  -18.353 0.0000000000
34354  -34.648  -46.136  -19.765 0.0000000000
34355  -35.833  -45.098  -21.364 0.0000000000
34439  -32.562  -41.034  -9.698 0.0000000000
34440  -33.749  -41.524  -9.595 0.0000000000
34441  -34.780  -42.238  -9.764 0.0000000000
40420  -37.480  -45.698  -21.794 0.0000000000
40422  -37.124  -43.512  -22.653 0.0000000000
40444  -41.585  -37.255  -22.094 0.0000000000
40445  -40.869  -38.556  -22.485 0.0000000000
40447  -39.416  -40.954  -23.379 0.0000000000
40448  -38.209  -41.612  -23.305 0.0000000000
40449  -36.758  -42.187  -22.915 0.0000000000
40450  -36.424  -40.749  -23.140 0.0000000000
40451  -36.158  -39.461  -23.412 0.0000000000
40452  -35.991  -38.062  -23.865 0.0000000000
40453  -38.243  -36.303  -23.300 0.0000000000
40454  -37.217  -36.509  -23.973 0.0000000000
40455  -35.986  -36.767  -24.366 0.0000000000
40456  -36.072  -35.304  -24.842 0.0000000000
40457  -36.422  -33.833  -25.288 0.0000000000
40458  -36.780  -32.474  -25.471 0.0000000000
40651  -28.842  -54.958  -6.120 0.0000000000
40654  -28.438  -52.989  -5.089 0.0000000000
40655  -28.892  -51.327  -5.137 0.0000000000
40658  -31.578  -47.514  -6.142 0.0000000000
40659  -32.588  -46.642  -6.712 0.0000000000
40660  -33.187  -48.868  -7.167 0.0000000000
40661  -33.452  -47.267  -7.226 0.0000000000
40662  -33.471  -45.707  -7.411 0.0000000000
40663  -34.239  -44.799  -8.255 0.0000000000
40664  -34.991  -43.797  -9.330 0.0000000000
40665  -35.556  -42.802  -10.446 0.0000000000
40669  -31.219  -61.008  -9.522 0.0000000000
40670  -31.198  -60.263  -8.981 0.0000000000
40671  -31.013  -59.490  -8.528 0.0000000000
40672  -31.205  -57.996  -9.487 0.0000000000
40673  -31.398  -56.388  -10.122 0.0000000000
40674  -31.803  -54.756  -10.512 0.0000000000
40675  -27.246  -56.058  -14.217 0.0000000000
40676  -27.799  -55.569  -13.821 0.0000000000
40677  -28.537  -55.050  -13.434 0.0000000000
40678  -27.511  -51.344  -14.503 0.0000000000
40679  -28.380  -52.879  -13.873 0.0000000000
40680  -29.482  -54.563  -13.091 0.0000000000
40681  -30.267  -53.934  -12.522 0.0000000000
40682  -31.363  -53.558  -11.710 0.0000000000
40683  -32.305  -53.135  -10.782 0.0000000000
40684  -32.871  -51.386  -10.936 0.0000000000
40685  -33.536  -49.740  -11.048 0.0000000000
40686  -34.310  -48.179  -11.243 0.0000000000
40687  -33.271  -47.478  -13.431 0.0000000000
40688  -34.336  -47.078  -12.418 0.0000000000
40689  -34.943  -46.579  -11.328 0.0000000000
40690  -35.540  -44.932  -11.433 0.0000000000
40691  -35.928  -43.403  -11.424 0.0000000000
40692  -36.055  -41.744  -11.603 0.0000000000
40693  -36.452  -40.675  -12.720 0.0000000000
40694  -36.766  -39.612  -13.836 0.0000000000
40696  -36.079  -40.279  -16.287 0.0000000000
40697  -36.773  -38.813  -16.091 0.0000000000
