#!ascii label  , from subject fsaverage6 vox2ras=TkReg
313
6  -36.338  -85.401  -2.178 0.0000000000
136  -29.270  -92.966  9.675 0.0000000000
206  -28.246  -95.352  -4.970 0.0000000000
208  -39.655  -87.356  -7.787 0.0000000000
566  -36.325  -86.945  14.734 0.0000000000
578  -21.818  -97.390  1.334 0.0000000000
686  -30.336  -89.494  -5.356 0.0000000000
687  -32.168  -91.016  -8.049 0.0000000000
688  -38.280  -87.477  -4.788 0.0000000000
1277  -26.213  -96.249  10.944 0.0000000000
1279  -23.103  -93.754  6.177 0.0000000000
1280  -23.147  -91.396  1.183 0.0000000000
1525  -33.668  -89.891  -10.711 0.0000000000
1704  -28.378  -90.887  13.006 0.0000000000
2290  -38.043  -84.059  2.210 0.0000000000
2338  -32.860  -89.883  11.471 0.0000000000
2340  -36.679  -86.261  11.181 0.0000000000
2341  -31.570  -86.726  8.278 0.0000000000
2371  -25.371  -96.608  -1.873 0.0000000000
2372  -28.281  -91.129  -1.662 0.0000000000
2606  -33.488  -86.695  -4.222 0.0000000000
2607  -34.339  -87.969  -5.536 0.0000000000
2608  -37.337  -86.136  -3.538 0.0000000000
3197  -27.828  -95.051  10.199 0.0000000000
3198  -25.008  -95.118  8.294 0.0000000000
3199  -26.335  -93.734  8.156 0.0000000000
3200  -24.583  -91.589  6.479 0.0000000000
3201  -27.597  -91.157  8.035 0.0000000000
3496  -26.806  -97.343  -6.001 0.0000000000
3497  -24.894  -96.606  -8.915 0.0000000000
3498  -27.049  -95.569  -7.619 0.0000000000
3499  -36.441  -89.760  -8.136 0.0000000000
3500  -33.198  -91.249  -9.553 0.0000000000
3501  -37.179  -88.759  -9.141 0.0000000000
3502  -38.146  -87.442  -10.789 0.0000000000
3799  -24.614  -89.850  13.598 0.0000000000
3800  -26.176  -91.787  13.358 0.0000000000
5203  -32.369  -88.639  12.527 0.0000000000
5204  -34.693  -88.613  12.667 0.0000000000
5211  -34.224  -86.291  8.937 0.0000000000
5275  -20.056  -97.329  3.631 0.0000000000
5281  -23.541  -97.074  -0.337 0.0000000000
5283  -25.421  -91.204  -0.401 0.0000000000
5842  -28.620  -92.576  -4.866 0.0000000000
5843  -28.762  -93.063  -6.775 0.0000000000
5844  -31.014  -90.111  -6.669 0.0000000000
5845  -35.476  -89.235  -6.733 0.0000000000
5846  -39.066  -87.853  -6.408 0.0000000000
6866  -37.409  -85.503  17.743 0.0000000000
6910  -21.511  -95.560  6.636 0.0000000000
6911  -20.699  -95.313  3.210 0.0000000000
6912  -22.224  -94.538  1.040 0.0000000000
6913  -21.996  -92.592  3.852 0.0000000000
6914  -23.730  -89.588  4.267 0.0000000000
7395  -29.446  -93.544  -9.105 0.0000000000
7399  -38.909  -86.895  -12.952 0.0000000000
7817  -27.656  -93.955  12.545 0.0000000000
7818  -29.392  -92.557  11.772 0.0000000000
9430  -36.806  -85.042  0.045 0.0000000000
9431  -38.972  -86.042  -0.986 0.0000000000
9432  -39.458  -85.515  1.157 0.0000000000
9573  -30.655  -90.463  12.358 0.0000000000
9574  -31.014  -91.093  10.427 0.0000000000
9577  -38.494  -85.978  16.099 0.0000000000
9580  -36.896  -87.585  12.841 0.0000000000
9581  -34.771  -88.406  10.523 0.0000000000
9582  -32.411  -88.843  9.517 0.0000000000
9583  -29.994  -89.880  8.991 0.0000000000
9591  -34.740  -84.434  0.406 0.0000000000
9592  -33.865  -85.444  -1.879 0.0000000000
9669  -27.849  -96.136  -3.003 0.0000000000
9670  -24.281  -94.461  -0.732 0.0000000000
9671  -27.138  -94.110  -1.711 0.0000000000
9672  -28.523  -93.395  -3.343 0.0000000000
9673  -28.777  -90.563  -3.753 0.0000000000
9674  -30.971  -87.429  -3.360 0.0000000000
10000  -40.074  -86.053  -2.560 0.0000000000
10286  -35.147  -85.653  -3.244 0.0000000000
10287  -35.565  -86.190  -4.044 0.0000000000
10288  -36.893  -85.693  -2.862 0.0000000000
10877  -28.577  -94.157  9.988 0.0000000000
10878  -27.241  -94.630  9.038 0.0000000000
10879  -27.833  -93.550  8.867 0.0000000000
10880  -26.911  -92.579  8.073 0.0000000000
10881  -28.494  -92.227  8.699 0.0000000000
11176  -27.711  -96.451  -5.481 0.0000000000
11177  -26.865  -96.529  -6.811 0.0000000000
11178  -27.670  -95.527  -6.218 0.0000000000
11179  -38.166  -88.793  -8.042 0.0000000000
11180  -36.802  -89.453  -8.682 0.0000000000
11181  -38.585  -88.204  -8.501 0.0000000000
11182  -39.108  -87.540  -8.984 0.0000000000
11183  -40.169  -86.854  -8.395 0.0000000000
11480  -25.744  -89.370  13.517 0.0000000000
12882  -35.171  -86.860  14.087 0.0000000000
12883  -34.416  -87.677  13.198 0.0000000000
12884  -35.530  -87.793  13.531 0.0000000000
12955  -20.759  -97.605  2.276 0.0000000000
12957  -21.331  -98.739  1.698 0.0000000000
12959  -22.509  -98.616  0.862 0.0000000000
12960  -23.263  -98.419  0.034 0.0000000000
12961  -22.759  -97.213  0.487 0.0000000000
13576  -29.147  -91.124  -5.182 0.0000000000
13577  -29.457  -91.383  -5.868 0.0000000000
13578  -30.649  -89.834  -6.037 0.0000000000
13579  -36.447  -87.666  -5.236 0.0000000000
13580  -34.858  -88.630  -6.141 0.0000000000
13581  -36.910  -88.343  -5.854 0.0000000000
13582  -37.435  -88.807  -6.584 0.0000000000
13583  -38.735  -87.860  -5.584 0.0000000000
15354  -25.060  -96.511  10.184 0.0000000000
15355  -24.047  -94.348  7.217 0.0000000000
15356  -23.204  -95.101  7.681 0.0000000000
15357  -22.112  -94.609  6.290 0.0000000000
15358  -20.835  -95.383  4.928 0.0000000000
15359  -21.456  -94.386  4.885 0.0000000000
15360  -21.325  -94.021  3.464 0.0000000000
15361  -22.385  -93.270  5.042 0.0000000000
15363  -23.963  -90.500  5.452 0.0000000000
15364  -24.801  -89.138  5.545 0.0000000000
16254  -30.087  -91.915  -7.597 0.0000000000
16255  -29.005  -93.375  -7.957 0.0000000000
16256  -30.658  -92.275  -8.566 0.0000000000
16257  -33.472  -90.660  -10.048 0.0000000000
17162  -27.315  -91.338  13.216 0.0000000000
17163  -27.003  -92.818  13.101 0.0000000000
17164  -28.076  -92.414  12.861 0.0000000000
17165  -28.588  -93.304  12.245 0.0000000000
17166  -28.922  -91.842  12.500 0.0000000000
21014  -37.367  -84.658  1.171 0.0000000000
21015  -38.121  -85.295  0.675 0.0000000000
21016  -38.711  -84.818  1.689 0.0000000000
21017  -42.230  -84.063  3.888 0.0000000000
21370  -32.719  -89.551  12.225 0.0000000000
21371  -31.550  -89.687  12.460 0.0000000000
21372  -31.887  -90.272  11.922 0.0000000000
21373  -31.019  -90.908  11.505 0.0000000000
21374  -31.945  -90.459  10.977 0.0000000000
21386  -37.537  -85.094  11.948 0.0000000000
21388  -37.712  -85.761  12.642 0.0000000000
21389  -37.792  -86.426  13.588 0.0000000000
21390  -36.838  -87.054  11.947 0.0000000000
21391  -35.790  -88.120  11.505 0.0000000000
21392  -35.683  -87.371  10.611 0.0000000000
21393  -32.902  -86.354  8.417 0.0000000000
21394  -33.255  -87.471  9.056 0.0000000000
21395  -31.941  -87.781  8.859 0.0000000000
21396  -31.239  -89.298  9.348 0.0000000000
21397  -30.653  -88.279  8.803 0.0000000000
21398  -29.423  -88.818  8.409 0.0000000000
21415  -37.043  -83.565  2.334 0.0000000000
21416  -35.306  -83.786  1.505 0.0000000000
21417  -36.365  -84.228  1.321 0.0000000000
21418  -35.735  -84.702  0.203 0.0000000000
21602  -24.484  -97.530  -1.756 0.0000000000
21604  -25.622  -97.430  -2.433 0.0000000000
21605  -26.878  -97.352  -3.163 0.0000000000
21606  -26.618  -96.475  -2.383 0.0000000000
21607  -22.553  -93.025  1.027 0.0000000000
21608  -23.116  -94.444  -0.055 0.0000000000
21609  -23.547  -93.011  0.086 0.0000000000
21610  -26.914  -91.216  -0.950 0.0000000000
21611  -26.228  -92.802  -1.006 0.0000000000
21612  -27.657  -92.506  -1.629 0.0000000000
21613  -28.259  -93.716  -2.435 0.0000000000
21614  -28.460  -92.225  -2.559 0.0000000000
21615  -28.467  -91.970  -3.505 0.0000000000
21616  -28.654  -90.919  -2.745 0.0000000000
21618  -30.147  -87.940  -2.638 0.0000000000
21619  -31.391  -86.590  -2.416 0.0000000000
21620  -32.571  -86.341  -2.853 0.0000000000
21621  -32.651  -85.543  -1.588 0.0000000000
22434  -39.573  -86.123  -1.755 0.0000000000
23122  -31.663  -88.061  -4.889 0.0000000000
23123  -32.101  -88.487  -5.562 0.0000000000
23124  -33.849  -87.368  -4.962 0.0000000000
23125  -36.027  -86.832  -4.682 0.0000000000
23126  -37.811  -86.809  -4.144 0.0000000000
23649  -37.324  -87.022  -14.859 0.0000000000
24187  -27.021  -95.749  10.441 0.0000000000
24188  -25.799  -95.914  9.552 0.0000000000
24189  -26.587  -95.289  9.178 0.0000000000
24190  -25.773  -94.488  8.147 0.0000000000
24191  -24.864  -93.672  7.144 0.0000000000
24192  -23.911  -92.886  6.234 0.0000000000
24193  -25.393  -92.745  7.329 0.0000000000
24194  -26.019  -91.462  7.360 0.0000000000
24195  -26.795  -90.009  7.403 0.0000000000
24726  -25.881  -97.189  -7.526 0.0000000000
24727  -25.946  -96.197  -8.210 0.0000000000
24728  -26.875  -95.598  -9.141 0.0000000000
24729  -34.434  -90.570  -8.059 0.0000000000
24730  -32.740  -91.313  -8.838 0.0000000000
24731  -34.838  -90.560  -8.683 0.0000000000
24732  -35.192  -90.100  -9.240 0.0000000000
24733  -35.458  -89.302  -9.827 0.0000000000
24734  -35.825  -88.503  -10.735 0.0000000000
24735  -37.549  -87.964  -9.789 0.0000000000
25272  -24.915  -92.125  13.331 0.0000000000
25273  -25.326  -90.751  13.466 0.0000000000
27585  -39.453  -84.146  2.826 0.0000000000
27588  -43.010  -83.390  4.860 0.0000000000
27799  -33.599  -88.608  12.611 0.0000000000
27800  -33.835  -89.333  11.995 0.0000000000
27809  -37.293  -84.284  11.494 0.0000000000
27810  -36.419  -85.292  10.601 0.0000000000
27811  -35.488  -86.401  9.946 0.0000000000
27812  -35.147  -85.238  9.478 0.0000000000
27927  -19.896  -97.116  5.325 0.0000000000
27939  -24.307  -96.736  -1.069 0.0000000000
27940  -23.890  -89.882  1.541 0.0000000000
27941  -24.132  -91.250  0.236 0.0000000000
27942  -24.882  -89.707  0.494 0.0000000000
27943  -26.160  -89.708  -0.374 0.0000000000
27944  -27.619  -89.706  -1.058 0.0000000000
27945  -28.848  -89.702  -1.796 0.0000000000
28990  -28.432  -93.999  -4.691 0.0000000000
28991  -28.253  -94.210  -5.761 0.0000000000
28992  -28.708  -92.765  -5.704 0.0000000000
28993  -29.666  -91.600  -6.668 0.0000000000
28994  -31.568  -90.531  -7.309 0.0000000000
28995  -32.624  -88.968  -6.286 0.0000000000
28996  -33.251  -89.445  -6.870 0.0000000000
28997  -33.859  -90.075  -7.466 0.0000000000
28998  -36.007  -89.708  -7.458 0.0000000000
28999  -37.809  -88.982  -7.407 0.0000000000
29000  -39.322  -87.733  -7.139 0.0000000000
31381  -36.565  -85.423  16.858 0.0000000000
31382  -36.961  -86.159  16.208 0.0000000000
31481  -21.998  -96.939  8.574 0.0000000000
31482  -24.299  -95.810  8.902 0.0000000000
31483  -22.568  -96.017  8.215 0.0000000000
31484  -21.007  -96.423  7.010 0.0000000000
31485  -20.430  -96.243  5.087 0.0000000000
31486  -20.451  -96.401  3.404 0.0000000000
31487  -21.004  -96.351  2.019 0.0000000000
31488  -21.957  -95.970  1.094 0.0000000000
31489  -21.281  -94.988  2.035 0.0000000000
31490  -21.722  -93.493  2.277 0.0000000000
31491  -22.221  -91.859  2.551 0.0000000000
31492  -23.148  -91.930  5.199 0.0000000000
31493  -22.776  -91.057  4.028 0.0000000000
31494  -23.039  -90.336  2.763 0.0000000000
32685  -28.054  -94.435  -7.040 0.0000000000
32686  -28.037  -94.644  -8.457 0.0000000000
32687  -28.333  -94.728  -9.761 0.0000000000
32688  -31.221  -92.397  -9.584 0.0000000000
32689  -29.881  -93.513  -10.228 0.0000000000
32697  -36.520  -88.064  -11.874 0.0000000000
32698  -36.978  -87.854  -13.021 0.0000000000
32699  -37.269  -87.579  -14.058 0.0000000000
32700  -39.126  -86.330  -13.825 0.0000000000
33835  -25.844  -93.177  13.154 0.0000000000
33836  -26.567  -94.282  12.836 0.0000000000
33837  -27.030  -95.304  11.858 0.0000000000
33838  -27.959  -94.775  11.517 0.0000000000
33839  -28.839  -94.008  11.237 0.0000000000
33840  -29.553  -93.053  10.766 0.0000000000
38530  -36.552  -85.291  -1.099 0.0000000000
38531  -37.726  -85.703  -1.546 0.0000000000
38532  -37.940  -85.594  -0.487 0.0000000000
38533  -39.141  -85.890  0.089 0.0000000000
38535  -40.051  -84.986  2.236 0.0000000000
38958  -30.152  -89.715  12.657 0.0000000000
38959  -29.460  -90.677  12.665 0.0000000000
38960  -29.966  -91.369  11.990 0.0000000000
38961  -30.316  -91.857  11.081 0.0000000000
38962  -30.216  -91.927  10.049 0.0000000000
38970  -38.008  -85.830  16.959 0.0000000000
38971  -37.447  -86.594  15.421 0.0000000000
38979  -37.767  -86.690  14.524 0.0000000000
38980  -36.759  -87.441  13.880 0.0000000000
38981  -35.738  -88.399  12.537 0.0000000000
38982  -34.831  -88.907  11.650 0.0000000000
38983  -33.829  -89.292  10.908 0.0000000000
38984  -34.533  -87.432  9.650 0.0000000000
38985  -33.644  -88.550  9.939 0.0000000000
38986  -32.764  -89.687  10.377 0.0000000000
38987  -31.705  -90.117  10.012 0.0000000000
38988  -30.656  -90.693  9.564 0.0000000000
38989  -29.646  -91.395  9.196 0.0000000000
38990  -28.837  -90.504  8.537 0.0000000000
38991  -28.098  -89.376  7.891 0.0000000000
39014  -34.244  -84.941  -0.734 0.0000000000
39015  -35.373  -85.034  -1.024 0.0000000000
39016  -35.051  -85.311  -2.125 0.0000000000
39242  -27.718  -96.947  -4.273 0.0000000000
39243  -28.383  -95.756  -3.997 0.0000000000
39244  -22.928  -95.806  0.148 0.0000000000
39245  -23.805  -95.776  -0.605 0.0000000000
39246  -24.909  -95.612  -1.309 0.0000000000
39247  -24.838  -92.898  -0.569 0.0000000000
39248  -25.695  -94.350  -1.241 0.0000000000
39249  -26.297  -95.505  -1.923 0.0000000000
39250  -27.640  -95.209  -2.402 0.0000000000
39251  -28.440  -94.819  -3.096 0.0000000000
39252  -28.550  -94.462  -3.955 0.0000000000
39253  -28.386  -93.073  -4.152 0.0000000000
39254  -28.541  -91.661  -4.395 0.0000000000
39255  -29.253  -90.054  -4.638 0.0000000000
39256  -29.236  -89.481  -2.742 0.0000000000
39257  -29.565  -89.071  -3.690 0.0000000000
39258  -30.451  -88.443  -4.362 0.0000000000
39259  -32.107  -86.924  -3.861 0.0000000000
39260  -33.804  -85.855  -3.083 0.0000000000
40234  -38.278  -85.927  -2.179 0.0000000000
40235  -38.782  -86.144  -2.850 0.0000000000
40236  -39.289  -86.522  -3.633 0.0000000000
40238  -40.524  -85.881  -3.409 0.0000000000
40239  -39.717  -86.822  -4.477 0.0000000000
40240  -40.112  -86.729  -5.221 0.0000000000
40241  -40.181  -86.533  -5.968 0.0000000000
40242  -40.259  -86.337  -6.723 0.0000000000
