#!ascii label  , from subject fsaverage6 vox2ras=TkReg
371
154  -47.712  -58.552  -7.824 0.0000000000
155  -48.958  -41.385  -23.889 0.0000000000
353  -38.800  -53.532  -19.972 0.0000000000
618  -40.813  -60.097  -11.132 0.0000000000
620  -49.554  -50.557  -14.802 0.0000000000
621  -41.763  -48.318  -15.371 0.0000000000
622  -43.014  -38.956  -21.490 0.0000000000
833  -41.119  -58.616  -20.443 0.0000000000
1386  -49.737  -45.077  -18.621 0.0000000000
1387  -44.926  -48.123  -12.768 0.0000000000
1388  -46.181  -42.075  -16.935 0.0000000000
1389  -42.162  -42.397  -17.097 0.0000000000
1390  -45.983  -39.463  -22.233 0.0000000000
1770  -49.964  -36.873  -26.029 0.0000000000
2496  -48.821  -54.839  -11.176 0.0000000000
2497  -43.268  -53.090  -9.774 0.0000000000
2498  -41.244  -54.795  -14.345 0.0000000000
2499  -43.593  -56.050  -19.436 0.0000000000
2500  -41.532  -50.915  -19.505 0.0000000000
2501  -39.638  -45.260  -19.791 0.0000000000
2502  -40.697  -40.984  -23.455 0.0000000000
2503  -46.505  -35.838  -24.362 0.0000000000
2504  -43.180  -36.032  -22.596 0.0000000000
3305  -51.455  -44.292  -22.419 0.0000000000
3306  -49.751  -42.957  -21.174 0.0000000000
3307  -47.984  -43.583  -17.492 0.0000000000
3308  -47.983  -41.486  -20.618 0.0000000000
3309  -46.194  -40.561  -19.718 0.0000000000
3310  -47.436  -40.238  -23.216 0.0000000000
3934  -37.115  -57.169  -17.602 0.0000000000
5578  -41.440  -63.887  -12.486 0.0000000000
5580  -41.874  -61.562  -13.628 0.0000000000
5592  -51.931  -49.051  -18.259 0.0000000000
5594  -51.996  -52.136  -16.827 0.0000000000
5596  -49.081  -52.913  -13.226 0.0000000000
5597  -45.957  -53.631  -9.851 0.0000000000
5598  -46.627  -51.662  -11.864 0.0000000000
5599  -42.802  -47.937  -13.484 0.0000000000
5600  -42.290  -50.962  -12.843 0.0000000000
5601  -41.806  -51.681  -15.367 0.0000000000
5602  -42.325  -55.861  -17.147 0.0000000000
5603  -42.552  -52.179  -17.859 0.0000000000
5604  -42.964  -53.225  -19.859 0.0000000000
5605  -41.538  -49.538  -17.389 0.0000000000
5606  -42.519  -40.184  -19.133 0.0000000000
5607  -40.673  -43.549  -18.416 0.0000000000
5608  -41.097  -41.256  -20.314 0.0000000000
5609  -40.180  -42.970  -21.856 0.0000000000
5610  -41.772  -39.785  -22.414 0.0000000000
5611  -50.120  -33.882  -25.904 0.0000000000
5612  -48.350  -36.399  -24.937 0.0000000000
5613  -48.685  -33.789  -24.379 0.0000000000
6106  -38.159  -59.664  -17.893 0.0000000000
6107  -39.851  -56.076  -20.343 0.0000000000
7101  -51.289  -46.436  -20.057 0.0000000000
7102  -49.394  -47.726  -16.481 0.0000000000
7103  -47.248  -49.237  -13.414 0.0000000000
7104  -47.502  -46.182  -15.015 0.0000000000
7105  -45.567  -44.984  -14.230 0.0000000000
7106  -43.388  -44.431  -14.554 0.0000000000
7107  -41.706  -45.238  -15.745 0.0000000000
7108  -44.139  -41.874  -16.522 0.0000000000
7109  -44.409  -40.037  -18.955 0.0000000000
7110  -44.629  -38.915  -21.388 0.0000000000
7112  -48.183  -30.452  -24.706 0.0000000000
7956  -50.293  -59.315  -8.980 0.0000000000
7968  -48.944  -39.342  -25.785 0.0000000000
10035  -51.089  -58.388  -10.691 0.0000000000
10043  -51.533  -56.493  -12.904 0.0000000000
10044  -48.466  -56.899  -9.168 0.0000000000
10045  -45.746  -55.760  -8.020 0.0000000000
10046  -42.734  -55.552  -7.997 0.0000000000
10048  -44.139  -50.879  -11.514 0.0000000000
10049  -41.447  -53.550  -11.476 0.0000000000
10050  -40.981  -57.537  -12.628 0.0000000000
10051  -42.029  -58.843  -15.403 0.0000000000
10052  -43.670  -59.801  -17.902 0.0000000000
10054  -43.298  -57.189  -20.870 0.0000000000
10055  -42.157  -54.556  -21.181 0.0000000000
10056  -41.021  -52.079  -21.010 0.0000000000
10057  -40.708  -46.594  -17.416 0.0000000000
10058  -40.258  -48.317  -18.934 0.0000000000
10059  -39.668  -49.789  -20.421 0.0000000000
10060  -38.767  -47.071  -21.075 0.0000000000
10061  -38.757  -44.860  -22.440 0.0000000000
10062  -38.594  -42.677  -23.316 0.0000000000
10063  -47.389  -38.474  -25.318 0.0000000000
10064  -45.853  -38.088  -24.654 0.0000000000
10065  -44.747  -37.656  -23.635 0.0000000000
10066  -46.664  -33.395  -23.114 0.0000000000
10067  -44.641  -35.726  -24.166 0.0000000000
10068  -43.484  -37.697  -22.894 0.0000000000
10069  -41.734  -38.125  -22.522 0.0000000000
10070  -39.951  -39.375  -22.697 0.0000000000
10984  -50.005  -42.182  -24.176 0.0000000000
10985  -50.373  -42.884  -22.992 0.0000000000
10986  -49.480  -42.180  -22.510 0.0000000000
10987  -48.881  -42.230  -20.807 0.0000000000
10988  -48.471  -41.436  -22.314 0.0000000000
10989  -47.751  -40.879  -22.001 0.0000000000
10990  -48.077  -40.764  -23.583 0.0000000000
11614  -38.045  -55.191  -18.946 0.0000000000
11618  -38.222  -52.319  -19.832 0.0000000000
13257  -40.923  -63.285  -11.284 0.0000000000
13258  -41.215  -61.956  -11.804 0.0000000000
13259  -41.748  -62.708  -13.036 0.0000000000
13260  -41.372  -60.805  -12.453 0.0000000000
13272  -50.980  -49.805  -16.474 0.0000000000
13273  -52.185  -50.597  -17.416 0.0000000000
13274  -50.729  -51.298  -15.757 0.0000000000
13275  -50.528  -52.606  -15.157 0.0000000000
13276  -49.210  -51.834  -14.161 0.0000000000
13277  -47.812  -52.221  -12.432 0.0000000000
13278  -48.136  -51.154  -13.421 0.0000000000
13279  -42.175  -48.077  -14.353 0.0000000000
13280  -42.031  -49.763  -14.283 0.0000000000
13281  -41.993  -50.010  -15.484 0.0000000000
13282  -42.116  -51.945  -16.684 0.0000000000
13283  -41.974  -50.355  -16.635 0.0000000000
13284  -42.156  -50.874  -17.668 0.0000000000
13285  -41.578  -48.942  -16.420 0.0000000000
13286  -42.777  -39.489  -20.337 0.0000000000
13287  -41.737  -40.620  -19.639 0.0000000000
13288  -42.020  -39.909  -20.889 0.0000000000
13289  -41.396  -40.520  -21.380 0.0000000000
13290  -42.427  -39.324  -21.921 0.0000000000
13291  -49.929  -32.351  -25.993 0.0000000000
13292  -49.419  -33.803  -25.100 0.0000000000
13293  -49.242  -32.321  -25.250 0.0000000000
14014  -40.142  -60.430  -19.312 0.0000000000
14016  -39.528  -59.148  -19.349 0.0000000000
14017  -39.038  -57.812  -19.311 0.0000000000
14018  -40.415  -57.310  -20.404 0.0000000000
15672  -50.678  -44.653  -20.551 0.0000000000
15673  -51.302  -45.325  -21.102 0.0000000000
15674  -50.503  -45.723  -19.378 0.0000000000
15675  -50.396  -47.087  -18.315 0.0000000000
15676  -49.404  -46.365  -17.447 0.0000000000
15677  -48.413  -46.967  -15.721 0.0000000000
15678  -48.614  -45.574  -16.807 0.0000000000
15679  -47.096  -42.790  -17.153 0.0000000000
15680  -46.816  -44.098  -15.680 0.0000000000
15681  -45.878  -43.433  -15.419 0.0000000000
15682  -44.433  -44.546  -14.234 0.0000000000
15683  -44.847  -43.005  -15.384 0.0000000000
15684  -43.768  -43.046  -15.440 0.0000000000
15685  -45.182  -41.883  -16.649 0.0000000000
15686  -46.067  -39.937  -21.056 0.0000000000
15687  -45.305  -40.240  -19.300 0.0000000000
15688  -45.316  -39.645  -20.545 0.0000000000
15689  -44.509  -39.417  -20.183 0.0000000000
15690  -45.339  -39.080  -21.695 0.0000000000
17489  -51.607  -32.678  -27.501 0.0000000000
22542  -50.108  -54.702  -13.199 0.0000000000
22543  -51.322  -55.653  -14.019 0.0000000000
22544  -50.200  -55.595  -12.078 0.0000000000
22545  -50.242  -56.593  -10.938 0.0000000000
22546  -48.850  -55.753  -10.081 0.0000000000
22547  -47.183  -56.236  -8.484 0.0000000000
22548  -47.316  -55.167  -9.330 0.0000000000
22549  -44.516  -53.232  -9.622 0.0000000000
22550  -44.385  -54.418  -8.646 0.0000000000
22553  -41.820  -54.502  -9.571 0.0000000000
22554  -46.133  -48.609  -12.925 0.0000000000
22555  -45.890  -50.001  -12.310 0.0000000000
22556  -44.628  -49.530  -12.120 0.0000000000
22557  -41.406  -52.696  -13.620 0.0000000000
22558  -41.752  -52.237  -12.259 0.0000000000
22559  -41.125  -54.126  -12.814 0.0000000000
22560  -40.970  -55.453  -11.947 0.0000000000
22561  -41.092  -56.149  -13.535 0.0000000000
22562  -41.415  -58.214  -14.046 0.0000000000
22563  -41.490  -56.896  -15.057 0.0000000000
22564  -43.002  -55.993  -18.295 0.0000000000
22565  -42.947  -57.843  -17.683 0.0000000000
22566  -43.636  -57.969  -18.779 0.0000000000
22567  -44.189  -60.003  -18.971 0.0000000000
22568  -44.001  -58.137  -19.795 0.0000000000
22569  -43.821  -58.634  -20.476 0.0000000000
22570  -43.683  -56.462  -20.257 0.0000000000
22571  -42.286  -51.995  -19.708 0.0000000000
22572  -42.780  -53.846  -20.690 0.0000000000
22573  -42.221  -52.681  -20.639 0.0000000000
22574  -41.545  -53.270  -21.158 0.0000000000
22575  -41.508  -51.517  -20.406 0.0000000000
22576  -41.917  -43.762  -16.354 0.0000000000
22577  -41.130  -46.007  -16.577 0.0000000000
22578  -41.181  -44.369  -16.998 0.0000000000
22579  -40.135  -44.355  -19.020 0.0000000000
22580  -40.049  -45.828  -18.514 0.0000000000
22581  -39.736  -46.730  -19.130 0.0000000000
22582  -39.984  -49.058  -19.628 0.0000000000
22583  -39.443  -47.652  -19.868 0.0000000000
22584  -39.040  -48.414  -20.534 0.0000000000
22585  -39.206  -46.143  -20.527 0.0000000000
22586  -40.499  -41.964  -22.860 0.0000000000
22587  -39.591  -43.903  -22.351 0.0000000000
22588  -39.831  -42.767  -23.196 0.0000000000
22589  -38.803  -43.736  -23.027 0.0000000000
22590  -39.767  -41.794  -23.536 0.0000000000
22591  -49.448  -38.221  -25.932 0.0000000000
22592  -48.003  -38.870  -25.636 0.0000000000
22593  -48.617  -37.845  -25.621 0.0000000000
22594  -47.448  -36.109  -24.601 0.0000000000
22595  -47.089  -37.150  -25.039 0.0000000000
22596  -46.207  -36.961  -24.858 0.0000000000
22597  -45.244  -37.894  -24.099 0.0000000000
22598  -45.288  -36.784  -24.583 0.0000000000
22599  -47.446  -30.289  -23.883 0.0000000000
22600  -47.704  -31.956  -23.576 0.0000000000
22601  -46.784  -31.882  -22.856 0.0000000000
22603  -44.911  -34.644  -23.343 0.0000000000
22604  -43.917  -35.879  -23.403 0.0000000000
22605  -43.994  -36.798  -23.487 0.0000000000
22606  -43.352  -36.843  -22.782 0.0000000000
22607  -42.628  -37.831  -22.543 0.0000000000
22608  -42.500  -37.015  -22.321 0.0000000000
22610  -40.553  -37.677  -22.036 0.0000000000
23387  -41.884  -59.932  -20.248 0.0000000000
24381  -50.737  -43.659  -21.821 0.0000000000
24382  -49.843  -43.994  -19.785 0.0000000000
24383  -48.857  -44.352  -18.050 0.0000000000
24384  -48.962  -43.223  -19.399 0.0000000000
24385  -48.100  -42.450  -19.008 0.0000000000
24386  -47.235  -41.714  -18.721 0.0000000000
24387  -46.276  -41.186  -18.363 0.0000000000
24388  -47.116  -40.992  -20.159 0.0000000000
24389  -46.854  -40.368  -21.563 0.0000000000
24390  -46.687  -39.837  -22.798 0.0000000000
28476  -42.467  -62.172  -14.777 0.0000000000
28496  -52.692  -48.367  -19.943 0.0000000000
28502  -51.740  -53.560  -16.168 0.0000000000
28503  -50.281  -53.728  -14.205 0.0000000000
28504  -48.771  -53.886  -12.240 0.0000000000
28505  -47.364  -54.185  -10.387 0.0000000000
28506  -47.497  -53.135  -11.522 0.0000000000
28507  -46.194  -52.631  -10.867 0.0000000000
28508  -44.911  -52.215  -10.540 0.0000000000
28509  -43.809  -47.914  -12.882 0.0000000000
28510  -43.482  -49.445  -12.477 0.0000000000
28511  -42.559  -49.491  -13.241 0.0000000000
28512  -41.831  -51.359  -14.057 0.0000000000
28513  -41.439  -53.375  -14.996 0.0000000000
28514  -41.658  -55.535  -15.894 0.0000000000
28515  -41.847  -53.784  -16.395 0.0000000000
28516  -42.446  -53.967  -17.686 0.0000000000
28517  -43.050  -54.142  -18.809 0.0000000000
28518  -43.385  -54.492  -19.768 0.0000000000
28519  -42.918  -52.616  -18.935 0.0000000000
28520  -42.284  -51.421  -18.618 0.0000000000
28521  -41.593  -50.207  -18.399 0.0000000000
28522  -42.330  -41.165  -18.038 0.0000000000
28523  -41.321  -42.891  -17.617 0.0000000000
28524  -41.503  -41.599  -18.550 0.0000000000
28525  -40.782  -42.299  -19.193 0.0000000000
28526  -40.294  -43.107  -19.833 0.0000000000
28527  -39.859  -44.008  -20.687 0.0000000000
28528  -40.596  -42.055  -21.015 0.0000000000
28529  -40.938  -41.162  -22.193 0.0000000000
28530  -41.297  -40.350  -23.003 0.0000000000
28531  -50.130  -35.409  -25.971 0.0000000000
28532  -49.135  -36.678  -25.415 0.0000000000
28533  -49.372  -35.319  -25.278 0.0000000000
28534  -48.621  -35.224  -24.615 0.0000000000
28535  -47.661  -34.928  -24.064 0.0000000000
29607  -37.638  -58.394  -17.791 0.0000000000
29608  -38.607  -56.546  -19.134 0.0000000000
29609  -39.335  -54.781  -20.199 0.0000000000
31926  -52.110  -45.972  -21.520 0.0000000000
31927  -52.323  -47.054  -20.594 0.0000000000
31928  -51.538  -47.685  -19.122 0.0000000000
31929  -50.676  -48.337  -17.359 0.0000000000
31930  -49.651  -49.114  -15.496 0.0000000000
31931  -48.436  -49.939  -14.099 0.0000000000
31932  -48.450  -48.457  -14.751 0.0000000000
31933  -47.382  -47.681  -14.146 0.0000000000
31934  -46.320  -47.079  -13.645 0.0000000000
31935  -47.736  -44.826  -16.177 0.0000000000
31936  -46.548  -45.505  -14.506 0.0000000000
31937  -45.248  -46.528  -13.357 0.0000000000
31938  -44.100  -46.262  -13.395 0.0000000000
31939  -43.046  -46.201  -13.870 0.0000000000
31940  -42.239  -46.320  -14.566 0.0000000000
31941  -41.613  -46.883  -15.403 0.0000000000
31942  -42.438  -44.789  -15.028 0.0000000000
31943  -42.785  -43.389  -15.754 0.0000000000
31944  -43.108  -42.072  -16.685 0.0000000000
31945  -45.345  -40.943  -18.021 0.0000000000
31946  -44.283  -40.856  -17.710 0.0000000000
31947  -43.314  -40.925  -17.758 0.0000000000
31948  -43.442  -40.035  -18.882 0.0000000000
31949  -43.642  -39.315  -20.201 0.0000000000
31950  -43.791  -38.813  -21.222 0.0000000000
31952  -48.918  -30.672  -25.549 0.0000000000
34241  -49.758  -41.073  -25.232 0.0000000000
34242  -48.710  -40.452  -25.077 0.0000000000
34243  -49.924  -39.823  -26.012 0.0000000000
34244  -50.440  -38.556  -26.472 0.0000000000
34245  -50.846  -37.177  -26.740 0.0000000000
34248  -51.009  -35.707  -26.737 0.0000000000
34249  -50.954  -34.145  -26.636 0.0000000000
34250  -50.694  -32.499  -26.801 0.0000000000
40340  -50.577  -58.899  -9.834 0.0000000000
40341  -49.324  -58.274  -9.294 0.0000000000
40366  -51.446  -57.523  -11.749 0.0000000000
40367  -49.851  -57.587  -10.038 0.0000000000
40368  -47.959  -57.762  -8.471 0.0000000000
40372  -45.881  -54.716  -8.900 0.0000000000
40373  -44.209  -55.547  -7.806 0.0000000000
40378  -47.011  -50.591  -12.774 0.0000000000
40379  -45.422  -51.225  -11.571 0.0000000000
40380  -43.722  -52.014  -10.666 0.0000000000
40381  -43.095  -50.817  -11.968 0.0000000000
40382  -42.568  -51.938  -11.244 0.0000000000
40383  -42.148  -53.237  -10.411 0.0000000000
40384  -41.154  -54.901  -10.620 0.0000000000
40385  -40.707  -56.811  -11.209 0.0000000000
40386  -40.943  -58.760  -11.862 0.0000000000
40387  -41.398  -59.534  -13.165 0.0000000000
40388  -41.979  -60.138  -14.444 0.0000000000
40389  -42.728  -60.662  -15.615 0.0000000000
40390  -42.187  -57.512  -16.391 0.0000000000
40391  -42.858  -59.503  -16.695 0.0000000000
40397  -43.074  -59.259  -20.697 0.0000000000
40398  -42.374  -57.856  -20.966 0.0000000000
40399  -43.311  -55.068  -20.525 0.0000000000
40400  -42.755  -55.804  -21.090 0.0000000000
40401  -41.658  -56.529  -20.975 0.0000000000
40402  -41.020  -55.231  -21.119 0.0000000000
40403  -40.492  -54.022  -21.050 0.0000000000
40404  -40.060  -52.868  -20.931 0.0000000000
40405  -41.278  -47.496  -16.363 0.0000000000
40406  -41.037  -48.146  -17.302 0.0000000000
40407  -40.904  -48.908  -18.291 0.0000000000
40408  -40.615  -45.069  -17.751 0.0000000000
40409  -40.372  -47.331  -18.286 0.0000000000
40410  -40.882  -49.687  -19.276 0.0000000000
40411  -40.789  -50.392  -20.026 0.0000000000
40412  -40.396  -50.969  -20.683 0.0000000000
40413  -39.422  -51.705  -20.649 0.0000000000
40414  -38.716  -50.543  -20.446 0.0000000000
40415  -38.191  -49.239  -20.469 0.0000000000
40416  -37.803  -47.883  -20.825 0.0000000000
40417  -39.321  -44.889  -21.374 0.0000000000
40418  -38.722  -45.928  -21.762 0.0000000000
40420  -37.480  -45.698  -21.794 0.0000000000
40423  -47.842  -39.884  -24.834 0.0000000000
40424  -47.158  -39.463  -24.425 0.0000000000
40425  -46.555  -39.256  -24.073 0.0000000000
40426  -47.886  -37.435  -25.298 0.0000000000
40427  -46.710  -38.279  -25.107 0.0000000000
40428  -45.916  -38.877  -23.497 0.0000000000
40429  -45.320  -38.565  -22.919 0.0000000000
40430  -44.719  -38.334  -22.522 0.0000000000
40431  -43.995  -38.305  -22.338 0.0000000000
40432  -48.512  -32.098  -24.427 0.0000000000
40433  -47.737  -33.596  -23.693 0.0000000000
40434  -46.611  -34.744  -23.711 0.0000000000
40435  -45.826  -33.397  -22.733 0.0000000000
40436  -45.672  -34.654  -23.615 0.0000000000
40437  -45.596  -35.646  -24.358 0.0000000000
40438  -44.552  -36.862  -24.235 0.0000000000
40439  -44.077  -37.585  -23.228 0.0000000000
40440  -43.303  -38.428  -22.537 0.0000000000
40441  -42.642  -38.606  -22.569 0.0000000000
40442  -41.970  -38.954  -22.845 0.0000000000
40443  -41.240  -39.416  -23.008 0.0000000000
40445  -40.869  -38.556  -22.485 0.0000000000
40446  -40.389  -40.168  -23.268 0.0000000000
40447  -39.416  -40.954  -23.379 0.0000000000
40448  -38.209  -41.612  -23.305 0.0000000000
