#!ascii label  , from subject fsaverage6 vox2ras=TkReg
564
140  -12.083  -97.438  13.914 0.0000000000
157  -6.560  -80.136  -1.729 0.0000000000
211  -26.141  -65.349  2.989 0.0000000000
443  -8.651  -96.571  -11.040 0.0000000000
451  -10.066  -59.267  -1.615 0.0000000000
571  -14.692  -67.747  9.333 0.0000000000
572  -4.148  -73.039  11.445 0.0000000000
575  -7.043  -86.800  18.835 0.0000000000
576  -5.191  -98.694  8.479 0.0000000000
691  -25.126  -63.808  7.093 0.0000000000
977  -15.374  -98.382  -12.802 0.0000000000
978  -18.667  -98.783  -15.758 0.0000000000
987  -22.862  -59.354  -0.080 0.0000000000
1264  -3.467  -73.030  16.003 0.0000000000
1266  -4.614  -80.392  17.513 0.0000000000
1274  -8.650  -97.181  8.874 0.0000000000
1275  -7.577  -101.593  6.106 0.0000000000
1276  -11.179  -101.086  9.220 0.0000000000
1401  -4.709  -74.986  1.061 0.0000000000
1402  -7.901  -70.597  -0.093 0.0000000000
1403  -8.484  -74.626  -4.108 0.0000000000
1405  -8.124  -91.463  -12.316 0.0000000000
1530  -25.159  -59.456  3.007 0.0000000000
1992  -13.520  -96.515  -8.335 0.0000000000
1993  -12.113  -97.165  -13.556 0.0000000000
2011  -14.188  -58.736  -4.373 0.0000000000
2346  -22.657  -66.951  8.199 0.0000000000
2347  -20.525  -66.797  7.627 0.0000000000
2348  -17.132  -69.721  7.570 0.0000000000
2362  -4.203  -87.379  16.233 0.0000000000
2363  -3.559  -93.390  9.793 0.0000000000
2516  -11.374  -65.475  -1.792 0.0000000000
2517  -15.169  -64.518  -4.949 0.0000000000
2519  -4.494  -89.486  -10.111 0.0000000000
2520  -9.081  -85.572  -7.211 0.0000000000
2525  -17.701  -66.526  -7.133 0.0000000000
2897  -17.397  -99.787  -11.711 0.0000000000
2898  -19.487  -99.581  -12.091 0.0000000000
3184  -3.516  -74.253  18.801 0.0000000000
3185  -3.646  -76.481  16.798 0.0000000000
3190  -11.585  -95.394  17.446 0.0000000000
3192  -11.910  -93.790  13.511 0.0000000000
3193  -9.466  -93.746  10.986 0.0000000000
3194  -11.263  -97.155  10.726 0.0000000000
3195  -9.754  -99.805  9.410 0.0000000000
3196  -11.636  -99.580  11.838 0.0000000000
3319  -3.980  -80.176  -1.117 0.0000000000
3320  -3.550  -77.985  0.986 0.0000000000
3321  -5.797  -77.618  -0.546 0.0000000000
3322  -7.186  -74.959  -1.086 0.0000000000
3323  -8.272  -77.496  -2.772 0.0000000000
3507  -25.927  -61.897  5.130 0.0000000000
4369  -15.508  -97.892  -15.685 0.0000000000
4370  -13.544  -98.092  -13.758 0.0000000000
4371  -14.475  -96.749  -15.057 0.0000000000
4409  -11.183  -55.994  -2.810 0.0000000000
4410  -12.534  -55.491  -4.434 0.0000000000
4411  -11.951  -58.900  -2.893 0.0000000000
5222  -17.224  -67.723  10.038 0.0000000000
5223  -17.922  -67.880  7.379 0.0000000000
5224  -15.758  -68.393  6.806 0.0000000000
5255  -6.866  -85.841  23.345 0.0000000000
5257  -5.342  -85.020  20.878 0.0000000000
5258  -3.723  -85.098  19.419 0.0000000000
5259  -5.260  -87.404  17.846 0.0000000000
5260  -4.858  -96.461  11.040 0.0000000000
5261  -3.803  -93.674  12.731 0.0000000000
5262  -4.338  -96.299  9.465 0.0000000000
5263  -5.491  -95.399  7.730 0.0000000000
5264  -6.038  -97.816  7.258 0.0000000000
5266  -6.095  -99.396  6.344 0.0000000000
5644  -10.509  -71.114  -1.965 0.0000000000
5645  -9.613  -68.454  -1.003 0.0000000000
5646  -12.278  -68.238  -2.246 0.0000000000
5647  -13.543  -65.013  -3.181 0.0000000000
5648  -14.237  -67.696  -3.690 0.0000000000
5649  -9.135  -96.470  -8.323 0.0000000000
5651  -6.607  -95.534  -10.501 0.0000000000
5653  -6.223  -90.448  -12.805 0.0000000000
5654  -7.478  -88.249  -11.840 0.0000000000
5851  -26.265  -64.694  5.226 0.0000000000
6366  -16.670  -99.087  -10.565 0.0000000000
6367  -16.623  -98.924  -14.607 0.0000000000
6368  -17.674  -97.727  -16.995 0.0000000000
6386  -21.159  -55.789  -1.841 0.0000000000
6885  -3.433  -76.892  11.955 0.0000000000
6886  -2.689  -76.476  14.040 0.0000000000
6887  -3.854  -80.081  14.728 0.0000000000
6899  -6.149  -90.084  16.179 0.0000000000
6900  -7.261  -92.146  13.836 0.0000000000
6901  -6.697  -95.101  11.097 0.0000000000
6902  -6.380  -98.155  9.029 0.0000000000
6903  -6.095  -100.193  7.602 0.0000000000
6904  -7.418  -99.838  8.100 0.0000000000
6905  -9.131  -101.442  7.454 0.0000000000
6906  -11.152  -101.613  6.142 0.0000000000
7128  -3.186  -75.262  3.171 0.0000000000
7129  -3.882  -72.151  2.399 0.0000000000
7130  -5.244  -69.779  1.391 0.0000000000
7131  -6.128  -72.675  0.235 0.0000000000
7132  -8.453  -72.716  -1.976 0.0000000000
7133  -10.272  -72.690  -4.322 0.0000000000
7134  -9.957  -95.390  -11.756 0.0000000000
7135  -7.744  -94.473  -12.075 0.0000000000
7136  -9.801  -92.989  -10.755 0.0000000000
7409  -24.502  -59.540  1.072 0.0000000000
8558  -10.597  -97.330  -9.535 0.0000000000
8559  -14.328  -97.576  -10.522 0.0000000000
8560  -12.102  -97.977  -11.578 0.0000000000
8561  -10.459  -96.985  -11.942 0.0000000000
8562  -11.825  -95.324  -12.302 0.0000000000
8610  -14.823  -55.319  -5.791 0.0000000000
9596  -21.512  -66.999  8.065 0.0000000000
9597  -20.334  -69.166  8.179 0.0000000000
9599  -19.124  -68.587  7.401 0.0000000000
9609  -11.856  -67.760  8.645 0.0000000000
9641  -4.025  -84.289  16.862 0.0000000000
9642  -3.730  -86.835  13.472 0.0000000000
9643  -4.042  -90.422  16.040 0.0000000000
9644  -3.210  -90.451  13.335 0.0000000000
9645  -2.707  -89.818  10.066 0.0000000000
9646  -4.576  -92.812  7.123 0.0000000000
9658  -13.345  -100.347  11.721 0.0000000000
9659  -13.311  -100.719  8.629 0.0000000000
9660  -13.479  -100.741  4.920 0.0000000000
9664  -16.510  -101.443  -0.014 0.0000000000
10081  -24.150  -65.750  7.883 0.0000000000
10082  -25.407  -67.030  6.343 0.0000000000
10083  -25.701  -67.901  4.131 0.0000000000
10101  -8.484  -62.341  -0.433 0.0000000000
10102  -7.212  -67.590  0.269 0.0000000000
10103  -8.731  -65.560  -0.657 0.0000000000
10104  -10.474  -62.513  -2.039 0.0000000000
10105  -12.936  -62.164  -3.097 0.0000000000
10106  -14.678  -62.115  -4.775 0.0000000000
10111  -5.958  -93.081  -12.251 0.0000000000
10112  -4.226  -91.795  -10.146 0.0000000000
10116  -7.770  -83.311  -4.042 0.0000000000
10124  -11.411  -82.209  -5.745 0.0000000000
10125  -10.115  -79.643  -3.444 0.0000000000
10132  -16.812  -66.227  -4.952 0.0000000000
10865  -3.249  -75.915  19.228 0.0000000000
10870  -12.089  -96.154  15.624 0.0000000000
10871  -11.999  -94.525  15.575 0.0000000000
10872  -12.170  -95.657  13.697 0.0000000000
10873  -11.753  -95.326  11.915 0.0000000000
10874  -11.851  -97.273  12.299 0.0000000000
10875  -11.395  -98.544  11.411 0.0000000000
10876  -11.889  -98.417  12.757 0.0000000000
10999  -5.043  -80.005  -1.645 0.0000000000
11000  -4.752  -78.920  -0.831 0.0000000000
11001  -6.218  -78.708  -1.286 0.0000000000
11002  -7.193  -77.576  -1.436 0.0000000000
11003  -7.687  -78.818  -1.881 0.0000000000
11187  -26.331  -63.597  4.102 0.0000000000
11188  -26.155  -62.199  4.079 0.0000000000
11189  -26.206  -63.774  3.014 0.0000000000
12049  -16.088  -97.182  -16.155 0.0000000000
12050  -14.894  -97.267  -15.508 0.0000000000
12087  -10.122  -57.870  -1.339 0.0000000000
12089  -10.580  -57.522  -2.109 0.0000000000
12090  -11.302  -57.326  -2.916 0.0000000000
12091  -10.871  -59.119  -2.258 0.0000000000
12902  -15.929  -67.844  9.663 0.0000000000
12903  -16.259  -67.868  8.098 0.0000000000
12904  -15.078  -67.851  7.722 0.0000000000
12905  -14.514  -68.764  6.766 0.0000000000
12906  -13.740  -67.957  7.339 0.0000000000
12933  -7.781  -87.224  20.342 0.0000000000
12934  -7.319  -87.096  22.697 0.0000000000
12935  -7.055  -86.073  21.161 0.0000000000
12936  -6.162  -85.024  21.839 0.0000000000
12937  -6.239  -85.822  19.883 0.0000000000
12938  -5.466  -86.034  19.363 0.0000000000
12939  -6.083  -87.072  18.090 0.0000000000
12940  -5.001  -97.749  9.810 0.0000000000
12941  -4.315  -96.587  10.452 0.0000000000
12942  -4.783  -97.644  9.136 0.0000000000
12943  -5.109  -97.181  8.356 0.0000000000
12944  -5.330  -98.366  7.865 0.0000000000
12945  -6.083  -98.601  6.891 0.0000000000
12946  -5.499  -99.151  7.442 0.0000000000
13306  -21.188  -70.782  7.729 0.0000000000
13324  -11.910  -71.156  -2.943 0.0000000000
13325  -11.483  -69.867  -1.991 0.0000000000
13326  -12.779  -69.699  -2.848 0.0000000000
13329  -8.592  -96.867  -9.926 0.0000000000
13330  -7.606  -96.218  -9.346 0.0000000000
13331  -7.577  -96.099  -10.824 0.0000000000
13333  -8.198  -88.546  -12.741 0.0000000000
13334  -8.774  -87.272  -12.302 0.0000000000
13335  -8.541  -86.981  -11.048 0.0000000000
13590  -25.755  -62.994  6.112 0.0000000000
13591  -25.874  -64.255  6.331 0.0000000000
14449  -17.974  -99.374  -13.882 0.0000000000
14450  -17.064  -99.297  -13.359 0.0000000000
14451  -17.527  -98.937  -15.287 0.0000000000
14452  -17.026  -98.455  -16.100 0.0000000000
14453  -18.204  -98.379  -16.662 0.0000000000
14477  -23.518  -57.901  0.372 0.0000000000
14478  -23.125  -56.364  0.220 0.0000000000
14479  -22.747  -57.778  -0.252 0.0000000000
14481  -20.945  -57.341  -1.244 0.0000000000
14482  -19.964  -57.126  -1.561 0.0000000000
15314  -3.190  -72.685  14.723 0.0000000000
15315  -2.672  -74.469  13.546 0.0000000000
15316  -2.872  -74.564  14.961 0.0000000000
15317  -4.208  -78.272  17.263 0.0000000000
15318  -3.825  -78.226  15.768 0.0000000000
15319  -4.505  -80.063  16.007 0.0000000000
15320  -4.242  -81.688  14.696 0.0000000000
15321  -4.757  -81.961  15.974 0.0000000000
15340  -9.126  -95.469  9.796 0.0000000000
15341  -7.909  -94.333  10.919 0.0000000000
15342  -7.746  -96.025  9.723 0.0000000000
15343  -6.582  -96.729  9.996 0.0000000000
15344  -7.431  -97.618  8.934 0.0000000000
15345  -6.851  -98.916  8.400 0.0000000000
15346  -7.927  -98.595  8.571 0.0000000000
15347  -10.310  -100.635  9.504 0.0000000000
15348  -9.233  -100.705  8.594 0.0000000000
15349  -10.201  -101.234  8.229 0.0000000000
15350  -10.173  -101.650  6.756 0.0000000000
15351  -11.188  -101.380  7.705 0.0000000000
15717  -4.109  -76.422  1.074 0.0000000000
15718  -3.374  -76.732  2.158 0.0000000000
15719  -3.799  -75.038  2.011 0.0000000000
15720  -3.422  -73.688  2.766 0.0000000000
15721  -4.314  -73.668  1.668 0.0000000000
15722  -4.879  -72.496  1.255 0.0000000000
15723  -5.411  -73.758  0.566 0.0000000000
15724  -8.245  -74.909  -2.636 0.0000000000
15725  -7.834  -73.847  -1.619 0.0000000000
15726  -8.656  -73.714  -3.069 0.0000000000
15727  -9.459  -72.753  -3.206 0.0000000000
15728  -8.985  -73.354  -4.372 0.0000000000
15729  -10.973  -94.644  -11.115 0.0000000000
15730  -9.831  -94.409  -11.299 0.0000000000
15731  -10.723  -93.674  -10.244 0.0000000000
16284  -24.556  -57.964  3.134 0.0000000000
16285  -24.456  -57.954  2.094 0.0000000000
16286  -24.992  -59.512  1.997 0.0000000000
18862  -11.500  -96.499  -8.203 0.0000000000
18863  -12.133  -97.000  -8.936 0.0000000000
18864  -16.039  -97.952  -11.006 0.0000000000
18865  -15.667  -97.315  -9.967 0.0000000000
18866  -14.815  -97.946  -11.689 0.0000000000
18867  -12.850  -97.715  -13.817 0.0000000000
18868  -12.781  -98.134  -12.696 0.0000000000
18869  -11.927  -97.829  -12.928 0.0000000000
18870  -11.123  -97.636  -11.886 0.0000000000
18871  -11.154  -97.128  -12.721 0.0000000000
18872  -10.783  -96.217  -12.313 0.0000000000
18873  -11.749  -96.298  -12.912 0.0000000000
18987  -13.224  -57.058  -4.406 0.0000000000
18988  -13.635  -55.325  -5.130 0.0000000000
18989  -14.505  -56.987  -5.041 0.0000000000
21424  -20.995  -66.922  7.828 0.0000000000
21425  -20.981  -68.123  8.102 0.0000000000
21426  -20.490  -67.996  7.789 0.0000000000
21430  -17.718  -68.714  6.974 0.0000000000
21431  -18.601  -68.171  7.041 0.0000000000
21432  -18.222  -69.193  7.479 0.0000000000
21433  -18.768  -69.574  7.952 0.0000000000
21434  -17.785  -70.228  8.119 0.0000000000
21457  -10.379  -67.871  8.542 0.0000000000
21458  -11.052  -68.859  7.742 0.0000000000
21472  -3.433  -78.687  12.372 0.0000000000
21535  -4.092  -86.004  17.936 0.0000000000
21536  -3.529  -84.660  18.135 0.0000000000
21537  -4.100  -85.736  16.569 0.0000000000
21538  -4.382  -85.503  15.126 0.0000000000
21539  -4.120  -87.246  14.851 0.0000000000
21541  -5.040  -90.360  16.339 0.0000000000
21542  -4.471  -91.987  15.408 0.0000000000
21543  -3.515  -93.613  11.358 0.0000000000
21544  -3.362  -92.034  13.215 0.0000000000
21545  -3.189  -92.005  11.559 0.0000000000
21546  -2.969  -90.230  11.585 0.0000000000
21547  -3.087  -91.734  9.874 0.0000000000
21548  -3.345  -91.458  8.488 0.0000000000
21549  -3.858  -93.074  8.470 0.0000000000
21550  -6.801  -95.923  7.129 0.0000000000
21551  -6.379  -94.652  6.904 0.0000000000
21552  -7.873  -95.095  6.631 0.0000000000
21562  -6.831  -100.888  6.815 0.0000000000
21563  -6.421  -100.677  6.300 0.0000000000
21576  -16.631  -102.106  -3.795 0.0000000000
21581  -14.403  -100.358  10.128 0.0000000000
21582  -14.341  -100.021  8.398 0.0000000000
21583  -13.156  -100.462  6.766 0.0000000000
21584  -14.326  -99.835  6.325 0.0000000000
22636  -22.718  -65.607  8.254 0.0000000000
22637  -23.304  -64.965  8.176 0.0000000000
22638  -23.444  -66.421  8.107 0.0000000000
22640  -24.696  -67.925  6.820 0.0000000000
22641  -25.043  -68.581  5.879 0.0000000000
22642  -25.684  -67.496  5.290 0.0000000000
22689  -6.605  -70.200  0.723 0.0000000000
22690  -6.297  -68.696  0.955 0.0000000000
22691  -7.556  -69.193  0.211 0.0000000000
22692  -10.416  -67.015  -1.402 0.0000000000
22693  -9.087  -66.979  -0.914 0.0000000000
22694  -9.993  -65.697  -1.268 0.0000000000
22695  -9.629  -64.143  -1.315 0.0000000000
22696  -10.947  -64.069  -1.921 0.0000000000
22697  -11.754  -62.308  -2.576 0.0000000000
22698  -12.176  -63.804  -2.478 0.0000000000
22699  -14.193  -64.813  -4.106 0.0000000000
22700  -14.046  -63.558  -4.052 0.0000000000
22701  -14.873  -63.392  -4.887 0.0000000000
22712  -7.803  -93.037  -12.398 0.0000000000
22713  -6.782  -93.785  -12.342 0.0000000000
22714  -6.937  -92.262  -12.853 0.0000000000
22715  -5.275  -90.055  -11.717 0.0000000000
22716  -4.987  -91.235  -11.872 0.0000000000
22717  -4.113  -90.630  -10.265 0.0000000000
22719  -3.804  -89.918  -8.535 0.0000000000
22721  -4.074  -88.672  -8.505 0.0000000000
22722  -8.110  -86.832  -7.921 0.0000000000
22726  -8.214  -84.904  -5.432 0.0000000000
22748  -10.975  -80.912  -4.137 0.0000000000
22749  -11.007  -78.617  -4.858 0.0000000000
22750  -9.728  -77.989  -4.877 0.0000000000
22764  -16.917  -68.076  -6.005 0.0000000000
22766  -17.585  -66.709  -5.769 0.0000000000
23645  -16.788  -100.156  -9.667 0.0000000000
23648  -19.066  -99.189  -14.141 0.0000000000
23664  -21.848  -59.236  -0.389 0.0000000000
24164  -3.615  -73.551  17.431 0.0000000000
24165  -3.299  -74.656  16.326 0.0000000000
24166  -3.425  -75.192  17.824 0.0000000000
24180  -11.003  -93.473  11.890 0.0000000000
24181  -10.619  -95.186  10.576 0.0000000000
24182  -10.041  -97.036  9.537 0.0000000000
24183  -9.248  -98.495  9.068 0.0000000000
24184  -10.504  -98.546  10.038 0.0000000000
24185  -10.762  -99.766  10.647 0.0000000000
24186  -11.317  -100.502  10.640 0.0000000000
24407  -3.714  -79.172  -0.167 0.0000000000
24408  -4.403  -77.763  0.090 0.0000000000
24409  -5.136  -76.302  0.244 0.0000000000
24410  -5.853  -75.037  0.149 0.0000000000
24411  -6.435  -76.314  -0.666 0.0000000000
24412  -7.743  -76.253  -1.927 0.0000000000
24413  -8.480  -76.078  -3.567 0.0000000000
24745  -25.441  -60.580  5.018 0.0000000000
24746  -25.695  -60.787  4.022 0.0000000000
24747  -25.662  -60.989  2.917 0.0000000000
24748  -25.323  -61.031  1.920 0.0000000000
26295  -15.198  -98.469  -14.411 0.0000000000
26296  -14.336  -98.326  -13.294 0.0000000000
26297  -14.418  -98.036  -14.750 0.0000000000
26298  -13.802  -97.466  -14.748 0.0000000000
26299  -13.264  -96.919  -14.338 0.0000000000
26369  -11.712  -55.735  -3.666 0.0000000000
26370  -12.171  -57.155  -3.693 0.0000000000
26371  -13.044  -58.731  -3.554 0.0000000000
27834  -17.478  -67.911  8.612 0.0000000000
27835  -16.954  -68.138  7.056 0.0000000000
27836  -16.553  -69.232  6.993 0.0000000000
27894  -4.924  -84.291  22.468 0.0000000000
27895  -4.132  -84.395  21.565 0.0000000000
27896  -3.456  -84.246  20.679 0.0000000000
27897  -4.496  -85.250  20.254 0.0000000000
27898  -4.634  -86.134  18.954 0.0000000000
27899  -4.494  -87.443  17.315 0.0000000000
27900  -4.943  -94.878  12.497 0.0000000000
27901  -4.361  -93.581  13.662 0.0000000000
27902  -4.214  -95.181  11.955 0.0000000000
27903  -3.800  -95.174  11.165 0.0000000000
27904  -3.955  -94.884  9.856 0.0000000000
27905  -4.382  -94.522  8.647 0.0000000000
27906  -4.805  -95.847  8.565 0.0000000000
27907  -5.860  -96.602  7.620 0.0000000000
27908  -7.100  -97.115  6.875 0.0000000000
27911  -7.051  -98.829  5.809 0.0000000000
28558  -22.389  -68.290  8.054 0.0000000000
28559  -23.306  -67.834  7.881 0.0000000000
28560  -22.941  -69.199  7.546 0.0000000000
28590  -9.209  -70.893  -0.984 0.0000000000
28591  -8.787  -69.601  -0.518 0.0000000000
28592  -10.132  -69.839  -1.233 0.0000000000
28593  -10.992  -68.459  -1.529 0.0000000000
28594  -11.889  -66.794  -1.930 0.0000000000
28595  -12.687  -65.172  -2.432 0.0000000000
28596  -12.982  -66.539  -2.552 0.0000000000
28597  -13.741  -66.350  -3.373 0.0000000000
28598  -14.654  -66.043  -4.194 0.0000000000
28604  -8.570  -90.103  -12.599 0.0000000000
28605  -7.231  -90.866  -13.079 0.0000000000
28606  -7.680  -89.742  -12.969 0.0000000000
28607  -6.657  -89.329  -12.474 0.0000000000
28608  -6.000  -88.955  -11.243 0.0000000000
28609  -5.348  -88.521  -9.621 0.0000000000
28610  -7.158  -88.126  -10.314 0.0000000000
28611  -8.497  -86.985  -9.507 0.0000000000
28612  -9.617  -85.456  -8.891 0.0000000000
29010  -26.150  -63.309  5.170 0.0000000000
29011  -26.362  -65.039  4.143 0.0000000000
30211  -16.788  -98.496  -9.624 0.0000000000
30212  -16.244  -98.611  -11.986 0.0000000000
30213  -16.774  -99.577  -11.241 0.0000000000
30214  -16.527  -99.045  -12.747 0.0000000000
30215  -15.922  -98.780  -13.873 0.0000000000
30216  -16.033  -98.477  -15.401 0.0000000000
30217  -16.529  -97.902  -16.450 0.0000000000
30256  -21.864  -57.506  -0.818 0.0000000000
30271  -9.545  -59.425  -0.835 0.0000000000
31425  -3.670  -75.018  11.629 0.0000000000
31426  -2.893  -74.721  12.391 0.0000000000
31427  -2.784  -76.526  12.811 0.0000000000
31428  -3.034  -78.433  13.419 0.0000000000
31429  -3.112  -76.348  15.281 0.0000000000
31430  -3.216  -78.349  14.518 0.0000000000
31431  -3.416  -80.208  13.631 0.0000000000
31456  -7.923  -87.948  17.898 0.0000000000
31457  -6.746  -88.245  17.082 0.0000000000
31458  -7.308  -89.577  16.435 0.0000000000
31459  -6.588  -91.374  15.346 0.0000000000
31460  -6.112  -92.813  14.070 0.0000000000
31461  -8.171  -92.733  12.198 0.0000000000
31462  -6.808  -93.551  12.382 0.0000000000
31463  -5.708  -94.326  12.576 0.0000000000
31464  -5.682  -95.870  11.234 0.0000000000
31465  -5.604  -97.376  10.029 0.0000000000
31466  -5.605  -98.658  8.893 0.0000000000
31467  -5.531  -99.530  7.998 0.0000000000
31468  -6.112  -99.305  8.350 0.0000000000
31469  -6.647  -100.059  7.866 0.0000000000
31470  -7.404  -100.924  7.315 0.0000000000
31471  -8.548  -99.784  8.557 0.0000000000
31472  -8.210  -100.880  7.952 0.0000000000
31473  -8.249  -101.633  6.731 0.0000000000
31474  -9.187  -101.998  6.091 0.0000000000
31989  -3.079  -76.998  3.263 0.0000000000
31991  -3.089  -73.763  4.002 0.0000000000
31993  -3.697  -70.690  3.082 0.0000000000
31994  -4.254  -69.500  2.403 0.0000000000
31995  -4.395  -70.927  1.881 0.0000000000
31996  -5.620  -71.269  0.876 0.0000000000
31997  -6.979  -71.555  0.158 0.0000000000
31998  -6.638  -73.783  -0.482 0.0000000000
31999  -7.371  -72.756  -0.791 0.0000000000
32000  -8.238  -71.778  -0.874 0.0000000000
32001  -9.453  -71.976  -2.078 0.0000000000
32002  -10.634  -72.129  -3.173 0.0000000000
32003  -11.730  -72.066  -4.156 0.0000000000
32004  -9.094  -96.081  -11.736 0.0000000000
32005  -8.003  -95.642  -11.605 0.0000000000
32006  -8.838  -95.090  -11.836 0.0000000000
32007  -8.733  -93.625  -11.750 0.0000000000
32008  -8.787  -92.160  -11.492 0.0000000000
32010  -10.059  -91.266  -10.380 0.0000000000
32011  -9.219  -90.623  -11.404 0.0000000000
32723  -23.731  -56.610  1.987 0.0000000000
32724  -24.075  -57.989  1.115 0.0000000000
32725  -23.745  -59.463  0.373 0.0000000000
32726  -24.740  -61.154  1.002 0.0000000000
32727  -23.881  -61.083  0.407 0.0000000000
33811  -11.899  -96.667  17.285 0.0000000000
33812  -12.226  -97.531  15.589 0.0000000000
33813  -12.402  -98.276  14.315 0.0000000000
34298  -5.401  -81.330  -2.526 0.0000000000
35934  -10.894  -95.982  -7.503 0.0000000000
35935  -9.913  -96.914  -8.948 0.0000000000
35936  -9.487  -97.154  -10.332 0.0000000000
35938  -15.263  -96.693  -8.901 0.0000000000
35939  -13.916  -97.066  -9.411 0.0000000000
35940  -13.712  -98.119  -12.198 0.0000000000
35941  -13.113  -97.905  -11.044 0.0000000000
35942  -12.643  -97.483  -10.011 0.0000000000
35943  -11.428  -97.586  -10.519 0.0000000000
35944  -10.385  -97.485  -10.995 0.0000000000
35945  -9.591  -96.847  -11.315 0.0000000000
35946  -10.050  -96.127  -11.965 0.0000000000
35947  -10.915  -95.335  -12.000 0.0000000000
35955  -20.462  -99.229  -12.020 0.0000000000
35956  -20.175  -98.870  -14.227 0.0000000000
35960  -19.507  -98.307  -16.866 0.0000000000
39021  -22.106  -65.716  8.179 0.0000000000
39024  -22.010  -66.947  8.210 0.0000000000
39025  -21.631  -68.236  8.213 0.0000000000
39026  -21.074  -69.409  8.192 0.0000000000
39027  -20.356  -70.388  8.073 0.0000000000
39031  -18.984  -67.598  8.004 0.0000000000
39032  -19.404  -67.592  7.250 0.0000000000
39033  -20.006  -67.796  7.360 0.0000000000
39034  -19.716  -68.876  7.807 0.0000000000
39035  -19.489  -69.980  8.134 0.0000000000
39063  -13.261  -67.764  8.870 0.0000000000
39064  -12.253  -68.288  7.201 0.0000000000
39156  -3.979  -81.280  18.875 0.0000000000
39157  -3.198  -83.742  19.495 0.0000000000
39159  -4.358  -82.568  17.378 0.0000000000
39160  -4.572  -83.838  15.708 0.0000000000
39161  -4.039  -85.149  13.924 0.0000000000
39162  -3.142  -86.462  12.366 0.0000000000
39163  -5.640  -88.661  16.873 0.0000000000
39164  -4.657  -88.883  16.818 0.0000000000
39165  -3.906  -88.923  16.090 0.0000000000
39166  -3.697  -92.082  14.593 0.0000000000
39167  -3.425  -90.398  14.965 0.0000000000
39168  -3.675  -88.865  14.899 0.0000000000
39169  -3.495  -88.752  13.266 0.0000000000
39170  -2.949  -88.298  11.826 0.0000000000
39171  -2.676  -87.843  10.690 0.0000000000
39172  -2.908  -89.490  9.021 0.0000000000
39173  -4.047  -91.157  7.589 0.0000000000
39175  -5.059  -94.111  7.409 0.0000000000
39176  -5.963  -93.480  6.365 0.0000000000
39190  -5.818  -99.975  7.049 0.0000000000
39191  -6.449  -100.206  5.747 0.0000000000
39208  -12.365  -99.203  13.155 0.0000000000
39209  -12.311  -100.130  11.837 0.0000000000
39210  -12.221  -100.829  10.341 0.0000000000
39212  -13.331  -100.764  10.193 0.0000000000
39213  -12.266  -101.158  8.833 0.0000000000
39214  -12.153  -101.107  7.198 0.0000000000
39215  -12.271  -101.271  5.497 0.0000000000
39228  -15.589  -101.623  -1.328 0.0000000000
39230  -17.437  -100.952  -1.113 0.0000000000
39231  -16.744  -101.519  -2.605 0.0000000000
39232  -18.106  -101.418  -3.434 0.0000000000
40479  -24.780  -64.884  7.555 0.0000000000
40480  -24.233  -67.188  7.601 0.0000000000
40481  -24.956  -66.480  7.252 0.0000000000
40482  -25.579  -65.395  6.799 0.0000000000
40483  -25.965  -65.935  5.777 0.0000000000
40539  -9.320  -60.874  -1.151 0.0000000000
40540  -5.049  -68.205  1.816 0.0000000000
40541  -6.027  -67.051  1.228 0.0000000000
40542  -6.781  -66.110  0.533 0.0000000000
40543  -8.323  -68.088  -0.426 0.0000000000
40544  -7.811  -66.634  -0.312 0.0000000000
40545  -7.616  -65.202  0.098 0.0000000000
40546  -8.474  -64.008  -0.529 0.0000000000
40547  -9.338  -62.485  -1.370 0.0000000000
40548  -10.210  -60.865  -1.934 0.0000000000
40549  -11.286  -60.740  -2.394 0.0000000000
40550  -12.483  -60.567  -2.836 0.0000000000
40551  -13.641  -60.476  -3.576 0.0000000000
40552  -13.383  -63.591  -3.202 0.0000000000
40553  -13.987  -62.153  -3.872 0.0000000000
40554  -14.546  -60.513  -4.549 0.0000000000
40567  -6.999  -95.050  -11.540 0.0000000000
40568  -6.094  -94.380  -11.469 0.0000000000
40570  -6.041  -91.634  -12.798 0.0000000000
40571  -5.028  -92.417  -11.625 0.0000000000
40579  -4.826  -87.676  -8.138 0.0000000000
40584  -7.207  -81.705  -2.710 0.0000000000
40605  -10.325  -83.997  -8.279 0.0000000000
40607  -11.384  -82.558  -7.707 0.0000000000
40608  -10.156  -84.186  -6.457 0.0000000000
40609  -9.714  -83.284  -4.658 0.0000000000
40610  -9.257  -81.643  -3.217 0.0000000000
40611  -8.572  -80.189  -2.227 0.0000000000
40612  -9.070  -78.638  -3.229 0.0000000000
40613  -8.910  -77.244  -4.414 0.0000000000
40618  -9.857  -73.095  -5.523 0.0000000000
40619  -11.593  -72.509  -5.347 0.0000000000
40631  -15.595  -67.107  -4.289 0.0000000000
40632  -15.982  -65.470  -4.906 0.0000000000
40634  -17.450  -64.571  -5.058 0.0000000000
