#!ascii label  , from subject fsaverage6 vox2ras=TkReg
64
144  47.315  -18.558  1.707 0.0000000000
1788  51.170  -14.251  4.082 0.0000000000
1789  51.904  -10.883  0.488 0.0000000000
1790  57.489  -9.273  0.699 0.0000000000
2407  49.410  -18.655  6.023 0.0000000000
3939  53.627  -13.848  3.283 0.0000000000
3940  54.174  -11.690  2.476 0.0000000000
5370  46.897  -19.118  6.107 0.0000000000
5371  45.934  -20.852  7.284 0.0000000000
5703  52.767  -9.292  -1.429 0.0000000000
8010  48.775  -15.844  3.335 0.0000000000
8011  49.641  -14.757  1.286 0.0000000000
8012  51.502  -12.445  2.404 0.0000000000
8013  54.489  -9.774  1.008 0.0000000000
9775  47.820  -17.414  4.739 0.0000000000
9776  50.353  -16.460  5.189 0.0000000000
11620  54.992  -12.713  2.259 0.0000000000
17574  49.936  -14.816  3.881 0.0000000000
17575  50.121  -14.095  2.938 0.0000000000
17576  51.275  -13.312  3.365 0.0000000000
17577  55.635  -10.589  1.475 0.0000000000
17578  54.300  -10.696  1.791 0.0000000000
17579  56.022  -9.494  0.928 0.0000000000
17580  56.345  -8.361  0.242 0.0000000000
21870  46.708  -18.391  4.030 0.0000000000
21871  46.126  -19.057  4.782 0.0000000000
21872  48.185  -18.795  6.279 0.0000000000
21873  48.671  -17.800  5.704 0.0000000000
21874  49.869  -17.545  5.606 0.0000000000
21875  51.511  -16.261  4.803 0.0000000000
22862  50.669  -12.817  0.938 0.0000000000
22863  50.117  -14.304  0.362 0.0000000000
22864  51.128  -12.211  -0.002 0.0000000000
25521  52.472  -13.965  3.873 0.0000000000
25522  52.700  -12.852  3.363 0.0000000000
25523  53.960  -12.706  2.972 0.0000000000
25524  55.363  -11.628  1.924 0.0000000000
28098  45.594  -19.746  5.520 0.0000000000
28100  46.410  -19.907  6.745 0.0000000000
28101  47.658  -19.770  6.833 0.0000000000
28694  53.438  -9.317  -0.170 0.0000000000
28695  52.257  -10.134  -0.489 0.0000000000
34356  47.970  -17.068  2.578 0.0000000000
34357  48.476  -16.667  1.545 0.0000000000
34358  49.180  -15.251  2.310 0.0000000000
34359  50.386  -13.413  1.915 0.0000000000
34360  51.692  -11.670  1.424 0.0000000000
34361  52.843  -11.853  2.653 0.0000000000
34362  52.910  -11.015  1.793 0.0000000000
34363  53.161  -10.117  0.849 0.0000000000
34364  54.870  -8.779  0.099 0.0000000000
34369  59.110  -9.039  0.508 0.0000000000
39559  47.347  -17.737  3.342 0.0000000000
39560  48.324  -16.562  4.077 0.0000000000
39561  49.452  -15.841  4.555 0.0000000000
39562  47.371  -18.284  5.388 0.0000000000
39563  49.063  -16.794  5.148 0.0000000000
39564  50.686  -15.396  4.702 0.0000000000
39565  51.977  -15.148  4.391 0.0000000000
39566  53.057  -14.969  3.675 0.0000000000
39567  54.122  -14.923  2.618 0.0000000000
39569  47.251  -20.724  7.260 0.0000000000
39570  48.980  -19.666  6.377 0.0000000000
40750  51.590  -11.600  -0.933 0.0000000000
