#!ascii label  , from subject fsaverage6 vox2ras=TkReg
462
69  43.564  -53.405  43.334 0.0000000000
73  47.915  -42.798  37.500 0.0000000000
189  35.337  -51.010  37.850 0.0000000000
190  39.760  -57.722  40.974 0.0000000000
192  31.989  -43.728  40.906 0.0000000000
193  37.408  -45.674  35.343 0.0000000000
420  40.836  -39.999  35.989 0.0000000000
421  45.263  -48.464  38.733 0.0000000000
670  32.576  -52.482  37.912 0.0000000000
939  37.188  -38.759  36.102 0.0000000000
940  40.778  -49.758  39.324 0.0000000000
941  41.352  -47.378  37.129 0.0000000000
942  45.008  -50.982  41.838 0.0000000000
1493  39.630  -52.252  40.354 0.0000000000
1494  42.581  -55.748  41.716 0.0000000000
1495  38.036  -54.186  38.675 0.0000000000
1498  31.876  -40.710  38.715 0.0000000000
1499  34.662  -41.397  35.563 0.0000000000
1500  33.345  -44.248  36.628 0.0000000000
1501  36.509  -48.478  37.633 0.0000000000
1710  49.404  -46.554  36.864 0.0000000000
1711  50.810  -44.130  39.103 0.0000000000
1940  44.768  -41.117  36.249 0.0000000000
1941  38.802  -42.676  34.665 0.0000000000
1942  42.728  -44.463  35.288 0.0000000000
1943  46.399  -45.782  36.163 0.0000000000
1944  49.010  -49.140  39.801 0.0000000000
2589  30.313  -48.018  41.712 0.0000000000
2593  31.415  -47.063  41.589 0.0000000000
2849  45.829  -54.093  44.564 0.0000000000
2851  45.467  -55.298  43.935 0.0000000000
2860  41.983  -51.533  41.728 0.0000000000
2861  42.914  -50.374  40.558 0.0000000000
2862  44.175  -52.164  43.016 0.0000000000
2863  46.293  -52.818  44.114 0.0000000000
3210  47.126  -40.874  38.570 0.0000000000
3212  48.774  -41.805  39.527 0.0000000000
3449  37.668  -51.655  38.853 0.0000000000
3450  39.058  -53.266  39.331 0.0000000000
3451  36.603  -52.633  38.136 0.0000000000
3457  31.566  -42.359  39.554 0.0000000000
3458  32.529  -42.484  37.474 0.0000000000
3459  32.246  -43.817  38.565 0.0000000000
3460  33.662  -49.173  37.976 0.0000000000
3461  34.350  -47.761  37.540 0.0000000000
3462  35.889  -50.031  38.215 0.0000000000
3463  37.966  -50.518  39.145 0.0000000000
3810  50.661  -48.291  38.381 0.0000000000
3811  50.780  -47.026  37.257 0.0000000000
4237  41.287  -56.526  41.206 0.0000000000
4238  43.271  -57.342  43.166 0.0000000000
4239  41.682  -58.316  42.608 0.0000000000
4258  43.835  -39.511  37.558 0.0000000000
4259  42.909  -40.507  35.986 0.0000000000
4260  35.879  -43.541  35.016 0.0000000000
4261  36.691  -41.942  34.925 0.0000000000
4262  38.013  -44.197  34.720 0.0000000000
4263  43.286  -47.978  37.923 0.0000000000
4264  41.839  -46.058  35.840 0.0000000000
4265  43.835  -46.779  36.425 0.0000000000
4266  44.575  -45.340  35.815 0.0000000000
4267  45.718  -47.406  36.984 0.0000000000
4268  47.624  -47.868  37.392 0.0000000000
4269  47.186  -48.975  39.324 0.0000000000
5814  34.005  -51.726  37.613 0.0000000000
5818  32.653  -44.794  42.047 0.0000000000
5819  32.381  -44.985  39.836 0.0000000000
5820  32.177  -45.983  41.025 0.0000000000
6285  46.518  -59.081  45.669 0.0000000000
6286  38.134  -59.231  41.408 0.0000000000
6299  38.937  -39.469  35.928 0.0000000000
6300  38.925  -47.857  37.291 0.0000000000
6301  39.423  -46.638  35.981 0.0000000000
6302  41.090  -48.618  38.460 0.0000000000
6303  43.055  -49.235  39.538 0.0000000000
6304  44.949  -49.689  40.694 0.0000000000
6305  46.867  -50.054  41.447 0.0000000000
6306  46.934  -51.411  42.855 0.0000000000
7325  41.520  -52.873  41.978 0.0000000000
7326  43.442  -54.491  42.409 0.0000000000
7327  41.324  -53.772  40.822 0.0000000000
7328  40.540  -54.848  40.039 0.0000000000
7329  39.047  -55.817  39.825 0.0000000000
7330  35.291  -53.368  37.854 0.0000000000
7331  36.604  -55.217  38.690 0.0000000000
7332  37.682  -57.154  39.860 0.0000000000
7333  36.254  -58.438  40.644 0.0000000000
7339  33.906  -42.854  35.888 0.0000000000
7340  35.193  -45.020  35.473 0.0000000000
7341  32.964  -45.651  37.820 0.0000000000
7342  34.556  -46.485  36.492 0.0000000000
7343  36.847  -47.179  36.525 0.0000000000
7344  38.694  -49.116  38.403 0.0000000000
7345  40.017  -51.036  40.419 0.0000000000
7830  48.472  -44.585  36.859 0.0000000000
7831  49.341  -43.460  38.418 0.0000000000
7832  49.929  -44.989  37.283 0.0000000000
7833  51.200  -45.424  37.613 0.0000000000
8392  44.577  -56.610  43.688 0.0000000000
8393  44.948  -58.220  45.154 0.0000000000
8419  45.549  -39.950  37.974 0.0000000000
8420  46.429  -42.095  36.948 0.0000000000
8421  35.775  -40.019  35.631 0.0000000000
8422  37.691  -40.663  35.339 0.0000000000
8423  39.650  -41.268  35.144 0.0000000000
8424  39.916  -45.103  35.138 0.0000000000
8425  40.790  -43.339  34.786 0.0000000000
8426  41.792  -41.837  35.113 0.0000000000
8427  43.719  -42.672  35.351 0.0000000000
8428  45.572  -43.644  35.943 0.0000000000
8429  47.060  -44.223  36.431 0.0000000000
8430  47.996  -46.218  36.520 0.0000000000
8431  49.304  -48.103  37.801 0.0000000000
10529  44.701  -53.760  44.062 0.0000000000
10530  45.578  -54.668  44.254 0.0000000000
10531  44.615  -54.334  43.625 0.0000000000
10540  42.659  -52.434  42.820 0.0000000000
10541  43.088  -51.832  42.400 0.0000000000
10542  43.794  -52.696  43.454 0.0000000000
10543  44.862  -53.014  44.032 0.0000000000
10890  47.597  -41.884  38.064 0.0000000000
10891  47.960  -41.316  39.081 0.0000000000
10892  48.355  -42.190  38.484 0.0000000000
11129  36.536  -51.329  38.233 0.0000000000
11130  37.158  -52.121  38.423 0.0000000000
11131  35.959  -51.738  37.948 0.0000000000
11136  31.263  -55.589  40.395 0.0000000000
11137  31.736  -43.120  40.208 0.0000000000
11138  31.978  -43.138  39.022 0.0000000000
11139  32.053  -43.761  39.711 0.0000000000
11140  34.389  -50.140  37.813 0.0000000000
11141  34.772  -49.637  37.971 0.0000000000
11142  35.598  -50.603  38.069 0.0000000000
11143  36.729  -50.887  38.437 0.0000000000
11917  40.548  -56.976  41.060 0.0000000000
11918  41.580  -57.396  41.817 0.0000000000
11919  40.752  -58.015  41.703 0.0000000000
11935  40.496  -39.228  36.492 0.0000000000
11937  41.422  -39.508  36.604 0.0000000000
11938  42.387  -39.800  36.620 0.0000000000
11939  41.899  -40.256  35.922 0.0000000000
11940  36.557  -44.610  34.969 0.0000000000
11941  36.918  -43.804  34.793 0.0000000000
11942  37.699  -45.013  34.915 0.0000000000
11943  44.286  -48.219  38.336 0.0000000000
11944  43.585  -47.358  37.009 0.0000000000
11945  44.559  -47.724  37.424 0.0000000000
11946  44.772  -47.125  36.690 0.0000000000
11947  45.468  -48.050  37.812 0.0000000000
11948  46.409  -48.295  38.042 0.0000000000
11949  46.196  -48.757  39.080 0.0000000000
13538  32.599  -45.298  41.499 0.0000000000
13539  32.510  -45.786  42.134 0.0000000000
13541  31.419  -47.481  40.300 0.0000000000
14316  46.554  -58.173  45.613 0.0000000000
14317  37.290  -59.828  41.907 0.0000000000
14338  38.792  -38.596  36.386 0.0000000000
14339  38.071  -39.112  35.925 0.0000000000
14340  39.846  -48.863  38.312 0.0000000000
14341  40.038  -48.263  37.859 0.0000000000
14342  40.977  -49.205  38.861 0.0000000000
14343  43.949  -50.701  41.229 0.0000000000
14344  43.036  -49.854  40.062 0.0000000000
14345  44.045  -50.177  40.690 0.0000000000
14346  43.992  -49.487  40.144 0.0000000000
14347  45.038  -50.344  41.231 0.0000000000
14348  46.016  -50.539  41.760 0.0000000000
14349  45.966  -51.213  42.375 0.0000000000
14350  47.071  -53.726  44.790 0.0000000000
14351  47.404  -53.156  44.367 0.0000000000
16109  40.586  -52.563  41.183 0.0000000000
16110  41.452  -53.312  41.422 0.0000000000
16111  40.423  -53.047  40.593 0.0000000000
16112  38.590  -53.701  38.965 0.0000000000
16113  39.901  -53.994  39.622 0.0000000000
16114  39.287  -54.498  39.344 0.0000000000
16115  39.809  -55.328  39.900 0.0000000000
16116  38.601  -55.010  39.189 0.0000000000
16117  33.273  -52.073  37.658 0.0000000000
16118  34.588  -52.573  37.651 0.0000000000
16119  33.915  -52.971  37.719 0.0000000000
16121  35.246  -54.847  38.403 0.0000000000
16123  37.182  -56.281  39.298 0.0000000000
16124  36.521  -56.843  39.435 0.0000000000
16125  36.946  -57.789  40.154 0.0000000000
16126  35.889  -57.438  39.830 0.0000000000
16135  32.881  -43.301  36.942 0.0000000000
16136  33.162  -42.642  36.612 0.0000000000
16137  33.633  -43.572  36.193 0.0000000000
16138  34.520  -43.885  35.599 0.0000000000
16139  34.196  -44.646  35.877 0.0000000000
16140  32.416  -45.785  39.342 0.0000000000
16141  32.548  -45.275  38.797 0.0000000000
16142  32.774  -46.237  38.282 0.0000000000
16143  35.435  -48.166  37.422 0.0000000000
16144  34.515  -47.080  37.029 0.0000000000
16145  35.570  -47.481  36.931 0.0000000000
16146  35.740  -46.848  36.329 0.0000000000
16147  36.668  -47.805  37.122 0.0000000000
16148  37.762  -48.113  37.462 0.0000000000
16149  37.622  -48.799  37.982 0.0000000000
16150  38.761  -51.359  39.788 0.0000000000
16151  38.993  -50.773  39.755 0.0000000000
16152  39.740  -51.667  40.540 0.0000000000
16153  40.637  -51.886  41.326 0.0000000000
17190  48.933  -45.551  36.645 0.0000000000
17191  49.253  -44.766  37.069 0.0000000000
17192  49.622  -45.758  36.881 0.0000000000
17194  50.909  -46.213  37.260 0.0000000000
17195  51.599  -46.485  37.393 0.0000000000
17196  51.869  -45.607  37.673 0.0000000000
18472  43.141  -55.179  41.940 0.0000000000
18473  44.201  -55.591  42.795 0.0000000000
18474  43.610  -56.208  42.694 0.0000000000
18475  43.387  -58.160  43.894 0.0000000000
18476  44.136  -57.787  44.264 0.0000000000
18477  44.155  -58.581  44.808 0.0000000000
18535  44.355  -40.192  36.845 0.0000000000
18536  44.701  -39.699  37.758 0.0000000000
18537  45.194  -40.488  37.059 0.0000000000
18538  45.998  -40.927  37.370 0.0000000000
18539  45.619  -41.606  36.552 0.0000000000
18540  34.275  -40.467  36.080 0.0000000000
18542  35.183  -40.659  35.535 0.0000000000
18543  37.743  -42.334  34.752 0.0000000000
18544  37.167  -41.297  35.064 0.0000000000
18545  38.202  -41.643  34.952 0.0000000000
18546  38.679  -40.946  35.261 0.0000000000
18547  39.222  -41.942  34.851 0.0000000000
18548  40.388  -47.033  36.619 0.0000000000
18549  39.717  -45.926  35.465 0.0000000000
18550  40.623  -46.354  35.974 0.0000000000
18551  42.215  -45.283  35.513 0.0000000000
18552  41.289  -44.761  35.144 0.0000000000
18553  41.743  -43.892  34.982 0.0000000000
18554  41.210  -42.558  34.878 0.0000000000
18555  42.242  -43.036  35.031 0.0000000000
18556  42.771  -42.196  35.189 0.0000000000
18557  43.192  -43.565  35.254 0.0000000000
18558  45.492  -45.617  35.997 0.0000000000
18559  45.022  -44.527  35.770 0.0000000000
18560  45.898  -44.799  36.029 0.0000000000
18561  46.345  -43.962  36.234 0.0000000000
18562  46.730  -45.061  36.208 0.0000000000
18563  47.461  -45.210  36.366 0.0000000000
18564  47.198  -46.053  36.325 0.0000000000
18565  48.249  -48.590  38.521 0.0000000000
18566  48.507  -47.980  37.580 0.0000000000
18567  49.131  -48.684  38.755 0.0000000000
18568  49.913  -48.733  39.025 0.0000000000
18569  49.832  -49.257  40.071 0.0000000000
18570  47.843  -50.784  42.534 0.0000000000
18571  47.863  -50.176  41.761 0.0000000000
21713  50.147  -43.892  38.775 0.0000000000
21714  49.753  -43.107  39.509 0.0000000000
21715  50.546  -43.638  39.928 0.0000000000
23101  30.844  -47.644  41.615 0.0000000000
23563  46.601  -55.024  44.863 0.0000000000
23564  46.321  -55.622  44.626 0.0000000000
23565  46.040  -56.321  44.470 0.0000000000
23579  36.337  -38.413  36.418 0.0000000000
23580  41.406  -50.645  40.559 0.0000000000
23581  41.878  -50.016  39.936 0.0000000000
23582  42.553  -50.973  41.231 0.0000000000
23583  43.610  -51.269  41.815 0.0000000000
23584  44.611  -51.592  42.463 0.0000000000
23585  45.594  -51.899  43.037 0.0000000000
23586  45.217  -52.478  43.598 0.0000000000
23587  46.075  -53.436  44.604 0.0000000000
24214  49.252  -41.393  40.640 0.0000000000
24641  38.600  -51.961  39.540 0.0000000000
24642  39.406  -52.783  39.786 0.0000000000
24643  38.275  -52.519  39.055 0.0000000000
24644  37.815  -52.990  38.644 0.0000000000
24645  37.344  -53.394  38.398 0.0000000000
24646  31.919  -52.956  38.392 0.0000000000
24647  33.249  -53.490  38.057 0.0000000000
24648  32.625  -54.045  38.504 0.0000000000
24655  31.624  -41.604  39.096 0.0000000000
24657  31.993  -42.400  38.463 0.0000000000
24658  32.347  -43.178  37.937 0.0000000000
24659  32.727  -43.948  37.502 0.0000000000
24660  33.034  -47.964  38.292 0.0000000000
24661  33.394  -47.319  37.979 0.0000000000
24662  34.030  -48.451  37.895 0.0000000000
24663  35.112  -48.936  37.783 0.0000000000
24664  36.234  -49.298  38.074 0.0000000000
24665  37.289  -49.621  38.467 0.0000000000
24666  36.994  -50.304  38.614 0.0000000000
24667  37.804  -51.102  39.071 0.0000000000
25290  50.008  -47.548  37.427 0.0000000000
25291  50.112  -46.838  37.093 0.0000000000
25292  50.718  -47.721  37.675 0.0000000000
25293  51.516  -47.888  37.873 0.0000000000
26059  41.952  -56.173  41.460 0.0000000000
26060  42.943  -56.601  42.496 0.0000000000
26061  42.316  -56.909  42.079 0.0000000000
26062  42.518  -57.776  42.815 0.0000000000
26063  42.542  -58.681  43.525 0.0000000000
26097  42.946  -39.314  37.394 0.0000000000
26098  43.381  -39.973  36.731 0.0000000000
26099  43.887  -40.771  36.077 0.0000000000
26100  35.213  -42.431  35.206 0.0000000000
26101  35.662  -41.622  35.172 0.0000000000
26102  36.291  -42.741  34.840 0.0000000000
26103  37.389  -43.101  34.643 0.0000000000
26104  38.377  -43.444  34.617 0.0000000000
26105  42.293  -47.736  37.545 0.0000000000
26106  41.558  -46.729  36.385 0.0000000000
26107  42.536  -47.077  36.724 0.0000000000
26108  42.824  -46.427  36.163 0.0000000000
26109  43.197  -45.698  35.810 0.0000000000
26110  43.652  -44.933  35.597 0.0000000000
26111  44.093  -46.103  36.020 0.0000000000
26112  45.105  -46.450  36.200 0.0000000000
26113  46.060  -46.693  36.430 0.0000000000
26114  46.966  -46.892  36.567 0.0000000000
26115  46.717  -47.646  37.128 0.0000000000
26116  47.346  -48.409  38.234 0.0000000000
26117  48.144  -49.052  39.546 0.0000000000
28925  34.131  -50.585  37.693 0.0000000000
28926  34.741  -51.359  37.672 0.0000000000
28927  33.403  -50.862  37.640 0.0000000000
28936  32.300  -44.278  41.473 0.0000000000
28937  32.289  -44.368  40.345 0.0000000000
28938  32.488  -44.858  40.921 0.0000000000
28939  32.337  -45.473  40.400 0.0000000000
28940  32.165  -46.274  39.795 0.0000000000
28942  31.852  -46.889  40.232 0.0000000000
28944  32.582  -48.558  38.393 0.0000000000
28945  33.282  -49.662  37.885 0.0000000000
30028  38.995  -58.500  41.064 0.0000000000
30029  39.959  -58.799  41.728 0.0000000000
30030  39.070  -59.579  41.968 0.0000000000
30058  39.627  -38.970  36.355 0.0000000000
30059  39.861  -39.738  35.959 0.0000000000
30060  38.151  -46.856  36.174 0.0000000000
30061  38.444  -46.177  35.553 0.0000000000
30062  39.224  -47.269  36.662 0.0000000000
30063  40.246  -47.638  37.295 0.0000000000
30064  41.210  -48.018  37.909 0.0000000000
30065  42.009  -49.511  39.472 0.0000000000
30066  42.108  -48.964  39.001 0.0000000000
30067  42.174  -48.317  38.372 0.0000000000
30068  43.111  -48.599  38.865 0.0000000000
30069  44.090  -48.825  39.352 0.0000000000
30070  45.033  -49.030  39.781 0.0000000000
30071  45.982  -49.251  40.111 0.0000000000
30072  45.922  -49.889  41.086 0.0000000000
30073  46.909  -50.678  42.185 0.0000000000
30074  47.848  -51.532  43.154 0.0000000000
30075  46.660  -52.175  43.515 0.0000000000
30076  47.659  -52.422  43.782 0.0000000000
32501  42.552  -53.151  42.717 0.0000000000
32502  43.503  -53.931  42.930 0.0000000000
32503  42.501  -53.630  42.202 0.0000000000
32504  42.388  -54.102  41.628 0.0000000000
32505  42.053  -54.751  41.135 0.0000000000
32506  40.260  -53.466  40.034 0.0000000000
32507  41.068  -54.351  40.389 0.0000000000
32508  41.591  -55.324  40.817 0.0000000000
32509  40.959  -55.720  40.616 0.0000000000
32510  40.207  -56.114  40.520 0.0000000000
32511  39.454  -56.684  40.369 0.0000000000
32512  35.367  -52.185  37.741 0.0000000000
32513  36.026  -53.015  37.895 0.0000000000
32514  36.728  -53.753  38.145 0.0000000000
32515  34.617  -53.878  37.982 0.0000000000
32516  36.005  -54.231  38.164 0.0000000000
32517  37.331  -54.650  38.617 0.0000000000
32518  37.870  -55.604  39.207 0.0000000000
32519  38.322  -56.514  39.798 0.0000000000
32520  38.772  -57.437  40.346 0.0000000000
32521  38.008  -58.178  40.548 0.0000000000
32522  37.204  -58.858  40.986 0.0000000000
32523  36.471  -59.476  41.581 0.0000000000
32526  35.748  -60.037  42.341 0.0000000000
32535  32.786  -41.725  37.168 0.0000000000
32536  33.438  -41.923  36.317 0.0000000000
32537  34.246  -42.151  35.698 0.0000000000
32538  34.829  -43.163  35.336 0.0000000000
32539  35.494  -44.233  35.149 0.0000000000
32540  36.267  -45.367  35.291 0.0000000000
32541  32.358  -44.453  39.222 0.0000000000
32542  32.546  -44.672  38.125 0.0000000000
32543  33.079  -44.972  37.221 0.0000000000
32544  33.494  -46.712  37.521 0.0000000000
32545  33.668  -46.062  37.007 0.0000000000
32546  33.881  -45.373  36.439 0.0000000000
32547  34.851  -45.768  35.919 0.0000000000
32548  35.961  -46.163  35.749 0.0000000000
32549  37.136  -46.481  35.848 0.0000000000
32550  37.850  -47.468  36.901 0.0000000000
32551  38.832  -48.443  37.861 0.0000000000
32552  39.768  -49.462  38.815 0.0000000000
32553  38.314  -49.879  38.939 0.0000000000
32554  39.370  -50.172  39.420 0.0000000000
32555  40.387  -50.397  39.929 0.0000000000
32556  40.961  -51.280  41.074 0.0000000000
32557  41.585  -52.139  42.050 0.0000000000
33870  48.125  -43.728  37.134 0.0000000000
33871  48.635  -43.099  37.973 0.0000000000
33872  48.874  -43.930  37.489 0.0000000000
33873  49.658  -44.233  37.783 0.0000000000
33874  50.352  -44.439  38.116 0.0000000000
33875  50.250  -46.003  37.058 0.0000000000
33876  50.534  -45.188  37.483 0.0000000000
33877  50.983  -44.643  38.236 0.0000000000
33878  51.670  -44.809  38.415 0.0000000000
35458  44.510  -54.944  43.164 0.0000000000
35459  45.132  -56.045  43.669 0.0000000000
35460  45.544  -57.001  44.516 0.0000000000
35461  43.932  -56.990  43.534 0.0000000000
35462  44.923  -57.382  44.507 0.0000000000
35463  45.853  -57.811  45.260 0.0000000000
35464  45.800  -58.709  45.625 0.0000000000
35467  40.833  -59.089  42.439 0.0000000000
35538  46.378  -40.372  38.224 0.0000000000
35539  46.750  -41.437  37.729 0.0000000000
35540  47.188  -42.484  37.259 0.0000000000
35543  36.434  -39.327  35.782 0.0000000000
35544  36.169  -40.946  35.248 0.0000000000
35545  36.719  -40.319  35.415 0.0000000000
35546  37.364  -39.690  35.636 0.0000000000
35547  38.295  -40.035  35.616 0.0000000000
35548  39.219  -40.357  35.565 0.0000000000
35549  40.269  -40.622  35.470 0.0000000000
35550  38.731  -45.447  35.050 0.0000000000
35551  39.006  -44.666  34.840 0.0000000000
35552  39.389  -43.792  34.692 0.0000000000
35553  40.849  -45.627  35.500 0.0000000000
35554  40.348  -44.231  34.896 0.0000000000
35555  39.811  -43.007  34.710 0.0000000000
35556  40.204  -42.223  34.816 0.0000000000
35557  40.747  -41.535  35.087 0.0000000000
35558  41.356  -40.888  35.413 0.0000000000
35559  42.375  -41.127  35.443 0.0000000000
35560  43.338  -41.419  35.547 0.0000000000
35561  44.255  -41.914  35.687 0.0000000000
35562  44.103  -44.102  35.496 0.0000000000
35563  44.661  -43.225  35.634 0.0000000000
35564  45.181  -42.360  35.966 0.0000000000
35565  46.034  -42.786  36.297 0.0000000000
35566  46.805  -43.205  36.625 0.0000000000
35567  47.452  -43.482  36.887 0.0000000000
35568  47.763  -44.452  36.641 0.0000000000
35569  48.233  -45.370  36.488 0.0000000000
35570  48.775  -46.407  36.642 0.0000000000
35571  47.848  -47.050  36.760 0.0000000000
35572  48.667  -47.226  36.912 0.0000000000
35573  49.398  -47.366  37.184 0.0000000000
35574  49.972  -48.161  38.138 0.0000000000
35577  46.989  -49.450  40.471 0.0000000000
35578  48.031  -49.596  40.673 0.0000000000
35579  48.943  -49.627  40.950 0.0000000000
37049  31.229  -41.878  40.418 0.0000000000
37051  31.690  -43.298  41.630 0.0000000000
37060  32.091  -43.870  42.304 0.0000000000
37061  32.445  -44.403  42.860 0.0000000000
38824  30.980  -59.820  45.811 0.0000000000
38825  31.821  -60.779  45.931 0.0000000000
39369  49.067  -42.638  38.936 0.0000000000
