#!ascii label  , from subject fsaverage6 vox2ras=TkReg
45
355  58.605  -4.308  -1.920 0.0000000000
1423  58.387  0.868  -5.239 0.0000000000
2539  53.402  -7.292  -3.268 0.0000000000
5702  55.289  -7.758  -0.974 0.0000000000
5704  55.963  -5.409  -3.012 0.0000000000
5706  55.815  0.191  -5.516 0.0000000000
5707  55.409  2.806  -6.616 0.0000000000
7167  58.827  -1.694  -3.690 0.0000000000
8014  58.142  -6.796  -0.336 0.0000000000
10174  56.137  -2.550  -4.583 0.0000000000
10175  53.606  -4.865  -4.801 0.0000000000
13382  57.136  -5.989  -1.562 0.0000000000
13383  55.662  -6.660  -1.952 0.0000000000
13384  57.411  -4.722  -2.515 0.0000000000
17580  56.345  -8.361  0.242 0.0000000000
17581  57.800  -8.080  0.290 0.0000000000
22870  58.613  -0.473  -4.516 0.0000000000
22871  57.581  -1.969  -4.204 0.0000000000
22872  57.442  -0.516  -4.818 0.0000000000
22873  54.406  -0.952  -5.743 0.0000000000
22874  54.617  -2.209  -5.142 0.0000000000
28694  53.438  -9.317  -0.170 0.0000000000
28696  53.821  -8.380  -1.180 0.0000000000
28697  54.261  -7.351  -2.158 0.0000000000
28698  54.499  -6.120  -3.106 0.0000000000
28700  57.239  0.793  -5.359 0.0000000000
28701  56.958  2.047  -5.889 0.0000000000
28702  55.609  1.497  -6.042 0.0000000000
28703  54.177  0.267  -6.429 0.0000000000
28704  53.238  -1.212  -7.063 0.0000000000
28705  54.089  1.567  -7.132 0.0000000000
32078  59.658  -3.072  -2.391 0.0000000000
32079  58.750  -3.016  -2.875 0.0000000000
34364  54.870  -8.779  0.099 0.0000000000
34365  56.702  -7.230  -0.622 0.0000000000
34366  58.431  -5.521  -1.056 0.0000000000
34372  59.278  -7.832  0.262 0.0000000000
34373  59.412  -6.589  -0.175 0.0000000000
34374  59.560  -5.326  -0.797 0.0000000000
34375  59.660  -4.178  -1.547 0.0000000000
40756  57.561  -3.354  -3.476 0.0000000000
40757  56.138  -3.989  -3.855 0.0000000000
40758  54.600  -4.978  -3.923 0.0000000000
40759  56.015  -1.212  -5.047 0.0000000000
40760  54.686  -3.562  -4.592 0.0000000000
