#!ascii label  , from subject fsaverage6 vox2ras=TkReg
127
145  37.834  -29.242  12.487 0.0000000000
590  42.432  -23.268  7.542 0.0000000000
1309  40.114  -26.069  10.338 0.0000000000
2403  41.002  -25.286  1.616 0.0000000000
2406  44.605  -20.808  4.614 0.0000000000
2412  36.212  -32.688  15.151 0.0000000000
2415  42.084  -30.702  8.817 0.0000000000
3227  35.330  -28.987  13.346 0.0000000000
3228  36.483  -28.010  11.576 0.0000000000
3229  39.076  -27.661  11.448 0.0000000000
3230  42.573  -26.062  9.736 0.0000000000
3231  41.206  -27.953  10.319 0.0000000000
5365  39.077  -25.913  8.173 0.0000000000
5367  40.323  -25.115  6.360 0.0000000000
5368  41.548  -24.485  4.584 0.0000000000
5369  43.490  -21.950  6.194 0.0000000000
6964  37.760  -26.934  9.905 0.0000000000
6965  41.288  -24.600  9.031 0.0000000000
6966  44.976  -22.606  8.228 0.0000000000
6967  43.978  -24.268  9.055 0.0000000000
7860  34.708  -29.938  14.845 0.0000000000
9765  44.305  -22.556  1.390 0.0000000000
9772  39.662  -26.086  3.471 0.0000000000
9773  42.934  -23.666  2.891 0.0000000000
9774  45.792  -19.877  3.139 0.0000000000
9792  36.914  -31.065  13.496 0.0000000000
9799  38.441  -33.914  13.598 0.0000000000
9800  39.094  -32.101  11.729 0.0000000000
9801  40.059  -29.942  10.637 0.0000000000
9802  43.056  -28.416  7.927 0.0000000000
10907  36.558  -29.116  13.052 0.0000000000
10908  37.121  -28.485  12.355 0.0000000000
10909  38.426  -28.459  11.967 0.0000000000
10910  40.191  -27.743  11.048 0.0000000000
10911  39.544  -28.605  11.438 0.0000000000
13045  40.699  -24.602  7.806 0.0000000000
13046  39.676  -25.539  7.274 0.0000000000
13047  41.296  -24.108  6.980 0.0000000000
13048  41.823  -23.605  6.174 0.0000000000
13049  42.982  -22.568  6.875 0.0000000000
13050  44.651  -21.224  6.867 0.0000000000
13051  44.143  -22.011  7.494 0.0000000000
15445  38.304  -27.075  10.925 0.0000000000
15446  37.161  -27.449  10.775 0.0000000000
15447  38.918  -26.369  10.189 0.0000000000
15448  39.507  -25.680  9.422 0.0000000000
15449  40.690  -25.279  9.700 0.0000000000
15450  42.588  -24.333  9.231 0.0000000000
15451  41.983  -25.138  9.782 0.0000000000
15452  43.636  -26.151  8.858 0.0000000000
15453  44.406  -25.233  8.698 0.0000000000
15454  45.258  -25.324  7.674 0.0000000000
17255  33.573  -29.410  15.269 0.0000000000
17256  33.448  -29.765  16.099 0.0000000000
21845  43.375  -23.440  0.645 0.0000000000
21864  38.930  -26.380  4.444 0.0000000000
21865  42.987  -22.810  4.503 0.0000000000
21866  42.261  -24.057  3.715 0.0000000000
21867  43.729  -22.344  3.677 0.0000000000
21868  44.383  -21.921  2.939 0.0000000000
21869  45.129  -20.403  3.816 0.0000000000
21877  46.338  -22.532  7.948 0.0000000000
21912  35.296  -31.859  15.858 0.0000000000
21913  35.486  -31.219  15.118 0.0000000000
21914  36.512  -31.915  14.240 0.0000000000
21931  38.237  -34.643  14.742 0.0000000000
21933  41.779  -31.800  9.545 0.0000000000
21935  40.574  -31.467  10.205 0.0000000000
21936  39.542  -31.038  11.060 0.0000000000
21937  40.998  -30.318  9.604 0.0000000000
21938  41.539  -29.213  9.263 0.0000000000
21939  42.520  -29.563  8.263 0.0000000000
24241  34.150  -28.742  13.447 0.0000000000
24242  34.669  -28.451  12.459 0.0000000000
24243  35.863  -28.494  12.452 0.0000000000
24244  37.726  -27.776  11.606 0.0000000000
24245  39.539  -26.860  10.971 0.0000000000
24246  41.388  -25.995  10.216 0.0000000000
24247  40.817  -26.865  10.612 0.0000000000
24248  41.959  -27.052  10.028 0.0000000000
24249  42.862  -27.121  9.067 0.0000000000
28089  37.323  -27.067  8.640 0.0000000000
28091  37.973  -26.762  7.666 0.0000000000
28092  38.624  -26.436  6.756 0.0000000000
28093  39.301  -26.124  5.862 0.0000000000
28094  40.028  -25.818  4.922 0.0000000000
28095  40.914  -24.800  5.472 0.0000000000
28096  42.395  -23.166  5.328 0.0000000000
28097  44.067  -21.356  5.431 0.0000000000
28124  36.032  -33.265  16.137 0.0000000000
28138  43.376  -30.979  8.436 0.0000000000
28139  43.752  -29.905  7.688 0.0000000000
31608  35.230  -28.146  11.511 0.0000000000
31609  35.872  -27.803  10.525 0.0000000000
31610  36.573  -27.452  9.567 0.0000000000
31611  38.441  -26.385  9.056 0.0000000000
31612  40.065  -25.127  8.633 0.0000000000
31613  41.841  -23.946  8.273 0.0000000000
31614  43.603  -22.818  8.083 0.0000000000
31615  43.056  -23.603  8.684 0.0000000000
31616  44.380  -23.467  8.715 0.0000000000
31617  45.775  -23.372  8.244 0.0000000000
31618  43.280  -25.171  9.434 0.0000000000
31619  45.111  -24.294  8.489 0.0000000000
33952  33.817  -29.088  14.369 0.0000000000
33953  34.991  -29.452  14.106 0.0000000000
33954  36.198  -29.717  13.661 0.0000000000
39531  45.856  -20.739  1.541 0.0000000000
39553  40.755  -25.498  4.009 0.0000000000
39554  41.432  -25.086  3.082 0.0000000000
39555  42.049  -24.627  2.213 0.0000000000
39556  43.620  -23.165  2.122 0.0000000000
39557  45.066  -21.445  2.264 0.0000000000
39568  45.522  -21.730  7.755 0.0000000000
39569  47.251  -20.724  7.260 0.0000000000
39610  34.450  -30.503  15.708 0.0000000000
39611  35.875  -30.460  14.285 0.0000000000
39612  37.359  -30.124  12.982 0.0000000000
39631  37.031  -34.490  16.570 0.0000000000
39632  37.111  -34.039  15.324 0.0000000000
39636  37.577  -32.520  13.375 0.0000000000
39637  37.936  -31.626  12.640 0.0000000000
39638  38.479  -30.606  12.069 0.0000000000
39639  39.047  -29.554  11.651 0.0000000000
39640  40.625  -28.937  10.478 0.0000000000
39641  42.147  -28.171  9.150 0.0000000000
39642  43.746  -27.286  7.756 0.0000000000
