#!ascii label  , from subject fsaverage6 vox2ras=TkReg
138
251  48.778  9.686  12.338 0.0000000000
507  54.748  13.970  9.115 0.0000000000
1112  54.885  16.701  17.359 0.0000000000
1603  50.323  14.478  19.449 0.0000000000
1604  46.741  11.688  19.287 0.0000000000
1605  47.664  6.441  14.166 0.0000000000
2164  50.166  14.552  9.040 0.0000000000
2166  51.978  12.390  11.162 0.0000000000
2167  52.540  10.764  2.676 0.0000000000
3633  45.453  5.989  17.827 0.0000000000
3634  45.694  7.612  16.741 0.0000000000
4773  54.882  15.820  13.085 0.0000000000
4774  52.415  16.597  13.215 0.0000000000
4775  52.956  14.599  8.764 0.0000000000
4776  50.584  13.677  5.313 0.0000000000
4777  52.993  13.557  5.176 0.0000000000
4778  49.526  12.426  16.081 0.0000000000
4779  51.301  13.735  15.516 0.0000000000
4780  50.069  11.412  11.923 0.0000000000
4782  52.150  9.297  3.616 0.0000000000
6610  55.483  14.925  13.678 0.0000000000
6612  50.100  8.463  8.439 0.0000000000
7581  48.504  13.147  19.480 0.0000000000
7582  47.897  10.852  16.132 0.0000000000
7584  46.654  9.366  16.249 0.0000000000
7585  47.971  7.983  12.977 0.0000000000
9053  47.751  18.899  10.743 0.0000000000
9055  49.768  17.864  12.719 0.0000000000
9057  47.576  13.836  5.842 0.0000000000
9060  52.559  15.873  18.612 0.0000000000
9061  53.914  14.352  14.634 0.0000000000
9062  54.202  12.977  10.106 0.0000000000
9063  50.687  10.226  7.571 0.0000000000
9064  52.227  11.564  6.717 0.0000000000
9065  53.537  12.611  5.779 0.0000000000
12453  54.856  14.739  11.074 0.0000000000
12454  53.947  15.087  10.939 0.0000000000
12455  54.097  14.392  8.879 0.0000000000
12456  53.115  14.111  6.815 0.0000000000
12457  54.029  13.789  6.993 0.0000000000
12458  48.977  11.055  14.148 0.0000000000
12459  49.873  11.900  14.085 0.0000000000
12460  49.417  10.548  11.948 0.0000000000
14856  55.675  16.184  15.191 0.0000000000
14857  55.380  15.744  15.656 0.0000000000
16655  47.625  12.430  19.406 0.0000000000
16656  48.223  12.149  17.857 0.0000000000
16657  47.392  11.402  17.750 0.0000000000
16661  46.695  7.002  15.504 0.0000000000
16662  46.140  8.502  16.475 0.0000000000
16663  46.988  7.845  15.036 0.0000000000
16664  47.311  8.684  14.681 0.0000000000
16665  47.800  7.183  13.448 0.0000000000
20077  49.288  20.181  11.011 0.0000000000
20080  53.799  19.527  14.631 0.0000000000
20081  51.191  15.429  11.246 0.0000000000
20082  51.012  17.203  13.211 0.0000000000
20083  49.821  15.792  11.402 0.0000000000
20084  48.426  16.196  11.082 0.0000000000
20085  48.748  14.758  9.162 0.0000000000
20086  47.570  14.412  7.435 0.0000000000
20087  48.945  14.110  7.211 0.0000000000
20088  50.601  13.157  3.810 0.0000000000
20095  51.290  15.161  19.204 0.0000000000
20096  51.737  13.064  13.374 0.0000000000
20097  52.544  14.223  15.217 0.0000000000
20098  52.993  13.355  12.913 0.0000000000
20099  54.180  13.521  12.376 0.0000000000
20100  53.159  12.654  10.627 0.0000000000
20101  51.028  7.981  6.553 0.0000000000
20102  50.348  9.331  8.023 0.0000000000
20103  51.122  8.855  6.007 0.0000000000
20104  52.413  10.106  3.115 0.0000000000
20105  51.831  10.524  4.959 0.0000000000
20106  52.438  11.181  4.585 0.0000000000
20107  53.038  12.034  6.190 0.0000000000
20108  52.911  11.752  4.130 0.0000000000
20109  52.965  12.360  3.811 0.0000000000
24971  44.540  7.352  18.307 0.0000000000
24972  44.791  8.186  17.934 0.0000000000
27023  54.792  17.255  14.577 0.0000000000
27025  53.827  16.230  13.229 0.0000000000
27026  52.613  15.223  11.056 0.0000000000
27027  51.554  14.591  8.907 0.0000000000
27028  50.404  14.068  7.070 0.0000000000
27029  51.833  14.166  6.893 0.0000000000
27030  51.908  13.740  5.231 0.0000000000
27031  51.887  13.145  3.701 0.0000000000
27032  50.016  13.526  17.817 0.0000000000
27033  50.865  14.199  17.673 0.0000000000
27034  50.365  13.113  15.880 0.0000000000
27035  50.706  12.565  13.799 0.0000000000
27036  50.890  11.982  11.594 0.0000000000
27038  52.171  8.474  4.292 0.0000000000
27040  52.715  8.917  2.188 0.0000000000
30782  55.536  16.651  14.815 0.0000000000
30783  55.478  15.373  13.198 0.0000000000
30784  55.271  14.279  11.431 0.0000000000
30785  48.987  8.240  10.823 0.0000000000
30786  49.390  9.087  10.355 0.0000000000
30787  49.864  7.613  9.013 0.0000000000
30788  50.960  7.119  7.245 0.0000000000
33193  49.376  13.818  19.432 0.0000000000
33194  49.122  12.835  17.867 0.0000000000
33195  48.619  11.656  16.100 0.0000000000
33196  48.257  10.259  14.211 0.0000000000
33199  45.889  10.919  19.184 0.0000000000
33200  45.272  9.002  17.774 0.0000000000
33201  45.934  9.871  17.770 0.0000000000
33202  46.639  10.684  17.706 0.0000000000
33203  47.214  10.153  16.252 0.0000000000
33204  47.798  9.386  14.356 0.0000000000
33205  48.304  8.790  12.551 0.0000000000
33216  57.101  5.372  10.413 0.0000000000
33217  57.049  5.452  11.367 0.0000000000
33218  56.879  5.450  12.185 0.0000000000
37407  52.439  18.499  14.150 0.0000000000
37408  51.218  19.252  13.393 0.0000000000
37409  50.247  19.822  12.242 0.0000000000
37410  48.652  18.502  11.853 0.0000000000
37416  49.098  13.647  5.624 0.0000000000
37425  52.026  14.824  17.367 0.0000000000
37426  53.344  15.160  16.859 0.0000000000
37427  54.519  15.438  16.227 0.0000000000
37428  54.970  14.579  14.156 0.0000000000
37429  55.036  13.842  11.903 0.0000000000
37430  54.822  13.424  9.612 0.0000000000
37431  49.789  9.989  9.999 0.0000000000
37432  50.274  10.776  9.761 0.0000000000
37433  50.996  11.389  9.361 0.0000000000
37434  51.363  9.733  5.429 0.0000000000
37435  51.333  10.939  7.089 0.0000000000
37436  52.026  11.861  8.860 0.0000000000
37437  53.105  12.275  8.376 0.0000000000
37438  54.004  12.715  7.818 0.0000000000
37439  54.284  13.257  7.321 0.0000000000
37440  53.549  13.162  5.351 0.0000000000
37441  52.627  12.836  3.674 0.0000000000
