#!ascii label  , from subject fsaverage6 vox2ras=TkReg
234
22  48.940  26.210  4.660 0.0000000000
258  51.793  32.941  -1.650 0.0000000000
382  51.762  30.504  5.184 0.0000000000
383  54.869  23.693  12.072 0.0000000000
738  51.160  28.606  0.853 0.0000000000
878  49.066  29.359  9.228 0.0000000000
1110  54.635  22.668  17.576 0.0000000000
1111  54.721  18.838  15.161 0.0000000000
1618  50.677  32.759  -5.695 0.0000000000
1852  53.162  27.341  3.832 0.0000000000
1853  52.925  24.591  7.644 0.0000000000
1854  53.838  27.247  8.080 0.0000000000
1855  52.177  26.326  13.380 0.0000000000
1872  52.332  31.512  1.699 0.0000000000
2163  50.884  21.026  10.960 0.0000000000
2649  48.119  24.667  6.991 0.0000000000
2658  50.202  27.169  2.708 0.0000000000
2659  48.080  28.367  2.111 0.0000000000
3031  55.122  19.744  18.101 0.0000000000
3032  52.997  18.833  18.878 0.0000000000
4072  53.233  28.777  4.299 0.0000000000
4073  53.909  27.389  5.996 0.0000000000
4074  52.997  28.823  6.303 0.0000000000
4075  48.006  28.636  11.290 0.0000000000
4076  50.603  27.676  11.057 0.0000000000
4077  49.691  27.061  13.577 0.0000000000
4113  49.782  32.614  4.381 0.0000000000
4115  52.082  30.951  3.325 0.0000000000
4116  53.046  29.229  2.536 0.0000000000
4770  54.438  23.902  9.341 0.0000000000
4771  52.327  22.466  8.722 0.0000000000
4772  53.806  22.178  11.086 0.0000000000
5936  51.940  30.296  -0.740 0.0000000000
5937  50.966  30.715  -2.190 0.0000000000
5938  49.134  29.335  -0.160 0.0000000000
6187  49.130  31.686  6.102 0.0000000000
6188  50.512  30.066  7.139 0.0000000000
6189  47.765  31.212  8.454 0.0000000000
6190  46.355  30.532  10.296 0.0000000000
6606  54.996  23.484  15.221 0.0000000000
6607  54.648  21.822  14.225 0.0000000000
6608  55.569  20.676  16.576 0.0000000000
6609  55.654  17.658  16.265 0.0000000000
7615  49.679  31.489  -3.576 0.0000000000
7616  48.187  32.021  -4.889 0.0000000000
8182  51.419  26.583  3.898 0.0000000000
8183  51.011  25.578  6.133 0.0000000000
8184  53.049  26.259  5.825 0.0000000000
8185  54.271  25.871  7.757 0.0000000000
8186  54.554  25.648  9.948 0.0000000000
8187  51.782  28.359  8.485 0.0000000000
8188  52.970  26.809  10.493 0.0000000000
8189  53.943  25.333  12.971 0.0000000000
8190  53.698  24.714  16.010 0.0000000000
8236  52.256  32.021  0.113 0.0000000000
8238  52.297  27.817  2.333 0.0000000000
9051  50.332  23.372  7.813 0.0000000000
9052  49.283  21.160  8.875 0.0000000000
9054  52.654  20.206  13.708 0.0000000000
10329  48.483  25.582  5.902 0.0000000000
10338  49.529  26.694  3.577 0.0000000000
10339  48.533  27.074  3.275 0.0000000000
10711  53.094  20.338  18.751 0.0000000000
11335  51.655  33.283  -2.685 0.0000000000
11752  52.680  29.658  4.639 0.0000000000
11753  53.178  28.836  5.312 0.0000000000
11754  52.367  29.679  5.680 0.0000000000
11755  47.432  27.937  12.451 0.0000000000
11756  48.788  27.776  12.234 0.0000000000
11757  48.228  27.150  13.613 0.0000000000
11793  50.758  31.427  4.767 0.0000000000
11794  51.037  31.758  3.864 0.0000000000
11795  51.960  30.690  4.232 0.0000000000
11796  52.715  29.823  3.667 0.0000000000
12450  54.818  23.820  10.563 0.0000000000
12451  54.345  22.905  10.146 0.0000000000
12452  54.677  22.831  11.497 0.0000000000
13733  51.603  29.329  -0.058 0.0000000000
13734  50.795  29.538  -0.672 0.0000000000
13735  50.177  28.995  0.340 0.0000000000
14153  48.472  31.543  7.320 0.0000000000
14156  45.516  31.309  9.975 0.0000000000
14157  45.026  30.866  10.784 0.0000000000
14158  45.839  29.983  11.085 0.0000000000
14850  54.907  23.042  16.553 0.0000000000
14851  55.316  22.083  16.045 0.0000000000
14852  55.286  21.723  17.057 0.0000000000
14853  55.098  18.113  17.997 0.0000000000
14854  55.633  18.591  17.356 0.0000000000
14855  55.517  17.147  16.775 0.0000000000
16725  50.407  32.720  -6.547 0.0000000000
16726  49.487  30.174  -1.749 0.0000000000
16727  50.455  31.178  -2.842 0.0000000000
16730  47.202  31.834  -3.573 0.0000000000
17977  52.495  26.883  3.774 0.0000000000
17978  52.295  26.496  4.845 0.0000000000
17979  53.165  26.833  4.797 0.0000000000
17980  53.985  27.312  7.095 0.0000000000
17981  54.123  26.673  6.937 0.0000000000
17982  54.318  26.536  7.900 0.0000000000
17983  54.585  25.758  8.791 0.0000000000
17984  54.300  26.475  8.997 0.0000000000
17985  49.753  29.727  8.167 0.0000000000
17986  51.165  29.144  7.641 0.0000000000
17987  50.434  28.844  8.829 0.0000000000
17988  51.414  27.016  12.211 0.0000000000
17989  51.842  27.209  10.768 0.0000000000
17990  52.447  26.585  11.959 0.0000000000
17991  53.412  26.073  11.709 0.0000000000
17992  53.091  25.873  13.303 0.0000000000
17993  53.860  25.052  14.542 0.0000000000
17994  52.949  25.581  14.761 0.0000000000
17996  52.391  24.988  17.608 0.0000000000
18101  51.560  32.729  2.465 0.0000000000
18105  52.341  31.670  0.908 0.0000000000
18106  52.483  30.775  0.387 0.0000000000
18107  52.600  30.541  1.243 0.0000000000
18108  53.178  28.142  3.080 0.0000000000
18109  52.894  28.419  2.337 0.0000000000
18110  52.787  27.500  2.964 0.0000000000
18111  51.926  27.056  3.083 0.0000000000
20070  51.952  25.097  6.952 0.0000000000
20071  50.629  24.622  7.146 0.0000000000
20072  51.712  23.999  7.688 0.0000000000
20073  51.652  21.651  9.658 0.0000000000
20074  50.795  21.841  8.688 0.0000000000
20075  50.094  21.108  9.812 0.0000000000
20077  49.288  20.181  11.011 0.0000000000
20078  54.656  20.383  15.098 0.0000000000
20079  53.878  21.051  13.980 0.0000000000
23216  50.720  27.890  1.855 0.0000000000
23217  49.710  28.452  1.453 0.0000000000
23218  49.204  27.793  2.379 0.0000000000
23219  47.556  27.596  3.042 0.0000000000
23886  54.047  22.225  18.290 0.0000000000
23887  54.946  21.307  17.850 0.0000000000
23888  54.177  20.856  18.468 0.0000000000
23889  54.251  19.224  18.613 0.0000000000
23890  54.064  17.636  18.476 0.0000000000
25011  51.096  33.008  -4.742 0.0000000000
25762  53.425  27.988  3.970 0.0000000000
25763  53.622  27.377  4.857 0.0000000000
25764  53.567  28.065  5.042 0.0000000000
25765  53.710  28.091  6.183 0.0000000000
25766  53.394  28.059  7.275 0.0000000000
25767  48.535  29.042  10.259 0.0000000000
25768  49.837  28.515  9.992 0.0000000000
25769  49.343  28.209  11.097 0.0000000000
25770  50.176  27.502  12.248 0.0000000000
25771  51.031  26.811  13.493 0.0000000000
25772  51.958  26.100  14.895 0.0000000000
25837  50.130  33.356  3.862 0.0000000000
25838  51.299  32.355  3.117 0.0000000000
25839  52.277  31.292  2.522 0.0000000000
25840  52.709  30.253  2.036 0.0000000000
25841  52.801  29.990  2.806 0.0000000000
25842  53.129  28.823  3.260 0.0000000000
27018  53.781  24.165  8.324 0.0000000000
27019  52.712  23.426  8.214 0.0000000000
27020  53.648  23.039  8.979 0.0000000000
27021  53.199  22.155  9.680 0.0000000000
27022  52.433  21.645  10.963 0.0000000000
29210  51.969  31.480  -1.227 0.0000000000
29211  51.676  31.802  -2.085 0.0000000000
29212  51.321  30.425  -1.560 0.0000000000
29213  49.995  29.801  -1.266 0.0000000000
29215  48.507  28.944  1.010 0.0000000000
29797  50.515  31.169  5.660 0.0000000000
29798  51.236  30.362  6.163 0.0000000000
29799  49.857  30.972  6.754 0.0000000000
29800  49.159  30.644  7.806 0.0000000000
29801  48.381  30.322  8.830 0.0000000000
29803  46.984  30.843  9.337 0.0000000000
29804  47.731  30.000  9.715 0.0000000000
29805  47.209  29.590  10.622 0.0000000000
29806  46.675  28.930  11.614 0.0000000000
29859  49.419  32.052  5.184 0.0000000000
30774  54.985  23.743  13.730 0.0000000000
30775  54.872  22.837  13.180 0.0000000000
30776  55.083  22.674  14.679 0.0000000000
30777  55.154  21.276  15.565 0.0000000000
30778  55.361  19.735  15.910 0.0000000000
30779  55.543  20.217  17.382 0.0000000000
30780  55.665  19.190  16.649 0.0000000000
30781  55.462  18.216  15.550 0.0000000000
33283  51.398  32.110  -2.951 0.0000000000
33284  50.950  32.205  -3.875 0.0000000000
33285  50.316  32.093  -4.783 0.0000000000
33287  48.924  31.747  -4.281 0.0000000000
33288  49.737  32.103  -5.525 0.0000000000
33289  49.258  32.268  -6.235 0.0000000000
34852  50.203  26.419  4.193 0.0000000000
34853  50.051  25.961  5.347 0.0000000000
34854  51.228  26.209  5.020 0.0000000000
34855  52.084  25.853  5.929 0.0000000000
34856  52.944  25.542  6.852 0.0000000000
34857  53.729  26.732  5.832 0.0000000000
34858  53.727  26.030  6.827 0.0000000000
34859  53.786  25.204  7.679 0.0000000000
34860  54.427  24.941  8.563 0.0000000000
34861  54.717  24.751  9.631 0.0000000000
34862  54.665  24.677  10.971 0.0000000000
34863  51.905  29.456  6.603 0.0000000000
34864  52.455  28.632  7.402 0.0000000000
34865  52.968  27.812  8.319 0.0000000000
34866  51.125  27.934  9.721 0.0000000000
34867  52.484  27.510  9.419 0.0000000000
34868  53.517  27.147  9.155 0.0000000000
34869  53.901  26.341  10.229 0.0000000000
34870  54.202  25.470  11.378 0.0000000000
34871  54.577  24.598  12.590 0.0000000000
34872  54.551  24.490  14.311 0.0000000000
34873  54.450  24.133  15.705 0.0000000000
34874  54.293  23.621  16.967 0.0000000000
34875  52.727  25.347  16.254 0.0000000000
34876  53.423  24.335  17.322 0.0000000000
34877  53.848  23.346  17.971 0.0000000000
35008  52.011  32.423  -0.755 0.0000000000
35009  52.262  31.095  -0.448 0.0000000000
35010  52.250  29.979  0.037 0.0000000000
35012  52.796  29.439  1.727 0.0000000000
35013  52.477  28.703  1.554 0.0000000000
35014  51.783  28.229  1.605 0.0000000000
35015  51.343  27.450  2.493 0.0000000000
35016  50.781  26.856  3.254 0.0000000000
37395  49.592  25.205  6.548 0.0000000000
37396  49.219  24.069  7.370 0.0000000000
37397  48.831  22.799  7.996 0.0000000000
37398  51.330  22.865  8.122 0.0000000000
37399  49.832  22.303  8.236 0.0000000000
37404  54.201  22.101  12.783 0.0000000000
37405  53.124  21.490  12.504 0.0000000000
37406  51.689  20.727  12.374 0.0000000000
37409  50.247  19.822  12.242 0.0000000000
