#!ascii label  , from subject fsaverage6 vox2ras=TkReg
149
121  7.189  56.351  -10.928 0.0000000000
525  9.498  64.011  7.965 0.0000000000
1158  6.838  62.678  -7.446 0.0000000000
1159  8.619  61.714  -1.879 0.0000000000
1160  8.990  55.423  -4.638 0.0000000000
1633  6.542  60.700  -13.563 0.0000000000
1634  6.230  56.659  -17.725 0.0000000000
2218  9.129  62.632  13.046 0.0000000000
2220  10.097  64.964  2.261 0.0000000000
2221  9.226  59.472  3.922 0.0000000000
3078  6.688  59.295  -9.132 0.0000000000
3079  8.832  59.806  -5.906 0.0000000000
3080  9.615  56.357  -7.850 0.0000000000
3084  7.653  53.872  -12.560 0.0000000000
3681  7.500  62.740  -11.111 0.0000000000
4908  11.154  64.817  9.925 0.0000000000
4909  10.759  64.822  12.884 0.0000000000
4910  9.834  63.804  10.675 0.0000000000
4912  9.605  61.668  8.192 0.0000000000
4917  9.886  60.847  0.969 0.0000000000
4935  6.775  55.954  -20.113 0.0000000000
4936  6.091  53.719  -19.372 0.0000000000
6691  11.135  64.078  6.861 0.0000000000
6692  8.110  64.845  -5.711 0.0000000000
6693  8.363  65.101  -2.535 0.0000000000
6694  8.005  62.723  -4.178 0.0000000000
6695  8.281  58.455  -3.328 0.0000000000
7649  7.346  64.199  -8.741 0.0000000000
7650  6.034  61.997  -10.385 0.0000000000
7651  5.769  59.266  -12.505 0.0000000000
7652  6.310  56.767  -14.220 0.0000000000
7653  6.071  58.881  -15.723 0.0000000000
9223  11.556  64.654  3.966 0.0000000000
9224  9.352  64.177  5.075 0.0000000000
9225  9.307  64.114  0.048 0.0000000000
9226  9.430  62.538  3.194 0.0000000000
9227  8.799  61.623  5.860 0.0000000000
9249  6.954  54.188  -16.061 0.0000000000
10758  6.833  57.697  -10.054 0.0000000000
10759  8.101  57.861  -8.598 0.0000000000
10760  8.230  56.261  -9.511 0.0000000000
10762  8.373  54.953  -10.534 0.0000000000
10764  7.500  55.094  -11.704 0.0000000000
12588  10.218  64.566  8.974 0.0000000000
12589  10.258  64.661  10.433 0.0000000000
12590  9.689  64.032  9.345 0.0000000000
12591  9.666  62.914  9.553 0.0000000000
12592  9.273  63.048  8.255 0.0000000000
12616  6.556  54.485  -20.788 0.0000000000
14992  12.196  63.309  6.002 0.0000000000
14993  7.370  63.943  -6.633 0.0000000000
14994  7.847  64.154  -4.904 0.0000000000
14995  7.730  62.935  -5.784 0.0000000000
14996  9.370  57.680  -5.076 0.0000000000
14997  8.704  59.206  -4.292 0.0000000000
14998  8.607  57.008  -3.957 0.0000000000
14999  8.659  56.604  -2.950 0.0000000000
15002  8.218  53.737  -4.443 0.0000000000
16803  6.895  61.852  -12.298 0.0000000000
16804  6.507  62.654  -10.868 0.0000000000
16805  6.155  61.490  -11.993 0.0000000000
16806  5.822  60.615  -11.467 0.0000000000
16807  5.935  60.215  -13.166 0.0000000000
16808  5.851  59.102  -14.110 0.0000000000
16809  6.255  59.837  -14.696 0.0000000000
20486  9.769  63.975  13.056 0.0000000000
20503  10.683  64.996  3.171 0.0000000000
20504  10.313  64.734  4.589 0.0000000000
20505  9.617  64.495  3.706 0.0000000000
20506  8.302  63.691  -2.171 0.0000000000
20507  8.686  64.875  -1.234 0.0000000000
20508  8.882  63.166  -1.058 0.0000000000
20509  9.882  60.236  2.654 0.0000000000
20510  9.653  61.813  2.076 0.0000000000
20511  9.390  61.094  3.645 0.0000000000
20512  9.046  61.965  4.633 0.0000000000
20513  8.920  60.511  4.910 0.0000000000
20514  8.710  60.145  5.950 0.0000000000
20565  6.139  56.808  -15.980 0.0000000000
20566  6.686  55.597  -15.140 0.0000000000
20567  6.406  55.520  -16.995 0.0000000000
20568  5.765  52.208  -20.041 0.0000000000
20569  6.118  52.415  -18.647 0.0000000000
23972  6.686  61.028  -8.278 0.0000000000
23973  7.765  61.397  -6.713 0.0000000000
23974  8.006  59.652  -7.692 0.0000000000
23975  9.340  58.115  -6.884 0.0000000000
23976  9.998  56.038  -5.922 0.0000000000
23984  7.825  52.712  -13.302 0.0000000000
25059  8.041  61.521  -12.337 0.0000000000
25060  7.548  60.782  -13.761 0.0000000000
25061  7.067  60.022  -15.026 0.0000000000
27268  11.093  65.020  11.416 0.0000000000
27269  10.199  64.387  11.765 0.0000000000
27270  9.675  63.262  12.043 0.0000000000
27272  9.858  62.437  11.034 0.0000000000
27279  10.204  65.673  0.817 0.0000000000
27280  9.015  59.884  -1.578 0.0000000000
27281  9.265  61.380  -0.708 0.0000000000
27282  9.984  59.568  -0.154 0.0000000000
27315  6.338  56.424  -19.096 0.0000000000
27316  6.260  55.241  -18.650 0.0000000000
27317  6.259  54.965  -19.843 0.0000000000
27318  6.051  53.402  -20.491 0.0000000000
30971  12.120  64.089  9.436 0.0000000000
30972  11.083  64.277  8.364 0.0000000000
30973  10.173  64.371  7.463 0.0000000000
30976  8.281  65.176  -4.021 0.0000000000
30977  8.020  64.114  -3.294 0.0000000000
30978  8.080  62.114  -2.950 0.0000000000
30979  8.318  61.331  -4.958 0.0000000000
30980  8.150  60.637  -3.662 0.0000000000
30981  8.261  60.021  -2.638 0.0000000000
30982  8.757  58.217  -2.271 0.0000000000
33379  6.801  63.652  -8.184 0.0000000000
33380  7.298  63.584  -9.869 0.0000000000
33381  6.543  63.245  -9.482 0.0000000000
33382  6.252  62.392  -8.915 0.0000000000
33383  6.031  60.817  -9.793 0.0000000000
33384  6.004  59.341  -10.663 0.0000000000
33385  6.180  57.829  -11.641 0.0000000000
33386  6.579  56.641  -12.437 0.0000000000
33387  5.944  57.970  -13.300 0.0000000000
33388  5.943  57.961  -15.068 0.0000000000
33389  6.102  57.780  -16.788 0.0000000000
33390  6.710  59.371  -16.247 0.0000000000
33391  6.527  58.514  -17.369 0.0000000000
33392  6.395  57.584  -18.335 0.0000000000
33393  6.931  57.210  -19.535 0.0000000000
37913  12.531  63.706  4.518 0.0000000000
37914  11.301  64.270  5.304 0.0000000000
37915  10.226  64.482  5.995 0.0000000000
37916  9.358  63.912  6.541 0.0000000000
37917  9.119  65.754  -1.716 0.0000000000
37918  9.409  65.425  -0.213 0.0000000000
37919  9.693  64.698  1.252 0.0000000000
37920  9.463  62.566  0.379 0.0000000000
37921  9.632  63.255  1.629 0.0000000000
37922  9.553  63.930  2.751 0.0000000000
37923  9.183  63.431  4.218 0.0000000000
37924  8.950  62.990  5.591 0.0000000000
37925  8.984  62.856  6.880 0.0000000000
37926  8.975  61.603  6.920 0.0000000000
37927  9.400  60.227  6.897 0.0000000000
37989  7.055  55.428  -13.316 0.0000000000
37990  7.421  54.167  -14.188 0.0000000000
37991  7.607  52.826  -15.031 0.0000000000
37992  6.485  53.936  -17.956 0.0000000000
37994  7.610  51.333  -15.800 0.0000000000
