#!ascii label  , from subject fsaverage6 vox2ras=TkReg
204
77  37.257  6.126  -2.433 0.0000000000
502  34.956  0.025  8.574 0.0000000000
521  32.299  11.215  5.194 0.0000000000
952  37.091  13.170  -3.726 0.0000000000
1143  31.680  19.921  11.353 0.0000000000
1144  30.618  18.628  7.755 0.0000000000
1145  31.223  12.918  9.486 0.0000000000
1146  33.726  5.661  6.815 0.0000000000
2202  35.320  15.299  -0.396 0.0000000000
2204  32.427  16.544  3.655 0.0000000000
2205  34.413  8.865  1.201 0.0000000000
2206  36.098  2.417  2.692 0.0000000000
2872  36.346  9.901  -3.112 0.0000000000
2873  37.427  7.226  -4.472 0.0000000000
2874  38.337  4.150  -3.841 0.0000000000
3063  32.246  17.060  12.232 0.0000000000
3064  31.031  16.652  10.767 0.0000000000
3066  31.977  10.300  10.128 0.0000000000
4866  35.660  17.564  -1.352 0.0000000000
4867  34.197  18.268  0.738 0.0000000000
4871  31.235  14.876  6.598 0.0000000000
4872  31.273  17.678  5.747 0.0000000000
4873  32.078  13.862  4.341 0.0000000000
4874  33.069  12.873  2.163 0.0000000000
4875  33.370  10.119  3.108 0.0000000000
4876  35.267  5.571  2.038 0.0000000000
4877  34.142  7.242  4.101 0.0000000000
4878  34.071  2.645  7.548 0.0000000000
4879  35.436  1.271  5.705 0.0000000000
4880  36.737  -1.116  6.804 0.0000000000
6322  37.316  14.982  -4.823 0.0000000000
6324  37.088  10.329  -5.127 0.0000000000
6592  33.206  3.729  9.578 0.0000000000
6593  34.431  0.019  10.268 0.0000000000
6667  30.718  19.377  9.727 0.0000000000
6668  30.836  15.835  8.798 0.0000000000
6669  31.560  12.107  7.448 0.0000000000
6670  33.115  8.520  6.151 0.0000000000
6671  32.256  9.554  8.196 0.0000000000
6672  33.010  6.702  8.902 0.0000000000
7357  38.544  3.389  -1.633 0.0000000000
9165  35.247  17.762  -3.762 0.0000000000
9166  36.614  16.554  -3.098 0.0000000000
9167  36.542  14.512  -2.080 0.0000000000
9168  35.347  11.380  -1.581 0.0000000000
9175  33.795  15.709  1.613 0.0000000000
9176  34.130  12.266  0.123 0.0000000000
9177  35.748  7.407  -0.686 0.0000000000
9178  36.987  4.170  -0.029 0.0000000000
9179  38.333  1.517  1.031 0.0000000000
9180  38.665  -0.603  2.046 0.0000000000
9181  34.659  4.137  4.775 0.0000000000
9182  37.390  0.152  3.872 0.0000000000
10552  36.639  7.913  -2.702 0.0000000000
10553  37.438  6.738  -3.433 0.0000000000
10554  37.997  5.174  -3.099 0.0000000000
10743  32.616  15.620  12.415 0.0000000000
10744  31.833  15.521  11.932 0.0000000000
12551  31.648  13.056  5.908 0.0000000000
12552  31.624  14.381  5.513 0.0000000000
12553  32.113  12.495  4.726 0.0000000000
12554  32.591  11.956  3.606 0.0000000000
12555  32.836  10.605  4.166 0.0000000000
12556  33.749  8.689  3.647 0.0000000000
12557  33.233  9.302  4.604 0.0000000000
12558  34.485  1.213  8.089 0.0000000000
12559  35.218  0.560  7.209 0.0000000000
12560  35.790  -0.598  7.696 0.0000000000
14377  37.347  14.171  -4.211 0.0000000000
14378  37.390  12.754  -4.923 0.0000000000
14379  37.046  11.717  -4.472 0.0000000000
14381  37.759  5.835  -5.287 0.0000000000
14951  31.028  14.819  10.207 0.0000000000
14952  30.840  16.250  9.765 0.0000000000
14953  30.997  14.384  9.172 0.0000000000
14954  31.110  13.951  8.134 0.0000000000
14955  31.337  12.568  8.462 0.0000000000
14956  31.825  10.883  7.859 0.0000000000
14957  31.618  11.267  8.850 0.0000000000
14959  32.489  8.538  9.474 0.0000000000
16177  38.946  2.176  -1.188 0.0000000000
20010  34.278  0.027  11.107 0.0000000000
20355  34.973  18.596  -3.020 0.0000000000
20356  36.186  17.237  -3.558 0.0000000000
20357  35.832  18.013  -2.713 0.0000000000
20358  35.759  16.534  -0.743 0.0000000000
20359  36.355  16.055  -1.735 0.0000000000
20360  35.979  14.963  -1.277 0.0000000000
20361  35.944  13.069  -1.800 0.0000000000
20362  35.347  13.559  -0.991 0.0000000000
20374  31.824  17.088  4.716 0.0000000000
20376  31.747  18.385  4.145 0.0000000000
20378  32.498  17.815  3.191 0.0000000000
20379  33.301  17.391  2.262 0.0000000000
20380  33.097  16.065  2.627 0.0000000000
20381  33.611  10.941  1.582 0.0000000000
20382  33.601  12.513  1.098 0.0000000000
20383  34.145  10.503  0.621 0.0000000000
20384  34.660  9.930  -0.316 0.0000000000
20385  35.074  8.096  0.275 0.0000000000
20386  36.353  5.743  -0.296 0.0000000000
20387  35.544  6.341  0.640 0.0000000000
20388  35.616  3.932  2.322 0.0000000000
20389  36.612  3.148  1.329 0.0000000000
20390  37.241  1.897  1.851 0.0000000000
20391  38.625  0.508  1.628 0.0000000000
20392  37.924  0.766  2.439 0.0000000000
20393  33.491  7.198  6.502 0.0000000000
20394  33.966  6.571  5.547 0.0000000000
20395  34.163  4.984  5.855 0.0000000000
20396  37.089  -0.439  5.314 0.0000000000
20397  36.301  0.709  4.789 0.0000000000
20398  37.913  -0.968  4.414 0.0000000000
23602  36.627  11.762  -3.433 0.0000000000
23603  36.764  10.387  -4.120 0.0000000000
23604  36.816  8.603  -3.790 0.0000000000
23605  37.913  5.589  -4.144 0.0000000000
23945  31.925  18.524  11.858 0.0000000000
23946  31.269  18.310  11.142 0.0000000000
23947  31.479  16.915  11.596 0.0000000000
23948  31.309  15.206  11.108 0.0000000000
23949  31.343  13.374  10.499 0.0000000000
23950  31.564  11.624  9.865 0.0000000000
23951  31.685  11.993  10.782 0.0000000000
27192  34.985  17.958  -0.326 0.0000000000
27193  35.040  16.763  0.276 0.0000000000
27199  30.954  16.733  7.285 0.0000000000
27200  30.848  18.163  6.750 0.0000000000
27201  31.273  16.321  6.192 0.0000000000
27202  31.756  15.637  5.051 0.0000000000
27203  32.238  15.106  3.917 0.0000000000
27204  32.769  14.655  2.867 0.0000000000
27205  32.592  13.323  3.200 0.0000000000
27206  33.108  11.408  2.581 0.0000000000
27207  33.934  9.464  2.142 0.0000000000
27208  34.857  7.180  1.624 0.0000000000
27209  34.233  8.045  2.673 0.0000000000
27210  34.664  6.467  3.066 0.0000000000
27211  34.925  4.848  3.461 0.0000000000
27212  33.886  4.095  7.176 0.0000000000
27213  34.386  3.308  6.136 0.0000000000
27214  34.726  1.890  6.664 0.0000000000
27215  36.112  0.022  6.253 0.0000000000
30114  37.363  13.634  -5.508 0.0000000000
30115  37.210  11.378  -5.572 0.0000000000
30116  37.229  8.756  -5.806 0.0000000000
30117  37.178  8.880  -4.751 0.0000000000
30118  37.503  7.296  -5.493 0.0000000000
30742  33.885  1.874  9.006 0.0000000000
30743  34.628  0.064  9.404 0.0000000000
30744  33.694  1.770  9.939 0.0000000000
30915  30.554  19.063  8.769 0.0000000000
30916  30.842  17.988  10.272 0.0000000000
30917  30.689  17.642  9.316 0.0000000000
30918  30.731  17.249  8.358 0.0000000000
30919  30.986  15.378  7.775 0.0000000000
30920  31.353  13.502  7.034 0.0000000000
30921  31.829  11.731  6.345 0.0000000000
30922  32.652  9.870  5.694 0.0000000000
30923  32.201  10.326  6.831 0.0000000000
30924  32.600  9.059  7.244 0.0000000000
30925  33.072  7.643  7.506 0.0000000000
30926  32.032  9.924  9.127 0.0000000000
30927  32.691  8.173  8.537 0.0000000000
30928  33.314  6.139  7.854 0.0000000000
30929  33.444  4.659  8.214 0.0000000000
30930  33.610  3.148  8.567 0.0000000000
32587  37.932  4.691  -2.055 0.0000000000
32588  38.566  3.730  -2.738 0.0000000000
32589  38.946  2.596  -2.326 0.0000000000
33325  32.526  19.949  11.889 0.0000000000
33326  32.819  18.489  12.303 0.0000000000
35706  38.498  2.772  -3.466 0.0000000000
37738  36.412  16.466  -4.334 0.0000000000
37739  36.990  15.854  -3.955 0.0000000000
37740  37.085  15.000  -3.395 0.0000000000
37741  36.237  17.150  -2.277 0.0000000000
37742  36.722  15.562  -2.588 0.0000000000
37743  36.913  13.951  -2.952 0.0000000000
37744  36.366  12.512  -2.629 0.0000000000
37745  35.828  10.645  -2.344 0.0000000000
37746  35.870  8.801  -1.926 0.0000000000
37759  30.596  19.571  6.124 0.0000000000
37766  34.171  17.023  1.284 0.0000000000
37767  34.545  15.426  0.581 0.0000000000
37768  33.357  14.311  1.845 0.0000000000
37769  33.935  14.035  0.778 0.0000000000
37770  34.646  13.823  -0.181 0.0000000000
37771  34.748  11.779  -0.815 0.0000000000
37772  35.312  9.243  -1.177 0.0000000000
37773  36.544  6.699  -1.578 0.0000000000
37774  37.163  5.194  -1.224 0.0000000000
37775  37.791  3.775  -0.874 0.0000000000
37776  38.581  2.498  -0.361 0.0000000000
37777  35.992  4.723  0.942 0.0000000000
37778  37.681  2.755  0.467 0.0000000000
37779  38.860  1.328  0.177 0.0000000000
37783  33.631  7.989  5.028 0.0000000000
37784  34.441  5.769  4.474 0.0000000000
37785  35.254  3.244  3.757 0.0000000000
37786  34.967  2.614  5.202 0.0000000000
37787  35.701  1.897  4.217 0.0000000000
37788  36.778  1.221  3.281 0.0000000000
37789  38.291  -0.217  2.995 0.0000000000
