#!ascii label  , from subject fsaverage6 vox2ras=TkReg
72
1305  34.476  -18.343  7.706 0.0000000000
1306  34.707  -19.304  11.003 0.0000000000
2400  35.973  -18.794  -1.017 0.0000000000
2401  35.110  -18.568  3.270 0.0000000000
5355  36.446  -15.246  5.063 0.0000000000
5356  36.766  -15.565  6.956 0.0000000000
6957  37.093  -16.056  8.686 0.0000000000
6958  37.170  -16.447  10.389 0.0000000000
6959  34.526  -18.846  9.325 0.0000000000
9756  36.124  -15.693  0.403 0.0000000000
9757  36.113  -15.399  2.841 0.0000000000
9758  35.596  -18.808  1.106 0.0000000000
9759  36.019  -21.981  -0.209 0.0000000000
9760  34.716  -18.294  5.485 0.0000000000
9761  35.168  -21.977  1.849 0.0000000000
10162  36.129  -17.399  -2.699 0.0000000000
13036  38.268  -14.776  8.027 0.0000000000
15437  35.775  -18.090  11.511 0.0000000000
15438  35.801  -17.936  10.701 0.0000000000
15439  34.646  -19.091  10.206 0.0000000000
15440  33.694  -20.190  8.632 0.0000000000
15441  33.732  -20.403  9.537 0.0000000000
21825  37.066  -14.006  3.456 0.0000000000
21827  35.461  -16.792  4.216 0.0000000000
21828  35.569  -16.996  3.084 0.0000000000
21829  35.365  -18.656  2.160 0.0000000000
21830  35.672  -20.514  0.413 0.0000000000
21831  35.340  -20.342  1.532 0.0000000000
21832  35.637  -17.068  8.285 0.0000000000
21833  35.588  -16.808  7.438 0.0000000000
21834  34.553  -18.258  6.575 0.0000000000
21835  35.136  -23.153  2.402 0.0000000000
21837  35.672  -23.217  1.320 0.0000000000
21838  36.112  -23.048  0.325 0.0000000000
22839  35.986  -17.249  -0.304 0.0000000000
22840  36.065  -16.653  -1.132 0.0000000000
22841  36.095  -18.138  -1.856 0.0000000000
28073  36.570  -15.407  6.024 0.0000000000
28074  35.457  -16.676  5.390 0.0000000000
28075  33.866  -20.061  6.698 0.0000000000
28076  34.099  -20.026  5.684 0.0000000000
28680  36.251  -20.326  -1.721 0.0000000000
28681  36.306  -19.585  -2.565 0.0000000000
28682  36.958  -20.843  -3.205 0.0000000000
31595  37.243  -16.247  9.572 0.0000000000
31596  35.749  -17.324  9.128 0.0000000000
31598  35.803  -17.645  9.922 0.0000000000
31599  34.512  -18.564  8.515 0.0000000000
31600  33.722  -20.084  7.660 0.0000000000
39504  36.537  -14.085  1.196 0.0000000000
39505  36.733  -13.986  2.399 0.0000000000
39506  36.127  -15.546  1.588 0.0000000000
39507  35.891  -17.254  0.775 0.0000000000
39508  36.243  -15.307  3.951 0.0000000000
39509  35.731  -17.154  1.936 0.0000000000
39510  35.823  -18.841  0.022 0.0000000000
39511  35.983  -20.471  -0.618 0.0000000000
39512  36.407  -21.813  -1.279 0.0000000000
39514  36.987  -15.733  7.853 0.0000000000
39515  35.461  -16.704  6.495 0.0000000000
39516  34.910  -18.407  4.346 0.0000000000
39517  34.351  -20.130  4.644 0.0000000000
39518  34.707  -20.207  3.530 0.0000000000
39519  34.988  -20.271  2.583 0.0000000000
39520  35.576  -21.973  0.824 0.0000000000
39521  36.581  -22.977  -0.695 0.0000000000
39534  34.740  -19.538  11.881 0.0000000000
39536  33.782  -20.797  11.478 0.0000000000
39537  33.799  -20.619  10.520 0.0000000000
40720  36.227  -15.160  -0.441 0.0000000000
40721  36.113  -15.968  -1.948 0.0000000000
40722  36.198  -16.663  -3.438 0.0000000000
