#!ascii label  , from subject fsaverage6 vox2ras=TkReg
119
119  35.895  30.604  -2.082 0.0000000000
261  31.265  25.407  8.353 0.0000000000
520  31.304  21.536  1.251 0.0000000000
1141  29.100  25.241  -1.569 0.0000000000
1142  29.760  28.477  1.046 0.0000000000
2201  34.498  19.371  -2.198 0.0000000000
2203  29.593  24.007  5.013 0.0000000000
3060  34.760  30.001  -2.919 0.0000000000
3061  31.239  29.396  -1.549 0.0000000000
3062  32.372  30.224  -0.193 0.0000000000
4863  29.935  23.605  0.118 0.0000000000
4864  30.977  22.041  -1.206 0.0000000000
4865  32.986  20.547  -0.436 0.0000000000
4868  31.505  28.000  6.351 0.0000000000
4869  30.193  27.641  4.981 0.0000000000
4870  30.050  25.037  6.877 0.0000000000
6663  29.197  26.991  -0.344 0.0000000000
6664  29.306  25.186  1.544 0.0000000000
6665  31.374  22.716  9.988 0.0000000000
6666  30.272  22.202  8.369 0.0000000000
7621  33.712  31.059  0.966 0.0000000000
7627  32.926  25.269  9.329 0.0000000000
7628  32.994  22.627  11.052 0.0000000000
7629  33.528  19.890  12.219 0.0000000000
9169  30.839  29.628  2.555 0.0000000000
9170  29.390  26.550  3.285 0.0000000000
9171  30.057  22.758  3.096 0.0000000000
9172  30.017  21.356  6.490 0.0000000000
9173  30.802  20.161  4.428 0.0000000000
9174  32.317  19.068  2.557 0.0000000000
10736  37.938  30.627  -3.296 0.0000000000
10738  37.472  30.257  -3.804 0.0000000000
10739  37.076  29.986  -4.212 0.0000000000
10740  35.286  30.264  -2.463 0.0000000000
10741  33.484  30.144  -1.597 0.0000000000
10742  34.095  30.520  -1.075 0.0000000000
12543  30.594  22.622  0.669 0.0000000000
12544  31.276  22.057  -0.061 0.0000000000
12545  32.132  21.001  0.391 0.0000000000
12546  33.653  19.451  0.045 0.0000000000
12547  32.789  19.843  0.962 0.0000000000
12548  31.333  26.668  7.420 0.0000000000
12549  30.633  26.636  6.717 0.0000000000
12550  30.587  25.286  7.640 0.0000000000
14942  31.669  29.093  -3.397 0.0000000000
14943  30.355  29.057  -0.205 0.0000000000
14944  29.978  28.441  -0.906 0.0000000000
14945  29.431  27.767  0.288 0.0000000000
14946  29.145  26.145  0.693 0.0000000000
14947  29.245  26.953  1.404 0.0000000000
14948  31.522  21.320  10.728 0.0000000000
14949  30.926  21.144  9.937 0.0000000000
16754  33.967  26.199  8.643 0.0000000000
16756  32.889  23.962  10.270 0.0000000000
20351  32.730  20.715  -1.606 0.0000000000
20355  34.973  18.596  -3.020 0.0000000000
20364  32.128  30.501  1.935 0.0000000000
20366  29.699  25.858  5.143 0.0000000000
20367  29.718  27.131  4.147 0.0000000000
20368  29.482  25.266  4.252 0.0000000000
20369  29.459  24.619  3.338 0.0000000000
20370  29.750  23.311  4.031 0.0000000000
20372  30.042  21.829  7.469 0.0000000000
20377  31.500  19.636  3.485 0.0000000000
23938  38.784  29.754  -5.948 0.0000000000
23939  36.512  29.730  -4.596 0.0000000000
23940  34.207  29.769  -3.480 0.0000000000
23941  32.271  29.519  -2.807 0.0000000000
23942  32.857  29.858  -2.196 0.0000000000
23943  31.799  29.822  -0.871 0.0000000000
23944  30.875  29.562  0.488 0.0000000000
27185  29.440  24.420  -0.637 0.0000000000
27186  29.651  23.550  -1.200 0.0000000000
27187  30.412  22.851  -0.566 0.0000000000
27188  31.971  21.394  -0.828 0.0000000000
27189  33.788  20.019  -1.340 0.0000000000
27190  35.252  18.542  -1.850 0.0000000000
27191  34.495  19.048  -0.852 0.0000000000
27195  31.071  29.074  4.579 0.0000000000
27196  30.793  27.907  5.711 0.0000000000
27197  30.084  26.339  5.986 0.0000000000
27198  29.732  24.572  5.997 0.0000000000
30904  29.273  26.938  -2.132 0.0000000000
30905  30.698  28.855  -2.148 0.0000000000
30906  29.578  27.723  -1.536 0.0000000000
30907  29.079  26.145  -1.028 0.0000000000
30908  29.220  25.343  0.006 0.0000000000
30909  29.518  24.394  0.828 0.0000000000
30910  30.073  23.265  1.488 0.0000000000
30911  31.294  24.094  9.210 0.0000000000
30912  30.614  23.950  8.459 0.0000000000
30913  30.765  22.572  9.197 0.0000000000
33300  36.433  31.050  -1.672 0.0000000000
33301  34.690  30.961  -0.590 0.0000000000
33302  35.367  31.378  -0.147 0.0000000000
33310  32.131  26.653  7.936 0.0000000000
33318  33.040  26.530  8.285 0.0000000000
33319  32.051  25.425  8.910 0.0000000000
33320  32.032  24.074  9.784 0.0000000000
33321  32.120  22.725  10.625 0.0000000000
33322  32.247  21.397  11.289 0.0000000000
37747  33.040  30.649  0.400 0.0000000000
37748  31.486  30.082  1.216 0.0000000000
37749  30.231  29.082  1.803 0.0000000000
37750  30.412  28.745  3.867 0.0000000000
37751  29.904  28.243  3.058 0.0000000000
37752  29.474  27.629  2.246 0.0000000000
37753  29.242  25.883  2.393 0.0000000000
37754  29.671  23.982  2.387 0.0000000000
37755  30.632  22.065  2.155 0.0000000000
37756  30.132  23.635  7.693 0.0000000000
37757  29.816  23.200  6.751 0.0000000000
37758  29.704  22.627  5.762 0.0000000000
37760  30.289  20.782  5.482 0.0000000000
37761  29.978  22.039  4.746 0.0000000000
37762  30.458  21.385  3.709 0.0000000000
37763  31.153  20.821  2.780 0.0000000000
37764  31.922  20.330  1.868 0.0000000000
37765  33.231  18.671  1.665 0.0000000000
