#!ascii label  , from subject fsaverage6 vox2ras=TkReg
203
141  57.731  -31.455  45.115 0.0000000000
321  63.589  -37.880  19.383 0.0000000000
580  60.721  -27.017  36.642 0.0000000000
581  59.485  -35.159  36.714 0.0000000000
1287  59.922  -28.348  41.735 0.0000000000
1289  59.037  -32.982  40.838 0.0000000000
1730  64.636  -36.813  15.509 0.0000000000
2381  57.828  -37.323  32.739 0.0000000000
2388  59.873  -37.408  37.079 0.0000000000
2389  62.447  -38.035  32.714 0.0000000000
2390  62.545  -37.702  27.703 0.0000000000
2391  62.744  -39.089  22.804 0.0000000000
3207  59.033  -29.826  43.540 0.0000000000
3208  59.695  -30.638  41.684 0.0000000000
3209  58.553  -31.927  42.973 0.0000000000
3842  63.071  -36.701  19.043 0.0000000000
3843  63.553  -36.011  17.055 0.0000000000
3844  63.965  -37.385  17.224 0.0000000000
3845  63.918  -38.728  15.362 0.0000000000
3846  63.403  -38.954  17.238 0.0000000000
5302  60.872  -27.009  33.977 0.0000000000
5308  55.925  -36.209  34.814 0.0000000000
5309  58.765  -36.412  34.777 0.0000000000
5326  57.691  -36.555  39.322 0.0000000000
5331  62.649  -37.819  30.499 0.0000000000
5332  62.844  -38.736  27.479 0.0000000000
5333  62.964  -38.257  25.217 0.0000000000
5407  65.369  -33.232  11.922 0.0000000000
6051  62.594  -37.275  21.123 0.0000000000
6927  59.990  -29.506  40.109 0.0000000000
6929  59.411  -34.149  38.882 0.0000000000
7875  64.744  -34.261  13.771 0.0000000000
7877  64.290  -35.109  15.436 0.0000000000
7878  65.029  -35.864  13.819 0.0000000000
9691  60.538  -25.808  30.508 0.0000000000
9710  56.081  -33.799  46.440 0.0000000000
9719  57.007  -34.090  44.198 0.0000000000
9720  57.545  -34.481  41.444 0.0000000000
9721  59.066  -35.475  39.211 0.0000000000
9722  60.752  -36.005  37.213 0.0000000000
9724  61.694  -37.982  34.992 0.0000000000
9725  61.358  -36.500  34.911 0.0000000000
9726  61.023  -37.067  32.531 0.0000000000
9727  60.556  -37.616  30.313 0.0000000000
9728  60.060  -38.095  27.696 0.0000000000
9729  61.757  -37.579  25.296 0.0000000000
9730  62.712  -37.814  23.107 0.0000000000
9731  63.167  -38.544  21.017 0.0000000000
9734  62.771  -39.562  19.123 0.0000000000
9735  61.604  -40.594  17.294 0.0000000000
10886  58.429  -29.586  44.236 0.0000000000
10887  58.421  -30.673  44.395 0.0000000000
10888  58.939  -30.898  43.431 0.0000000000
10889  58.240  -31.666  44.130 0.0000000000
11522  63.487  -37.205  19.236 0.0000000000
11523  63.640  -36.916  18.213 0.0000000000
11524  63.788  -37.636  18.302 0.0000000000
11525  63.820  -38.189  17.223 0.0000000000
11526  63.632  -38.373  18.393 0.0000000000
12982  60.950  -26.964  35.260 0.0000000000
12987  58.322  -35.057  36.573 0.0000000000
12988  57.827  -35.798  35.705 0.0000000000
12989  59.174  -35.770  35.788 0.0000000000
13011  62.670  -38.957  28.967 0.0000000000
13087  65.456  -33.948  12.022 0.0000000000
15382  60.223  -27.811  40.705 0.0000000000
15383  60.226  -28.416  39.965 0.0000000000
15384  60.085  -28.879  40.957 0.0000000000
15385  59.403  -31.857  41.337 0.0000000000
15386  59.689  -31.224  40.786 0.0000000000
15387  59.359  -32.375  40.423 0.0000000000
15389  59.235  -33.597  39.923 0.0000000000
17285  64.325  -33.601  13.639 0.0000000000
17286  63.984  -34.066  14.598 0.0000000000
17290  64.339  -36.270  16.314 0.0000000000
17291  63.924  -35.544  16.205 0.0000000000
17292  64.582  -35.865  15.518 0.0000000000
17293  64.837  -35.463  14.675 0.0000000000
17294  64.828  -36.390  14.680 0.0000000000
17295  64.726  -36.905  13.786 0.0000000000
17296  64.591  -37.411  14.631 0.0000000000
17297  63.279  -39.513  15.497 0.0000000000
21663  60.850  -26.417  32.140 0.0000000000
21664  60.716  -25.831  31.663 0.0000000000
21665  60.567  -26.495  31.036 0.0000000000
21685  56.824  -36.876  33.835 0.0000000000
21687  56.361  -37.325  32.836 0.0000000000
21689  57.377  -37.688  31.658 0.0000000000
21712  55.400  -35.018  46.938 0.0000000000
21734  56.392  -35.193  44.930 0.0000000000
21735  56.710  -35.193  43.416 0.0000000000
21736  57.243  -34.261  42.764 0.0000000000
21737  56.956  -35.324  41.988 0.0000000000
21738  58.787  -36.960  38.049 0.0000000000
21739  58.355  -35.936  39.170 0.0000000000
21740  59.404  -36.347  38.195 0.0000000000
21741  59.962  -35.827  38.230 0.0000000000
21742  60.483  -36.677  37.225 0.0000000000
21746  62.234  -38.833  32.802 0.0000000000
21747  61.736  -39.008  33.873 0.0000000000
21748  62.137  -38.080  33.887 0.0000000000
21749  61.805  -37.130  35.062 0.0000000000
21750  62.011  -37.265  33.845 0.0000000000
21751  61.194  -36.906  33.680 0.0000000000
21752  62.049  -37.339  32.653 0.0000000000
21753  62.603  -37.778  29.051 0.0000000000
21754  61.886  -37.538  30.401 0.0000000000
21755  61.752  -37.613  29.105 0.0000000000
21756  60.306  -37.888  29.055 0.0000000000
21757  61.587  -37.728  27.674 0.0000000000
21758  61.065  -37.790  26.510 0.0000000000
21759  62.191  -37.621  26.568 0.0000000000
21760  62.881  -38.595  24.001 0.0000000000
21761  62.843  -38.010  24.136 0.0000000000
21762  62.899  -38.364  23.020 0.0000000000
21763  62.971  -38.103  22.009 0.0000000000
21764  62.972  -38.806  21.902 0.0000000000
21771  62.471  -39.898  19.953 0.0000000000
21772  62.000  -40.492  19.061 0.0000000000
21773  62.268  -40.074  18.189 0.0000000000
21774  61.324  -40.946  18.187 0.0000000000
24205  59.529  -29.061  42.623 0.0000000000
24206  59.857  -29.481  41.830 0.0000000000
24207  59.522  -30.136  42.659 0.0000000000
24208  59.246  -31.298  42.390 0.0000000000
24209  58.819  -32.458  41.873 0.0000000000
25350  63.260  -36.391  18.036 0.0000000000
25351  63.874  -36.606  17.253 0.0000000000
25352  64.312  -37.104  16.313 0.0000000000
25353  64.409  -37.815  15.412 0.0000000000
25354  64.058  -38.054  16.184 0.0000000000
25355  63.692  -38.901  16.225 0.0000000000
25356  63.047  -39.617  16.425 0.0000000000
27975  61.004  -26.410  33.385 0.0000000000
27987  56.524  -35.566  35.643 0.0000000000
27988  57.320  -36.390  34.771 0.0000000000
27989  58.283  -36.889  33.757 0.0000000000
28018  56.968  -36.258  40.869 0.0000000000
28020  58.111  -37.709  38.097 0.0000000000
28021  59.211  -38.165  37.080 0.0000000000
28025  62.094  -39.400  31.673 0.0000000000
28026  62.624  -38.623  31.734 0.0000000000
28027  62.645  -37.849  31.708 0.0000000000
28028  62.830  -38.426  30.532 0.0000000000
28029  62.876  -38.338  29.016 0.0000000000
28030  62.944  -38.204  27.579 0.0000000000
28031  62.887  -37.929  26.429 0.0000000000
28032  62.997  -38.496  26.327 0.0000000000
29480  62.846  -37.008  20.025 0.0000000000
29481  63.245  -37.505  20.314 0.0000000000
31519  60.560  -27.220  38.142 0.0000000000
31521  60.275  -28.032  38.696 0.0000000000
31522  59.963  -29.040  39.142 0.0000000000
31524  59.931  -30.040  40.943 0.0000000000
31529  59.585  -34.656  37.767 0.0000000000
33992  65.073  -33.761  12.827 0.0000000000
33993  65.226  -34.516  12.848 0.0000000000
33997  62.914  -35.518  16.777 0.0000000000
33998  63.365  -34.943  15.975 0.0000000000
34000  64.530  -34.735  14.656 0.0000000000
34001  65.004  -35.021  13.838 0.0000000000
34002  65.187  -35.325  12.924 0.0000000000
34003  64.891  -36.314  12.902 0.0000000000
34006  64.146  -38.385  14.637 0.0000000000
39312  60.282  -25.729  29.525 0.0000000000
39368  56.890  -32.644  45.785 0.0000000000
39394  56.588  -33.962  45.509 0.0000000000
39395  57.408  -32.773  44.767 0.0000000000
39396  57.796  -32.924  43.526 0.0000000000
39397  57.959  -33.241  42.245 0.0000000000
39398  58.336  -33.735  41.122 0.0000000000
39399  57.435  -35.568  40.457 0.0000000000
39400  58.181  -34.917  40.220 0.0000000000
39401  58.846  -34.317  40.137 0.0000000000
39402  59.485  -34.899  39.113 0.0000000000
39403  60.100  -35.246  38.073 0.0000000000
39404  60.489  -35.419  36.980 0.0000000000
39407  60.274  -38.581  36.118 0.0000000000
39410  60.928  -37.783  36.011 0.0000000000
39411  61.356  -36.965  36.115 0.0000000000
39412  61.285  -36.210  36.080 0.0000000000
39413  60.521  -35.881  35.932 0.0000000000
39414  60.279  -36.333  34.792 0.0000000000
39415  59.904  -36.800  33.649 0.0000000000
39416  59.508  -37.198  32.532 0.0000000000
39417  61.996  -37.366  31.585 0.0000000000
39418  60.818  -37.330  31.378 0.0000000000
39419  59.098  -37.506  31.405 0.0000000000
39420  58.805  -37.863  30.274 0.0000000000
39421  58.602  -38.208  29.067 0.0000000000
39424  60.557  -37.770  25.298 0.0000000000
39425  61.366  -37.524  24.074 0.0000000000
39426  62.653  -37.739  25.282 0.0000000000
39427  62.338  -37.596  24.145 0.0000000000
39429  62.629  -37.639  22.088 0.0000000000
39430  63.125  -37.784  21.177 0.0000000000
39431  63.391  -38.170  20.247 0.0000000000
39438  62.834  -39.287  20.867 0.0000000000
39439  63.118  -39.048  20.052 0.0000000000
39440  63.388  -38.695  19.266 0.0000000000
39441  63.089  -39.256  18.259 0.0000000000
39442  62.586  -39.784  17.256 0.0000000000
39443  62.033  -40.441  16.428 0.0000000000
