#!ascii label  , from subject fsaverage6 vox2ras=TkReg
90
2152  36.562  -7.337  5.079 0.0000000000
2154  35.697  -7.080  8.411 0.0000000000
2155  34.854  -7.263  11.414 0.0000000000
2156  34.589  -7.286  14.504 0.0000000000
2159  36.288  -7.024  16.998 0.0000000000
4747  37.551  -3.241  7.713 0.0000000000
4748  35.970  -7.318  6.617 0.0000000000
4749  36.939  -3.066  9.258 0.0000000000
4751  35.623  -3.187  12.210 0.0000000000
4752  35.464  -3.442  13.522 0.0000000000
4753  34.528  -7.312  12.911 0.0000000000
4754  35.592  -3.638  14.839 0.0000000000
4763  37.555  -7.116  17.546 0.0000000000
4881  37.377  -4.616  5.137 0.0000000000
9025  37.144  -11.234  6.468 0.0000000000
9026  36.078  -11.371  7.919 0.0000000000
9027  36.179  -3.052  10.847 0.0000000000
9028  35.312  -7.146  10.002 0.0000000000
9029  35.083  -11.577  9.364 0.0000000000
9030  34.233  -11.407  11.023 0.0000000000
9039  36.101  -3.659  16.237 0.0000000000
9040  35.150  -7.154  15.911 0.0000000000
12427  36.339  -1.603  8.237 0.0000000000
12428  37.261  -3.179  8.464 0.0000000000
12429  35.924  -1.539  8.931 0.0000000000
12431  34.903  -1.688  13.544 0.0000000000
12432  35.044  -1.768  14.222 0.0000000000
12433  35.459  -3.585  14.168 0.0000000000
12434  35.274  -1.872  14.891 0.0000000000
12561  37.318  -2.160  7.295 0.0000000000
20005  35.831  -7.158  7.544 0.0000000000
20006  36.142  -9.575  6.271 0.0000000000
20007  35.742  -9.567  7.083 0.0000000000
20008  36.597  -11.366  7.187 0.0000000000
20009  35.383  -9.493  7.925 0.0000000000
20013  35.865  -5.284  11.947 0.0000000000
20014  36.090  -5.100  11.288 0.0000000000
20015  35.010  -7.263  10.684 0.0000000000
20016  34.706  -9.373  9.531 0.0000000000
20017  34.423  -9.421  10.286 0.0000000000
20018  34.661  -11.535  10.215 0.0000000000
20019  34.146  -9.392  11.133 0.0000000000
20020  34.487  -7.327  13.699 0.0000000000
20021  33.877  -9.282  12.772 0.0000000000
20022  33.885  -9.200  13.635 0.0000000000
20024  33.986  -9.051  14.464 0.0000000000
20041  36.001  -1.903  16.192 0.0000000000
20043  36.763  -5.364  17.191 0.0000000000
20044  36.198  -5.415  16.660 0.0000000000
20045  35.673  -7.083  16.522 0.0000000000
20046  34.595  -8.787  15.966 0.0000000000
20047  35.106  -8.668  16.622 0.0000000000
20400  38.129  -2.738  3.537 0.0000000000
20403  36.900  -6.006  5.101 0.0000000000
26977  37.045  -5.205  6.456 0.0000000000
26978  36.223  -7.278  5.867 0.0000000000
26979  36.976  -5.141  7.350 0.0000000000
26980  36.952  -5.054  8.221 0.0000000000
26981  36.940  -4.960  9.211 0.0000000000
26983  34.847  -1.581  12.102 0.0000000000
26984  34.838  -1.626  12.833 0.0000000000
26985  35.541  -3.312  12.882 0.0000000000
26986  35.559  -5.315  12.605 0.0000000000
26987  34.637  -7.307  12.140 0.0000000000
26988  35.377  -5.411  13.269 0.0000000000
26989  35.288  -5.528  13.915 0.0000000000
26990  35.300  -5.505  14.642 0.0000000000
27004  37.393  -5.451  17.613 0.0000000000
27005  36.880  -7.055  17.335 0.0000000000
27217  37.931  -3.360  5.008 0.0000000000
27218  37.891  -2.711  6.256 0.0000000000
27219  37.695  -3.917  6.520 0.0000000000
37317  36.504  -9.483  5.458 0.0000000000
37324  36.549  -3.112  10.070 0.0000000000
37325  36.676  -4.973  9.953 0.0000000000
37326  35.883  -3.125  11.486 0.0000000000
37327  36.424  -5.015  10.669 0.0000000000
37328  35.516  -7.113  9.260 0.0000000000
37329  35.046  -9.404  8.733 0.0000000000
37330  35.550  -11.454  8.660 0.0000000000
37335  33.988  -9.356  11.907 0.0000000000
37336  33.970  -11.281  11.921 0.0000000000
37359  35.594  -1.872  15.559 0.0000000000
37360  35.818  -3.660  15.545 0.0000000000
37361  35.425  -5.523  15.382 0.0000000000
37362  36.538  -3.730  16.807 0.0000000000
37363  35.752  -5.473  16.039 0.0000000000
37364  34.779  -7.224  15.239 0.0000000000
37365  34.166  -8.934  15.285 0.0000000000
37790  38.369  -1.915  2.269 0.0000000000
