#!ascii label  , from subject fsaverage6 vox2ras=TkReg
452
20  43.755  -27.490  37.838 0.0000000000
106  52.344  -18.950  36.371 0.0000000000
307  47.634  -23.113  38.230 0.0000000000
308  54.273  -26.595  38.803 0.0000000000
309  50.673  -32.052  42.470 0.0000000000
484  57.784  -14.428  34.635 0.0000000000
580  60.721  -27.017  36.642 0.0000000000
787  45.589  -25.498  37.680 0.0000000000
788  48.801  -28.440  38.059 0.0000000000
789  47.144  -30.527  39.216 0.0000000000
1282  54.784  -17.096  35.213 0.0000000000
1283  54.769  -18.560  31.551 0.0000000000
1284  53.237  -21.167  32.861 0.0000000000
1285  56.822  -28.257  43.320 0.0000000000
1286  58.635  -25.744  39.234 0.0000000000
1287  59.922  -28.348  41.735 0.0000000000
1705  50.034  -21.011  37.791 0.0000000000
1706  51.220  -23.546  34.801 0.0000000000
1707  50.162  -25.813  36.883 0.0000000000
1708  52.628  -29.348  41.034 0.0000000000
1709  54.422  -31.554  45.452 0.0000000000
2107  45.382  -24.163  42.249 0.0000000000
2373  57.417  -15.612  30.066 0.0000000000
2375  59.797  -24.490  29.708 0.0000000000
2376  55.553  -24.947  35.134 0.0000000000
2377  59.587  -25.271  34.149 0.0000000000
2382  47.544  -33.836  43.992 0.0000000000
2383  51.206  -35.239  47.439 0.0000000000
2707  44.771  -26.481  37.928 0.0000000000
2708  46.251  -28.013  37.645 0.0000000000
2709  45.516  -29.049  38.111 0.0000000000
3202  53.566  -18.065  35.664 0.0000000000
3203  53.593  -18.863  33.628 0.0000000000
3204  52.324  -19.837  34.184 0.0000000000
3205  57.606  -29.402  44.711 0.0000000000
3206  58.778  -27.895  42.830 0.0000000000
3802  48.896  -22.067  38.184 0.0000000000
3803  49.271  -23.151  36.229 0.0000000000
3804  48.458  -24.442  36.754 0.0000000000
3805  49.802  -30.399  40.201 0.0000000000
3806  50.688  -29.208  39.566 0.0000000000
3807  51.820  -30.817  41.739 0.0000000000
3808  53.809  -30.318  43.235 0.0000000000
3809  52.558  -32.022  44.035 0.0000000000
4630  53.226  -18.832  42.626 0.0000000000
4635  47.062  -23.227  42.840 0.0000000000
5289  57.487  -14.757  32.283 0.0000000000
5290  54.866  -21.240  31.150 0.0000000000
5291  55.588  -19.785  30.462 0.0000000000
5293  58.139  -23.307  29.444 0.0000000000
5294  58.237  -23.952  30.918 0.0000000000
5295  52.689  -25.448  36.649 0.0000000000
5296  53.322  -24.481  35.004 0.0000000000
5297  54.860  -25.423  37.046 0.0000000000
5298  60.168  -25.918  38.348 0.0000000000
5299  59.168  -25.281  36.808 0.0000000000
5300  60.643  -25.852  35.472 0.0000000000
5301  60.792  -25.874  32.864 0.0000000000
5304  59.569  -28.100  35.387 0.0000000000
5311  45.924  -33.093  42.174 0.0000000000
5312  45.909  -35.053  43.993 0.0000000000
6025  46.478  -24.271  37.924 0.0000000000
6026  47.634  -25.766  37.016 0.0000000000
6027  46.935  -27.010  37.154 0.0000000000
6028  47.916  -29.469  38.665 0.0000000000
6029  48.874  -31.530  40.838 0.0000000000
6916  56.162  -15.953  34.870 0.0000000000
6917  55.959  -16.417  32.853 0.0000000000
6918  54.538  -17.911  33.203 0.0000000000
6919  53.997  -19.888  32.124 0.0000000000
6921  55.785  -27.728  41.006 0.0000000000
6922  56.497  -26.100  39.220 0.0000000000
6923  57.871  -26.872  41.349 0.0000000000
6924  59.660  -26.714  40.777 0.0000000000
6925  60.420  -27.461  39.493 0.0000000000
7819  51.153  -19.933  37.197 0.0000000000
7820  51.040  -20.867  34.819 0.0000000000
7821  50.077  -21.937  35.493 0.0000000000
7822  50.746  -24.614  35.894 0.0000000000
7823  52.202  -26.532  37.888 0.0000000000
7824  49.573  -27.114  37.637 0.0000000000
7825  51.529  -27.683  38.819 0.0000000000
7826  53.509  -27.977  40.048 0.0000000000
7827  54.615  -28.932  42.505 0.0000000000
7828  55.686  -29.700  44.591 0.0000000000
7829  56.248  -31.269  45.940 0.0000000000
8868  55.893  -16.124  37.471 0.0000000000
8869  54.603  -17.188  38.112 0.0000000000
8878  53.278  -18.363  39.076 0.0000000000
8879  52.173  -19.412  39.874 0.0000000000
8880  50.835  -20.473  40.539 0.0000000000
8881  49.409  -21.436  40.703 0.0000000000
8884  47.945  -22.319  40.539 0.0000000000
8885  46.529  -23.377  40.204 0.0000000000
8886  45.145  -24.389  39.795 0.0000000000
8887  44.022  -25.251  39.657 0.0000000000
8913  43.762  -25.244  41.974 0.0000000000
9677  57.519  -17.066  28.387 0.0000000000
9678  56.087  -17.043  30.961 0.0000000000
9679  56.607  -18.214  29.488 0.0000000000
9684  52.108  -22.510  33.742 0.0000000000
9685  54.060  -23.632  33.366 0.0000000000
9687  57.073  -25.418  37.318 0.0000000000
9688  57.760  -25.183  35.036 0.0000000000
9690  59.692  -24.980  31.740 0.0000000000
9702  45.954  -31.529  39.654 0.0000000000
9703  47.539  -32.526  41.368 0.0000000000
9704  49.211  -33.120  43.309 0.0000000000
9706  49.234  -34.467  45.919 0.0000000000
9707  50.970  -33.442  45.208 0.0000000000
9708  52.835  -33.744  46.878 0.0000000000
9709  54.635  -33.884  47.314 0.0000000000
10387  44.308  -26.941  38.024 0.0000000000
10388  45.133  -27.789  37.872 0.0000000000
10389  44.629  -28.304  37.833 0.0000000000
10882  52.897  -18.533  35.995 0.0000000000
10883  52.837  -18.901  34.842 0.0000000000
10884  52.245  -19.329  35.145 0.0000000000
11482  48.291  -22.579  38.215 0.0000000000
11483  48.437  -23.057  37.196 0.0000000000
11484  47.888  -23.746  37.343 0.0000000000
11485  50.282  -31.297  41.354 0.0000000000
11486  50.797  -30.734  40.965 0.0000000000
11487  51.236  -31.519  42.149 0.0000000000
11488  52.269  -31.428  42.908 0.0000000000
11489  51.631  -32.121  43.341 0.0000000000
12968  58.593  -13.878  33.055 0.0000000000
12969  57.605  -14.589  33.497 0.0000000000
12975  53.496  -26.042  37.743 0.0000000000
12976  53.795  -25.549  36.861 0.0000000000
12977  54.602  -25.887  38.002 0.0000000000
12978  60.613  -26.495  37.548 0.0000000000
12979  60.414  -25.845  36.910 0.0000000000
12980  60.860  -26.357  36.070 0.0000000000
12981  61.061  -26.378  34.755 0.0000000000
13882  45.979  -24.875  37.730 0.0000000000
13883  46.546  -25.577  37.169 0.0000000000
13884  46.203  -26.204  37.236 0.0000000000
13885  46.718  -29.335  38.349 0.0000000000
13886  46.989  -28.798  38.004 0.0000000000
13887  47.508  -29.956  38.986 0.0000000000
13888  48.388  -30.540  39.767 0.0000000000
13889  47.969  -31.073  39.934 0.0000000000
15367  55.389  -16.601  35.004 0.0000000000
15368  55.213  -16.970  33.969 0.0000000000
15369  54.552  -17.523  34.179 0.0000000000
15370  53.334  -19.924  33.132 0.0000000000
15371  53.741  -19.361  32.835 0.0000000000
15372  53.690  -20.503  32.477 0.0000000000
15373  54.227  -21.133  31.978 0.0000000000
15374  54.007  -21.781  32.417 0.0000000000
15375  56.322  -28.011  42.209 0.0000000000
15376  56.838  -27.285  41.234 0.0000000000
15377  57.401  -27.614  42.332 0.0000000000
15378  59.443  -28.054  42.344 0.0000000000
15379  59.252  -27.257  41.869 0.0000000000
15380  59.879  -27.425  41.324 0.0000000000
15381  60.194  -26.944  40.174 0.0000000000
15382  60.223  -27.811  40.705 0.0000000000
15383  60.226  -28.416  39.965 0.0000000000
17167  50.633  -20.460  37.514 0.0000000000
17168  50.390  -20.810  36.249 0.0000000000
17169  49.936  -21.372  36.527 0.0000000000
17170  49.575  -24.606  36.228 0.0000000000
17171  49.876  -23.979  35.820 0.0000000000
17172  50.509  -25.220  36.433 0.0000000000
17173  51.439  -25.646  36.802 0.0000000000
17174  51.158  -26.172  37.340 0.0000000000
17175  48.180  -27.123  37.287 0.0000000000
17176  48.532  -26.515  37.173 0.0000000000
17177  49.185  -27.743  37.826 0.0000000000
17178  51.654  -29.389  40.255 0.0000000000
17179  51.092  -28.454  39.190 0.0000000000
17180  52.032  -28.592  39.945 0.0000000000
17181  52.481  -27.860  39.439 0.0000000000
17182  53.064  -28.597  40.600 0.0000000000
17183  54.142  -28.552  41.344 0.0000000000
17184  53.590  -29.151  41.778 0.0000000000
17185  54.156  -30.893  44.334 0.0000000000
17186  54.722  -30.015  43.930 0.0000000000
17187  55.157  -30.508  44.955 0.0000000000
17188  56.023  -30.305  45.410 0.0000000000
17189  55.355  -31.334  45.929 0.0000000000
19615  57.964  -14.109  36.858 0.0000000000
19620  55.289  -16.623  37.760 0.0000000000
19644  53.764  -17.989  40.491 0.0000000000
19645  52.716  -18.866  39.449 0.0000000000
19646  53.257  -18.596  40.911 0.0000000000
19647  52.499  -19.338  42.943 0.0000000000
19648  52.032  -19.650  41.592 0.0000000000
19649  51.257  -20.205  41.875 0.0000000000
19650  50.126  -21.004  40.751 0.0000000000
19651  50.480  -20.713  42.018 0.0000000000
19658  49.019  -21.604  41.988 0.0000000000
19659  48.321  -22.084  41.922 0.0000000000
19660  47.296  -22.803  40.443 0.0000000000
19661  47.532  -22.679  41.738 0.0000000000
19662  46.152  -23.677  42.533 0.0000000000
19663  45.950  -23.740  41.244 0.0000000000
19664  45.186  -24.173  41.029 0.0000000000
19665  44.587  -24.794  39.740 0.0000000000
19666  44.558  -24.586  40.879 0.0000000000
19732  42.982  -25.873  41.987 0.0000000000
19733  43.046  -25.736  40.690 0.0000000000
21625  58.172  -14.528  30.616 0.0000000000
21628  58.003  -15.745  28.579 0.0000000000
21629  57.452  -16.292  29.140 0.0000000000
21630  55.205  -17.449  32.067 0.0000000000
21631  55.945  -16.686  31.861 0.0000000000
21632  55.401  -17.835  31.320 0.0000000000
21634  56.030  -18.970  29.975 0.0000000000
21635  56.360  -19.779  29.436 0.0000000000
21636  56.864  -19.074  28.934 0.0000000000
21640  59.069  -23.915  29.546 0.0000000000
21642  59.664  -24.313  28.969 0.0000000000
21645  50.919  -22.177  34.519 0.0000000000
21646  51.470  -21.668  34.161 0.0000000000
21647  51.637  -23.024  34.278 0.0000000000
21648  54.430  -24.702  35.062 0.0000000000
21649  53.661  -24.060  34.175 0.0000000000
21650  54.797  -24.482  34.194 0.0000000000
21651  55.088  -24.139  33.323 0.0000000000
21652  55.865  -24.796  34.189 0.0000000000
21653  57.567  -25.897  39.301 0.0000000000
21654  56.746  -25.628  38.306 0.0000000000
21655  57.932  -25.524  38.291 0.0000000000
21656  59.418  -25.254  35.482 0.0000000000
21657  58.508  -25.201  35.963 0.0000000000
21658  58.738  -25.196  34.707 0.0000000000
21659  57.952  -25.049  33.948 0.0000000000
21660  58.854  -25.079  33.513 0.0000000000
21661  58.921  -24.857  32.398 0.0000000000
21662  59.636  -25.177  32.914 0.0000000000
21692  45.101  -31.967  39.975 0.0000000000
21693  46.731  -33.449  43.079 0.0000000000
21694  46.797  -32.835  41.773 0.0000000000
21695  47.569  -33.209  42.673 0.0000000000
21696  48.334  -32.895  42.302 0.0000000000
21697  48.409  -33.488  43.701 0.0000000000
21701  50.410  -35.898  47.197 0.0000000000
21702  49.495  -35.525  46.636 0.0000000000
21703  50.236  -34.767  46.775 0.0000000000
21704  50.096  -33.950  45.633 0.0000000000
21705  51.065  -34.191  46.601 0.0000000000
21706  51.914  -33.583  46.118 0.0000000000
21707  52.040  -34.552  47.340 0.0000000000
21711  55.407  -33.885  46.997 0.0000000000
23305  45.264  -25.982  37.845 0.0000000000
23306  45.863  -26.729  37.373 0.0000000000
23307  45.522  -27.205  37.630 0.0000000000
23308  45.986  -28.594  37.999 0.0000000000
23309  46.371  -29.813  38.559 0.0000000000
24196  54.184  -17.621  35.380 0.0000000000
24197  54.021  -18.003  34.321 0.0000000000
24198  53.516  -18.425  34.568 0.0000000000
24199  53.014  -19.373  33.840 0.0000000000
24200  52.712  -20.525  33.438 0.0000000000
24201  57.239  -28.713  44.050 0.0000000000
24202  57.848  -28.041  43.152 0.0000000000
24203  58.184  -28.667  43.828 0.0000000000
24204  58.966  -28.811  43.314 0.0000000000
24205  59.529  -29.061  42.623 0.0000000000
24206  59.857  -29.481  41.830 0.0000000000
25276  49.473  -21.573  38.036 0.0000000000
25277  49.421  -21.968  36.834 0.0000000000
25278  48.925  -22.528  37.051 0.0000000000
25279  48.878  -23.816  36.513 0.0000000000
25280  49.251  -25.244  36.652 0.0000000000
25281  49.290  -29.485  39.074 0.0000000000
25282  49.743  -28.903  38.802 0.0000000000
25283  50.244  -29.825  39.826 0.0000000000
25284  51.236  -30.090  40.563 0.0000000000
25285  52.248  -30.081  41.385 0.0000000000
25286  53.244  -29.855  42.125 0.0000000000
25287  52.786  -30.656  42.501 0.0000000000
25288  53.193  -31.202  43.628 0.0000000000
25289  53.457  -31.829  44.778 0.0000000000
26773  47.926  -22.665  43.033 0.0000000000
26776  46.424  -23.723  43.788 0.0000000000
27952  58.359  -14.134  31.811 0.0000000000
27953  57.439  -15.138  31.201 0.0000000000
27954  54.665  -19.821  31.216 0.0000000000
27955  55.064  -19.185  30.917 0.0000000000
27956  55.108  -20.547  30.801 0.0000000000
27962  59.063  -24.157  30.359 0.0000000000
27963  51.887  -24.711  35.565 0.0000000000
27964  52.246  -24.177  34.915 0.0000000000
27965  53.025  -24.996  35.836 0.0000000000
27966  54.129  -25.096  36.001 0.0000000000
27967  55.188  -25.113  36.091 0.0000000000
27968  59.545  -25.721  38.928 0.0000000000
27969  58.927  -25.456  38.099 0.0000000000
27970  59.729  -25.523  37.591 0.0000000000
27971  60.004  -25.425  36.228 0.0000000000
27972  60.155  -25.522  34.880 0.0000000000
27973  60.303  -25.462  33.549 0.0000000000
27974  60.769  -25.893  34.141 0.0000000000
27991  45.100  -32.767  41.260 0.0000000000
27992  44.975  -33.627  42.471 0.0000000000
27993  45.753  -33.923  43.440 0.0000000000
27994  46.633  -34.297  44.215 0.0000000000
27999  51.452  -36.264  47.728 0.0000000000
28000  52.206  -35.568  48.007 0.0000000000
29419  47.054  -23.651  38.114 0.0000000000
29420  47.384  -24.346  37.347 0.0000000000
29421  46.973  -24.967  37.261 0.0000000000
29422  47.307  -26.400  37.062 0.0000000000
29423  47.795  -27.824  37.450 0.0000000000
29424  46.583  -27.536  37.373 0.0000000000
29425  47.411  -28.329  37.693 0.0000000000
29426  48.349  -29.002  38.348 0.0000000000
29427  48.820  -29.991  39.424 0.0000000000
29428  49.361  -30.918  40.522 0.0000000000
29429  49.739  -31.841  41.662 0.0000000000
31498  57.024  -15.270  34.789 0.0000000000
31499  56.793  -15.367  33.781 0.0000000000
31500  56.024  -16.206  33.888 0.0000000000
31501  55.151  -17.204  32.990 0.0000000000
31502  54.609  -18.169  32.336 0.0000000000
31503  54.004  -18.405  33.419 0.0000000000
31504  54.148  -18.822  32.530 0.0000000000
31505  54.310  -19.286  31.797 0.0000000000
31506  54.363  -20.496  31.551 0.0000000000
31507  54.814  -21.797  31.623 0.0000000000
31509  55.062  -27.223  39.835 0.0000000000
31510  55.374  -26.342  39.014 0.0000000000
31511  56.100  -26.908  40.040 0.0000000000
31512  57.224  -26.495  40.274 0.0000000000
31513  58.291  -26.267  40.218 0.0000000000
31514  58.412  -27.313  42.223 0.0000000000
31515  58.817  -26.689  41.171 0.0000000000
31516  59.217  -26.165  40.016 0.0000000000
31517  59.982  -26.261  39.569 0.0000000000
31518  60.478  -26.627  38.856 0.0000000000
31519  60.560  -27.220  38.142 0.0000000000
31520  60.352  -27.742  37.332 0.0000000000
33841  51.730  -19.434  36.756 0.0000000000
33842  51.577  -19.807  35.492 0.0000000000
33843  50.944  -20.251  35.917 0.0000000000
33844  50.503  -21.353  35.200 0.0000000000
33845  50.516  -22.766  34.962 0.0000000000
33846  49.644  -22.578  35.888 0.0000000000
33847  50.192  -23.332  35.389 0.0000000000
33848  50.973  -24.122  35.348 0.0000000000
33849  51.711  -25.179  36.250 0.0000000000
33850  52.497  -25.974  37.354 0.0000000000
33851  53.253  -26.659  38.437 0.0000000000
33852  48.041  -25.096  36.966 0.0000000000
33853  48.968  -25.903  36.998 0.0000000000
33854  49.893  -26.477  37.327 0.0000000000
33855  50.194  -28.205  38.556 0.0000000000
33856  50.583  -27.533  38.244 0.0000000000
33857  50.857  -26.797  37.817 0.0000000000
33858  51.854  -27.035  38.400 0.0000000000
33859  52.865  -27.248  38.914 0.0000000000
33860  53.965  -27.338  39.484 0.0000000000
33861  54.659  -27.956  40.626 0.0000000000
33862  55.217  -28.357  41.897 0.0000000000
33863  55.673  -28.637  43.017 0.0000000000
33864  54.219  -29.561  42.887 0.0000000000
33865  55.205  -29.212  43.525 0.0000000000
33866  56.249  -28.929  44.036 0.0000000000
33867  56.699  -29.446  44.858 0.0000000000
33868  56.984  -30.302  45.450 0.0000000000
33869  57.092  -31.326  45.733 0.0000000000
36845  57.564  -14.626  35.813 0.0000000000
36846  56.683  -15.404  35.878 0.0000000000
36847  55.929  -16.069  36.091 0.0000000000
36849  56.502  -15.621  37.236 0.0000000000
36850  55.268  -16.606  36.280 0.0000000000
36851  54.687  -17.103  36.508 0.0000000000
36852  54.020  -17.630  36.878 0.0000000000
36853  53.331  -18.133  37.222 0.0000000000
36879  53.818  -17.804  38.562 0.0000000000
36880  52.776  -18.629  37.636 0.0000000000
36881  52.171  -19.151  38.010 0.0000000000
36882  51.608  -19.670  38.471 0.0000000000
36883  51.064  -20.165  38.880 0.0000000000
36884  52.680  -19.175  41.216 0.0000000000
36885  51.508  -19.953  40.235 0.0000000000
36886  50.408  -20.745  39.147 0.0000000000
36887  49.799  -21.244  39.350 0.0000000000
36888  49.132  -21.677  39.425 0.0000000000
36889  48.453  -22.148  39.463 0.0000000000
36896  49.791  -21.136  42.064 0.0000000000
36897  48.680  -21.842  40.703 0.0000000000
36898  47.706  -22.591  39.352 0.0000000000
36899  47.035  -23.153  39.169 0.0000000000
36900  46.376  -23.736  38.894 0.0000000000
36901  45.799  -24.275  38.739 0.0000000000
36902  46.752  -23.228  41.505 0.0000000000
36903  45.810  -23.915  39.974 0.0000000000
36904  45.269  -24.842  38.623 0.0000000000
36905  44.793  -25.262  38.678 0.0000000000
36906  44.250  -25.732  38.664 0.0000000000
36907  43.716  -26.262  38.613 0.0000000000
36982  45.526  -24.337  43.561 0.0000000000
36985  44.532  -24.703  42.103 0.0000000000
36986  43.781  -25.139  40.719 0.0000000000
36987  43.248  -25.842  39.510 0.0000000000
39270  56.698  -15.634  32.604 0.0000000000
39271  56.717  -15.874  31.605 0.0000000000
39272  56.718  -16.291  30.555 0.0000000000
39273  55.718  -18.299  30.596 0.0000000000
39274  56.310  -17.550  30.135 0.0000000000
39275  56.919  -16.820  29.635 0.0000000000
39276  57.106  -17.609  28.976 0.0000000000
39277  57.272  -18.432  28.327 0.0000000000
39288  51.676  -20.375  34.517 0.0000000000
39289  52.048  -21.134  33.776 0.0000000000
39290  52.680  -21.887  33.262 0.0000000000
39291  52.624  -23.670  34.204 0.0000000000
39292  53.023  -23.122  33.530 0.0000000000
39293  53.478  -22.477  32.880 0.0000000000
39294  54.389  -23.117  32.675 0.0000000000
39297  55.681  -25.705  38.105 0.0000000000
39298  55.953  -25.370  37.212 0.0000000000
39299  56.359  -25.193  36.324 0.0000000000
39300  58.229  -25.335  37.228 0.0000000000
39301  57.445  -25.257  36.233 0.0000000000
39302  56.625  -25.102  35.181 0.0000000000
39303  56.911  -24.997  34.135 0.0000000000
39304  57.180  -24.727  33.126 0.0000000000
39306  58.196  -24.366  31.853 0.0000000000
39307  58.999  -24.499  31.305 0.0000000000
39308  59.740  -24.743  30.678 0.0000000000
39309  60.313  -25.404  32.294 0.0000000000
39310  60.328  -25.336  31.125 0.0000000000
39311  60.229  -25.177  30.029 0.0000000000
39343  45.767  -30.333  38.673 0.0000000000
39344  46.622  -31.045  39.359 0.0000000000
39345  46.024  -32.433  40.888 0.0000000000
39346  46.741  -32.057  40.476 0.0000000000
39347  47.400  -31.607  40.167 0.0000000000
39348  48.198  -32.077  41.018 0.0000000000
39349  49.055  -32.409  41.978 0.0000000000
39350  49.996  -32.627  42.922 0.0000000000
39352  46.765  -35.444  44.666 0.0000000000
39353  47.474  -34.697  45.054 0.0000000000
39355  48.404  -35.059  45.825 0.0000000000
39356  48.335  -34.149  44.981 0.0000000000
39357  49.278  -33.733  44.668 0.0000000000
39358  50.072  -33.300  44.307 0.0000000000
39359  50.918  -32.774  43.809 0.0000000000
39360  51.754  -32.898  44.695 0.0000000000
39361  52.729  -32.831  45.507 0.0000000000
39362  53.670  -32.747  46.192 0.0000000000
39363  52.978  -34.754  47.854 0.0000000000
39364  53.766  -33.890  47.342 0.0000000000
39365  54.553  -32.712  46.607 0.0000000000
39366  55.378  -32.624  46.626 0.0000000000
39367  56.180  -32.636  46.348 0.0000000000
