#!ascii label  , from subject fsaverage6 vox2ras=TkReg
85
197  37.921  -4.147  -0.114 0.0000000000
677  37.833  -8.900  0.554 0.0000000000
954  37.318  2.020  -5.604 0.0000000000
1508  36.612  -2.727  -5.173 0.0000000000
3472  38.280  -1.552  -0.247 0.0000000000
3473  37.193  -3.297  -2.559 0.0000000000
3474  37.018  -5.867  -2.507 0.0000000000
4300  37.365  2.004  -8.765 0.0000000000
5827  37.868  -6.617  0.066 0.0000000000
5828  36.940  -8.253  -2.325 0.0000000000
6325  37.562  4.454  -6.194 0.0000000000
6326  37.196  -0.301  -8.581 0.0000000000
7359  37.373  -0.721  -2.516 0.0000000000
7360  36.377  -5.142  -5.279 0.0000000000
8478  36.787  -0.321  -5.194 0.0000000000
9022  38.713  -10.289  3.444 0.0000000000
9024  38.048  -10.754  5.035 0.0000000000
9025  37.144  -11.234  6.468 0.0000000000
9026  36.078  -11.371  7.919 0.0000000000
9184  37.756  -5.816  2.445 0.0000000000
9185  37.916  -8.243  2.848 0.0000000000
11152  38.014  -2.818  -0.046 0.0000000000
11153  37.639  -3.697  -1.363 0.0000000000
11154  37.557  -5.019  -1.322 0.0000000000
13552  37.854  -7.796  0.294 0.0000000000
13553  37.358  -8.593  -0.910 0.0000000000
13554  37.288  -9.573  -0.558 0.0000000000
14382  37.554  3.108  -5.940 0.0000000000
14383  37.308  1.989  -7.222 0.0000000000
14384  37.098  0.788  -7.024 0.0000000000
16179  38.493  0.155  -1.558 0.0000000000
16180  36.598  -5.553  -3.874 0.0000000000
16181  36.723  -4.234  -3.867 0.0000000000
18675  36.944  -0.500  -3.846 0.0000000000
18676  37.243  0.742  -3.939 0.0000000000
18677  36.658  -1.588  -5.159 0.0000000000
20002  37.595  -9.142  4.128 0.0000000000
20003  38.472  -10.477  4.253 0.0000000000
20004  37.043  -9.355  4.806 0.0000000000
20006  36.142  -9.575  6.271 0.0000000000
20401  37.936  -4.502  2.382 0.0000000000
20402  37.835  -4.046  3.630 0.0000000000
20404  37.121  -6.628  3.761 0.0000000000
20405  37.293  -8.036  3.876 0.0000000000
20406  38.443  -9.356  3.075 0.0000000000
23107  37.802  -9.951  0.794 0.0000000000
24682  38.660  -0.239  -0.373 0.0000000000
24683  38.027  -1.105  -1.426 0.0000000000
24684  37.837  -2.371  -1.347 0.0000000000
24685  37.133  -4.635  -2.595 0.0000000000
24686  36.539  -6.696  -3.761 0.0000000000
26175  37.597  1.902  -10.303 0.0000000000
28957  37.866  -5.345  -0.065 0.0000000000
28958  37.448  -6.261  -1.248 0.0000000000
28959  37.416  -7.448  -1.104 0.0000000000
30120  37.384  3.148  -7.409 0.0000000000
30121  37.330  0.885  -8.588 0.0000000000
32590  37.851  0.549  -2.691 0.0000000000
32591  36.763  -1.692  -3.770 0.0000000000
32592  37.218  -1.959  -2.509 0.0000000000
32593  36.750  -3.005  -3.809 0.0000000000
32594  36.531  -3.931  -5.211 0.0000000000
32598  36.934  -7.088  -2.378 0.0000000000
35707  37.579  1.889  -4.279 0.0000000000
35708  37.006  0.766  -5.418 0.0000000000
35709  36.715  -2.567  -6.586 0.0000000000
35710  36.796  -1.450  -6.644 0.0000000000
35711  36.886  -0.253  -6.764 0.0000000000
37315  38.973  -11.743  4.456 0.0000000000
37316  38.974  -11.904  5.321 0.0000000000
37317  36.504  -9.483  5.458 0.0000000000
37318  37.653  -11.063  5.752 0.0000000000
37319  38.671  -12.109  6.094 0.0000000000
37320  38.247  -12.346  6.811 0.0000000000
37321  37.751  -12.552  7.583 0.0000000000
37782  38.198  -2.424  1.020 0.0000000000
37791  38.083  -3.742  1.063 0.0000000000
37792  38.133  -4.957  1.128 0.0000000000
37793  38.032  -6.210  1.259 0.0000000000
37794  37.992  -7.418  1.568 0.0000000000
37795  37.406  -5.272  3.742 0.0000000000
37796  37.803  -7.033  2.697 0.0000000000
37797  38.255  -8.619  1.812 0.0000000000
37798  38.510  -9.655  2.013 0.0000000000
37799  38.557  -10.628  2.280 0.0000000000
