#!ascii label  , from subject fsaverage6 vox2ras=TkReg
30
429  37.856  -2.290  -11.758 0.0000000000
1960  37.729  1.986  -11.746 0.0000000000
4302  37.826  -0.172  -11.736 0.0000000000
4306  36.800  -4.655  -8.025 0.0000000000
7011  37.894  2.267  -14.654 0.0000000000
8475  38.405  0.267  -15.120 0.0000000000
8479  36.996  -2.422  -8.230 0.0000000000
8480  37.911  -4.291  -11.729 0.0000000000
11980  37.506  -0.258  -10.135 0.0000000000
11981  37.514  0.788  -10.223 0.0000000000
11982  37.825  -1.237  -11.764 0.0000000000
15525  38.616  0.750  -16.615 0.0000000000
15526  38.218  1.784  -16.360 0.0000000000
18668  37.826  2.049  -13.212 0.0000000000
18669  38.058  1.015  -13.344 0.0000000000
18679  36.907  -3.664  -8.151 0.0000000000
18681  37.453  -3.485  -10.046 0.0000000000
26175  37.597  1.902  -10.303 0.0000000000
26176  37.797  0.888  -11.794 0.0000000000
26177  38.164  0.029  -13.456 0.0000000000
26178  38.235  -1.024  -13.620 0.0000000000
26181  36.459  -4.871  -6.612 0.0000000000
26182  36.666  -3.736  -6.539 0.0000000000
30122  37.483  -1.337  -10.168 0.0000000000
32594  36.531  -3.931  -5.211 0.0000000000
35698  38.197  1.270  -14.891 0.0000000000
35700  38.583  -0.697  -15.271 0.0000000000
35701  39.048  -1.015  -17.097 0.0000000000
35713  37.476  -2.499  -10.110 0.0000000000
35714  37.919  -3.331  -11.834 0.0000000000
