#!ascii label  , from subject fsaverage6 vox2ras=TkReg
212
302  35.894  -76.199  38.971 0.0000000000
303  39.233  -72.420  29.747 0.0000000000
574  46.777  -65.742  28.269 0.0000000000
1268  47.050  -63.073  31.355 0.0000000000
1270  42.334  -75.251  24.500 0.0000000000
1696  39.482  -71.732  39.740 0.0000000000
1697  42.732  -71.695  34.495 0.0000000000
1698  38.219  -75.344  34.571 0.0000000000
1700  41.533  -79.493  22.429 0.0000000000
1701  40.179  -81.231  17.168 0.0000000000
1702  38.335  -83.608  20.576 0.0000000000
2357  50.420  -62.984  27.178 0.0000000000
2359  43.882  -69.474  29.655 0.0000000000
2360  43.129  -66.563  25.506 0.0000000000
3190  43.019  -76.328  22.106 0.0000000000
3192  43.481  -75.023  19.728 0.0000000000
3787  37.721  -74.232  39.821 0.0000000000
3788  39.054  -73.695  37.131 0.0000000000
3789  37.205  -76.395  36.952 0.0000000000
3793  40.996  -78.862  25.672 0.0000000000
3794  39.857  -81.130  24.351 0.0000000000
3795  39.880  -81.891  21.395 0.0000000000
5245  46.881  -63.779  29.576 0.0000000000
5246  49.113  -63.290  29.351 0.0000000000
5247  48.461  -63.984  27.512 0.0000000000
5249  47.633  -65.171  26.014 0.0000000000
5250  41.030  -71.991  32.527 0.0000000000
5251  43.718  -70.900  31.949 0.0000000000
5252  41.341  -70.482  30.382 0.0000000000
5254  40.873  -67.869  26.645 0.0000000000
6890  47.487  -62.035  33.457 0.0000000000
6893  45.348  -65.670  30.103 0.0000000000
6895  39.985  -71.528  27.686 0.0000000000
7799  41.753  -69.726  35.972 0.0000000000
7800  40.998  -71.769  36.854 0.0000000000
7801  40.690  -73.249  34.790 0.0000000000
7802  38.706  -73.849  32.172 0.0000000000
7806  41.519  -76.620  26.390 0.0000000000
7807  42.492  -77.644  23.577 0.0000000000
7808  42.831  -78.738  20.734 0.0000000000
7810  41.173  -80.513  19.559 0.0000000000
7811  39.425  -82.556  18.603 0.0000000000
8402  38.433  -72.032  42.155 0.0000000000
8403  36.418  -74.051  41.512 0.0000000000
9625  48.890  -62.113  31.347 0.0000000000
9628  51.010  -62.101  25.116 0.0000000000
9631  43.549  -69.198  33.438 0.0000000000
9632  45.087  -68.267  31.329 0.0000000000
9633  45.856  -67.691  28.912 0.0000000000
9634  41.349  -69.338  28.369 0.0000000000
9635  43.703  -68.222  27.261 0.0000000000
9636  45.728  -66.879  26.548 0.0000000000
10870  43.501  -77.009  20.478 0.0000000000
10871  43.289  -75.709  20.932 0.0000000000
10872  43.999  -76.272  19.302 0.0000000000
11467  36.682  -75.342  39.539 0.0000000000
11468  37.337  -75.268  38.364 0.0000000000
11469  36.509  -76.453  38.017 0.0000000000
11473  39.501  -80.914  26.050 0.0000000000
11474  39.014  -82.032  25.294 0.0000000000
11475  39.341  -82.364  23.856 0.0000000000
11476  38.521  -82.836  24.711 0.0000000000
12925  46.878  -64.700  28.856 0.0000000000
12926  47.873  -64.005  28.626 0.0000000000
12927  47.535  -64.759  27.819 0.0000000000
12928  48.169  -64.693  26.662 0.0000000000
12929  47.347  -65.525  27.058 0.0000000000
12930  39.810  -71.810  31.310 0.0000000000
12931  41.158  -71.155  31.384 0.0000000000
12932  40.079  -71.171  30.234 0.0000000000
15328  44.711  -64.520  30.651 0.0000000000
15329  44.406  -65.769  31.145 0.0000000000
17122  40.060  -70.645  39.501 0.0000000000
17123  40.711  -70.692  37.938 0.0000000000
17124  40.135  -71.632  38.268 0.0000000000
17125  38.725  -74.591  35.833 0.0000000000
17126  39.925  -73.500  35.889 0.0000000000
17127  39.337  -74.137  34.705 0.0000000000
17128  39.691  -73.537  33.713 0.0000000000
17129  38.521  -74.594  33.422 0.0000000000
17139  40.709  -77.324  27.390 0.0000000000
17140  41.300  -79.111  24.070 0.0000000000
17141  41.757  -78.135  24.640 0.0000000000
17142  42.141  -78.629  23.137 0.0000000000
17143  42.695  -78.194  22.299 0.0000000000
17144  42.307  -79.142  21.606 0.0000000000
17145  42.193  -79.555  20.225 0.0000000000
17146  41.549  -79.926  21.067 0.0000000000
17147  39.186  -82.950  20.999 0.0000000000
17148  39.700  -82.246  19.954 0.0000000000
17149  38.881  -83.213  19.597 0.0000000000
17150  38.546  -83.431  18.418 0.0000000000
17151  37.996  -83.932  19.343 0.0000000000
18498  38.937  -70.814  43.537 0.0000000000
18499  37.885  -71.881  43.254 0.0000000000
18500  37.399  -73.169  42.095 0.0000000000
18501  36.876  -72.938  42.762 0.0000000000
21495  47.237  -62.572  32.300 0.0000000000
21497  48.170  -62.830  31.295 0.0000000000
21498  49.919  -63.237  28.122 0.0000000000
21499  49.926  -62.651  29.179 0.0000000000
21500  50.398  -62.380  27.980 0.0000000000
21502  50.460  -61.911  26.948 0.0000000000
21504  50.720  -62.559  26.118 0.0000000000
21510  42.439  -70.860  35.257 0.0000000000
21511  42.664  -69.637  34.641 0.0000000000
21512  43.343  -70.648  34.076 0.0000000000
21513  43.874  -70.250  30.754 0.0000000000
21514  44.583  -69.650  31.688 0.0000000000
21515  44.990  -69.160  30.462 0.0000000000
21516  45.559  -67.969  30.162 0.0000000000
21517  45.122  -68.639  29.171 0.0000000000
21518  39.985  -70.982  26.941 0.0000000000
21519  40.454  -70.260  28.193 0.0000000000
21520  40.248  -69.643  27.478 0.0000000000
21521  41.984  -67.124  26.132 0.0000000000
21522  42.264  -68.034  27.003 0.0000000000
21523  43.516  -67.497  26.422 0.0000000000
21524  44.859  -67.630  26.818 0.0000000000
21525  44.564  -66.935  25.988 0.0000000000
21526  45.386  -66.250  25.845 0.0000000000
21527  44.061  -65.978  25.115 0.0000000000
21577  41.113  -80.188  17.613 0.0000000000
24174  42.661  -75.768  23.352 0.0000000000
24175  42.338  -74.644  23.827 0.0000000000
24176  42.703  -75.123  22.558 0.0000000000
25249  38.732  -72.914  39.932 0.0000000000
25250  39.299  -72.706  38.476 0.0000000000
25251  38.336  -73.971  38.532 0.0000000000
25252  38.076  -74.978  37.096 0.0000000000
25253  37.835  -75.923  35.797 0.0000000000
25259  40.489  -78.566  27.091 0.0000000000
25260  40.087  -79.737  26.626 0.0000000000
25261  40.419  -79.902  25.172 0.0000000000
25262  40.632  -80.113  23.420 0.0000000000
25263  40.663  -80.506  21.894 0.0000000000
25264  39.974  -81.445  22.939 0.0000000000
25265  39.386  -82.722  22.479 0.0000000000
27873  46.861  -63.347  30.424 0.0000000000
27874  48.100  -63.246  30.367 0.0000000000
27875  48.046  -63.505  29.484 0.0000000000
27876  48.912  -63.578  28.410 0.0000000000
27877  49.539  -63.553  27.286 0.0000000000
27878  50.101  -63.415  26.144 0.0000000000
27879  49.120  -63.923  26.301 0.0000000000
27880  48.607  -64.522  25.450 0.0000000000
27882  42.196  -72.085  33.564 0.0000000000
27883  43.359  -71.334  33.183 0.0000000000
27884  42.475  -71.501  32.263 0.0000000000
27885  42.637  -70.854  31.115 0.0000000000
27886  42.610  -70.021  30.012 0.0000000000
31437  46.875  -61.792  34.717 0.0000000000
31439  46.136  -62.732  32.340 0.0000000000
31442  45.846  -63.082  31.391 0.0000000000
31443  45.612  -63.631  30.463 0.0000000000
31444  45.894  -64.571  29.682 0.0000000000
31445  46.111  -65.720  29.246 0.0000000000
31446  39.616  -73.407  28.179 0.0000000000
31447  39.665  -71.959  28.686 0.0000000000
31449  40.151  -72.363  26.322 0.0000000000
33785  41.168  -68.292  36.918 0.0000000000
33787  41.503  -70.803  36.464 0.0000000000
33788  41.983  -71.810  35.646 0.0000000000
33789  40.116  -72.613  37.007 0.0000000000
33790  41.088  -72.706  35.816 0.0000000000
33791  41.830  -72.525  34.684 0.0000000000
33792  41.009  -72.743  33.739 0.0000000000
33793  39.763  -72.711  32.583 0.0000000000
33794  38.886  -73.077  30.921 0.0000000000
33795  36.563  -77.551  36.595 0.0000000000
33805  41.324  -75.400  26.645 0.0000000000
33806  42.080  -75.893  25.328 0.0000000000
33807  41.338  -77.751  26.106 0.0000000000
33808  41.978  -77.050  24.990 0.0000000000
33809  42.501  -76.417  24.050 0.0000000000
33810  42.882  -77.005  22.894 0.0000000000
33811  43.041  -77.666  21.537 0.0000000000
33812  43.446  -78.159  19.882 0.0000000000
33815  41.796  -79.905  18.871 0.0000000000
33816  40.692  -80.922  18.247 0.0000000000
33817  40.535  -81.055  20.423 0.0000000000
33818  40.252  -81.553  19.060 0.0000000000
33819  39.887  -81.857  17.784 0.0000000000
35449  47.064  -61.380  36.999 0.0000000000
35487  39.588  -70.775  40.829 0.0000000000
35489  39.274  -70.855  42.243 0.0000000000
35490  38.889  -71.978  40.977 0.0000000000
35491  38.029  -73.212  40.993 0.0000000000
35492  37.036  -74.289  40.831 0.0000000000
35493  36.087  -75.079  40.279 0.0000000000
35499  36.500  -72.351  43.203 0.0000000000
39112  49.095  -62.873  30.342 0.0000000000
39121  50.685  -63.193  24.974 0.0000000000
39122  51.092  -62.839  24.000 0.0000000000
39129  43.645  -67.640  32.924 0.0000000000
39130  43.949  -70.203  32.817 0.0000000000
39131  44.407  -68.693  32.352 0.0000000000
39132  44.500  -67.249  31.842 0.0000000000
39133  45.291  -66.972  30.792 0.0000000000
39134  45.771  -66.800  29.765 0.0000000000
39135  46.277  -66.773  28.506 0.0000000000
39136  40.295  -70.734  29.217 0.0000000000
39137  41.411  -69.877  29.326 0.0000000000
39138  42.569  -69.407  29.007 0.0000000000
39139  41.086  -68.664  27.519 0.0000000000
39140  42.447  -68.793  27.932 0.0000000000
39141  43.848  -68.832  28.448 0.0000000000
39142  45.042  -68.159  27.880 0.0000000000
39143  45.926  -67.317  27.526 0.0000000000
39144  46.555  -66.523  27.321 0.0000000000
39145  46.601  -66.039  26.443 0.0000000000
39146  46.475  -65.342  25.580 0.0000000000
