#!ascii label  , from subject fsaverage6 vox2ras=TkReg
148
247  39.448  22.746  9.986 0.0000000000
727  43.847  24.767  7.048 0.0000000000
729  47.443  22.321  8.177 0.0000000000
740  44.645  27.577  3.578 0.0000000000
741  39.446  26.616  6.652 0.0000000000
1136  43.969  31.360  -7.307 0.0000000000
1138  42.694  29.467  -9.029 0.0000000000
1619  45.044  32.495  -3.944 0.0000000000
1620  38.318  32.133  -0.211 0.0000000000
1623  34.931  24.605  9.891 0.0000000000
2647  46.334  25.584  5.718 0.0000000000
2648  45.768  23.702  7.843 0.0000000000
2660  46.884  26.833  3.924 0.0000000000
2661  44.129  26.359  5.177 0.0000000000
3056  40.006  30.747  -4.581 0.0000000000
3057  43.230  30.470  -8.058 0.0000000000
3058  39.268  29.996  -5.553 0.0000000000
3622  37.470  21.318  11.068 0.0000000000
3658  42.881  31.807  -0.917 0.0000000000
3659  41.788  32.450  -2.547 0.0000000000
3660  39.710  31.714  0.964 0.0000000000
3663  39.392  24.910  8.508 0.0000000000
3664  37.113  25.964  8.306 0.0000000000
3665  37.181  23.787  10.001 0.0000000000
3666  35.241  22.113  11.359 0.0000000000
5917  41.605  23.839  8.571 0.0000000000
5918  41.337  21.301  9.956 0.0000000000
5919  43.406  22.607  8.917 0.0000000000
5920  45.123  21.111  8.804 0.0000000000
5941  39.844  28.421  4.410 0.0000000000
5942  41.914  27.121  4.985 0.0000000000
5943  41.702  25.713  6.871 0.0000000000
6652  47.452  31.964  -9.209 0.0000000000
7617  47.614  32.450  -6.940 0.0000000000
7618  44.494  32.332  -6.062 0.0000000000
7619  40.889  32.011  -3.894 0.0000000000
7620  37.064  31.581  -1.290 0.0000000000
7629  33.528  19.890  12.219 0.0000000000
10327  47.602  25.891  5.191 0.0000000000
10328  47.214  25.190  6.328 0.0000000000
10341  46.490  26.218  4.721 0.0000000000
10736  37.938  30.627  -3.296 0.0000000000
11302  38.419  22.116  10.508 0.0000000000
11339  41.296  31.797  -0.025 0.0000000000
11342  39.638  30.266  2.801 0.0000000000
11343  39.390  23.851  9.300 0.0000000000
11344  38.282  24.428  9.263 0.0000000000
11345  38.321  23.281  9.979 0.0000000000
11346  37.324  22.556  10.607 0.0000000000
13702  42.729  24.339  7.722 0.0000000000
13703  42.465  23.275  8.716 0.0000000000
13704  43.648  23.805  8.092 0.0000000000
13705  46.593  23.048  8.060 0.0000000000
13706  45.447  22.487  8.484 0.0000000000
13707  46.219  21.773  8.451 0.0000000000
13709  46.895  21.050  8.622 0.0000000000
13740  43.476  28.031  3.217 0.0000000000
13741  42.113  27.885  3.964 0.0000000000
13742  43.233  27.344  4.259 0.0000000000
13743  43.930  25.577  6.112 0.0000000000
13744  42.884  26.047  6.081 0.0000000000
13745  42.717  25.188  6.895 0.0000000000
13746  41.618  24.821  7.734 0.0000000000
14926  45.819  31.620  -8.483 0.0000000000
14927  47.107  31.748  -9.866 0.0000000000
14928  45.484  31.257  -8.928 0.0000000000
14929  42.980  30.060  -8.571 0.0000000000
14930  44.665  30.468  -9.851 0.0000000000
14931  44.499  29.757  -10.369 0.0000000000
14933  44.108  28.865  -10.614 0.0000000000
14935  42.223  28.749  -9.369 0.0000000000
16731  46.650  32.263  -4.394 0.0000000000
16732  47.759  32.340  -5.759 0.0000000000
16733  46.301  32.537  -5.473 0.0000000000
16734  46.149  32.490  -6.650 0.0000000000
16735  44.717  32.490  -5.098 0.0000000000
16736  40.058  32.312  -1.418 0.0000000000
16737  41.345  32.326  -3.304 0.0000000000
16738  39.525  32.149  -2.063 0.0000000000
16739  38.994  31.769  -2.608 0.0000000000
16740  37.639  31.940  -0.797 0.0000000000
16748  39.590  27.437  5.490 0.0000000000
16749  38.659  28.220  5.201 0.0000000000
16750  38.373  27.248  6.340 0.0000000000
16751  36.018  25.379  9.097 0.0000000000
16752  36.038  26.418  8.117 0.0000000000
16753  34.908  25.792  8.958 0.0000000000
16758  35.481  20.808  11.852 0.0000000000
16759  34.316  21.153  11.884 0.0000000000
23197  45.101  25.186  6.355 0.0000000000
23198  44.857  24.330  7.483 0.0000000000
23199  46.024  24.751  6.846 0.0000000000
23200  46.936  24.214  7.379 0.0000000000
23220  45.794  27.283  3.780 0.0000000000
23221  44.367  26.981  4.390 0.0000000000
23222  45.454  26.625  4.527 0.0000000000
23223  45.172  25.901  5.355 0.0000000000
23932  42.029  31.024  -5.824 0.0000000000
23933  43.580  30.923  -7.604 0.0000000000
23934  41.676  30.444  -6.290 0.0000000000
23935  41.384  30.161  -6.781 0.0000000000
23936  41.031  29.862  -7.290 0.0000000000
23937  40.552  29.412  -7.736 0.0000000000
25016  43.989  32.232  -2.450 0.0000000000
25017  43.503  32.503  -3.470 0.0000000000
25018  42.284  32.250  -1.686 0.0000000000
25019  40.653  32.205  -0.731 0.0000000000
25020  38.952  32.061  0.414 0.0000000000
25025  39.402  25.849  7.620 0.0000000000
25026  38.311  26.316  7.476 0.0000000000
25027  38.224  25.397  8.422 0.0000000000
25028  37.135  24.931  9.189 0.0000000000
25029  36.053  24.252  9.980 0.0000000000
25030  35.050  23.399  10.703 0.0000000000
25031  36.190  23.013  10.666 0.0000000000
25032  36.369  21.745  11.266 0.0000000000
29167  40.505  23.297  9.326 0.0000000000
29168  40.382  22.030  10.023 0.0000000000
29169  41.458  22.675  9.409 0.0000000000
29170  42.355  21.973  9.444 0.0000000000
29171  43.255  21.262  9.390 0.0000000000
29172  44.568  23.184  8.359 0.0000000000
29173  44.363  21.906  8.944 0.0000000000
29174  44.112  20.480  9.115 0.0000000000
29220  41.685  29.499  2.415 0.0000000000
29222  41.158  28.584  3.634 0.0000000000
29223  40.826  27.691  4.710 0.0000000000
29224  40.629  26.866  5.799 0.0000000000
29225  43.063  26.719  5.153 0.0000000000
29226  41.752  26.416  5.947 0.0000000000
29227  40.592  26.161  6.799 0.0000000000
29228  40.482  25.352  7.699 0.0000000000
29229  40.460  24.356  8.544 0.0000000000
30885  45.068  30.961  -9.313 0.0000000000
30895  39.969  28.808  -8.034 0.0000000000
33290  48.993  32.506  -7.206 0.0000000000
33291  48.813  32.585  -8.453 0.0000000000
33292  47.534  32.288  -8.179 0.0000000000
33293  45.943  32.054  -7.660 0.0000000000
33294  44.261  31.859  -6.846 0.0000000000
33295  43.063  32.447  -4.423 0.0000000000
33296  42.799  32.179  -5.182 0.0000000000
33297  42.439  31.667  -5.614 0.0000000000
33298  40.553  31.416  -4.279 0.0000000000
33299  38.467  31.160  -2.933 0.0000000000
33314  37.202  26.907  7.214 0.0000000000
33315  36.176  27.485  6.946 0.0000000000
33323  34.108  22.441  11.295 0.0000000000
