#!ascii label  , from subject fsaverage6 vox2ras=TkReg
47
737  29.790  53.677  -11.171 0.0000000000
2656  26.600  54.757  -11.913 0.0000000000
2657  29.109  57.053  -10.916 0.0000000000
5934  27.309  51.194  -11.362 0.0000000000
5935  30.310  50.160  -10.769 0.0000000000
9133  32.703  55.813  -10.696 0.0000000000
9134  33.254  52.854  -11.187 0.0000000000
9135  33.396  49.503  -11.112 0.0000000000
9137  35.923  48.607  -9.375 0.0000000000
9138  33.699  46.131  -12.105 0.0000000000
10336  27.375  57.497  -11.247 0.0000000000
10337  28.466  57.999  -10.467 0.0000000000
13727  24.252  54.283  -12.967 0.0000000000
13728  28.083  54.273  -11.344 0.0000000000
13729  26.902  52.905  -11.671 0.0000000000
13730  28.429  52.494  -11.181 0.0000000000
13731  28.786  50.804  -10.905 0.0000000000
13732  29.973  51.998  -11.129 0.0000000000
20274  32.165  56.752  -10.018 0.0000000000
20279  33.341  51.206  -11.109 0.0000000000
20280  34.512  50.886  -10.148 0.0000000000
20284  37.720  46.441  -10.295 0.0000000000
20285  37.674  47.925  -9.505 0.0000000000
20286  35.984  47.222  -9.946 0.0000000000
20287  34.536  47.555  -10.679 0.0000000000
23212  25.327  55.475  -12.586 0.0000000000
23213  26.291  56.623  -11.992 0.0000000000
23214  27.843  56.117  -11.436 0.0000000000
23215  29.553  55.575  -11.115 0.0000000000
29204  25.556  53.367  -12.395 0.0000000000
29205  25.877  51.595  -12.071 0.0000000000
29209  30.645  48.248  -10.785 0.0000000000
34936  29.509  57.729  -9.410 0.0000000000
37639  30.374  57.382  -10.142 0.0000000000
37640  31.042  56.497  -10.780 0.0000000000
37641  31.408  54.948  -11.184 0.0000000000
37643  33.088  54.463  -11.127 0.0000000000
37644  31.571  53.252  -11.308 0.0000000000
37645  31.746  51.491  -11.268 0.0000000000
37646  32.026  49.772  -11.164 0.0000000000
37647  32.151  47.984  -11.319 0.0000000000
37652  37.520  49.603  -8.771 0.0000000000
37653  35.757  50.341  -9.045 0.0000000000
37654  34.568  49.103  -10.216 0.0000000000
37655  33.493  47.828  -11.510 0.0000000000
37656  32.220  46.349  -12.172 0.0000000000
37657  32.622  44.508  -12.986 0.0000000000
