#!ascii label  , from subject fsaverage6 vox2ras=TkReg
125
194  64.175  -12.927  20.517 0.0000000000
511  62.251  -5.623  11.434 0.0000000000
1502  62.950  -12.942  18.130 0.0000000000
1504  62.349  -17.425  20.294 0.0000000000
2173  54.887  -10.555  12.700 0.0000000000
2174  58.922  -10.661  12.172 0.0000000000
2177  62.901  -10.092  12.277 0.0000000000
2178  64.576  -9.144  15.480 0.0000000000
3464  63.924  -13.222  19.159 0.0000000000
3465  62.755  -15.763  19.814 0.0000000000
4796  54.362  -8.527  11.497 0.0000000000
4797  56.190  -8.744  11.271 0.0000000000
4798  56.846  -10.761  12.351 0.0000000000
4799  58.143  -8.651  10.962 0.0000000000
4806  62.086  -8.086  10.446 0.0000000000
4807  63.247  -7.915  11.306 0.0000000000
4808  64.050  -9.646  13.462 0.0000000000
4809  63.627  -7.977  12.936 0.0000000000
9081  52.728  -8.286  11.432 0.0000000000
9082  53.151  -10.295  13.129 0.0000000000
9086  59.378  -11.494  14.602 0.0000000000
9093  60.266  -8.456  10.532 0.0000000000
9094  61.121  -10.377  11.958 0.0000000000
9095  61.639  -11.311  14.445 0.0000000000
9096  63.272  -11.315  15.024 0.0000000000
9097  64.309  -11.226  16.409 0.0000000000
9098  64.733  -10.837  18.227 0.0000000000
9100  64.358  -8.591  17.677 0.0000000000
11144  64.128  -13.147  19.788 0.0000000000
11145  63.669  -14.391  20.299 0.0000000000
12474  51.114  -7.009  10.072 0.0000000000
12476  55.720  -7.502  11.167 0.0000000000
12477  56.648  -7.539  10.981 0.0000000000
12478  57.139  -8.704  11.111 0.0000000000
12479  57.624  -7.529  10.770 0.0000000000
12485  62.185  -5.401  10.847 0.0000000000
12486  62.558  -6.716  10.624 0.0000000000
12487  62.840  -6.744  11.202 0.0000000000
12488  63.512  -7.907  12.035 0.0000000000
12489  62.942  -6.996  11.932 0.0000000000
16154  62.275  -12.592  17.792 0.0000000000
16156  62.213  -14.132  18.986 0.0000000000
16157  62.659  -16.745  20.086 0.0000000000
16158  62.082  -16.898  19.488 0.0000000000
20146  52.331  -6.981  10.635 0.0000000000
20147  53.047  -7.001  10.935 0.0000000000
20148  54.670  -9.666  11.994 0.0000000000
20149  53.849  -9.490  12.104 0.0000000000
20150  54.039  -10.446  12.962 0.0000000000
20154  55.016  -11.392  13.469 0.0000000000
20155  57.803  -10.747  12.188 0.0000000000
20156  57.027  -11.513  13.283 0.0000000000
20157  58.118  -11.391  13.263 0.0000000000
20158  58.267  -11.582  14.661 0.0000000000
20159  59.237  -11.248  13.256 0.0000000000
20175  59.821  -5.788  10.186 0.0000000000
20176  59.641  -7.236  10.249 0.0000000000
20177  60.569  -7.082  10.128 0.0000000000
20178  62.565  -9.118  11.184 0.0000000000
20179  61.746  -9.291  11.016 0.0000000000
20180  62.152  -10.217  11.980 0.0000000000
20181  61.479  -10.962  13.062 0.0000000000
20182  62.390  -10.862  13.200 0.0000000000
20183  62.504  -11.319  14.629 0.0000000000
20184  63.152  -10.738  13.542 0.0000000000
20185  64.387  -9.432  14.476 0.0000000000
20186  64.259  -10.413  14.870 0.0000000000
20187  64.563  -10.175  15.808 0.0000000000
20188  64.580  -11.047  17.303 0.0000000000
20189  64.725  -9.910  16.823 0.0000000000
24668  63.542  -13.174  18.584 0.0000000000
24669  62.843  -14.400  19.264 0.0000000000
24670  63.310  -14.421  19.707 0.0000000000
24671  63.187  -15.688  20.345 0.0000000000
24672  62.930  -16.577  20.756 0.0000000000
27064  53.885  -7.183  11.200 0.0000000000
27066  55.211  -8.708  11.462 0.0000000000
27067  55.563  -9.733  11.832 0.0000000000
27068  55.823  -10.664  12.470 0.0000000000
27069  56.508  -9.763  11.674 0.0000000000
27070  57.520  -9.814  11.535 0.0000000000
27071  58.583  -9.803  11.431 0.0000000000
27082  61.457  -6.931  10.065 0.0000000000
27083  62.113  -6.794  10.252 0.0000000000
27084  62.728  -7.950  10.701 0.0000000000
27085  63.242  -9.008  11.605 0.0000000000
27086  63.554  -9.864  12.712 0.0000000000
27087  63.749  -8.908  12.252 0.0000000000
27088  64.031  -8.777  13.176 0.0000000000
27089  64.146  -8.634  14.139 0.0000000000
28946  63.998  -12.477  21.291 0.0000000000
28948  63.516  -13.342  22.361 0.0000000000
32563  62.158  -15.700  19.425 0.0000000000
37485  51.710  -6.917  10.340 0.0000000000
37486  51.925  -8.188  11.337 0.0000000000
37487  52.139  -9.305  12.336 0.0000000000
37488  53.517  -8.371  11.490 0.0000000000
37489  52.962  -9.415  12.274 0.0000000000
37490  52.261  -10.148  13.462 0.0000000000
37497  55.981  -11.504  13.330 0.0000000000
37521  58.629  -7.338  10.476 0.0000000000
37522  59.199  -8.584  10.727 0.0000000000
37523  59.712  -9.654  11.237 0.0000000000
37524  61.191  -8.216  10.381 0.0000000000
37525  60.790  -9.454  11.064 0.0000000000
37526  60.055  -10.517  12.060 0.0000000000
37527  60.402  -11.146  13.152 0.0000000000
37528  60.495  -11.379  14.493 0.0000000000
37529  60.595  -11.533  16.049 0.0000000000
37530  61.581  -11.620  16.006 0.0000000000
37531  62.462  -11.722  16.163 0.0000000000
37532  63.226  -11.949  16.632 0.0000000000
37533  63.812  -10.591  14.140 0.0000000000
37534  63.891  -11.283  15.611 0.0000000000
37535  63.799  -12.105  17.214 0.0000000000
37536  64.219  -12.149  17.891 0.0000000000
37537  64.455  -12.075  18.679 0.0000000000
37538  64.524  -11.804  19.453 0.0000000000
37539  62.856  -7.301  12.757 0.0000000000
37540  63.595  -8.084  13.931 0.0000000000
37541  64.106  -8.450  15.234 0.0000000000
37544  64.516  -8.882  16.581 0.0000000000
37545  64.751  -9.543  17.885 0.0000000000
37546  64.733  -10.497  19.221 0.0000000000
37547  64.436  -11.487  20.363 0.0000000000
