#!ascii label  , from subject fsaverage6 vox2ras=TkReg
90
249  45.537  16.804  8.377 0.0000000000
728  42.984  19.908  9.324 0.0000000000
1597  35.712  19.416  12.128 0.0000000000
1599  38.872  16.857  10.540 0.0000000000
1600  41.815  14.542  8.046 0.0000000000
3622  37.470  21.318  11.068 0.0000000000
3623  37.338  18.159  11.537 0.0000000000
3624  39.207  19.960  10.687 0.0000000000
3625  44.408  18.389  8.275 0.0000000000
3626  42.183  17.361  8.231 0.0000000000
3627  43.609  16.086  7.051 0.0000000000
3628  43.306  13.622  6.532 0.0000000000
3629  45.149  14.844  6.335 0.0000000000
5918  41.337  21.301  9.956 0.0000000000
5921  46.425  19.563  8.928 0.0000000000
7567  34.132  17.028  12.670 0.0000000000
7569  35.865  16.062  12.391 0.0000000000
7570  37.446  14.945  11.664 0.0000000000
7571  39.008  13.928  10.847 0.0000000000
7572  40.733  18.633  9.599 0.0000000000
7573  40.304  15.684  9.370 0.0000000000
9052  49.283  21.160  8.875 0.0000000000
9053  47.751  18.899  10.743 0.0000000000
9056  47.291  15.307  9.134 0.0000000000
10743  32.616  15.620  12.415 0.0000000000
11303  38.369  20.642  10.952 0.0000000000
11305  45.089  17.594  8.189 0.0000000000
11306  44.026  17.213  7.598 0.0000000000
11307  44.697  16.520  7.417 0.0000000000
11308  44.318  15.526  6.692 0.0000000000
11309  45.245  15.814  7.444 0.0000000000
13708  45.784  20.382  8.671 0.0000000000
16627  34.887  18.259  12.476 0.0000000000
16628  34.987  16.535  12.613 0.0000000000
16629  35.715  17.714  12.297 0.0000000000
16630  38.088  17.496  11.088 0.0000000000
16631  37.373  16.543  11.595 0.0000000000
16632  38.147  15.944  11.107 0.0000000000
16633  38.263  14.436  11.281 0.0000000000
16634  38.898  15.356  10.643 0.0000000000
16635  42.175  20.624  9.738 0.0000000000
16636  41.116  19.954  9.987 0.0000000000
16637  41.898  19.300  9.427 0.0000000000
16638  41.810  15.871  8.010 0.0000000000
16639  41.165  16.502  8.713 0.0000000000
16640  41.036  15.033  8.718 0.0000000000
16641  40.373  14.303  9.568 0.0000000000
16642  41.197  13.758  8.923 0.0000000000
16761  33.805  18.472  12.515 0.0000000000
20076  48.531  20.246  9.909 0.0000000000
20085  48.748  14.758  9.162 0.0000000000
24953  36.535  18.764  11.903 0.0000000000
24954  37.410  19.765  11.415 0.0000000000
24955  38.271  19.123  11.073 0.0000000000
24956  38.962  18.443  10.574 0.0000000000
24957  43.765  19.200  8.729 0.0000000000
24958  42.639  18.688  8.735 0.0000000000
24959  43.382  17.976  8.061 0.0000000000
24960  42.870  16.649  7.553 0.0000000000
24961  42.551  15.403  7.396 0.0000000000
24962  42.555  14.092  7.301 0.0000000000
24963  43.288  14.890  6.713 0.0000000000
24964  44.123  14.367  6.050 0.0000000000
24965  44.957  13.927  5.404 0.0000000000
29171  43.255  21.262  9.390 0.0000000000
29174  44.112  20.480  9.115 0.0000000000
29175  44.807  19.681  8.745 0.0000000000
29176  45.411  18.878  8.610 0.0000000000
29177  46.002  18.129  8.979 0.0000000000
33157  33.492  15.659  12.718 0.0000000000
33159  34.329  15.295  12.756 0.0000000000
33160  35.156  14.893  12.689 0.0000000000
33161  35.965  14.393  12.507 0.0000000000
33162  36.570  17.182  11.965 0.0000000000
33163  36.654  15.481  12.070 0.0000000000
33168  40.279  20.682  10.333 0.0000000000
33169  39.993  19.259  10.185 0.0000000000
33170  39.679  17.784  9.984 0.0000000000
33171  41.496  18.029  8.927 0.0000000000
33172  40.406  17.152  9.390 0.0000000000
33173  39.576  16.274  9.963 0.0000000000
33174  39.637  14.803  10.111 0.0000000000
33327  33.162  17.068  12.582 0.0000000000
37401  47.813  20.453  9.031 0.0000000000
37402  47.161  19.183  9.725 0.0000000000
37403  46.518  17.615  9.802 0.0000000000
37412  46.197  16.083  8.845 0.0000000000
37413  46.240  15.057  7.477 0.0000000000
37414  46.255  14.306  6.129 0.0000000000
37415  46.154  13.564  4.916 0.0000000000
