#!ascii label  , from subject fsaverage6 vox2ras=TkReg
364
116  15.178  43.337  -21.936 0.0000000000
117  23.455  20.218  -19.518 0.0000000000
256  23.625  38.541  -13.080 0.0000000000
513  14.017  20.433  -25.072 0.0000000000
514  19.976  29.692  -20.009 0.0000000000
736  25.089  48.774  -11.491 0.0000000000
1126  14.476  31.742  -26.109 0.0000000000
1127  17.212  35.865  -21.128 0.0000000000
1165  12.665  49.065  -23.011 0.0000000000
1327  17.980  19.038  -21.304 0.0000000000
1328  16.059  15.043  -23.005 0.0000000000
1329  20.364  14.678  -22.450 0.0000000000
1611  16.465  47.322  -16.146 0.0000000000
1612  19.232  40.695  -16.119 0.0000000000
1614  26.223  42.115  -10.486 0.0000000000
1732  28.045  21.079  -21.505 0.0000000000
1733  24.821  16.434  -22.146 0.0000000000
2183  16.478  25.204  -23.767 0.0000000000
2184  19.796  24.024  -16.540 0.0000000000
2185  23.131  35.132  -17.090 0.0000000000
2186  20.977  28.995  -12.766 0.0000000000
2187  24.909  24.881  -16.013 0.0000000000
3045  13.849  41.363  -24.896 0.0000000000
3046  14.989  37.754  -24.704 0.0000000000
3047  16.220  39.680  -21.677 0.0000000000
3085  13.912  46.273  -22.973 0.0000000000
3247  20.406  19.034  -19.091 0.0000000000
3248  18.812  16.326  -22.112 0.0000000000
3249  21.482  17.223  -21.005 0.0000000000
3646  18.924  46.049  -14.172 0.0000000000
3648  28.060  47.677  -10.389 0.0000000000
3650  28.583  44.265  -11.040 0.0000000000
3651  28.819  40.741  -12.529 0.0000000000
3688  15.044  50.615  -17.021 0.0000000000
4818  17.170  30.378  -22.779 0.0000000000
4819  15.412  28.455  -24.927 0.0000000000
4820  18.586  27.281  -21.660 0.0000000000
4821  18.700  24.584  -19.762 0.0000000000
4822  19.323  26.980  -17.846 0.0000000000
4823  21.993  39.932  -14.833 0.0000000000
4824  21.205  37.881  -16.916 0.0000000000
4825  24.008  37.246  -15.374 0.0000000000
4827  22.129  31.254  -11.371 0.0000000000
4828  23.774  28.353  -11.774 0.0000000000
4829  22.731  26.275  -13.313 0.0000000000
4830  25.918  26.762  -14.471 0.0000000000
4831  27.700  25.673  -18.529 0.0000000000
4832  28.971  27.591  -17.376 0.0000000000
5425  18.111  13.306  -21.617 0.0000000000
6636  16.028  33.905  -23.980 0.0000000000
6637  19.065  32.527  -20.717 0.0000000000
6638  25.579  37.545  -11.703 0.0000000000
6639  24.353  35.876  -12.242 0.0000000000
6997  16.029  19.525  -24.133 0.0000000000
6998  14.792  17.341  -24.124 0.0000000000
6999  16.653  16.490  -23.491 0.0000000000
7000  18.001  14.412  -22.871 0.0000000000
7001  19.934  12.641  -21.919 0.0000000000
7599  15.742  45.179  -18.570 0.0000000000
7600  16.498  41.616  -18.304 0.0000000000
7601  17.790  43.921  -16.160 0.0000000000
7602  20.115  42.802  -14.347 0.0000000000
7603  22.040  41.355  -12.328 0.0000000000
7606  24.439  40.166  -11.294 0.0000000000
7607  26.991  39.097  -11.860 0.0000000000
7658  11.356  54.339  -20.248 0.0000000000
7659  12.996  51.476  -20.140 0.0000000000
7660  14.352  48.144  -19.475 0.0000000000
7882  25.864  21.078  -21.209 0.0000000000
7883  24.258  18.505  -21.955 0.0000000000
7884  26.421  18.847  -22.200 0.0000000000
7885  25.997  17.043  -21.258 0.0000000000
9108  13.373  23.793  -25.559 0.0000000000
9110  14.018  26.096  -25.924 0.0000000000
9111  14.814  22.832  -25.164 0.0000000000
9112  17.488  22.272  -22.247 0.0000000000
9113  18.998  21.652  -18.659 0.0000000000
9114  21.395  21.560  -17.029 0.0000000000
9115  17.860  37.966  -18.049 0.0000000000
9116  20.241  35.138  -18.639 0.0000000000
9117  21.156  32.482  -18.136 0.0000000000
9118  22.862  34.259  -13.340 0.0000000000
9119  20.849  32.296  -14.370 0.0000000000
9120  19.723  29.727  -15.915 0.0000000000
9121  20.266  26.529  -14.616 0.0000000000
9122  22.016  23.951  -15.064 0.0000000000
9123  24.342  22.640  -17.757 0.0000000000
9124  26.801  23.518  -19.941 0.0000000000
9846  22.686  15.679  -21.907 0.0000000000
9847  21.797  13.224  -21.362 0.0000000000
10725  14.530  42.380  -23.687 0.0000000000
10726  15.135  40.592  -23.496 0.0000000000
10727  15.660  41.530  -21.880 0.0000000000
10765  14.613  44.853  -22.448 0.0000000000
10766  13.294  45.248  -24.340 0.0000000000
10767  13.847  43.794  -24.145 0.0000000000
10768  13.243  42.704  -25.086 0.0000000000
10927  22.050  19.549  -19.058 0.0000000000
10928  20.934  17.997  -20.086 0.0000000000
10929  22.496  18.800  -20.142 0.0000000000
11330  29.676  45.281  -11.528 0.0000000000
11331  29.839  43.652  -12.361 0.0000000000
12498  18.963  29.841  -21.418 0.0000000000
12499  17.951  28.778  -22.233 0.0000000000
12500  19.384  28.435  -20.815 0.0000000000
12501  19.308  27.120  -19.818 0.0000000000
12502  19.635  28.424  -18.947 0.0000000000
12503  22.793  39.133  -13.864 0.0000000000
12504  23.008  38.516  -15.202 0.0000000000
12505  23.738  37.941  -14.242 0.0000000000
12508  25.518  28.227  -12.226 0.0000000000
12509  24.881  27.357  -12.939 0.0000000000
12510  26.576  27.620  -13.912 0.0000000000
12511  27.480  27.283  -15.848 0.0000000000
12512  28.226  28.000  -15.281 0.0000000000
13102  13.513  21.026  -24.908 0.0000000000
13106  18.731  13.174  -20.060 0.0000000000
14897  13.208  37.419  -26.255 0.0000000000
14898  16.220  36.850  -22.973 0.0000000000
14899  15.480  35.843  -24.472 0.0000000000
14900  16.704  34.925  -22.551 0.0000000000
14901  17.341  33.013  -22.027 0.0000000000
14902  17.946  34.083  -20.834 0.0000000000
14903  26.351  37.088  -10.447 0.0000000000
14904  25.445  36.298  -10.391 0.0000000000
15015  12.019  50.438  -22.654 0.0000000000
15502  17.091  19.309  -22.803 0.0000000000
15503  16.234  17.888  -23.862 0.0000000000
15504  17.226  17.691  -22.885 0.0000000000
15505  19.505  15.458  -22.319 0.0000000000
15506  18.317  15.243  -22.825 0.0000000000
15507  19.196  14.315  -22.683 0.0000000000
15508  18.911  13.490  -22.570 0.0000000000
15509  20.065  13.503  -22.501 0.0000000000
16695  15.986  46.213  -17.236 0.0000000000
16696  16.566  44.534  -17.105 0.0000000000
16697  17.219  45.626  -16.243 0.0000000000
16699  19.472  44.369  -14.205 0.0000000000
16701  20.961  42.049  -13.319 0.0000000000
16705  23.908  47.767  -11.279 0.0000000000
16709  23.887  41.622  -10.738 0.0000000000
16710  25.190  41.098  -10.728 0.0000000000
16711  25.721  39.759  -11.468 0.0000000000
16712  26.576  40.647  -11.332 0.0000000000
16823  12.327  52.983  -20.248 0.0000000000
16824  13.344  52.612  -18.851 0.0000000000
16825  15.632  48.974  -16.462 0.0000000000
16826  14.413  49.288  -17.957 0.0000000000
16827  15.145  47.700  -17.560 0.0000000000
16828  15.115  46.665  -19.042 0.0000000000
17302  27.072  21.142  -21.483 0.0000000000
17303  26.205  19.939  -21.982 0.0000000000
17304  27.233  19.990  -21.850 0.0000000000
20215  13.866  30.571  -26.415 0.0000000000
20216  15.941  26.826  -24.396 0.0000000000
20217  14.656  27.298  -25.633 0.0000000000
20218  15.085  25.677  -25.181 0.0000000000
20219  14.425  24.428  -25.575 0.0000000000
20220  15.637  24.030  -24.612 0.0000000000
20221  16.190  22.488  -24.075 0.0000000000
20222  17.166  23.746  -23.006 0.0000000000
20223  19.138  24.310  -17.862 0.0000000000
20224  18.738  23.163  -19.035 0.0000000000
20225  19.468  22.877  -17.533 0.0000000000
20226  20.046  21.542  -17.510 0.0000000000
20227  20.429  22.721  -16.494 0.0000000000
20228  17.602  40.981  -16.891 0.0000000000
20229  17.103  39.775  -18.216 0.0000000000
20230  18.455  39.289  -16.853 0.0000000000
20231  22.586  36.717  -17.462 0.0000000000
20232  20.787  36.507  -17.726 0.0000000000
20233  21.966  35.227  -18.186 0.0000000000
20234  21.299  33.838  -18.879 0.0000000000
20235  21.978  33.736  -17.519 0.0000000000
20236  23.851  34.649  -11.024 0.0000000000
20237  23.721  35.066  -12.761 0.0000000000
20238  23.099  33.709  -11.595 0.0000000000
20239  21.525  30.169  -12.004 0.0000000000
20240  21.328  31.822  -12.632 0.0000000000
20241  20.608  30.641  -13.273 0.0000000000
20242  20.179  31.025  -15.087 0.0000000000
20243  20.044  29.426  -14.177 0.0000000000
20244  19.775  28.149  -15.064 0.0000000000
20245  20.539  27.815  -13.655 0.0000000000
20246  23.848  25.398  -14.328 0.0000000000
20247  22.333  25.134  -14.196 0.0000000000
20248  23.471  24.222  -15.201 0.0000000000
20249  23.194  23.179  -16.064 0.0000000000
20250  24.610  23.808  -16.883 0.0000000000
20251  25.581  23.240  -18.905 0.0000000000
20252  25.828  24.426  -18.083 0.0000000000
20253  29.147  25.466  -19.462 0.0000000000
20254  28.655  24.379  -20.108 0.0000000000
22035  15.356  16.053  -23.569 0.0000000000
22036  14.634  16.722  -23.378 0.0000000000
22037  15.346  15.616  -22.687 0.0000000000
22050  24.599  17.420  -22.357 0.0000000000
22051  23.382  17.043  -22.009 0.0000000000
22052  23.843  16.068  -22.031 0.0000000000
23914  13.714  38.597  -25.776 0.0000000000
23915  14.395  39.622  -24.889 0.0000000000
23916  15.712  38.729  -23.283 0.0000000000
23917  16.676  37.789  -21.525 0.0000000000
23985  13.285  47.703  -23.123 0.0000000000
23987  12.739  46.645  -24.339 0.0000000000
24277  19.039  18.829  -19.951 0.0000000000
24278  18.323  17.523  -21.696 0.0000000000
24279  19.494  17.633  -20.660 0.0000000000
24280  20.054  16.584  -21.403 0.0000000000
24281  20.785  15.931  -21.850 0.0000000000
24993  17.075  48.561  -15.325 0.0000000000
24994  17.861  46.698  -15.311 0.0000000000
24995  18.300  47.832  -14.267 0.0000000000
24998  26.506  48.349  -10.760 0.0000000000
25002  27.419  43.137  -10.623 0.0000000000
25003  27.561  41.497  -11.406 0.0000000000
25004  28.686  42.480  -11.757 0.0000000000
25005  29.904  41.739  -12.867 0.0000000000
25070  14.450  52.206  -17.400 0.0000000000
25071  15.706  51.815  -16.115 0.0000000000
25072  16.393  50.205  -15.722 0.0000000000
27104  15.705  31.133  -24.708 0.0000000000
27105  14.914  30.095  -25.660 0.0000000000
27106  16.250  29.482  -23.906 0.0000000000
27107  16.843  27.813  -23.263 0.0000000000
27108  17.482  26.297  -22.641 0.0000000000
27109  18.014  24.840  -21.854 0.0000000000
27110  18.733  25.934  -20.783 0.0000000000
27111  19.018  25.729  -18.715 0.0000000000
27112  19.443  25.484  -16.965 0.0000000000
27113  20.788  40.546  -15.687 0.0000000000
27114  20.164  39.296  -16.429 0.0000000000
27115  21.768  39.109  -16.074 0.0000000000
27116  22.913  37.794  -16.373 0.0000000000
27117  24.006  36.340  -16.345 0.0000000000
27119  22.953  32.208  -10.751 0.0000000000
27120  23.431  30.654  -10.528 0.0000000000
27121  22.821  29.721  -11.223 0.0000000000
27122  22.230  28.665  -11.955 0.0000000000
27123  21.733  27.464  -12.810 0.0000000000
27124  23.174  27.413  -12.475 0.0000000000
27125  24.286  26.406  -13.554 0.0000000000
27126  25.330  25.796  -15.181 0.0000000000
27127  26.255  25.413  -17.217 0.0000000000
27128  26.808  26.360  -16.488 0.0000000000
27129  28.303  26.692  -17.935 0.0000000000
27130  29.755  26.514  -18.942 0.0000000000
28197  17.004  14.127  -22.375 0.0000000000
28198  16.288  14.768  -21.978 0.0000000000
28199  17.472  13.927  -21.143 0.0000000000
28207  23.975  15.183  -21.431 0.0000000000
29203  24.906  50.536  -12.243 0.0000000000
29206  26.234  49.972  -11.491 0.0000000000
30841  13.977  33.606  -26.365 0.0000000000
30842  14.191  36.684  -25.817 0.0000000000
30843  14.664  34.773  -25.658 0.0000000000
30844  15.229  32.836  -25.240 0.0000000000
30845  16.570  32.042  -23.363 0.0000000000
30846  18.156  31.369  -21.654 0.0000000000
30847  19.859  31.023  -20.632 0.0000000000
30848  24.634  38.103  -12.483 0.0000000000
30849  24.426  37.270  -13.252 0.0000000000
30850  24.960  36.668  -11.916 0.0000000000
30851  24.641  35.471  -10.612 0.0000000000
31687  14.865  19.891  -24.875 0.0000000000
31688  14.344  18.940  -24.672 0.0000000000
31689  15.178  18.317  -24.409 0.0000000000
31690  15.679  16.828  -23.932 0.0000000000
31691  16.276  15.633  -23.453 0.0000000000
31692  17.687  16.363  -22.834 0.0000000000
31693  17.253  15.387  -23.169 0.0000000000
31694  17.011  14.640  -23.041 0.0000000000
31695  17.858  13.752  -22.556 0.0000000000
31696  18.937  12.861  -21.843 0.0000000000
33243  15.536  44.256  -20.170 0.0000000000
33244  15.918  42.480  -20.080 0.0000000000
33245  16.092  43.453  -18.469 0.0000000000
33246  16.975  42.737  -16.988 0.0000000000
33247  18.434  42.264  -16.031 0.0000000000
33248  18.561  45.006  -15.458 0.0000000000
33249  19.165  43.379  -15.404 0.0000000000
33250  19.850  41.864  -15.423 0.0000000000
33251  21.013  41.401  -14.604 0.0000000000
33252  21.943  40.630  -13.567 0.0000000000
33253  22.785  39.815  -12.629 0.0000000000
33257  24.091  46.144  -10.581 0.0000000000
33261  23.205  40.652  -11.594 0.0000000000
33262  23.893  39.289  -12.092 0.0000000000
33263  25.068  38.892  -11.860 0.0000000000
33264  26.263  38.361  -11.670 0.0000000000
33266  27.822  39.993  -12.146 0.0000000000
33267  28.293  38.527  -11.382 0.0000000000
33405  11.244  53.201  -21.318 0.0000000000
33406  12.116  51.696  -21.526 0.0000000000
33407  12.894  50.118  -21.630 0.0000000000
33408  13.867  50.927  -18.460 0.0000000000
33409  13.660  49.707  -19.835 0.0000000000
33410  13.673  48.700  -21.536 0.0000000000
33411  14.429  47.195  -21.177 0.0000000000
33412  15.022  45.744  -20.644 0.0000000000
34012  24.720  20.811  -20.447 0.0000000000
34013  23.836  19.396  -20.889 0.0000000000
34014  25.050  19.774  -21.680 0.0000000000
34015  25.363  18.743  -22.289 0.0000000000
34016  25.568  17.705  -22.376 0.0000000000
34018  26.358  17.843  -22.018 0.0000000000
34019  25.574  16.685  -21.922 0.0000000000
37566  13.605  22.101  -25.356 0.0000000000
37570  14.283  28.897  -26.058 0.0000000000
37571  13.734  27.735  -26.138 0.0000000000
37572  13.347  26.547  -25.983 0.0000000000
37573  13.608  24.836  -25.841 0.0000000000
37574  13.942  23.233  -25.517 0.0000000000
37575  14.324  21.644  -25.307 0.0000000000
37576  15.461  21.166  -24.735 0.0000000000
37577  16.751  20.960  -23.386 0.0000000000
37578  17.687  20.664  -21.669 0.0000000000
37579  18.204  23.462  -20.996 0.0000000000
37580  18.235  21.995  -20.279 0.0000000000
37581  18.440  20.344  -19.940 0.0000000000
37582  19.542  20.249  -18.654 0.0000000000
37583  20.976  20.353  -17.975 0.0000000000
37584  22.493  20.818  -18.098 0.0000000000
37585  16.430  40.684  -19.938 0.0000000000
37586  16.883  38.733  -19.817 0.0000000000
37587  17.486  36.905  -19.620 0.0000000000
37588  19.506  37.778  -17.129 0.0000000000
37589  18.970  36.412  -18.159 0.0000000000
37590  18.512  35.190  -19.441 0.0000000000
37591  19.681  33.872  -19.726 0.0000000000
37592  20.676  32.475  -19.770 0.0000000000
37593  20.513  31.098  -19.084 0.0000000000
37594  24.337  36.473  -13.966 0.0000000000
37595  23.992  35.646  -14.609 0.0000000000
37596  23.073  34.737  -15.225 0.0000000000
37597  22.170  32.866  -12.137 0.0000000000
37598  21.766  33.401  -13.832 0.0000000000
37599  21.918  33.709  -15.759 0.0000000000
37600  20.920  32.489  -16.279 0.0000000000
37601  20.223  31.184  -17.097 0.0000000000
37602  19.839  29.839  -17.893 0.0000000000
37603  19.505  28.426  -16.858 0.0000000000
37604  19.614  26.784  -16.014 0.0000000000
37605  20.063  25.261  -15.534 0.0000000000
37606  21.331  26.323  -13.710 0.0000000000
37607  21.040  25.106  -14.613 0.0000000000
37608  20.770  23.932  -15.480 0.0000000000
37609  21.785  22.788  -15.949 0.0000000000
37610  22.877  22.007  -17.077 0.0000000000
37611  23.949  21.483  -18.689 0.0000000000
37612  25.232  22.002  -19.713 0.0000000000
37613  26.403  22.291  -20.558 0.0000000000
37614  27.605  22.270  -21.078 0.0000000000
37615  27.186  24.675  -19.258 0.0000000000
37616  28.110  23.301  -20.626 0.0000000000
37617  28.691  22.039  -21.225 0.0000000000
39756  14.092  18.130  -23.976 0.0000000000
39774  22.928  17.928  -21.311 0.0000000000
39775  22.151  16.519  -21.746 0.0000000000
39776  21.469  15.173  -22.063 0.0000000000
39777  23.086  14.818  -21.521 0.0000000000
39778  22.142  14.432  -21.757 0.0000000000
39779  21.158  13.899  -22.142 0.0000000000
39780  20.935  12.817  -21.734 0.0000000000
