#!ascii label  , from subject fsaverage6 vox2ras=TkReg
151
23  44.407  -12.586  20.474 0.0000000000
113  34.402  -13.820  15.269 0.0000000000
314  37.369  -12.171  20.563 0.0000000000
794  40.780  -12.394  21.006 0.0000000000
795  36.275  -18.103  21.392 0.0000000000
796  39.783  -17.828  22.036 0.0000000000
1718  34.937  -12.772  18.558 0.0000000000
1946  47.905  -12.952  19.071 0.0000000000
1947  43.951  -17.839  20.284 0.0000000000
2162  44.058  -9.013  15.146 0.0000000000
2714  42.561  -12.459  20.861 0.0000000000
2715  40.276  -15.018  21.935 0.0000000000
2716  42.178  -15.043  21.746 0.0000000000
3824  35.929  -12.392  19.759 0.0000000000
3826  35.676  -15.311  20.203 0.0000000000
4275  47.681  -15.586  19.421 0.0000000000
4768  42.755  -8.441  15.625 0.0000000000
5377  43.066  -19.838  18.463 0.0000000000
6038  38.942  -12.266  20.975 0.0000000000
6039  36.852  -15.060  21.266 0.0000000000
6040  38.463  -14.918  21.832 0.0000000000
6041  37.959  -17.906  22.060 0.0000000000
7850  34.330  -13.261  17.005 0.0000000000
8438  46.232  -12.764  19.843 0.0000000000
8439  44.378  -15.281  21.150 0.0000000000
8440  46.075  -15.448  20.314 0.0000000000
8441  45.564  -17.935  19.292 0.0000000000
9032  33.631  -10.758  14.641 0.0000000000
9041  34.189  -10.393  16.334 0.0000000000
9042  35.128  -9.980  17.512 0.0000000000
9043  36.407  -9.773  18.378 0.0000000000
9044  37.756  -9.842  18.826 0.0000000000
9047  39.292  -9.993  18.954 0.0000000000
9048  40.859  -10.247  18.883 0.0000000000
9049  42.548  -10.465  18.654 0.0000000000
9050  44.170  -10.568  18.253 0.0000000000
9077  46.352  -10.605  17.708 0.0000000000
9784  41.956  -17.738  21.412 0.0000000000
10394  43.495  -12.500  20.703 0.0000000000
10395  42.402  -13.678  21.431 0.0000000000
10396  43.336  -13.762  21.298 0.0000000000
10904  34.614  -13.968  14.373 0.0000000000
11504  36.642  -12.187  20.216 0.0000000000
11505  35.809  -13.802  20.076 0.0000000000
11506  36.413  -13.662  20.604 0.0000000000
13904  39.866  -12.307  21.043 0.0000000000
13905  38.758  -13.530  21.507 0.0000000000
13906  39.591  -13.619  21.607 0.0000000000
13907  40.033  -16.432  22.106 0.0000000000
13908  39.092  -16.438  22.128 0.0000000000
13909  38.887  -17.862  22.109 0.0000000000
17234  34.587  -13.050  17.826 0.0000000000
17235  34.789  -14.743  17.046 0.0000000000
17236  34.862  -14.496  17.899 0.0000000000
17242  36.594  -16.599  21.369 0.0000000000
18584  47.073  -12.875  19.478 0.0000000000
18585  46.248  -14.092  20.267 0.0000000000
18586  47.067  -14.150  19.859 0.0000000000
18587  47.547  -16.839  19.299 0.0000000000
18588  46.672  -16.827  19.504 0.0000000000
18589  46.421  -17.907  19.042 0.0000000000
18590  45.209  -18.853  18.567 0.0000000000
20023  33.634  -10.944  13.748 0.0000000000
20048  34.626  -10.175  16.994 0.0000000000
20052  37.578  -8.645  17.768 0.0000000000
20053  37.088  -9.780  18.619 0.0000000000
20061  39.663  -9.014  17.475 0.0000000000
20062  40.296  -9.194  17.410 0.0000000000
20063  40.076  -10.105  18.933 0.0000000000
20064  41.003  -9.377  17.329 0.0000000000
20065  43.396  -8.693  15.326 0.0000000000
20066  42.509  -9.606  17.002 0.0000000000
20067  43.287  -9.752  16.962 0.0000000000
20068  43.374  -10.529  18.477 0.0000000000
20069  44.092  -9.847  16.762 0.0000000000
20136  46.080  -9.982  16.196 0.0000000000
20137  47.160  -10.002  15.822 0.0000000000
20138  47.306  -10.629  17.354 0.0000000000
21892  44.247  -16.613  20.903 0.0000000000
21893  43.170  -16.557  21.364 0.0000000000
21894  43.012  -17.826  20.851 0.0000000000
21896  40.288  -20.254  20.587 0.0000000000
23318  41.672  -12.438  20.918 0.0000000000
23319  40.472  -13.694  21.620 0.0000000000
23320  41.459  -13.700  21.536 0.0000000000
23321  41.203  -15.034  21.893 0.0000000000
23322  40.941  -16.415  21.969 0.0000000000
25316  35.390  -12.529  19.224 0.0000000000
25317  35.050  -14.234  18.700 0.0000000000
25318  35.377  -14.027  19.418 0.0000000000
25319  35.303  -15.475  19.495 0.0000000000
26127  47.889  -14.213  19.380 0.0000000000
26128  48.636  -14.325  18.929 0.0000000000
26129  48.488  -15.665  19.153 0.0000000000
28111  43.586  -18.865  19.328 0.0000000000
28112  42.599  -18.974  20.064 0.0000000000
28113  42.052  -19.964  19.182 0.0000000000
29450  38.174  -12.151  20.786 0.0000000000
29451  37.130  -13.522  21.025 0.0000000000
29452  37.892  -13.542  21.312 0.0000000000
29453  37.674  -14.987  21.641 0.0000000000
29454  37.375  -16.532  21.769 0.0000000000
29455  39.358  -14.973  21.933 0.0000000000
29456  38.212  -16.467  22.045 0.0000000000
29457  37.093  -17.970  21.802 0.0000000000
33926  34.253  -13.511  16.131 0.0000000000
33928  34.849  -14.880  16.158 0.0000000000
33937  36.203  -15.197  20.797 0.0000000000
35594  45.328  -12.697  20.183 0.0000000000
35595  44.435  -13.939  21.034 0.0000000000
35596  45.366  -13.975  20.637 0.0000000000
35597  45.252  -15.378  20.769 0.0000000000
35598  45.058  -16.683  20.427 0.0000000000
35599  46.888  -15.545  19.842 0.0000000000
35600  45.825  -16.819  19.949 0.0000000000
35601  44.721  -17.924  19.723 0.0000000000
35602  44.329  -18.817  18.831 0.0000000000
37339  33.868  -12.579  13.985 0.0000000000
37340  33.787  -12.339  14.929 0.0000000000
37366  33.817  -10.568  15.539 0.0000000000
37367  33.846  -12.106  15.890 0.0000000000
37368  34.087  -11.830  16.668 0.0000000000
37369  34.389  -11.581  17.393 0.0000000000
37370  34.869  -11.395  18.091 0.0000000000
37371  36.279  -8.542  17.408 0.0000000000
37372  35.717  -9.851  18.011 0.0000000000
37373  35.434  -11.189  18.681 0.0000000000
37374  36.065  -11.014  19.161 0.0000000000
37375  36.750  -10.965  19.546 0.0000000000
37376  37.506  -10.897  19.826 0.0000000000
37384  38.505  -9.907  18.896 0.0000000000
37385  38.290  -10.919  19.986 0.0000000000
37386  39.137  -10.959  20.113 0.0000000000
37387  39.961  -11.076  20.242 0.0000000000
37388  40.830  -11.186  20.155 0.0000000000
37389  41.717  -9.504  17.193 0.0000000000
37390  41.751  -10.350  18.845 0.0000000000
37391  41.682  -11.313  20.023 0.0000000000
37392  42.548  -11.410  19.914 0.0000000000
37393  43.442  -11.426  19.768 0.0000000000
37394  44.377  -11.472  19.597 0.0000000000
37473  45.056  -9.925  16.405 0.0000000000
37474  45.258  -10.565  18.000 0.0000000000
37475  45.446  -11.540  19.286 0.0000000000
37476  46.361  -11.602  18.954 0.0000000000
37477  47.232  -11.642  18.605 0.0000000000
39586  43.248  -15.138  21.504 0.0000000000
39587  42.046  -16.436  21.750 0.0000000000
39588  40.859  -17.807  21.773 0.0000000000
39589  41.640  -19.036  20.760 0.0000000000
39590  40.667  -19.116  21.315 0.0000000000
