#!ascii label  , from subject fsaverage6 vox2ras=TkReg
133
30  19.461  -81.319  37.160 0.0000000000
297  21.577  -84.574  38.519 0.0000000000
766  13.474  -81.262  32.434 0.0000000000
777  19.075  -83.966  40.136 0.0000000000
778  14.616  -87.115  36.809 0.0000000000
1904  18.731  -75.259  38.873 0.0000000000
1905  20.309  -76.688  33.767 0.0000000000
2301  17.296  -78.144  28.122 0.0000000000
2684  16.162  -83.329  36.575 0.0000000000
2686  16.527  -81.614  34.381 0.0000000000
2695  19.727  -79.138  41.141 0.0000000000
2696  20.121  -80.657  42.333 0.0000000000
2697  18.735  -82.902  38.979 0.0000000000
2698  16.088  -84.868  38.312 0.0000000000
3768  22.231  -82.169  41.497 0.0000000000
3770  23.462  -81.915  39.500 0.0000000000
3771  23.867  -81.165  37.044 0.0000000000
3772  22.610  -84.670  35.919 0.0000000000
3773  21.726  -86.577  32.695 0.0000000000
3774  19.969  -86.190  35.268 0.0000000000
5108  19.173  -77.515  30.710 0.0000000000
5109  19.805  -74.754  30.060 0.0000000000
5111  17.825  -76.655  24.054 0.0000000000
5988  11.038  -80.859  30.526 0.0000000000
6006  21.059  -81.717  42.386 0.0000000000
6007  20.240  -84.560  40.117 0.0000000000
6008  18.350  -86.344  37.694 0.0000000000
6009  16.942  -85.964  38.827 0.0000000000
6010  13.188  -85.904  37.796 0.0000000000
8324  19.990  -77.892  38.609 0.0000000000
8325  20.284  -79.222  35.262 0.0000000000
9459  17.907  -79.759  32.272 0.0000000000
9460  15.466  -79.904  30.110 0.0000000000
9462  18.815  -75.606  27.174 0.0000000000
10364  17.929  -82.549  36.715 0.0000000000
10365  16.205  -82.589  35.504 0.0000000000
10366  18.055  -81.794  35.663 0.0000000000
10375  19.920  -80.035  39.262 0.0000000000
10376  19.738  -80.922  40.065 0.0000000000
10377  19.072  -82.143  38.112 0.0000000000
10378  17.586  -83.286  37.669 0.0000000000
11448  22.017  -83.393  40.128 0.0000000000
11449  22.878  -82.117  40.616 0.0000000000
11450  22.624  -83.268  39.107 0.0000000000
11451  23.082  -83.215  37.845 0.0000000000
11452  22.209  -84.580  37.285 0.0000000000
11453  21.521  -85.661  35.542 0.0000000000
11454  20.839  -85.546  36.866 0.0000000000
13817  12.953  -81.913  33.730 0.0000000000
13819  11.437  -81.751  32.920 0.0000000000
13821  12.131  -81.276  31.516 0.0000000000
13848  19.815  -82.342  41.139 0.0000000000
13849  20.508  -81.304  42.363 0.0000000000
13850  20.183  -82.879  41.373 0.0000000000
13851  20.726  -83.221  41.259 0.0000000000
13852  19.561  -84.396  40.308 0.0000000000
13853  18.786  -85.368  39.465 0.0000000000
13854  18.158  -85.044  39.558 0.0000000000
13855  14.371  -84.728  37.596 0.0000000000
13856  14.546  -85.507  38.147 0.0000000000
13857  12.883  -85.117  37.670 0.0000000000
17085  16.454  -86.947  37.235 0.0000000000
17086  17.280  -86.877  36.233 0.0000000000
17087  15.512  -87.328  35.804 0.0000000000
18314  19.480  -76.492  38.860 0.0000000000
18315  20.097  -76.940  37.487 0.0000000000
18316  19.461  -75.492  37.788 0.0000000000
18448  19.263  -77.191  39.977 0.0000000000
21082  20.384  -78.015  34.424 0.0000000000
21083  19.282  -79.714  33.651 0.0000000000
21084  19.617  -78.470  32.828 0.0000000000
21085  18.292  -77.763  29.375 0.0000000000
21086  17.483  -78.813  30.145 0.0000000000
21087  16.440  -79.124  29.030 0.0000000000
21094  16.811  -77.860  24.555 0.0000000000
23266  14.373  -83.118  35.634 0.0000000000
23267  14.540  -82.276  34.427 0.0000000000
23268  15.007  -81.394  33.351 0.0000000000
23283  19.134  -78.495  42.251 0.0000000000
23284  19.725  -79.170  43.066 0.0000000000
23285  19.815  -79.931  41.893 0.0000000000
23286  19.594  -81.672  40.769 0.0000000000
23287  18.787  -83.441  39.719 0.0000000000
23288  17.763  -84.584  39.206 0.0000000000
23289  17.519  -84.008  38.560 0.0000000000
23290  16.015  -84.116  37.515 0.0000000000
25214  22.304  -80.854  42.593 0.0000000000
25216  22.964  -80.801  41.788 0.0000000000
25217  23.527  -80.524  40.865 0.0000000000
25219  24.198  -79.782  38.486 0.0000000000
25220  23.759  -81.602  38.243 0.0000000000
25221  23.245  -82.976  36.615 0.0000000000
25222  23.056  -84.626  34.600 0.0000000000
25224  22.240  -85.851  34.260 0.0000000000
25227  12.799  -86.918  36.608 0.0000000000
27626  19.841  -77.129  32.224 0.0000000000
27627  19.865  -75.737  31.768 0.0000000000
27628  19.598  -76.160  30.281 0.0000000000
27629  18.897  -76.550  28.886 0.0000000000
29372  20.398  -79.804  43.396 0.0000000000
29373  20.936  -80.341  43.396 0.0000000000
29375  21.613  -82.049  42.064 0.0000000000
29376  21.373  -83.403  40.908 0.0000000000
29377  20.982  -84.554  39.595 0.0000000000
29378  20.174  -85.533  38.105 0.0000000000
29379  19.454  -85.521  38.950 0.0000000000
29380  17.645  -86.259  38.474 0.0000000000
29381  15.712  -86.652  37.929 0.0000000000
29382  16.359  -85.442  38.770 0.0000000000
29383  14.982  -86.168  38.209 0.0000000000
29384  13.787  -86.651  37.508 0.0000000000
29385  12.144  -86.252  37.236 0.0000000000
33738  19.142  -86.261  36.544 0.0000000000
33741  14.790  -87.477  34.265 0.0000000000
35264  20.169  -79.480  37.950 0.0000000000
35265  19.972  -80.369  36.085 0.0000000000
35266  20.325  -78.561  36.918 0.0000000000
35267  20.383  -77.478  35.940 0.0000000000
35268  20.298  -76.253  35.180 0.0000000000
35426  18.377  -77.504  41.866 0.0000000000
35427  19.057  -77.856  41.179 0.0000000000
35428  19.833  -78.501  39.983 0.0000000000
38613  18.707  -80.824  34.647 0.0000000000
38614  17.252  -80.636  33.358 0.0000000000
38615  15.799  -80.528  32.233 0.0000000000
38616  18.524  -78.657  31.353 0.0000000000
38617  16.648  -79.691  31.149 0.0000000000
38618  14.420  -80.605  31.237 0.0000000000
38623  19.380  -75.153  28.637 0.0000000000
38624  18.103  -76.961  27.454 0.0000000000
38625  18.339  -76.244  25.559 0.0000000000
38626  17.475  -77.534  25.988 0.0000000000
38627  16.497  -78.666  26.785 0.0000000000
