#!ascii label  , from subject fsaverage6 vox2ras=TkReg
290
107  49.344  -16.087  49.501 0.0000000000
239  37.453  -33.863  64.199 0.0000000000
486  55.408  -15.892  46.109 0.0000000000
489  48.501  -21.519  57.507 0.0000000000
719  33.566  -32.824  67.308 0.0000000000
1063  52.074  -15.549  42.969 0.0000000000
1064  53.147  -14.933  48.546 0.0000000000
1066  53.067  -17.000  51.714 0.0000000000
1070  44.122  -28.685  61.627 0.0000000000
1071  45.293  -22.956  60.101 0.0000000000
1072  46.573  -27.499  57.664 0.0000000000
1580  40.539  -29.656  63.811 0.0000000000
1581  40.644  -33.587  60.413 0.0000000000
2100  58.679  -12.314  38.332 0.0000000000
2103  55.828  -13.686  42.698 0.0000000000
2112  45.904  -18.922  55.843 0.0000000000
2113  49.566  -16.704  54.944 0.0000000000
2983  50.615  -16.000  46.301 0.0000000000
2984  51.414  -15.241  49.213 0.0000000000
2985  53.368  -15.593  50.327 0.0000000000
2986  51.742  -15.515  51.257 0.0000000000
2990  44.022  -30.921  59.031 0.0000000000
2991  45.663  -28.115  59.748 0.0000000000
3590  37.165  -31.751  65.840 0.0000000000
3591  38.376  -30.159  64.305 0.0000000000
3592  39.328  -31.931  64.462 0.0000000000
3593  41.196  -31.866  62.887 0.0000000000
3594  39.245  -33.905  62.457 0.0000000000
4619  57.751  -11.628  39.280 0.0000000000
4620  57.855  -13.756  39.317 0.0000000000
4621  57.392  -12.810  40.782 0.0000000000
4625  54.424  -14.649  45.373 0.0000000000
4626  54.011  -14.218  42.914 0.0000000000
4627  55.671  -14.863  44.429 0.0000000000
4648  46.987  -22.015  59.143 0.0000000000
4649  45.682  -20.755  58.309 0.0000000000
4650  47.403  -19.332  57.894 0.0000000000
4651  47.539  -17.326  55.791 0.0000000000
4652  49.212  -18.761  56.720 0.0000000000
4653  50.804  -18.562  54.748 0.0000000000
4654  49.606  -21.248  55.459 0.0000000000
5287  59.566  -13.037  33.706 0.0000000000
5900  35.026  -31.404  66.830 0.0000000000
5901  35.470  -33.493  65.929 0.0000000000
6521  52.549  -15.129  46.008 0.0000000000
6522  54.619  -15.172  47.528 0.0000000000
6524  54.338  -16.321  49.097 0.0000000000
6525  53.611  -17.972  50.102 0.0000000000
6532  42.999  -26.585  62.144 0.0000000000
6533  43.433  -24.373  60.265 0.0000000000
6534  44.845  -25.655  61.312 0.0000000000
6535  46.590  -24.896  59.837 0.0000000000
6536  47.807  -24.579  57.875 0.0000000000
6537  48.288  -24.272  55.555 0.0000000000
7524  41.117  -27.564  62.208 0.0000000000
7525  42.417  -29.194  62.918 0.0000000000
7526  42.749  -31.531  61.129 0.0000000000
8810  21.141  -34.496  67.870 0.0000000000
8862  60.968  -10.351  33.669 0.0000000000
8863  59.934  -11.766  35.437 0.0000000000
8865  59.391  -10.946  36.654 0.0000000000
8866  58.657  -13.375  36.628 0.0000000000
8875  55.861  -12.704  41.222 0.0000000000
8876  57.040  -14.128  41.839 0.0000000000
8900  44.093  -22.846  57.906 0.0000000000
8901  44.694  -21.243  55.191 0.0000000000
8904  46.980  -16.620  52.820 0.0000000000
8905  49.502  -15.906  52.430 0.0000000000
8906  51.452  -16.641  53.374 0.0000000000
8907  51.897  -19.060  52.645 0.0000000000
10662  48.905  -16.404  47.952 0.0000000000
10663  49.987  -15.960  47.958 0.0000000000
10664  50.399  -15.631  49.364 0.0000000000
10665  51.675  -15.252  50.284 0.0000000000
10666  50.657  -15.545  50.585 0.0000000000
11270  37.428  -32.817  65.319 0.0000000000
11271  38.245  -31.836  65.185 0.0000000000
11272  38.409  -32.922  64.518 0.0000000000
11273  39.361  -33.028  63.589 0.0000000000
11274  38.426  -33.870  63.404 0.0000000000
11276  37.337  -34.429  63.090 0.0000000000
12298  57.018  -11.158  38.285 0.0000000000
12299  56.940  -11.546  39.365 0.0000000000
12300  57.572  -12.199  40.083 0.0000000000
12301  56.862  -12.030  40.242 0.0000000000
12305  55.181  -14.982  45.966 0.0000000000
12306  55.081  -14.672  44.951 0.0000000000
12307  55.582  -15.364  45.336 0.0000000000
12328  47.795  -21.732  58.381 0.0000000000
12329  47.196  -20.611  58.551 0.0000000000
12330  48.044  -20.280  58.002 0.0000000000
12331  48.305  -18.996  57.415 0.0000000000
12332  48.842  -20.117  57.184 0.0000000000
12333  49.542  -19.968  56.329 0.0000000000
12334  49.105  -21.426  56.481 0.0000000000
12967  58.706  -13.680  34.210 0.0000000000
13671  33.875  -31.050  67.105 0.0000000000
13672  34.363  -32.107  67.288 0.0000000000
13673  35.390  -32.395  66.798 0.0000000000
13674  34.515  -33.169  66.661 0.0000000000
13675  34.460  -33.971  65.679 0.0000000000
13676  33.602  -33.671  66.503 0.0000000000
14705  51.892  -15.230  47.623 0.0000000000
14706  51.566  -15.553  46.169 0.0000000000
14707  52.820  -14.929  47.320 0.0000000000
14708  53.676  -14.801  46.937 0.0000000000
14709  53.924  -14.960  48.084 0.0000000000
14710  54.520  -15.639  48.426 0.0000000000
14711  53.954  -15.279  49.000 0.0000000000
14712  53.286  -16.262  51.065 0.0000000000
14713  53.822  -16.612  50.394 0.0000000000
14714  53.459  -17.477  50.947 0.0000000000
14716  53.017  -18.371  51.320 0.0000000000
14725  43.667  -27.477  62.197 0.0000000000
14726  43.925  -26.116  61.799 0.0000000000
14727  44.527  -27.173  61.536 0.0000000000
14728  46.183  -27.821  58.690 0.0000000000
14729  46.229  -26.525  59.880 0.0000000000
14730  46.837  -26.206  58.950 0.0000000000
14731  47.259  -24.714  58.927 0.0000000000
14732  47.334  -26.076  57.876 0.0000000000
14733  47.564  -25.851  56.812 0.0000000000
14734  46.802  -27.229  56.548 0.0000000000
16528  39.491  -29.912  64.083 0.0000000000
16529  38.748  -29.418  63.091 0.0000000000
16530  39.819  -28.965  63.135 0.0000000000
16532  40.880  -28.551  63.114 0.0000000000
16533  41.839  -28.156  62.964 0.0000000000
16534  41.503  -29.412  63.423 0.0000000000
16535  41.065  -32.894  61.809 0.0000000000
16536  42.048  -31.745  62.009 0.0000000000
16537  41.812  -32.676  60.829 0.0000000000
16538  42.331  -32.263  59.789 0.0000000000
16539  41.125  -33.200  59.266 0.0000000000
19472  22.758  -34.024  67.981 0.0000000000
19605  60.472  -11.021  34.585 0.0000000000
19606  60.217  -10.584  35.204 0.0000000000
19610  58.555  -11.293  38.053 0.0000000000
19611  58.850  -10.690  37.003 0.0000000000
19612  59.061  -11.632  37.590 0.0000000000
19613  59.310  -12.015  36.898 0.0000000000
19614  58.820  -12.791  37.552 0.0000000000
19615  57.964  -14.109  36.858 0.0000000000
19616  58.251  -13.571  37.913 0.0000000000
19617  57.507  -14.417  39.720 0.0000000000
19633  54.947  -13.800  42.842 0.0000000000
19634  53.865  -13.899  41.776 0.0000000000
19635  54.841  -13.374  41.912 0.0000000000
19637  55.832  -13.133  41.950 0.0000000000
19638  56.668  -13.209  41.786 0.0000000000
19639  56.575  -13.784  42.401 0.0000000000
19698  44.351  -23.581  60.297 0.0000000000
19699  43.664  -23.507  59.029 0.0000000000
19700  44.547  -22.598  59.224 0.0000000000
19701  45.890  -19.832  57.122 0.0000000000
19702  45.233  -20.882  56.986 0.0000000000
19703  45.288  -19.990  55.632 0.0000000000
19705  45.086  -19.278  53.894 0.0000000000
19707  45.596  -18.239  54.081 0.0000000000
19708  48.557  -16.938  55.462 0.0000000000
19709  47.252  -16.779  54.273 0.0000000000
19710  48.405  -16.379  54.126 0.0000000000
19711  48.271  -16.183  52.797 0.0000000000
19712  49.556  -16.157  53.705 0.0000000000
19713  50.675  -16.018  53.138 0.0000000000
19714  50.524  -16.596  54.222 0.0000000000
19715  50.747  -19.827  54.079 0.0000000000
19716  51.391  -18.729  53.678 0.0000000000
19717  51.099  -20.077  52.883 0.0000000000
19721  48.346  -24.061  54.280 0.0000000000
23182  32.661  -33.348  67.187 0.0000000000
23800  49.569  -16.453  46.361 0.0000000000
23801  50.973  -15.574  47.908 0.0000000000
23802  52.296  -15.023  48.917 0.0000000000
23803  53.300  -15.155  49.492 0.0000000000
23804  52.509  -15.103  49.901 0.0000000000
23805  52.635  -15.430  50.816 0.0000000000
23806  52.614  -15.994  51.629 0.0000000000
23812  44.320  -29.933  60.471 0.0000000000
23813  44.930  -28.407  60.714 0.0000000000
23814  44.974  -29.618  59.435 0.0000000000
23815  45.518  -29.267  58.401 0.0000000000
24892  36.649  -30.897  65.641 0.0000000000
24894  37.868  -30.874  65.214 0.0000000000
24895  38.993  -30.849  64.755 0.0000000000
24896  40.036  -30.867  64.244 0.0000000000
24897  41.006  -30.722  63.685 0.0000000000
24898  40.298  -31.973  63.731 0.0000000000
24899  40.277  -32.981  62.702 0.0000000000
24900  39.971  -33.833  61.462 0.0000000000
26744  57.894  -11.127  38.335 0.0000000000
26745  58.364  -11.940  38.953 0.0000000000
26746  58.320  -12.967  38.905 0.0000000000
26747  58.069  -12.500  39.605 0.0000000000
26748  57.770  -13.186  40.168 0.0000000000
26749  57.572  -13.809  40.664 0.0000000000
26755  53.216  -14.917  44.282 0.0000000000
26756  53.055  -14.842  42.957 0.0000000000
26757  54.204  -14.477  44.135 0.0000000000
26758  55.020  -14.252  43.877 0.0000000000
26759  55.779  -14.293  43.529 0.0000000000
26760  56.367  -14.517  43.014 0.0000000000
26761  56.084  -15.166  43.763 0.0000000000
26796  46.161  -22.464  59.696 0.0000000000
26797  45.476  -21.787  59.232 0.0000000000
26798  46.341  -21.126  58.956 0.0000000000
26799  46.524  -20.020  58.155 0.0000000000
26800  46.687  -18.911  57.169 0.0000000000
26801  46.630  -18.030  55.844 0.0000000000
26802  47.542  -18.223  56.992 0.0000000000
26803  48.488  -17.823  56.616 0.0000000000
26804  49.461  -17.578  55.949 0.0000000000
26805  50.349  -17.507  55.131 0.0000000000
26806  50.001  -18.615  55.859 0.0000000000
26807  50.214  -19.884  55.274 0.0000000000
26808  49.989  -21.147  54.266 0.0000000000
27949  60.221  -12.349  32.997 0.0000000000
29124  35.488  -30.778  65.954 0.0000000000
29125  36.086  -31.617  66.401 0.0000000000
29126  36.413  -32.649  66.091 0.0000000000
29127  36.471  -33.726  65.137 0.0000000000
29128  36.353  -34.384  64.008 0.0000000000
29129  35.376  -34.243  64.863 0.0000000000
30570  51.008  -16.154  42.928 0.0000000000
30571  50.270  -16.461  44.583 0.0000000000
30572  51.291  -15.912  44.602 0.0000000000
30573  52.297  -15.388  44.448 0.0000000000
30574  53.485  -14.836  45.668 0.0000000000
30575  54.483  -14.774  46.493 0.0000000000
30576  55.133  -15.434  46.918 0.0000000000
30577  55.045  -16.512  46.827 0.0000000000
30578  54.949  -16.039  47.687 0.0000000000
30579  54.551  -16.748  48.294 0.0000000000
30580  54.061  -17.522  48.853 0.0000000000
30581  53.974  -15.898  49.747 0.0000000000
30582  54.078  -17.079  49.669 0.0000000000
30598  42.272  -26.138  61.339 0.0000000000
30599  42.570  -25.311  60.184 0.0000000000
30600  43.264  -25.456  61.327 0.0000000000
30601  44.175  -24.778  61.167 0.0000000000
30602  45.072  -24.178  60.783 0.0000000000
30603  45.463  -26.849  60.749 0.0000000000
30604  45.776  -25.224  60.648 0.0000000000
30605  45.958  -23.758  60.270 0.0000000000
30606  46.848  -23.453  59.618 0.0000000000
30607  47.546  -23.268  58.756 0.0000000000
30608  48.182  -23.094  57.768 0.0000000000
30609  48.658  -22.950  56.662 0.0000000000
30610  48.098  -24.446  56.758 0.0000000000
30611  47.618  -25.637  55.584 0.0000000000
33037  42.062  -27.035  62.284 0.0000000000
33038  42.742  -27.780  62.701 0.0000000000
33039  43.309  -28.918  62.342 0.0000000000
33040  41.939  -30.606  62.952 0.0000000000
33041  42.810  -30.472  62.193 0.0000000000
33042  43.592  -30.177  61.396 0.0000000000
33043  43.445  -31.202  60.146 0.0000000000
36832  61.089  -11.001  33.038 0.0000000000
36833  60.457  -11.662  33.866 0.0000000000
36834  59.830  -12.397  34.625 0.0000000000
36835  59.103  -13.146  35.119 0.0000000000
36842  59.762  -11.309  36.128 0.0000000000
36843  59.259  -12.564  36.087 0.0000000000
36848  57.614  -14.415  38.241 0.0000000000
36866  52.809  -14.650  41.603 0.0000000000
36872  56.740  -12.699  41.107 0.0000000000
36873  57.216  -13.453  41.379 0.0000000000
36874  57.310  -14.499  41.039 0.0000000000
36875  56.740  -14.902  42.341 0.0000000000
36934  48.124  -16.562  49.695 0.0000000000
36944  42.864  -24.508  58.768 0.0000000000
36945  43.181  -23.974  57.401 0.0000000000
36946  43.568  -23.343  56.119 0.0000000000
36947  44.922  -21.743  58.219 0.0000000000
36948  44.463  -22.118  56.637 0.0000000000
36949  43.798  -22.518  54.705 0.0000000000
36956  46.308  -17.404  54.232 0.0000000000
36957  45.835  -17.183  52.538 0.0000000000
36960  48.181  -16.320  51.232 0.0000000000
36961  49.476  -15.925  51.001 0.0000000000
36962  50.733  -15.645  51.879 0.0000000000
36963  51.719  -15.963  52.415 0.0000000000
36964  52.368  -16.787  52.536 0.0000000000
36965  51.148  -17.468  54.206 0.0000000000
36966  51.943  -17.706  53.237 0.0000000000
36967  52.641  -18.031  52.275 0.0000000000
36968  52.219  -19.466  51.569 0.0000000000
36971  48.973  -22.806  55.454 0.0000000000
36972  49.147  -22.568  54.280 0.0000000000
36973  49.184  -22.454  53.104 0.0000000000
