#!ascii label  , from subject fsaverage6 vox2ras=TkReg
544
0  27.198  -14.101  60.787 0.0000000000
45  13.100  -20.373  72.633 0.0000000000
46  8.054  -9.089  65.812 0.0000000000
165  20.492  -16.691  68.787 0.0000000000
166  14.563  -11.142  62.359 0.0000000000
168  18.182  -23.057  66.283 0.0000000000
368  5.657  -21.254  66.931 0.0000000000
369  8.799  -14.031  68.809 0.0000000000
642  21.288  -11.806  59.169 0.0000000000
645  23.842  -14.517  65.989 0.0000000000
646  20.279  -14.281  62.292 0.0000000000
648  24.781  -17.578  69.681 0.0000000000
651  27.839  -13.867  54.062 0.0000000000
850  9.090  -22.830  73.870 0.0000000000
851  7.379  -19.898  71.695 0.0000000000
852  10.661  -17.968  69.947 0.0000000000
853  18.094  -4.965  63.901 0.0000000000
854  14.872  -6.139  65.741 0.0000000000
860  15.926  -22.230  70.911 0.0000000000
862  11.603  -24.439  72.379 0.0000000000
1024  6.200  -19.565  63.154 0.0000000000
1447  16.968  -18.398  70.465 0.0000000000
1448  13.888  -16.988  66.997 0.0000000000
1449  17.068  -15.630  64.377 0.0000000000
1450  17.320  -9.741  61.041 0.0000000000
1452  20.155  -23.771  61.402 0.0000000000
1453  23.269  -21.789  67.028 0.0000000000
1454  20.414  -20.427  70.427 0.0000000000
1816  5.802  -16.914  69.251 0.0000000000
1817  7.519  -11.081  68.515 0.0000000000
1818  11.562  -12.500  65.431 0.0000000000
1819  11.222  -8.743  68.075 0.0000000000
1820  10.494  -5.697  68.754 0.0000000000
2562  22.768  -12.841  60.087 0.0000000000
2564  24.497  -13.314  56.859 0.0000000000
2565  24.718  -13.648  64.234 0.0000000000
2566  22.907  -13.541  62.395 0.0000000000
2567  27.224  -13.622  65.244 0.0000000000
2568  25.904  -14.151  66.760 0.0000000000
2569  27.658  -14.360  60.755 0.0000000000
2571  26.672  -14.060  56.998 0.0000000000
2770  11.128  -21.510  73.495 0.0000000000
2771  10.030  -20.168  72.610 0.0000000000
2772  11.921  -19.152  71.559 0.0000000000
2774  18.626  -2.835  65.782 0.0000000000
2780  14.697  -21.305  72.386 0.0000000000
2781  13.767  -23.208  71.667 0.0000000000
2782  12.524  -22.408  73.270 0.0000000000
2783  10.460  -23.662  73.767 0.0000000000
2943  6.419  -11.984  66.163 0.0000000000
2945  7.207  -11.466  64.251 0.0000000000
3370  18.764  -17.456  69.707 0.0000000000
3371  17.246  -16.877  67.763 0.0000000000
3372  19.017  -16.114  66.713 0.0000000000
3373  19.385  -11.488  60.249 0.0000000000
3374  18.353  -12.503  61.072 0.0000000000
3375  18.763  -8.736  60.540 0.0000000000
3376  18.938  -6.274  61.772 0.0000000000
3378  24.370  -21.861  65.091 0.0000000000
3380  22.582  -17.040  69.632 0.0000000000
3381  22.618  -19.293  70.143 0.0000000000
3382  20.519  -18.191  70.546 0.0000000000
3383  18.765  -19.229  71.132 0.0000000000
3393  30.647  -13.953  57.467 0.0000000000
3394  29.792  -13.276  54.041 0.0000000000
3988  8.166  -16.993  69.965 0.0000000000
3989  6.640  -18.319  70.416 0.0000000000
3990  7.220  -15.221  69.402 0.0000000000
3991  6.347  -13.834  68.889 0.0000000000
3992  8.073  -12.464  68.874 0.0000000000
3993  13.859  -14.467  63.798 0.0000000000
3994  12.403  -15.031  65.746 0.0000000000
3995  13.008  -11.741  63.604 0.0000000000
3996  14.824  -4.482  67.273 0.0000000000
3997  12.996  -7.288  67.065 0.0000000000
3998  12.937  -5.843  68.510 0.0000000000
3999  10.843  -7.186  69.061 0.0000000000
4000  12.420  -4.100  68.889 0.0000000000
4015  19.301  -23.434  63.754 0.0000000000
5762  20.185  -10.191  58.717 0.0000000000
5767  22.326  -15.822  67.552 0.0000000000
5768  20.891  -15.506  65.687 0.0000000000
5769  22.395  -14.583  64.213 0.0000000000
5770  21.147  -12.997  60.924 0.0000000000
5772  26.846  -18.644  69.421 0.0000000000
5773  26.634  -15.860  68.794 0.0000000000
5774  24.734  -15.679  68.281 0.0000000000
5780  25.894  -13.534  54.395 0.0000000000
5781  28.552  -14.246  57.458 0.0000000000
6137  6.531  -22.923  72.781 0.0000000000
6138  8.183  -21.450  73.039 0.0000000000
6139  9.027  -18.720  71.219 0.0000000000
6140  9.498  -16.068  68.866 0.0000000000
6141  16.181  -7.535  62.903 0.0000000000
6142  14.586  -8.260  63.749 0.0000000000
6143  16.592  -5.385  64.622 0.0000000000
6144  16.866  -3.391  66.294 0.0000000000
6154  17.034  -22.666  68.787 0.0000000000
6156  14.496  -23.662  69.238 0.0000000000
6448  6.006  -20.257  65.231 0.0000000000
7213  15.105  -19.294  71.447 0.0000000000
7214  13.731  -18.450  69.892 0.0000000000
7215  15.542  -17.824  68.692 0.0000000000
7216  15.419  -16.121  65.637 0.0000000000
7217  15.386  -13.947  62.533 0.0000000000
7218  19.070  -15.054  63.569 0.0000000000
7219  17.099  -13.290  61.720 0.0000000000
7220  16.168  -10.439  61.640 0.0000000000
7221  17.525  -7.127  62.348 0.0000000000
7225  22.753  -22.559  62.241 0.0000000000
7226  21.837  -22.715  64.323 0.0000000000
7227  20.887  -22.483  66.560 0.0000000000
7228  24.450  -20.101  69.174 0.0000000000
7229  22.015  -21.221  68.777 0.0000000000
7230  19.530  -21.999  68.607 0.0000000000
7231  18.261  -21.328  70.544 0.0000000000
7232  16.751  -20.279  71.573 0.0000000000
7248  28.894  -12.469  50.834 0.0000000000
7455  9.250  -5.893  66.009 0.0000000000
7456  8.717  -7.970  64.001 0.0000000000
7457  8.729  -4.219  64.855 0.0000000000
8075  5.219  -22.474  68.530 0.0000000000
8076  6.037  -21.590  71.348 0.0000000000
8077  5.663  -20.247  69.709 0.0000000000
8078  5.248  -18.894  68.212 0.0000000000
8079  5.124  -15.765  67.897 0.0000000000
8080  5.988  -12.762  67.763 0.0000000000
8081  7.547  -10.025  67.309 0.0000000000
8082  12.202  -17.497  68.382 0.0000000000
8083  11.001  -15.512  67.370 0.0000000000
8084  10.184  -13.265  67.299 0.0000000000
8085  12.860  -9.214  65.156 0.0000000000
8086  11.250  -10.409  66.529 0.0000000000
8087  9.642  -11.439  67.963 0.0000000000
8088  9.201  -9.850  68.664 0.0000000000
8089  8.960  -8.491  68.546 0.0000000000
8090  9.031  -7.273  67.393 0.0000000000
8091  9.984  -4.046  67.945 0.0000000000
10242  23.279  -12.911  60.297 0.0000000000
10243  23.137  -12.534  57.839 0.0000000000
10244  24.600  -13.331  57.396 0.0000000000
10245  24.829  -13.340  63.774 0.0000000000
10246  23.715  -13.334  62.264 0.0000000000
10247  26.933  -13.357  64.629 0.0000000000
10248  25.781  -13.429  65.443 0.0000000000
10249  27.337  -14.174  60.760 0.0000000000
10250  27.990  -14.010  63.510 0.0000000000
10251  26.292  -14.125  58.011 0.0000000000
10450  12.128  -20.886  73.109 0.0000000000
10451  11.574  -20.286  72.758 0.0000000000
10452  12.512  -19.798  72.136 0.0000000000
10460  13.901  -20.770  72.674 0.0000000000
10461  13.608  -21.822  72.878 0.0000000000
10462  12.922  -21.326  73.079 0.0000000000
10463  11.798  -21.946  73.514 0.0000000000
10623  7.382  -10.549  65.924 0.0000000000
10624  6.754  -11.731  65.206 0.0000000000
10625  7.714  -10.248  64.972 0.0000000000
11050  19.613  -17.055  69.286 0.0000000000
11051  18.981  -16.761  68.280 0.0000000000
11052  19.755  -16.336  67.799 0.0000000000
11054  18.819  -10.152  60.162 0.0000000000
11060  21.540  -16.865  69.416 0.0000000000
11061  21.429  -17.771  70.240 0.0000000000
11062  20.567  -17.292  69.859 0.0000000000
11063  19.685  -17.779  70.276 0.0000000000
11074  31.545  -13.419  57.346 0.0000000000
11668  8.398  -15.485  69.216 0.0000000000
11669  7.632  -16.101  69.674 0.0000000000
11670  7.980  -14.565  69.197 0.0000000000
11671  7.566  -13.805  69.149 0.0000000000
11672  8.439  -13.224  68.842 0.0000000000
11673  14.078  -12.897  62.759 0.0000000000
11674  13.317  -13.129  63.555 0.0000000000
11675  13.770  -11.427  62.979 0.0000000000
11677  13.922  -5.157  67.938 0.0000000000
11679  12.733  -5.024  68.869 0.0000000000
11695  18.829  -23.237  65.006 0.0000000000
12183  5.465  -22.961  66.991 0.0000000000
12185  5.872  -22.604  66.102 0.0000000000
13442  20.707  -11.137  58.927 0.0000000000
13444  21.190  -10.991  58.187 0.0000000000
13450  23.188  -15.333  66.775 0.0000000000
13451  22.587  -15.156  65.941 0.0000000000
13452  23.179  -14.661  65.048 0.0000000000
13453  22.228  -12.815  60.723 0.0000000000
13454  22.033  -13.341  61.515 0.0000000000
13455  21.402  -12.330  60.209 0.0000000000
13456  20.477  -11.666  59.717 0.0000000000
13457  28.282  -15.872  68.582 0.0000000000
13458  27.645  -16.592  69.005 0.0000000000
13459  27.326  -14.901  67.997 0.0000000000
13460  24.744  -14.397  66.468 0.0000000000
13461  25.310  -14.911  67.406 0.0000000000
13462  24.389  -15.133  67.119 0.0000000000
13463  23.496  -15.780  68.018 0.0000000000
13473  27.995  -14.361  58.965 0.0000000000
13474  27.563  -14.125  57.316 0.0000000000
13475  28.824  -14.419  59.077 0.0000000000
13476  29.832  -14.379  59.152 0.0000000000
14066  7.688  -22.912  73.491 0.0000000000
14067  8.631  -22.180  73.542 0.0000000000
14068  10.429  -18.974  71.408 0.0000000000
14069  9.459  -19.465  71.937 0.0000000000
14070  9.900  -18.261  70.681 0.0000000000
14071  9.367  -17.451  69.989 0.0000000000
14072  10.027  -17.069  69.290 0.0000000000
14073  17.003  -6.242  63.250 0.0000000000
14074  16.449  -6.418  63.637 0.0000000000
14075  17.273  -5.107  64.212 0.0000000000
14095  16.427  -22.488  69.862 0.0000000000
14096  15.701  -23.118  68.959 0.0000000000
14097  15.246  -22.969  70.224 0.0000000000
14098  12.593  -23.743  72.066 0.0000000000
14099  13.012  -24.079  70.882 0.0000000000
14100  12.102  -24.652  71.195 0.0000000000
14105  9.799  -23.257  73.930 0.0000000000
15865  16.030  -18.860  70.887 0.0000000000
15866  15.340  -18.450  70.128 0.0000000000
15867  16.268  -18.087  69.668 0.0000000000
15868  17.226  -16.193  66.072 0.0000000000
15869  16.424  -16.596  66.667 0.0000000000
15870  16.260  -15.797  64.954 0.0000000000
15871  15.311  -15.191  63.874 0.0000000000
15872  16.113  -14.958  63.340 0.0000000000
15873  20.820  -14.982  64.016 0.0000000000
15874  20.123  -15.361  64.627 0.0000000000
15875  19.818  -14.689  62.981 0.0000000000
15876  17.652  -11.277  60.803 0.0000000000
15877  17.817  -12.921  61.378 0.0000000000
15878  17.027  -11.489  61.172 0.0000000000
15879  16.455  -11.983  61.417 0.0000000000
15880  16.768  -10.020  61.346 0.0000000000
15881  16.717  -8.627  61.973 0.0000000000
15882  17.356  -8.379  61.653 0.0000000000
15884  19.062  -5.135  62.467 0.0000000000
15889  24.125  -22.089  62.607 0.0000000000
15890  23.911  -21.781  66.212 0.0000000000
15891  23.167  -22.223  64.836 0.0000000000
15892  22.564  -22.320  65.677 0.0000000000
15893  21.418  -22.646  65.389 0.0000000000
15894  22.177  -22.192  66.769 0.0000000000
15895  25.993  -18.058  69.487 0.0000000000
15896  25.769  -19.221  69.395 0.0000000000
15897  24.720  -18.954  69.687 0.0000000000
15898  21.462  -19.877  70.342 0.0000000000
15899  22.488  -20.147  69.713 0.0000000000
15900  21.179  -20.901  69.573 0.0000000000
15901  20.783  -21.604  68.668 0.0000000000
15902  20.083  -21.213  69.650 0.0000000000
15903  18.917  -21.672  69.637 0.0000000000
15904  19.357  -20.901  70.457 0.0000000000
15905  17.882  -18.716  70.959 0.0000000000
15906  17.853  -19.725  71.323 0.0000000000
15907  17.019  -19.210  71.223 0.0000000000
15908  16.042  -19.718  71.649 0.0000000000
15942  29.362  -12.958  52.468 0.0000000000
15943  30.199  -12.504  52.541 0.0000000000
16383  9.207  -4.105  66.544 0.0000000000
16384  9.091  -5.026  65.323 0.0000000000
16385  8.603  -3.347  66.128 0.0000000000
17718  6.975  -21.464  72.338 0.0000000000
17719  6.280  -22.221  72.067 0.0000000000
17720  6.672  -20.724  71.647 0.0000000000
17721  6.197  -17.595  69.885 0.0000000000
17722  6.074  -19.205  70.164 0.0000000000
17723  5.724  -18.488  69.516 0.0000000000
17724  5.450  -19.530  68.942 0.0000000000
17725  5.420  -17.848  68.780 0.0000000000
17726  5.135  -17.288  68.078 0.0000000000
17727  5.449  -16.307  68.598 0.0000000000
17728  6.884  -12.467  68.638 0.0000000000
17729  6.051  -13.310  68.366 0.0000000000
17730  6.751  -11.858  68.173 0.0000000000
17731  6.807  -11.382  67.485 0.0000000000
17732  7.476  -10.526  67.977 0.0000000000
17733  13.820  -17.875  68.399 0.0000000000
17734  12.959  -18.077  69.119 0.0000000000
17735  13.034  -17.311  67.686 0.0000000000
17736  11.829  -13.718  65.425 0.0000000000
17737  11.693  -15.249  66.620 0.0000000000
17738  11.151  -14.051  66.426 0.0000000000
17739  10.534  -14.312  67.301 0.0000000000
17740  10.874  -12.925  66.346 0.0000000000
17741  14.702  -7.006  64.701 0.0000000000
17742  13.765  -8.677  64.401 0.0000000000
17743  13.816  -7.573  65.357 0.0000000000
17744  12.105  -8.005  67.528 0.0000000000
17745  12.127  -8.925  66.666 0.0000000000
17746  11.246  -9.540  67.276 0.0000000000
17747  10.448  -10.991  67.251 0.0000000000
17748  10.325  -10.097  67.906 0.0000000000
17749  9.429  -10.598  68.368 0.0000000000
17750  10.217  -9.337  68.432 0.0000000000
17751  10.624  -6.448  69.044 0.0000000000
17752  9.880  -7.819  68.881 0.0000000000
17753  9.762  -7.102  68.637 0.0000000000
17754  8.949  -7.895  68.027 0.0000000000
17755  9.719  -6.473  68.177 0.0000000000
17756  9.712  -5.736  67.594 0.0000000000
17757  10.301  -4.908  68.382 0.0000000000
19271  6.128  -19.911  64.218 0.0000000000
19272  6.689  -21.657  64.372 0.0000000000
19286  8.960  -7.309  63.185 0.0000000000
19287  8.527  -9.179  63.131 0.0000000000
19288  8.816  -8.646  62.172 0.0000000000
23043  21.849  -11.579  58.271 0.0000000000
23044  22.885  -12.525  58.475 0.0000000000
23045  23.401  -12.685  56.834 0.0000000000
23047  24.370  -13.832  65.108 0.0000000000
23048  23.445  -14.130  64.266 0.0000000000
23049  23.877  -13.527  63.214 0.0000000000
23050  22.616  -13.175  61.289 0.0000000000
23051  27.527  -13.993  66.129 0.0000000000
23052  26.918  -14.235  67.339 0.0000000000
23053  26.498  -13.640  66.202 0.0000000000
23054  25.188  -14.014  66.079 0.0000000000
23055  28.075  -14.516  60.747 0.0000000000
23057  28.270  -14.357  62.853 0.0000000000
23058  27.999  -13.933  64.590 0.0000000000
23059  25.332  -13.659  55.898 0.0000000000
23060  25.676  -13.724  56.992 0.0000000000
23061  27.070  -14.078  58.648 0.0000000000
23416  10.104  -22.193  73.759 0.0000000000
23417  9.592  -21.456  73.396 0.0000000000
23418  10.652  -20.801  73.171 0.0000000000
23419  10.932  -19.667  72.193 0.0000000000
23420  11.296  -18.597  70.731 0.0000000000
23422  18.430  -3.880  64.851 0.0000000000
23423  19.368  -2.405  65.387 0.0000000000
23434  15.362  -21.808  71.783 0.0000000000
23435  14.798  -22.744  71.294 0.0000000000
23436  14.295  -22.343  72.180 0.0000000000
23437  13.240  -22.800  72.595 0.0000000000
23438  12.069  -23.430  72.961 0.0000000000
23440  11.501  -22.963  73.561 0.0000000000
23441  10.785  -22.599  73.787 0.0000000000
23727  5.491  -13.309  66.335 0.0000000000
23729  5.728  -13.066  65.392 0.0000000000
24496  17.890  -17.927  70.086 0.0000000000
24497  17.153  -17.647  69.166 0.0000000000
24498  18.006  -17.181  68.773 0.0000000000
24499  17.940  -16.461  67.322 0.0000000000
24500  17.998  -15.847  65.658 0.0000000000
24501  19.687  -13.098  61.141 0.0000000000
24502  19.293  -13.560  61.626 0.0000000000
24503  18.843  -12.042  60.817 0.0000000000
24504  18.186  -10.691  60.587 0.0000000000
24505  18.039  -9.221  60.950 0.0000000000
24506  18.152  -8.029  61.482 0.0000000000
24510  24.966  -21.791  64.106 0.0000000000
24512  25.256  -21.401  66.556 0.0000000000
24513  24.704  -21.257  67.478 0.0000000000
24514  23.684  -17.202  69.710 0.0000000000
24515  23.754  -18.497  69.964 0.0000000000
24516  22.620  -18.090  70.196 0.0000000000
24517  21.495  -18.759  70.504 0.0000000000
24518  20.550  -19.315  70.731 0.0000000000
24519  19.609  -19.841  70.909 0.0000000000
24520  19.628  -18.699  70.859 0.0000000000
24521  18.797  -18.175  70.643 0.0000000000
24539  29.321  -13.982  55.645 0.0000000000
24540  28.855  -13.634  54.044 0.0000000000
24541  30.169  -13.720  55.797 0.0000000000
24542  31.106  -13.079  55.642 0.0000000000
24543  31.975  -12.467  55.794 0.0000000000
25608  7.785  -18.459  70.931 0.0000000000
25609  7.058  -19.127  71.033 0.0000000000
25610  7.344  -17.607  70.340 0.0000000000
25611  6.827  -16.797  69.901 0.0000000000
25612  6.415  -16.047  69.433 0.0000000000
25613  6.010  -15.346  69.007 0.0000000000
25614  6.750  -14.468  69.204 0.0000000000
25615  7.252  -13.121  68.986 0.0000000000
25616  7.759  -11.752  68.734 0.0000000000
25617  13.861  -15.768  65.468 0.0000000000
25618  13.053  -16.198  66.221 0.0000000000
25619  13.071  -14.688  64.774 0.0000000000
25620  12.619  -13.430  64.306 0.0000000000
25621  12.259  -12.133  64.420 0.0000000000
25622  14.921  -5.332  66.560 0.0000000000
25623  13.972  -6.686  66.393 0.0000000000
25624  14.067  -5.915  67.309 0.0000000000
25625  13.014  -6.601  67.952 0.0000000000
25626  11.991  -7.257  68.401 0.0000000000
25627  11.027  -7.925  68.738 0.0000000000
25628  11.801  -6.475  68.914 0.0000000000
25629  11.646  -5.704  69.081 0.0000000000
25630  11.444  -4.855  69.045 0.0000000000
25631  11.112  -4.079  68.793 0.0000000000
25657  19.576  -23.752  62.373 0.0000000000
28813  21.376  -16.218  68.209 0.0000000000
28814  20.800  -16.006  67.263 0.0000000000
28815  21.668  -15.525  66.797 0.0000000000
28816  21.667  -15.131  64.967 0.0000000000
28817  21.371  -14.602  63.202 0.0000000000
28818  22.750  -14.256  63.219 0.0000000000
28819  21.841  -14.112  62.441 0.0000000000
28820  20.760  -13.610  61.769 0.0000000000
28821  20.183  -12.406  60.517 0.0000000000
28822  19.784  -10.625  59.473 0.0000000000
28824  27.706  -19.207  69.105 0.0000000000
28825  27.729  -18.134  69.445 0.0000000000
28826  26.851  -17.147  69.275 0.0000000000
28827  25.672  -16.857  69.445 0.0000000000
28828  26.229  -14.865  67.918 0.0000000000
28829  25.733  -15.453  68.332 0.0000000000
28830  24.763  -16.724  69.185 0.0000000000
28831  23.707  -16.341  68.982 0.0000000000
28832  22.577  -16.314  68.699 0.0000000000
28846  26.865  -13.793  54.120 0.0000000000
28847  26.206  -13.831  55.926 0.0000000000
28848  27.267  -14.075  55.827 0.0000000000
28849  28.171  -14.168  55.792 0.0000000000
28850  29.591  -14.252  57.485 0.0000000000
28851  30.767  -14.106  59.007 0.0000000000
29677  7.360  -22.167  73.008 0.0000000000
29678  7.815  -20.638  72.379 0.0000000000
29679  9.047  -20.797  72.894 0.0000000000
29680  8.642  -19.978  72.248 0.0000000000
29681  8.186  -19.213  71.553 0.0000000000
29682  8.570  -17.911  70.564 0.0000000000
29683  8.865  -16.467  69.504 0.0000000000
29684  9.185  -14.961  68.715 0.0000000000
29685  15.348  -9.302  62.523 0.0000000000
29686  14.544  -9.640  62.985 0.0000000000
29687  15.373  -7.867  63.186 0.0000000000
29688  15.616  -6.609  64.127 0.0000000000
29689  15.740  -5.683  65.115 0.0000000000
29690  17.629  -4.123  65.168 0.0000000000
29691  16.661  -4.401  65.535 0.0000000000
29692  15.806  -4.847  65.971 0.0000000000
29693  15.790  -3.892  66.727 0.0000000000
29716  17.631  -22.851  67.542 0.0000000000
29721  14.208  -23.459  70.553 0.0000000000
30399  5.304  -19.473  66.827 0.0000000000
30400  5.842  -20.746  66.136 0.0000000000
30401  5.261  -19.099  65.888 0.0000000000
30402  5.238  -18.789  64.851 0.0000000000
32191  14.108  -19.809  72.064 0.0000000000
32192  13.558  -19.242  71.454 0.0000000000
32193  14.416  -18.798  70.808 0.0000000000
32194  14.586  -18.147  69.256 0.0000000000
32195  14.695  -17.537  67.812 0.0000000000
32196  16.326  -17.389  68.282 0.0000000000
32197  15.587  -17.014  67.266 0.0000000000
32198  14.710  -16.557  66.290 0.0000000000
32199  14.566  -15.418  64.624 0.0000000000
32200  14.592  -14.192  63.113 0.0000000000
32201  14.848  -12.613  62.184 0.0000000000
32202  19.941  -15.745  66.245 0.0000000000
32203  18.967  -15.599  65.174 0.0000000000
32204  17.999  -15.376  64.070 0.0000000000
32205  18.711  -13.960  62.057 0.0000000000
32206  18.028  -14.486  62.475 0.0000000000
32207  16.962  -14.706  62.952 0.0000000000
32208  16.212  -13.658  62.079 0.0000000000
32209  15.633  -12.215  61.787 0.0000000000
32210  15.391  -10.850  61.954 0.0000000000
32211  16.079  -8.881  62.220 0.0000000000
32212  16.883  -7.345  62.552 0.0000000000
32213  17.739  -5.909  63.097 0.0000000000
32214  18.313  -6.694  62.269 0.0000000000
32215  18.529  -5.589  62.899 0.0000000000
32216  18.757  -4.524  63.636 0.0000000000
32224  23.524  -22.237  63.617 0.0000000000
32225  22.257  -22.740  63.221 0.0000000000
32226  20.884  -23.182  62.807 0.0000000000
32227  20.453  -23.135  63.893 0.0000000000
32228  20.129  -22.945  65.111 0.0000000000
32229  19.504  -22.811  66.308 0.0000000000
32230  26.484  -20.016  68.713 0.0000000000
32231  25.380  -20.387  68.640 0.0000000000
32232  23.978  -21.081  68.310 0.0000000000
32233  23.606  -19.721  69.685 0.0000000000
32234  23.203  -20.726  68.998 0.0000000000
32235  22.764  -21.588  68.003 0.0000000000
32236  21.469  -21.956  67.704 0.0000000000
32237  20.244  -22.254  67.525 0.0000000000
32238  18.867  -22.597  67.405 0.0000000000
32239  18.292  -22.347  68.633 0.0000000000
32240  17.679  -22.105  69.737 0.0000000000
32241  17.061  -21.734  70.664 0.0000000000
32242  18.611  -20.355  71.139 0.0000000000
32243  17.517  -20.839  71.157 0.0000000000
32244  16.538  -21.306  71.402 0.0000000000
32245  15.849  -20.744  71.980 0.0000000000
32246  15.070  -20.175  72.150 0.0000000000
32288  28.397  -13.318  52.369 0.0000000000
32289  28.034  -12.855  50.807 0.0000000000
32847  8.721  -7.566  65.881 0.0000000000
32848  8.392  -8.553  64.895 0.0000000000
32849  8.936  -6.939  64.953 0.0000000000
32850  9.058  -6.146  64.220 0.0000000000
34535  5.446  -21.809  67.737 0.0000000000
34537  5.551  -23.083  71.652 0.0000000000
34538  5.419  -22.429  70.920 0.0000000000
34539  6.365  -19.954  70.896 0.0000000000
34540  5.819  -20.928  70.540 0.0000000000
34541  5.391  -21.927  70.061 0.0000000000
34542  5.382  -21.396  69.148 0.0000000000
34543  5.382  -20.690  68.337 0.0000000000
34544  5.390  -20.053  67.615 0.0000000000
34545  5.042  -18.363  67.428 0.0000000000
34546  4.891  -16.795  67.308 0.0000000000
34547  4.923  -15.255  67.206 0.0000000000
34548  5.642  -14.713  68.510 0.0000000000
34549  5.357  -14.176  67.875 0.0000000000
34550  5.350  -13.723  67.160 0.0000000000
34551  6.119  -12.361  67.003 0.0000000000
34552  7.028  -11.010  66.713 0.0000000000
34553  7.778  -9.553  66.529 0.0000000000
34554  12.840  -18.755  70.746 0.0000000000
34555  12.141  -18.313  69.897 0.0000000000
34556  11.458  -17.709  69.217 0.0000000000
34557  12.347  -16.430  67.043 0.0000000000
34558  11.488  -16.632  67.782 0.0000000000
34559  10.788  -16.847  68.515 0.0000000000
34560  10.220  -15.749  68.196 0.0000000000
34561  9.825  -14.579  68.120 0.0000000000
34562  9.521  -13.625  68.181 0.0000000000
34563  13.706  -10.045  63.460 0.0000000000
34564  12.828  -10.414  64.182 0.0000000000
34565  12.055  -10.888  65.047 0.0000000000
34566  12.961  -8.146  66.087 0.0000000000
34567  12.075  -9.823  65.770 0.0000000000
34568  11.334  -11.397  65.865 0.0000000000
34569  10.571  -11.877  66.789 0.0000000000
34570  9.859  -12.350  67.587 0.0000000000
34571  9.164  -12.756  68.320 0.0000000000
34572  8.823  -11.941  68.565 0.0000000000
34573  8.607  -11.117  68.683 0.0000000000
34574  8.324  -10.385  68.694 0.0000000000
34575  10.037  -8.560  68.814 0.0000000000
34576  9.017  -9.151  68.680 0.0000000000
34577  8.131  -9.740  68.457 0.0000000000
34578  8.183  -9.150  67.936 0.0000000000
34579  8.269  -8.609  67.339 0.0000000000
34580  8.469  -8.079  66.641 0.0000000000
34581  9.179  -6.638  66.685 0.0000000000
34582  9.552  -4.897  67.024 0.0000000000
34583  9.515  -3.304  67.618 0.0000000000
36429  6.278  -22.165  65.273 0.0000000000
36447  8.183  -9.729  64.007 0.0000000000
