#!ascii label  , from subject fsaverage6 vox2ras=TkReg
261
70  40.972  -67.111  37.888 0.0000000000
71  33.573  -62.378  46.238 0.0000000000
416  38.737  -66.074  47.896 0.0000000000
562  29.864  -62.060  34.592 0.0000000000
932  36.535  -60.352  42.594 0.0000000000
933  39.513  -61.544  44.557 0.0000000000
934  35.816  -64.316  46.825 0.0000000000
935  36.291  -68.162  44.369 0.0000000000
936  34.322  -65.279  43.590 0.0000000000
1243  29.340  -62.575  40.359 0.0000000000
1244  26.484  -60.707  40.787 0.0000000000
1929  42.535  -63.047  41.045 0.0000000000
1931  42.099  -63.135  45.531 0.0000000000
1932  40.874  -67.736  44.060 0.0000000000
1933  37.441  -71.576  44.010 0.0000000000
2323  31.349  -62.642  46.230 0.0000000000
2324  32.291  -64.312  40.974 0.0000000000
2325  32.619  -65.419  36.685 0.0000000000
2852  34.985  -61.385  44.312 0.0000000000
2853  36.197  -62.099  44.887 0.0000000000
2854  34.606  -63.272  46.482 0.0000000000
2855  34.626  -65.372  45.701 0.0000000000
2856  33.524  -64.158  45.909 0.0000000000
3187  41.595  -64.224  36.687 0.0000000000
4240  38.999  -63.547  46.747 0.0000000000
4241  40.836  -62.262  45.595 0.0000000000
4242  40.569  -64.412  46.741 0.0000000000
4243  41.489  -65.375  44.894 0.0000000000
4244  40.183  -67.209  46.588 0.0000000000
4245  39.395  -69.682  44.793 0.0000000000
4246  38.501  -68.817  46.494 0.0000000000
5168  31.736  -63.518  43.721 0.0000000000
5169  30.553  -62.944  42.822 0.0000000000
5170  29.606  -62.170  37.562 0.0000000000
5171  30.987  -63.724  38.027 0.0000000000
5172  31.235  -63.771  35.400 0.0000000000
6287  39.877  -59.825  42.542 0.0000000000
6288  37.983  -61.058  43.453 0.0000000000
6289  37.590  -62.855  45.915 0.0000000000
6290  37.141  -65.143  47.572 0.0000000000
6291  37.188  -67.507  46.912 0.0000000000
6292  35.848  -66.428  46.379 0.0000000000
6293  35.447  -66.643  43.979 0.0000000000
6294  34.963  -66.540  41.435 0.0000000000
6845  29.394  -62.470  42.663 0.0000000000
6847  27.965  -61.601  40.441 0.0000000000
6848  27.885  -60.929  37.412 0.0000000000
7798  40.295  -69.535  39.068 0.0000000000
8390  43.157  -62.738  38.658 0.0000000000
8391  41.251  -64.829  39.511 0.0000000000
8394  44.758  -60.168  45.576 0.0000000000
8395  41.434  -60.272  43.959 0.0000000000
8396  42.654  -61.089  45.219 0.0000000000
8397  43.887  -62.194  44.853 0.0000000000
8398  42.473  -63.478  43.495 0.0000000000
8399  41.410  -65.379  42.386 0.0000000000
8400  40.553  -67.523  41.050 0.0000000000
8401  39.942  -69.836  42.082 0.0000000000
8404  36.845  -70.079  44.648 0.0000000000
9520  32.353  -60.621  45.206 0.0000000000
9529  32.430  -62.797  46.599 0.0000000000
9530  32.756  -63.904  44.749 0.0000000000
9531  33.561  -64.729  42.033 0.0000000000
9532  33.916  -66.066  39.917 0.0000000000
9533  30.892  -63.571  40.403 0.0000000000
9534  32.376  -65.075  38.880 0.0000000000
9558  25.907  -60.042  37.157 0.0000000000
10532  34.286  -61.831  45.264 0.0000000000
10533  34.839  -62.282  45.585 0.0000000000
10534  34.139  -62.819  46.399 0.0000000000
10535  33.882  -63.901  46.557 0.0000000000
10536  33.499  -63.388  46.627 0.0000000000
10867  41.132  -65.750  37.102 0.0000000000
11920  38.867  -64.724  47.556 0.0000000000
11921  39.805  -63.935  46.914 0.0000000000
11922  39.684  -65.141  47.459 0.0000000000
11923  40.406  -65.753  46.856 0.0000000000
11924  39.508  -66.567  47.524 0.0000000000
11925  39.386  -67.952  46.831 0.0000000000
11926  38.660  -67.424  47.469 0.0000000000
12848  30.522  -62.590  44.236 0.0000000000
12850  29.737  -62.092  36.163 0.0000000000
12851  30.499  -62.903  36.393 0.0000000000
12852  30.598  -62.897  34.860 0.0000000000
14318  38.071  -60.166  42.357 0.0000000000
14319  37.268  -60.705  42.957 0.0000000000
14320  36.001  -63.142  46.018 0.0000000000
14321  36.883  -62.574  45.408 0.0000000000
14322  36.680  -63.591  46.472 0.0000000000
14323  37.327  -64.013  46.934 0.0000000000
14324  36.463  -64.795  47.195 0.0000000000
14325  36.374  -65.895  47.311 0.0000000000
14326  35.708  -65.482  46.904 0.0000000000
14327  34.507  -65.342  44.645 0.0000000000
14328  35.058  -66.002  44.869 0.0000000000
14329  34.946  -65.977  43.649 0.0000000000
14330  35.271  -66.632  42.632 0.0000000000
14331  34.706  -65.873  42.464 0.0000000000
15252  27.220  -61.074  40.571 0.0000000000
15253  27.849  -61.269  38.947 0.0000000000
15254  27.014  -60.738  38.970 0.0000000000
18467  43.686  -62.445  40.649 0.0000000000
18468  44.092  -62.368  39.500 0.0000000000
18469  42.737  -62.886  39.848 0.0000000000
18470  41.979  -63.544  38.961 0.0000000000
18471  41.827  -63.771  40.298 0.0000000000
18478  44.939  -59.080  45.504 0.0000000000
18479  44.021  -59.640  45.215 0.0000000000
18480  39.722  -60.663  43.561 0.0000000000
18481  40.670  -60.061  43.216 0.0000000000
18482  40.384  -60.952  44.140 0.0000000000
18483  41.510  -62.657  45.802 0.0000000000
18484  41.708  -61.682  45.254 0.0000000000
18485  42.342  -62.166  45.428 0.0000000000
18486  43.355  -61.685  45.323 0.0000000000
18487  42.886  -62.649  45.056 0.0000000000
18488  43.238  -62.871  44.161 0.0000000000
18489  42.435  -63.509  44.667 0.0000000000
18490  41.213  -66.695  44.475 0.0000000000
18491  41.479  -65.512  43.694 0.0000000000
18492  41.149  -66.628  43.201 0.0000000000
18493  41.025  -66.491  41.823 0.0000000000
18494  40.707  -67.696  42.678 0.0000000000
18495  40.259  -68.713  41.685 0.0000000000
18496  40.349  -68.849  43.266 0.0000000000
18497  38.419  -70.625  44.579 0.0000000000
18498  38.937  -70.814  43.537 0.0000000000
18502  36.601  -67.978  45.723 0.0000000000
18503  37.176  -68.709  45.881 0.0000000000
18504  36.603  -69.080  44.550 0.0000000000
21262  31.895  -62.808  46.448 0.0000000000
21263  32.534  -63.473  45.955 0.0000000000
21264  32.016  -63.366  45.551 0.0000000000
21265  31.998  -63.890  42.203 0.0000000000
21266  32.619  -64.104  42.807 0.0000000000
21267  33.003  -64.518  41.437 0.0000000000
21268  33.828  -65.466  40.863 0.0000000000
21269  33.178  -65.188  40.261 0.0000000000
21270  29.334  -62.639  41.495 0.0000000000
21271  30.061  -62.996  41.473 0.0000000000
21272  30.133  -63.090  40.340 0.0000000000
21273  31.846  -64.517  37.324 0.0000000000
21274  31.627  -64.428  38.441 0.0000000000
21275  32.540  -65.213  37.882 0.0000000000
21276  33.246  -65.989  38.350 0.0000000000
21277  33.249  -66.313  37.265 0.0000000000
21334  24.778  -59.915  37.267 0.0000000000
21335  25.708  -59.985  35.439 0.0000000000
21336  26.862  -60.197  35.404 0.0000000000
23566  35.747  -60.886  43.432 0.0000000000
23567  36.424  -61.211  43.779 0.0000000000
23568  35.589  -61.727  44.603 0.0000000000
23569  35.373  -62.677  45.745 0.0000000000
23570  35.181  -63.759  46.557 0.0000000000
23571  35.053  -64.963  46.670 0.0000000000
23572  34.362  -64.448  46.524 0.0000000000
23573  34.057  -64.708  45.754 0.0000000000
23574  33.879  -64.646  44.796 0.0000000000
26058  43.461  -62.543  41.793 0.0000000000
26064  39.269  -62.537  45.729 0.0000000000
26065  40.140  -61.900  45.089 0.0000000000
26066  39.958  -62.869  46.083 0.0000000000
26067  40.650  -63.278  46.264 0.0000000000
26068  41.340  -63.764  46.104 0.0000000000
26069  41.821  -64.185  45.382 0.0000000000
26070  41.126  -64.960  46.048 0.0000000000
26071  40.923  -66.321  45.763 0.0000000000
26072  40.692  -67.580  45.415 0.0000000000
26073  40.238  -68.779  44.699 0.0000000000
26074  39.945  -68.481  45.859 0.0000000000
26075  38.959  -69.371  45.844 0.0000000000
26076  38.030  -70.159  45.324 0.0000000000
26077  36.050  -68.238  42.972 0.0000000000
26078  36.216  -69.310  43.062 0.0000000000
27733  30.904  -62.477  45.927 0.0000000000
27734  31.523  -63.200  45.131 0.0000000000
27735  31.003  -62.932  44.632 0.0000000000
27736  31.209  -63.202  43.192 0.0000000000
27737  31.358  -63.602  41.745 0.0000000000
27738  29.431  -62.370  38.990 0.0000000000
27739  30.234  -63.016  39.053 0.0000000000
27740  30.344  -62.972  37.786 0.0000000000
27741  31.159  -63.703  36.799 0.0000000000
27742  31.971  -64.612  35.996 0.0000000000
30031  38.881  -60.396  42.906 0.0000000000
30032  38.743  -61.325  44.001 0.0000000000
30033  37.096  -61.587  44.150 0.0000000000
30034  37.810  -61.973  44.679 0.0000000000
30035  38.513  -62.261  45.244 0.0000000000
30036  38.307  -63.222  46.419 0.0000000000
30037  37.979  -64.417  47.357 0.0000000000
30038  37.862  -65.641  47.910 0.0000000000
30039  37.820  -66.910  47.689 0.0000000000
30040  37.124  -66.391  47.591 0.0000000000
30041  36.413  -67.021  46.747 0.0000000000
30042  36.092  -67.267  45.489 0.0000000000
30043  35.202  -65.978  45.989 0.0000000000
30044  35.552  -66.576  45.264 0.0000000000
30045  35.914  -67.344  44.201 0.0000000000
30046  35.768  -67.333  42.765 0.0000000000
30047  35.377  -67.293  41.556 0.0000000000
30048  34.976  -67.195  40.413 0.0000000000
31337  28.624  -62.088  40.365 0.0000000000
31338  28.655  -61.785  38.932 0.0000000000
31339  28.795  -61.493  37.436 0.0000000000
31340  28.868  -61.363  35.942 0.0000000000
32528  34.343  -61.007  44.085 0.0000000000
32529  33.693  -61.402  45.006 0.0000000000
33784  40.573  -68.332  38.513 0.0000000000
33785  41.168  -68.292  36.918 0.0000000000
33786  40.956  -69.542  37.408 0.0000000000
35455  42.235  -63.293  37.676 0.0000000000
35456  41.296  -64.547  38.102 0.0000000000
35457  40.971  -66.042  38.672 0.0000000000
35465  45.732  -59.511  45.699 0.0000000000
35466  45.379  -60.588  45.279 0.0000000000
35468  41.695  -59.344  43.285 0.0000000000
35469  42.418  -59.658  44.123 0.0000000000
35470  41.076  -61.228  44.757 0.0000000000
35471  42.060  -60.637  44.655 0.0000000000
35472  43.080  -60.131  44.964 0.0000000000
35473  43.788  -60.764  45.393 0.0000000000
35474  44.397  -61.296  45.374 0.0000000000
35475  44.933  -61.509  44.624 0.0000000000
35476  44.230  -62.223  43.766 0.0000000000
35477  43.363  -62.687  43.010 0.0000000000
35478  42.447  -63.274  42.247 0.0000000000
35479  41.860  -64.409  44.164 0.0000000000
35480  41.715  -64.288  42.855 0.0000000000
35481  41.731  -64.067  41.577 0.0000000000
35482  41.337  -65.146  40.936 0.0000000000
35483  40.962  -66.295  40.293 0.0000000000
35484  40.617  -67.359  39.344 0.0000000000
35485  40.224  -68.569  40.027 0.0000000000
35486  39.994  -69.701  40.538 0.0000000000
35488  39.758  -69.847  43.559 0.0000000000
35494  37.856  -68.149  46.878 0.0000000000
35495  37.617  -69.516  45.796 0.0000000000
35496  37.120  -70.965  44.554 0.0000000000
38800  33.078  -61.552  45.633 0.0000000000
38827  33.045  -62.630  46.560 0.0000000000
38828  33.000  -63.546  46.384 0.0000000000
38829  33.140  -64.062  45.266 0.0000000000
38830  33.564  -64.464  44.103 0.0000000000
38831  32.271  -63.727  44.248 0.0000000000
38832  33.094  -64.243  43.354 0.0000000000
38833  33.989  -65.036  42.787 0.0000000000
38834  34.333  -65.699  41.579 0.0000000000
38835  34.502  -66.352  40.670 0.0000000000
38837  29.970  -62.686  42.622 0.0000000000
38838  30.766  -63.291  41.524 0.0000000000
38839  31.616  -64.013  40.569 0.0000000000
38840  30.878  -63.720  39.230 0.0000000000
38841  31.611  -64.362  39.474 0.0000000000
38842  32.445  -64.765  39.877 0.0000000000
38843  33.219  -65.666  39.335 0.0000000000
38844  33.923  -66.468  38.909 0.0000000000
38913  25.125  -60.062  39.049 0.0000000000
38914  26.128  -60.284  38.979 0.0000000000
38915  26.929  -60.406  37.192 0.0000000000
38916  27.930  -60.704  35.620 0.0000000000
