#!ascii label  , from subject fsaverage6 vox2ras=TkReg
626
227  27.770  -35.360  58.648 0.0000000000
232  7.631  -40.331  70.269 0.0000000000
233  13.064  -45.259  65.641 0.0000000000
235  46.270  -17.372  35.645 0.0000000000
483  54.734  -10.602  28.166 0.0000000000
485  55.862  -11.768  39.082 0.0000000000
488  40.976  -20.949  47.307 0.0000000000
501  57.743  -8.183  17.953 0.0000000000
707  29.428  -34.278  65.215 0.0000000000
708  24.558  -35.673  59.950 0.0000000000
709  26.184  -34.005  66.916 0.0000000000
720  32.908  -34.960  62.333 0.0000000000
1045  16.584  -31.836  68.114 0.0000000000
1055  14.346  -43.709  62.175 0.0000000000
1060  56.022  -11.555  33.674 0.0000000000
1061  50.796  -13.753  31.710 0.0000000000
1062  47.830  -17.870  42.644 0.0000000000
1075  38.110  -30.893  45.703 0.0000000000
1568  12.390  -41.044  72.006 0.0000000000
1569  11.402  -46.194  69.053 0.0000000000
1570  12.437  -39.984  68.161 0.0000000000
1571  12.407  -39.467  64.051 0.0000000000
1576  43.332  -19.577  41.826 0.0000000000
1579  37.203  -29.375  57.753 0.0000000000
1584  30.532  -35.100  56.429 0.0000000000
1824  25.545  -30.833  69.690 0.0000000000
1825  22.297  -31.458  62.147 0.0000000000
1826  17.670  -32.692  61.257 0.0000000000
1833  40.256  -10.237  47.986 0.0000000000
2080  23.018  -33.227  69.834 0.0000000000
2081  19.210  -36.097  65.697 0.0000000000
2098  60.866  -11.615  32.224 0.0000000000
2099  60.046  -9.748  34.507 0.0000000000
2102  51.003  -14.540  37.296 0.0000000000
2109  37.670  -19.982  40.841 0.0000000000
2111  42.730  -23.680  54.068 0.0000000000
2150  56.328  -10.139  23.216 0.0000000000
2151  61.619  -7.918  23.801 0.0000000000
2627  29.848  -33.043  68.290 0.0000000000
2628  27.802  -34.066  66.147 0.0000000000
2629  28.102  -32.858  69.036 0.0000000000
2639  31.587  -31.981  68.478 0.0000000000
2640  31.681  -33.736  66.827 0.0000000000
2643  43.227  -9.819  45.779 0.0000000000
2980  50.168  -12.752  29.200 0.0000000000
2982  48.554  -16.819  46.366 0.0000000000
3557  26.523  -35.857  55.745 0.0000000000
3559  25.094  -36.254  56.095 0.0000000000
3566  8.219  -36.091  73.013 0.0000000000
3572  10.080  -39.499  71.571 0.0000000000
3573  12.491  -40.297  70.233 0.0000000000
3574  9.895  -39.536  69.268 0.0000000000
3576  9.745  -39.426  64.545 0.0000000000
3578  12.532  -39.148  61.923 0.0000000000
3585  42.433  -20.043  38.211 0.0000000000
3589  34.307  -29.888  56.861 0.0000000000
3597  30.401  -35.056  60.671 0.0000000000
3598  31.973  -35.194  59.391 0.0000000000
3599  29.093  -35.347  57.678 0.0000000000
3600  27.795  -35.479  54.858 0.0000000000
4011  18.147  -32.329  58.350 0.0000000000
4012  15.918  -32.407  58.735 0.0000000000
4013  15.498  -33.236  61.283 0.0000000000
4570  23.398  -30.750  69.206 0.0000000000
4571  24.583  -31.879  70.667 0.0000000000
4573  18.561  -34.130  71.437 0.0000000000
4574  19.980  -34.562  69.463 0.0000000000
4575  18.099  -36.251  67.706 0.0000000000
4600  12.217  -45.807  67.325 0.0000000000
4601  9.313  -48.182  67.672 0.0000000000
4614  57.525  -9.355  28.965 0.0000000000
4616  58.025  -9.752  31.455 0.0000000000
4617  55.986  -11.482  36.626 0.0000000000
4618  58.130  -10.705  37.169 0.0000000000
4622  45.573  -16.061  32.837 0.0000000000
4623  48.162  -15.391  33.427 0.0000000000
4624  48.660  -16.102  36.425 0.0000000000
4642  38.765  -19.777  44.071 0.0000000000
4643  40.974  -18.915  44.357 0.0000000000
4644  41.986  -19.006  48.020 0.0000000000
4645  39.832  -26.856  55.851 0.0000000000
4647  42.231  -25.005  56.901 0.0000000000
4661  40.016  -28.471  43.768 0.0000000000
4743  53.058  -10.654  25.116 0.0000000000
4745  55.609  -10.353  25.840 0.0000000000
4746  58.137  -9.136  26.314 0.0000000000
4810  58.841  -7.812  16.185 0.0000000000
4811  62.256  -8.251  17.038 0.0000000000
4812  61.067  -8.931  18.865 0.0000000000
4813  62.904  -7.972  21.912 0.0000000000
4814  59.860  -9.527  20.827 0.0000000000
5288  59.079  -13.630  31.191 0.0000000000
5879  28.757  -34.850  61.867 0.0000000000
5880  26.149  -35.447  59.144 0.0000000000
5881  27.090  -34.819  62.583 0.0000000000
5882  25.404  -34.880  63.393 0.0000000000
5883  23.831  -34.864  64.214 0.0000000000
5889  7.494  -40.390  67.655 0.0000000000
5898  33.937  -30.532  60.705 0.0000000000
5901  35.470  -33.493  65.929 0.0000000000
5902  35.161  -34.746  63.509 0.0000000000
5903  33.465  -34.288  65.315 0.0000000000
5904  31.145  -34.685  63.679 0.0000000000
6487  18.874  -31.086  68.491 0.0000000000
6505  13.742  -44.451  63.969 0.0000000000
6513  52.312  -11.430  27.463 0.0000000000
6514  55.511  -11.223  30.741 0.0000000000
6515  52.907  -12.233  30.006 0.0000000000
6516  53.566  -12.804  32.729 0.0000000000
6517  53.598  -12.890  35.475 0.0000000000
6518  47.041  -18.021  39.065 0.0000000000
6519  49.249  -16.695  39.542 0.0000000000
6520  49.946  -16.748  42.850 0.0000000000
6541  40.199  -29.699  46.344 0.0000000000
6542  40.222  -30.746  48.898 0.0000000000
7498  12.639  -43.600  70.363 0.0000000000
7499  13.215  -42.917  68.683 0.0000000000
7500  13.531  -42.468  66.944 0.0000000000
7501  9.828  -39.526  66.905 0.0000000000
7502  12.376  -39.783  66.118 0.0000000000
7503  13.789  -41.927  65.123 0.0000000000
7504  14.062  -41.292  63.331 0.0000000000
7513  44.029  -18.416  35.304 0.0000000000
7514  44.837  -19.154  38.591 0.0000000000
7515  45.664  -18.783  42.387 0.0000000000
7521  39.681  -28.031  58.825 0.0000000000
7522  36.684  -30.092  61.146 0.0000000000
7523  39.076  -28.838  61.715 0.0000000000
7535  29.142  -35.328  53.620 0.0000000000
7536  27.065  -36.635  52.565 0.0000000000
8102  23.985  -30.707  66.368 0.0000000000
8103  21.788  -31.285  65.690 0.0000000000
8104  20.477  -32.101  58.444 0.0000000000
8105  19.899  -32.117  61.518 0.0000000000
8106  19.371  -31.757  65.012 0.0000000000
8107  17.102  -32.498  64.416 0.0000000000
8108  15.015  -33.464  64.356 0.0000000000
8133  34.500  -14.980  50.029 0.0000000000
8181  43.085  -9.472  48.338 0.0000000000
8806  26.460  -32.462  69.874 0.0000000000
8807  24.653  -33.676  68.320 0.0000000000
8808  22.391  -34.580  66.020 0.0000000000
8809  21.575  -32.839  71.240 0.0000000000
8810  21.141  -34.496  67.870 0.0000000000
8864  58.355  -10.075  34.625 0.0000000000
8870  47.792  -14.185  30.869 0.0000000000
8871  50.983  -14.227  34.493 0.0000000000
8872  53.357  -13.072  38.027 0.0000000000
8873  51.478  -15.184  40.046 0.0000000000
8874  53.656  -13.603  40.622 0.0000000000
8875  55.861  -12.704  41.222 0.0000000000
8894  40.351  -19.900  41.037 0.0000000000
8895  43.789  -18.440  45.456 0.0000000000
8899  42.679  -22.377  50.715 0.0000000000
8902  43.958  -19.913  51.537 0.0000000000
9015  55.656  -6.729  18.676 0.0000000000
9018  57.140  -9.581  20.497 0.0000000000
9019  59.044  -9.418  23.706 0.0000000000
9099  63.311  -8.036  14.973 0.0000000000
9100  64.358  -8.591  17.677 0.0000000000
10307  29.766  -32.132  69.032 0.0000000000
10308  28.936  -32.930  68.631 0.0000000000
10320  30.754  -32.555  68.480 0.0000000000
10323  41.947  -10.496  44.204 0.0000000000
10324  43.358  -10.097  44.174 0.0000000000
11237  27.147  -35.573  57.173 0.0000000000
11238  25.832  -36.052  55.920 0.0000000000
11239  26.411  -35.700  57.338 0.0000000000
11251  8.818  -39.780  72.239 0.0000000000
11252  8.831  -39.816  70.946 0.0000000000
11253  10.024  -39.519  70.415 0.0000000000
11254  8.708  -39.915  69.758 0.0000000000
11277  29.005  -35.246  59.539 0.0000000000
11278  29.767  -35.252  59.131 0.0000000000
11279  28.372  -35.396  58.081 0.0000000000
11280  27.721  -35.489  56.700 0.0000000000
12250  22.356  -30.764  68.990 0.0000000000
12254  18.292  -35.194  69.463 0.0000000000
12280  12.649  -45.519  66.480 0.0000000000
12281  11.222  -47.008  66.622 0.0000000000
12294  56.112  -10.079  28.507 0.0000000000
12295  57.761  -9.529  30.195 0.0000000000
12296  56.369  -10.249  29.834 0.0000000000
12297  55.918  -11.543  37.970 0.0000000000
12298  57.018  -11.158  38.285 0.0000000000
12299  56.940  -11.546  39.365 0.0000000000
12302  45.863  -16.786  34.179 0.0000000000
12303  47.084  -16.301  34.470 0.0000000000
12304  47.479  -16.770  35.999 0.0000000000
12320  39.474  -21.225  45.518 0.0000000000
12321  38.233  -20.524  44.150 0.0000000000
12322  39.847  -20.245  45.847 0.0000000000
12323  40.384  -19.387  45.968 0.0000000000
12324  41.381  -19.924  47.651 0.0000000000
12325  40.997  -26.675  57.917 0.0000000000
12326  41.139  -26.032  56.448 0.0000000000
12327  41.985  -25.624  58.404 0.0000000000
12341  41.081  -28.496  45.310 0.0000000000
12423  53.887  -10.824  26.642 0.0000000000
12424  54.322  -10.634  25.435 0.0000000000
12425  55.144  -10.420  27.031 0.0000000000
12426  56.475  -9.897  27.390 0.0000000000
12490  58.192  -7.911  17.077 0.0000000000
12491  59.920  -8.657  17.379 0.0000000000
12492  59.363  -8.922  18.300 0.0000000000
12493  60.503  -9.285  19.820 0.0000000000
12494  58.741  -9.258  19.096 0.0000000000
13637  29.146  -34.618  63.567 0.0000000000
13638  27.919  -34.818  62.167 0.0000000000
13639  28.248  -34.563  63.938 0.0000000000
13640  27.003  -33.992  66.550 0.0000000000
13641  26.656  -34.490  64.725 0.0000000000
13642  25.793  -34.485  65.148 0.0000000000
13643  24.593  -34.927  63.748 0.0000000000
13644  24.995  -34.478  65.547 0.0000000000
13674  34.515  -33.169  66.661 0.0000000000
13675  34.460  -33.971  65.679 0.0000000000
13676  33.602  -33.671  66.503 0.0000000000
13677  30.540  -34.044  66.060 0.0000000000
13678  31.402  -34.287  65.309 0.0000000000
13679  30.241  -34.504  64.390 0.0000000000
13680  29.951  -34.740  62.869 0.0000000000
14650  17.720  -31.436  68.285 0.0000000000
14680  14.048  -44.067  63.098 0.0000000000
14694  51.099  -11.551  27.130 0.0000000000
14695  52.493  -11.792  28.729 0.0000000000
14696  51.249  -12.064  28.322 0.0000000000
14697  50.458  -13.277  30.431 0.0000000000
14698  51.898  -12.962  30.947 0.0000000000
14699  52.278  -13.327  32.270 0.0000000000
14700  53.658  -12.909  34.142 0.0000000000
14701  52.386  -13.465  33.611 0.0000000000
14702  47.442  -18.053  40.770 0.0000000000
14703  48.544  -17.468  40.997 0.0000000000
14704  48.948  -17.314  42.759 0.0000000000
14739  42.222  -29.885  50.606 0.0000000000
14741  41.201  -30.496  50.394 0.0000000000
14742  39.215  -32.011  50.593 0.0000000000
14743  39.288  -31.700  49.620 0.0000000000
14826  51.431  -11.023  26.061 0.0000000000
16435  25.345  -35.578  59.397 0.0000000000
16436  24.846  -35.999  57.827 0.0000000000
16437  24.102  -36.091  58.255 0.0000000000
16473  12.314  -43.907  71.194 0.0000000000
16474  12.724  -42.263  71.139 0.0000000000
16475  12.561  -40.075  69.231 0.0000000000
16476  13.075  -41.531  69.379 0.0000000000
16477  13.207  -41.247  68.510 0.0000000000
16478  13.429  -42.643  67.827 0.0000000000
16479  13.259  -41.114  67.526 0.0000000000
16483  11.100  -39.236  64.321 0.0000000000
16484  11.043  -39.321  65.404 0.0000000000
16485  12.317  -39.602  65.063 0.0000000000
16486  13.286  -40.697  65.680 0.0000000000
16487  13.410  -40.458  64.688 0.0000000000
16488  13.902  -41.546  64.241 0.0000000000
16489  13.423  -40.227  63.702 0.0000000000
16491  13.560  -39.747  61.693 0.0000000000
16510  44.379  -18.936  36.890 0.0000000000
16511  43.275  -19.387  36.723 0.0000000000
16512  42.873  -19.960  39.953 0.0000000000
16513  44.111  -19.579  40.225 0.0000000000
16514  44.535  -19.257  42.076 0.0000000000
16515  46.095  -18.273  44.402 0.0000000000
16516  44.965  -18.680  44.151 0.0000000000
16520  35.877  -29.225  55.706 0.0000000000
16522  37.204  -28.873  56.138 0.0000000000
16523  38.569  -28.271  56.747 0.0000000000
16524  38.550  -28.867  58.244 0.0000000000
16525  34.988  -30.456  62.987 0.0000000000
16526  35.416  -30.403  60.971 0.0000000000
16527  36.334  -30.293  63.013 0.0000000000
16529  38.748  -29.418  63.091 0.0000000000
16547  34.076  -34.929  62.960 0.0000000000
16549  33.790  -35.102  61.560 0.0000000000
16550  31.286  -35.175  57.874 0.0000000000
16554  31.242  -35.122  55.731 0.0000000000
16556  29.830  -35.120  55.007 0.0000000000
16557  26.716  -36.096  54.080 0.0000000000
16558  27.321  -35.885  53.614 0.0000000000
17782  23.191  -31.014  64.322 0.0000000000
17783  22.923  -30.945  65.993 0.0000000000
17784  21.999  -31.384  63.871 0.0000000000
17788  17.902  -32.586  59.742 0.0000000000
17789  19.001  -32.374  59.746 0.0000000000
17790  18.769  -32.382  61.344 0.0000000000
17791  19.624  -32.017  63.209 0.0000000000
17792  18.497  -32.319  63.008 0.0000000000
17793  18.166  -32.159  64.550 0.0000000000
17794  17.351  -32.676  62.742 0.0000000000
17795  14.471  -33.563  61.503 0.0000000000
17796  15.308  -33.454  62.793 0.0000000000
17844  40.316  -10.372  46.717 0.0000000000
17973  41.677  -9.656  49.425 0.0000000000
17974  43.002  -9.292  49.617 0.0000000000
17975  41.697  -9.832  48.126 0.0000000000
17976  41.721  -9.972  46.834 0.0000000000
19465  26.600  -30.908  69.757 0.0000000000
19466  27.072  -31.706  70.062 0.0000000000
19467  26.131  -31.570  70.238 0.0000000000
19468  23.874  -32.564  70.467 0.0000000000
19469  24.762  -32.898  69.895 0.0000000000
19470  23.788  -33.476  69.041 0.0000000000
19471  23.510  -34.140  67.189 0.0000000000
19472  22.758  -34.024  67.981 0.0000000000
19474  21.344  -31.761  72.120 0.0000000000
19476  19.627  -35.256  67.658 0.0000000000
19477  20.557  -34.539  68.672 0.0000000000
19478  20.091  -35.180  66.754 0.0000000000
19479  20.604  -35.084  65.766 0.0000000000
19602  60.189  -9.280  33.262 0.0000000000
19604  60.586  -9.953  34.138 0.0000000000
19607  55.929  -11.480  32.164 0.0000000000
19608  57.047  -10.750  32.578 0.0000000000
19609  57.220  -10.760  34.225 0.0000000000
19625  49.642  -15.056  35.342 0.0000000000
19626  49.582  -14.856  33.925 0.0000000000
19627  50.904  -14.322  35.878 0.0000000000
19628  52.160  -13.649  36.283 0.0000000000
19629  52.124  -13.824  37.609 0.0000000000
19630  50.693  -16.169  41.360 0.0000000000
19631  50.362  -15.939  39.799 0.0000000000
19636  54.716  -13.022  40.938 0.0000000000
19678  36.504  -20.113  41.085 0.0000000000
19682  37.271  -20.162  39.476 0.0000000000
19683  38.500  -20.268  39.327 0.0000000000
19684  38.974  -19.934  40.842 0.0000000000
19685  42.587  -18.319  46.615 0.0000000000
19686  42.350  -18.697  44.882 0.0000000000
19687  43.971  -17.938  47.203 0.0000000000
19693  41.421  -24.714  53.445 0.0000000000
19695  41.572  -24.175  51.831 0.0000000000
19696  41.541  -23.548  50.181 0.0000000000
19697  42.846  -23.048  52.459 0.0000000000
19742  39.121  -30.278  45.987 0.0000000000
19743  39.087  -29.608  44.752 0.0000000000
19744  38.075  -30.219  44.460 0.0000000000
19994  55.841  -9.129  20.458 0.0000000000
19995  56.730  -9.969  21.821 0.0000000000
19996  58.150  -9.912  22.121 0.0000000000
19997  57.715  -9.924  23.496 0.0000000000
19998  59.227  -8.397  27.921 0.0000000000
19999  59.515  -8.357  26.486 0.0000000000
20000  60.538  -7.836  27.990 0.0000000000
20191  62.490  -7.619  13.620 0.0000000000
20192  62.026  -7.922  14.562 0.0000000000
20193  63.124  -8.186  18.419 0.0000000000
20194  63.547  -8.137  17.467 0.0000000000
20195  64.137  -8.368  18.762 0.0000000000
20200  62.296  -7.910  22.921 0.0000000000
23159  29.727  -33.738  66.915 0.0000000000
23160  28.589  -34.157  65.727 0.0000000000
23161  28.819  -33.603  67.397 0.0000000000
23162  28.023  -33.519  67.805 0.0000000000
23163  27.233  -33.446  68.123 0.0000000000
23181  32.537  -32.413  67.935 0.0000000000
23182  32.661  -33.348  67.187 0.0000000000
23183  31.748  -32.942  67.921 0.0000000000
23184  30.806  -33.407  67.498 0.0000000000
23189  44.522  -9.142  47.357 0.0000000000
23785  14.620  -43.348  61.237 0.0000000000
23794  50.010  -12.203  27.968 0.0000000000
23796  48.809  -12.808  28.896 0.0000000000
23797  49.020  -13.453  30.051 0.0000000000
23798  48.210  -17.349  44.564 0.0000000000
23821  41.127  -30.766  51.264 0.0000000000
24833  26.103  -36.300  54.580 0.0000000000
24835  25.419  -36.557  54.728 0.0000000000
24836  24.735  -36.857  54.863 0.0000000000
24848  8.891  -36.477  70.995 0.0000000000
24859  10.169  -39.569  72.755 0.0000000000
24860  11.556  -39.813  71.952 0.0000000000
24861  12.449  -40.636  71.111 0.0000000000
24862  11.381  -39.635  70.929 0.0000000000
24863  11.326  -39.509  69.857 0.0000000000
24864  11.269  -39.404  68.768 0.0000000000
24868  9.837  -39.303  63.365 0.0000000000
24870  12.424  -39.319  63.033 0.0000000000
24885  41.167  -20.268  38.041 0.0000000000
24886  41.519  -20.180  39.688 0.0000000000
24891  35.751  -29.683  57.285 0.0000000000
24905  31.619  -35.007  61.457 0.0000000000
24906  32.544  -35.115  60.883 0.0000000000
24907  31.171  -35.166  60.093 0.0000000000
24908  30.545  -35.242  58.576 0.0000000000
24909  29.813  -35.229  57.110 0.0000000000
24910  29.161  -35.179  55.707 0.0000000000
24911  28.440  -35.363  56.207 0.0000000000
24912  27.148  -35.682  55.340 0.0000000000
25646  23.721  -31.118  60.738 0.0000000000
25649  18.433  -31.976  57.108 0.0000000000
25650  17.282  -31.950  57.305 0.0000000000
25651  17.043  -32.427  58.490 0.0000000000
25652  16.802  -32.761  59.767 0.0000000000
25653  16.574  -32.974  61.252 0.0000000000
25654  15.714  -32.921  59.954 0.0000000000
26656  24.446  -30.782  69.430 0.0000000000
26657  25.111  -31.299  70.447 0.0000000000
26658  24.124  -31.130  70.432 0.0000000000
26661  19.468  -33.313  72.193 0.0000000000
26662  20.253  -33.587  71.338 0.0000000000
26663  19.363  -34.367  70.436 0.0000000000
26664  18.977  -35.271  68.546 0.0000000000
26665  18.703  -36.239  66.703 0.0000000000
26667  18.045  -37.442  65.961 0.0000000000
26710  11.742  -46.110  68.195 0.0000000000
26711  10.356  -47.332  68.404 0.0000000000
26740  59.347  -9.440  33.332 0.0000000000
26741  56.061  -11.525  35.187 0.0000000000
26742  57.230  -10.813  35.675 0.0000000000
26743  57.169  -10.927  37.111 0.0000000000
26744  57.894  -11.127  38.335 0.0000000000
26750  45.221  -15.240  31.661 0.0000000000
26751  46.550  -15.085  31.781 0.0000000000
26752  46.782  -15.746  33.018 0.0000000000
26753  48.343  -15.713  34.866 0.0000000000
26754  49.808  -15.349  36.819 0.0000000000
26785  37.164  -20.174  42.611 0.0000000000
26786  38.128  -19.762  42.378 0.0000000000
26787  39.369  -19.545  42.430 0.0000000000
26788  39.777  -19.250  44.091 0.0000000000
26789  41.301  -18.755  46.149 0.0000000000
26790  42.831  -18.272  48.335 0.0000000000
26793  39.908  -26.173  54.385 0.0000000000
26794  41.268  -25.331  55.018 0.0000000000
26795  42.414  -24.418  55.521 0.0000000000
26971  53.351  -10.228  23.958 0.0000000000
26972  54.646  -10.354  24.193 0.0000000000
26973  56.011  -10.270  24.491 0.0000000000
26974  57.319  -9.920  24.813 0.0000000000
26975  56.933  -9.834  26.136 0.0000000000
26976  57.851  -9.169  27.662 0.0000000000
27090  59.526  -7.662  15.239 0.0000000000
27091  61.370  -8.157  15.569 0.0000000000
27092  60.624  -8.453  16.427 0.0000000000
27093  61.596  -8.549  17.990 0.0000000000
27094  62.673  -8.342  19.465 0.0000000000
27095  63.390  -8.064  20.895 0.0000000000
27096  62.104  -8.536  20.466 0.0000000000
27097  61.535  -8.689  21.490 0.0000000000
27098  60.847  -8.885  22.405 0.0000000000
27950  60.097  -12.701  31.790 0.0000000000
27951  59.380  -13.296  32.459 0.0000000000
29075  28.314  -35.143  60.215 0.0000000000
29076  26.969  -35.380  58.873 0.0000000000
29077  27.481  -35.098  60.538 0.0000000000
29078  26.660  -35.071  60.929 0.0000000000
29079  25.823  -35.153  61.264 0.0000000000
29080  27.468  -34.502  64.325 0.0000000000
29081  26.210  -34.822  62.978 0.0000000000
29082  25.007  -35.277  61.693 0.0000000000
29097  7.579  -40.412  68.933 0.0000000000
29118  32.731  -30.343  58.302 0.0000000000
29119  32.593  -30.495  60.441 0.0000000000
29120  33.662  -30.489  62.754 0.0000000000
29129  35.376  -34.243  64.863 0.0000000000
29130  34.293  -34.588  64.313 0.0000000000
29131  33.235  -34.730  63.810 0.0000000000
29132  32.574  -34.020  66.006 0.0000000000
29133  32.279  -34.522  64.490 0.0000000000
29134  31.978  -34.838  62.925 0.0000000000
29135  30.825  -34.933  62.103 0.0000000000
29136  29.557  -34.971  61.222 0.0000000000
30495  19.924  -30.671  70.499 0.0000000000
30535  13.419  -44.816  64.858 0.0000000000
30555  53.494  -11.110  27.809 0.0000000000
30556  55.022  -10.872  29.486 0.0000000000
30557  53.755  -11.388  29.105 0.0000000000
30558  54.255  -11.759  30.412 0.0000000000
30559  54.673  -12.079  31.810 0.0000000000
30560  51.521  -12.585  29.616 0.0000000000
30561  53.295  -12.510  31.350 0.0000000000
30562  54.839  -12.260  33.176 0.0000000000
30563  54.871  -12.238  34.663 0.0000000000
30564  54.807  -12.175  36.046 0.0000000000
30565  54.714  -12.158  37.366 0.0000000000
30566  46.593  -17.864  37.354 0.0000000000
30567  47.775  -17.215  37.589 0.0000000000
30568  48.205  -17.381  39.388 0.0000000000
30569  49.615  -16.834  41.242 0.0000000000
30596  38.960  -22.250  45.112 0.0000000000
30597  40.431  -22.048  46.896 0.0000000000
30618  42.227  -29.022  48.213 0.0000000000
30619  41.213  -29.144  46.668 0.0000000000
30620  41.273  -29.664  47.954 0.0000000000
30621  40.213  -30.295  47.629 0.0000000000
30622  39.191  -30.918  47.280 0.0000000000
30624  39.261  -31.357  48.640 0.0000000000
30741  52.610  -11.029  26.278 0.0000000000
30836  56.845  -6.692  17.330 0.0000000000
32914  25.633  -35.857  57.534 0.0000000000
32915  24.421  -36.485  56.437 0.0000000000
32937  9.347  -35.528  72.872 0.0000000000
32963  11.770  -45.116  70.514 0.0000000000
32964  12.116  -44.991  69.656 0.0000000000
32965  12.971  -41.875  70.228 0.0000000000
32966  12.944  -43.226  69.521 0.0000000000
32967  12.539  -44.705  68.844 0.0000000000
32968  12.914  -44.456  68.003 0.0000000000
32969  13.192  -44.189  67.174 0.0000000000
32970  13.411  -43.953  66.311 0.0000000000
32971  8.590  -40.000  68.496 0.0000000000
32972  9.839  -39.534  68.104 0.0000000000
32973  11.150  -39.419  67.679 0.0000000000
32974  9.781  -39.498  65.723 0.0000000000
32975  11.147  -39.382  66.549 0.0000000000
32976  12.434  -39.898  67.147 0.0000000000
32977  13.281  -40.894  66.610 0.0000000000
32978  13.634  -42.204  66.046 0.0000000000
32979  13.687  -43.511  65.486 0.0000000000
32980  13.894  -43.165  64.606 0.0000000000
32981  14.121  -42.766  63.728 0.0000000000
32982  14.321  -42.436  62.784 0.0000000000
32983  13.518  -39.939  62.740 0.0000000000
32984  14.202  -40.932  62.329 0.0000000000
32985  14.540  -42.150  61.835 0.0000000000
32986  14.737  -41.775  60.835 0.0000000000
32997  44.408  -16.317  32.745 0.0000000000
32998  44.789  -17.190  34.010 0.0000000000
33007  45.119  -17.904  35.451 0.0000000000
33009  45.940  -18.602  38.833 0.0000000000
33010  46.345  -18.579  40.618 0.0000000000
33011  43.664  -19.653  38.380 0.0000000000
33012  45.258  -19.086  40.467 0.0000000000
33013  46.724  -18.353  42.575 0.0000000000
33014  47.119  -17.808  44.484 0.0000000000
33015  47.561  -17.268  46.404 0.0000000000
33025  38.580  -27.557  55.275 0.0000000000
33026  39.800  -27.529  57.258 0.0000000000
33027  40.673  -27.109  59.400 0.0000000000
33028  34.209  -30.284  58.736 0.0000000000
33029  35.628  -30.090  59.033 0.0000000000
33030  37.082  -29.767  59.388 0.0000000000
33031  37.589  -29.962  63.052 0.0000000000
33032  37.941  -29.520  61.428 0.0000000000
33033  38.372  -29.164  59.906 0.0000000000
33034  39.394  -28.433  60.274 0.0000000000
33035  40.378  -27.619  60.722 0.0000000000
33067  28.634  -35.831  52.525 0.0000000000
33068  28.488  -35.334  54.273 0.0000000000
33069  27.982  -35.800  53.054 0.0000000000
33070  27.708  -36.565  52.099 0.0000000000
34614  24.742  -30.581  68.230 0.0000000000
34615  23.762  -30.612  68.000 0.0000000000
34616  22.669  -30.853  67.630 0.0000000000
34617  21.540  -31.069  67.221 0.0000000000
34620  21.382  -31.885  60.152 0.0000000000
34621  19.304  -32.267  58.333 0.0000000000
34622  20.213  -32.139  59.970 0.0000000000
34623  21.099  -31.818  61.846 0.0000000000
34624  20.800  -31.699  63.504 0.0000000000
34625  20.554  -31.500  65.303 0.0000000000
34627  19.111  -31.487  66.707 0.0000000000
34628  17.907  -31.774  66.383 0.0000000000
34629  16.774  -32.231  66.124 0.0000000000
34630  16.292  -33.063  62.739 0.0000000000
34631  16.019  -32.982  64.288 0.0000000000
34632  15.766  -32.704  66.126 0.0000000000
34633  14.742  -33.325  66.090 0.0000000000
34634  13.807  -33.975  66.147 0.0000000000
34663  10.985  -35.620  66.668 0.0000000000
34664  10.088  -36.035  66.870 0.0000000000
34689  40.526  -10.781  44.017 0.0000000000
34694  37.635  -11.405  47.175 0.0000000000
34849  44.400  -9.027  48.594 0.0000000000
34850  43.127  -9.649  47.044 0.0000000000
36664  27.979  -31.871  69.805 0.0000000000
36665  27.302  -32.613  69.644 0.0000000000
36666  26.467  -33.300  68.762 0.0000000000
36667  25.518  -32.230  70.294 0.0000000000
36668  25.625  -33.162  69.289 0.0000000000
36669  25.445  -33.892  67.674 0.0000000000
36670  24.315  -34.244  66.383 0.0000000000
36671  23.108  -34.721  65.140 0.0000000000
36674  22.135  -31.984  71.571 0.0000000000
36675  22.294  -33.048  70.497 0.0000000000
36676  20.840  -33.735  70.483 0.0000000000
36677  21.441  -33.853  69.714 0.0000000000
36678  22.111  -33.933  68.807 0.0000000000
36679  21.715  -34.509  66.861 0.0000000000
36836  56.756  -10.556  31.038 0.0000000000
36837  58.235  -9.977  32.980 0.0000000000
36838  59.265  -9.767  34.690 0.0000000000
36839  58.262  -10.326  35.984 0.0000000000
36840  59.137  -10.184  35.897 0.0000000000
36856  49.271  -14.054  31.258 0.0000000000
36857  47.955  -14.878  32.071 0.0000000000
36858  49.499  -14.590  32.587 0.0000000000
36859  50.982  -14.074  33.118 0.0000000000
36860  52.290  -13.592  35.021 0.0000000000
36861  53.390  -12.960  36.780 0.0000000000
36862  54.580  -12.371  38.552 0.0000000000
36863  48.938  -16.461  37.945 0.0000000000
36864  50.086  -15.674  38.302 0.0000000000
36865  51.166  -14.886  38.602 0.0000000000
36867  52.552  -14.354  40.293 0.0000000000
36868  52.315  -14.128  38.980 0.0000000000
36869  53.458  -13.358  39.420 0.0000000000
36870  54.600  -12.668  39.755 0.0000000000
36871  55.828  -12.200  40.160 0.0000000000
36927  40.036  -20.289  39.446 0.0000000000
36928  41.797  -19.795  41.431 0.0000000000
36929  40.721  -19.390  42.717 0.0000000000
36930  42.102  -19.206  43.126 0.0000000000
36931  43.565  -19.007  43.634 0.0000000000
36942  41.148  -22.871  48.504 0.0000000000
36943  42.006  -21.674  48.979 0.0000000000
36950  43.950  -21.743  53.056 0.0000000000
36951  43.555  -21.064  51.205 0.0000000000
36952  42.526  -20.531  49.347 0.0000000000
36953  42.994  -19.458  49.803 0.0000000000
36954  43.522  -18.532  50.196 0.0000000000
36998  40.117  -29.046  45.091 0.0000000000
36999  39.036  -28.977  43.482 0.0000000000
37021  37.062  -33.082  50.145 0.0000000000
37293  56.603  -7.540  18.262 0.0000000000
37301  56.213  -8.441  19.296 0.0000000000
37302  57.433  -9.004  19.179 0.0000000000
37303  58.482  -9.713  20.645 0.0000000000
37304  59.517  -9.536  22.307 0.0000000000
37305  60.396  -8.606  23.853 0.0000000000
37306  58.650  -9.239  25.055 0.0000000000
37307  59.872  -8.441  25.167 0.0000000000
37308  61.180  -7.731  25.158 0.0000000000
37542  62.844  -8.059  16.008 0.0000000000
37543  63.890  -8.247  16.369 0.0000000000
