#!ascii label  , from subject fsaverage6 vox2ras=TkReg
519
42  22.056  0.849  64.860 0.0000000000
44  25.001  0.227  46.461 0.0000000000
162  19.704  -7.757  59.109 0.0000000000
163  21.796  0.087  54.586 0.0000000000
164  23.342  -10.344  50.499 0.0000000000
171  30.080  -10.452  48.160 0.0000000000
364  21.053  9.568  57.474 0.0000000000
365  22.689  8.681  46.875 0.0000000000
366  30.882  9.031  50.900 0.0000000000
643  21.574  -8.778  55.121 0.0000000000
644  24.030  -12.765  54.744 0.0000000000
651  27.839  -13.867  54.062 0.0000000000
842  20.001  5.143  64.575 0.0000000000
844  22.919  5.754  62.043 0.0000000000
845  22.151  -0.236  49.231 0.0000000000
846  21.694  4.779  51.117 0.0000000000
847  24.065  4.437  47.082 0.0000000000
848  27.307  8.132  46.678 0.0000000000
849  27.782  4.505  49.259 0.0000000000
1442  20.560  -3.345  62.055 0.0000000000
1443  23.109  0.513  60.023 0.0000000000
1444  21.413  -4.027  57.307 0.0000000000
1445  21.928  -4.965  51.920 0.0000000000
1446  23.265  -5.415  46.672 0.0000000000
1459  26.245  -6.441  44.568 0.0000000000
1460  26.315  -11.530  48.117 0.0000000000
1461  31.423  -12.291  54.253 0.0000000000
1805  20.592  14.424  58.146 0.0000000000
1806  20.933  13.964  54.188 0.0000000000
1807  21.630  5.182  56.698 0.0000000000
1808  20.756  9.417  52.057 0.0000000000
1809  21.893  12.903  48.372 0.0000000000
1810  24.848  11.695  44.781 0.0000000000
1811  29.173  12.495  46.355 0.0000000000
2563  22.560  -11.794  56.892 0.0000000000
2564  24.497  -13.314  56.859 0.0000000000
2763  22.213  5.580  64.010 0.0000000000
2764  23.301  3.235  63.986 0.0000000000
2765  23.186  -0.124  47.256 0.0000000000
2766  22.699  2.457  48.012 0.0000000000
2767  24.467  2.416  47.024 0.0000000000
2768  26.175  4.423  47.492 0.0000000000
2769  26.228  2.430  47.739 0.0000000000
2791  27.248  1.841  49.077 0.0000000000
2792  26.464  -0.342  46.778 0.0000000000
3362  19.961  -5.524  60.409 0.0000000000
3363  21.236  -3.746  59.900 0.0000000000
3364  20.706  -5.767  58.366 0.0000000000
3365  22.302  -9.599  52.919 0.0000000000
3366  21.635  -7.085  53.630 0.0000000000
3367  22.249  -7.741  50.935 0.0000000000
3368  22.433  -5.335  49.111 0.0000000000
3369  23.049  -8.174  48.309 0.0000000000
3376  18.938  -6.274  61.772 0.0000000000
3391  24.363  -8.881  46.554 0.0000000000
3392  24.620  -11.220  48.967 0.0000000000
3394  29.792  -13.276  54.041 0.0000000000
3967  20.817  11.977  57.472 0.0000000000
3968  20.997  14.353  56.335 0.0000000000
3969  20.668  11.897  55.733 0.0000000000
3970  22.358  0.377  57.267 0.0000000000
3971  22.413  2.993  58.591 0.0000000000
3972  21.577  2.752  55.933 0.0000000000
3973  21.969  6.795  48.846 0.0000000000
3974  21.323  7.163  51.466 0.0000000000
3975  21.374  9.232  49.159 0.0000000000
3976  21.090  11.405  50.035 0.0000000000
3977  22.023  10.946  47.408 0.0000000000
3978  22.943  12.224  46.056 0.0000000000
3979  23.756  10.204  45.524 0.0000000000
3980  29.145  8.461  48.637 0.0000000000
3981  28.498  10.078  46.601 0.0000000000
3982  30.278  10.739  48.624 0.0000000000
4058  27.949  -9.126  45.677 0.0000000000
5762  20.185  -10.191  58.717 0.0000000000
5763  20.753  -8.186  57.380 0.0000000000
5764  21.309  -10.492  57.094 0.0000000000
5765  22.494  -11.106  54.758 0.0000000000
5766  23.664  -11.745  52.696 0.0000000000
5779  25.246  -12.704  51.648 0.0000000000
5780  25.894  -13.534  54.395 0.0000000000
6122  18.648  6.606  63.129 0.0000000000
6126  21.944  7.665  59.757 0.0000000000
6127  21.769  -0.106  51.901 0.0000000000
6128  21.487  2.591  53.151 0.0000000000
6129  21.742  2.437  50.306 0.0000000000
6130  22.375  4.596  48.634 0.0000000000
6131  23.571  6.569  46.834 0.0000000000
6132  24.832  8.182  45.824 0.0000000000
6133  25.792  6.244  46.662 0.0000000000
6134  27.788  6.367  48.217 0.0000000000
6135  29.397  6.624  50.321 0.0000000000
6175  30.548  6.364  52.406 0.0000000000
6176  28.635  4.106  51.127 0.0000000000
6179  32.111  -10.501  51.713 0.0000000000
7202  21.541  -1.424  63.614 0.0000000000
7203  23.390  0.296  62.898 0.0000000000
7204  22.279  -1.728  61.594 0.0000000000
7205  22.167  -1.820  58.791 0.0000000000
7206  21.884  -2.062  56.076 0.0000000000
7207  21.279  -6.274  55.997 0.0000000000
7208  21.506  -4.511  54.728 0.0000000000
7209  21.838  -2.465  53.228 0.0000000000
7210  22.064  -2.699  50.465 0.0000000000
7211  22.681  -2.700  47.942 0.0000000000
7212  23.788  -2.568  45.932 0.0000000000
7222  19.294  -4.102  63.190 0.0000000000
7243  25.330  -3.024  45.125 0.0000000000
7244  24.575  -6.344  45.337 0.0000000000
7245  26.030  -9.356  45.808 0.0000000000
7246  28.241  -11.206  47.885 0.0000000000
7247  27.071  -12.926  50.881 0.0000000000
7248  28.894  -12.469  50.834 0.0000000000
7249  30.492  -11.670  51.284 0.0000000000
8053  23.373  3.220  61.278 0.0000000000
8054  22.240  5.567  59.403 0.0000000000
8055  21.439  7.438  57.372 0.0000000000
8056  21.415  5.143  53.843 0.0000000000
8057  21.154  7.331  54.445 0.0000000000
8058  20.852  9.642  55.192 0.0000000000
8059  20.666  11.628  53.006 0.0000000000
8060  21.109  13.596  51.082 0.0000000000
8063  23.620  13.790  44.877 0.0000000000
8064  25.565  13.640  43.672 0.0000000000
8065  26.246  9.873  45.250 0.0000000000
8066  27.169  11.844  44.978 0.0000000000
8067  27.647  13.946  44.420 0.0000000000
8165  27.006  -3.403  45.161 0.0000000000
10243  23.137  -12.534  57.839 0.0000000000
10244  24.600  -13.331  57.396 0.0000000000
10442  21.900  2.006  65.211 0.0000000000
10443  22.361  3.217  64.741 0.0000000000
10444  22.829  1.951  64.537 0.0000000000
10445  24.004  -0.020  46.650 0.0000000000
10446  23.680  1.196  47.049 0.0000000000
10447  24.649  1.380  46.777 0.0000000000
10448  25.390  2.431  47.171 0.0000000000
10449  25.594  1.346  47.040 0.0000000000
10471  26.291  1.128  47.431 0.0000000000
10472  25.758  -0.082  46.466 0.0000000000
11042  19.773  -6.620  59.641 0.0000000000
11043  20.328  -5.592  59.453 0.0000000000
11044  20.216  -6.788  58.664 0.0000000000
11045  22.769  -9.959  51.738 0.0000000000
11046  22.287  -8.646  51.976 0.0000000000
11047  22.687  -9.042  50.646 0.0000000000
11048  22.606  -8.080  49.677 0.0000000000
11049  23.126  -9.319  49.322 0.0000000000
11053  19.426  -9.521  59.516 0.0000000000
11055  19.270  -8.152  59.822 0.0000000000
11056  19.317  -7.116  60.340 0.0000000000
11071  23.708  -9.790  48.537 0.0000000000
11072  23.823  -10.858  49.749 0.0000000000
11645  21.244  9.666  58.445 0.0000000000
11647  20.935  10.780  57.415 0.0000000000
11648  20.778  11.956  56.610 0.0000000000
11649  20.796  10.761  56.526 0.0000000000
11650  21.961  0.221  56.021 0.0000000000
11651  21.965  1.570  56.669 0.0000000000
11652  21.714  1.463  55.245 0.0000000000
11653  22.267  7.701  47.787 0.0000000000
11654  21.680  8.035  48.950 0.0000000000
11655  21.935  8.942  47.931 0.0000000000
11656  21.643  10.102  48.220 0.0000000000
11657  22.363  9.818  47.067 0.0000000000
11658  22.827  10.519  46.324 0.0000000000
11659  23.189  9.445  46.108 0.0000000000
11660  29.980  8.649  49.740 0.0000000000
11661  29.807  9.537  48.709 0.0000000000
11662  30.629  9.837  49.761 0.0000000000
11738  28.975  -9.947  46.804 0.0000000000
13442  20.707  -11.137  58.927 0.0000000000
13443  20.613  -10.030  57.962 0.0000000000
13444  21.190  -10.991  58.187 0.0000000000
13445  23.259  -12.403  55.758 0.0000000000
13446  22.339  -11.456  55.612 0.0000000000
13447  23.049  -11.858  54.647 0.0000000000
13448  23.025  -11.355  53.641 0.0000000000
13449  23.920  -12.212  53.710 0.0000000000
13471  24.647  -12.819  53.183 0.0000000000
13472  25.007  -13.200  54.640 0.0000000000
14042  19.330  5.879  63.946 0.0000000000
14043  19.705  7.125  63.345 0.0000000000
14044  20.553  6.360  64.083 0.0000000000
14045  22.848  5.807  63.182 0.0000000000
14046  22.321  6.933  63.048 0.0000000000
14047  22.640  6.759  62.008 0.0000000000
14048  22.233  7.628  60.840 0.0000000000
14049  22.496  6.674  60.904 0.0000000000
14050  21.943  -0.238  50.502 0.0000000000
14051  21.671  1.132  51.188 0.0000000000
14052  21.913  1.176  49.810 0.0000000000
14053  23.294  3.451  47.539 0.0000000000
14054  22.474  3.571  48.362 0.0000000000
14055  23.102  4.501  47.626 0.0000000000
14056  22.940  5.601  47.655 0.0000000000
14057  23.860  5.451  47.016 0.0000000000
14058  24.613  6.340  46.535 0.0000000000
14059  24.956  5.397  46.811 0.0000000000
14060  27.043  4.397  48.325 0.0000000000
14061  26.978  5.278  47.799 0.0000000000
14062  27.792  5.411  48.831 0.0000000000
14063  28.539  6.442  49.220 0.0000000000
14064  28.537  5.443  49.825 0.0000000000
14131  29.134  5.329  50.799 0.0000000000
14132  28.169  4.273  50.215 0.0000000000
14133  27.400  0.427  48.414 0.0000000000
14134  27.701  1.518  49.765 0.0000000000
15842  20.993  -2.392  62.834 0.0000000000
15843  22.079  -1.580  62.717 0.0000000000
15844  21.486  -2.559  61.967 0.0000000000
15845  21.322  -3.808  58.647 0.0000000000
15846  21.766  -2.624  59.491 0.0000000000
15847  21.637  -2.837  58.106 0.0000000000
15848  21.976  -1.890  57.362 0.0000000000
15849  21.619  -3.028  56.789 0.0000000000
15850  21.201  -8.390  56.276 0.0000000000
15851  21.115  -7.270  56.711 0.0000000000
15852  21.243  -7.608  55.534 0.0000000000
15853  21.754  -6.050  52.811 0.0000000000
15854  21.540  -5.721  54.035 0.0000000000
15855  21.606  -4.682  53.426 0.0000000000
15856  21.573  -3.435  54.056 0.0000000000
15857  21.876  -3.750  52.522 0.0000000000
15858  21.919  -2.591  51.820 0.0000000000
15859  21.985  -3.842  51.118 0.0000000000
15860  22.787  -5.473  47.794 0.0000000000
15861  22.514  -4.097  48.451 0.0000000000
15862  22.926  -4.082  47.219 0.0000000000
15863  23.096  -2.687  46.806 0.0000000000
15864  23.497  -3.912  46.206 0.0000000000
15883  19.636  -4.647  61.922 0.0000000000
15884  19.062  -5.135  62.467 0.0000000000
15885  19.915  -3.738  62.542 0.0000000000
15886  20.395  -2.599  63.489 0.0000000000
15931  24.096  -4.321  45.487 0.0000000000
15932  23.880  -5.819  45.884 0.0000000000
15933  25.184  -10.465  47.278 0.0000000000
15934  25.117  -9.099  46.056 0.0000000000
15935  26.108  -10.459  46.833 0.0000000000
15936  27.027  -10.485  46.722 0.0000000000
15937  27.248  -11.477  47.910 0.0000000000
15938  26.490  -13.387  52.612 0.0000000000
15939  26.156  -12.924  51.156 0.0000000000
15940  27.411  -13.427  52.428 0.0000000000
15941  30.643  -12.815  54.104 0.0000000000
15942  29.362  -12.958  52.468 0.0000000000
15943  30.199  -12.504  52.541 0.0000000000
15944  29.763  -12.156  51.013 0.0000000000
15945  30.866  -11.968  52.748 0.0000000000
15946  31.612  -11.460  53.048 0.0000000000
15947  32.116  -11.803  54.574 0.0000000000
17653  20.640  13.251  58.882 0.0000000000
17655  20.170  14.564  59.206 0.0000000000
17657  20.177  15.750  58.552 0.0000000000
17660  20.880  14.107  55.394 0.0000000000
17662  21.084  15.226  54.726 0.0000000000
17664  21.141  14.969  53.264 0.0000000000
17665  23.348  0.441  61.580 0.0000000000
17666  23.631  1.862  62.193 0.0000000000
17667  23.341  1.928  60.690 0.0000000000
17668  21.910  4.286  57.721 0.0000000000
17669  22.320  4.330  59.015 0.0000000000
17670  21.840  5.481  57.960 0.0000000000
17671  21.766  6.571  58.364 0.0000000000
17672  21.571  6.348  57.003 0.0000000000
17673  21.508  3.860  52.091 0.0000000000
17674  21.423  3.928  53.524 0.0000000000
17675  21.480  4.987  52.436 0.0000000000
17676  21.000  8.371  51.662 0.0000000000
17677  21.159  7.232  52.927 0.0000000000
17678  20.863  8.366  53.191 0.0000000000
17679  20.947  8.453  54.785 0.0000000000
17680  20.771  9.489  53.567 0.0000000000
17681  20.672  10.609  54.058 0.0000000000
17682  20.712  10.516  52.493 0.0000000000
17683  21.412  12.228  49.155 0.0000000000
17684  21.059  12.482  50.547 0.0000000000
17685  21.477  13.332  49.686 0.0000000000
17686  21.586  14.327  50.369 0.0000000000
17687  21.958  13.933  48.992 0.0000000000
17689  22.273  13.558  47.703 0.0000000000
17690  23.813  11.969  45.251 0.0000000000
17691  23.377  12.926  45.553 0.0000000000
17692  24.232  12.768  44.719 0.0000000000
17693  24.470  13.651  44.082 0.0000000000
17694  25.271  12.646  44.280 0.0000000000
17695  26.085  8.128  45.954 0.0000000000
17696  25.507  9.047  45.518 0.0000000000
17697  26.810  8.965  45.873 0.0000000000
17698  28.996  11.240  46.533 0.0000000000
17699  27.892  11.003  45.717 0.0000000000
17700  28.236  12.152  45.613 0.0000000000
17701  27.465  12.931  44.769 0.0000000000
17702  28.359  13.265  45.452 0.0000000000
17704  29.139  13.739  46.102 0.0000000000
17933  25.621  -4.870  44.721 0.0000000000
17934  26.133  -3.305  45.037 0.0000000000
17935  26.525  -4.942  44.640 0.0000000000
23042  22.108  -12.608  59.752 0.0000000000
23043  21.849  -11.579  58.271 0.0000000000
23044  22.885  -12.525  58.475 0.0000000000
23045  23.401  -12.685  56.834 0.0000000000
23046  24.258  -13.225  55.925 0.0000000000
23059  25.332  -13.659  55.898 0.0000000000
23060  25.676  -13.724  56.992 0.0000000000
23403  21.232  5.455  64.531 0.0000000000
23405  22.827  4.484  64.116 0.0000000000
23406  23.295  4.556  63.142 0.0000000000
23407  22.563  -0.271  48.175 0.0000000000
23408  22.267  1.119  48.634 0.0000000000
23409  22.864  1.124  47.679 0.0000000000
23410  23.531  2.419  47.294 0.0000000000
23411  24.228  3.402  47.114 0.0000000000
23412  25.161  4.374  47.050 0.0000000000
23413  25.292  3.472  47.209 0.0000000000
23414  26.337  3.480  47.834 0.0000000000
23415  26.971  3.553  48.558 0.0000000000
23455  27.354  3.266  49.330 0.0000000000
23456  26.752  2.228  48.335 0.0000000000
23457  26.869  0.768  47.953 0.0000000000
23458  27.161  -0.650  47.095 0.0000000000
24482  20.260  -4.414  61.282 0.0000000000
24483  20.931  -3.590  61.115 0.0000000000
24484  20.549  -4.614  60.191 0.0000000000
24485  20.943  -4.662  59.155 0.0000000000
24486  21.119  -4.739  57.905 0.0000000000
24487  21.872  -9.247  54.009 0.0000000000
24488  21.544  -7.873  54.347 0.0000000000
24489  21.915  -8.398  53.222 0.0000000000
24490  21.818  -7.328  52.248 0.0000000000
24491  22.016  -6.336  51.402 0.0000000000
24492  22.087  -5.213  50.541 0.0000000000
24493  22.362  -6.558  49.909 0.0000000000
24494  22.648  -6.679  48.596 0.0000000000
24495  23.120  -6.771  47.328 0.0000000000
24506  18.152  -8.029  61.482 0.0000000000
24507  18.813  -7.435  61.131 0.0000000000
24508  19.414  -5.842  61.122 0.0000000000
24535  23.722  -7.203  46.485 0.0000000000
24536  23.639  -8.517  47.340 0.0000000000
24537  24.401  -10.184  47.713 0.0000000000
24538  25.406  -11.446  48.561 0.0000000000
24540  28.855  -13.634  54.044 0.0000000000
25572  20.839  14.426  57.195 0.0000000000
25573  20.837  13.244  56.777 0.0000000000
25574  20.870  13.082  55.974 0.0000000000
25575  20.687  12.971  54.993 0.0000000000
25576  22.831  0.548  58.621 0.0000000000
25577  22.957  1.762  59.294 0.0000000000
25578  22.547  1.779  57.993 0.0000000000
25579  21.865  2.760  57.354 0.0000000000
25580  21.616  4.097  56.362 0.0000000000
25581  21.854  5.833  49.977 0.0000000000
25582  21.613  5.933  51.270 0.0000000000
25583  21.556  7.035  50.185 0.0000000000
25584  21.298  8.233  50.239 0.0000000000
25585  21.078  9.401  50.558 0.0000000000
25586  20.864  10.425  51.007 0.0000000000
25587  21.161  10.386  49.544 0.0000000000
25588  21.433  11.191  48.634 0.0000000000
25589  21.857  11.867  47.807 0.0000000000
25590  22.377  12.533  47.142 0.0000000000
25591  22.530  11.614  46.664 0.0000000000
25592  23.347  11.209  45.765 0.0000000000
25593  24.391  10.883  45.122 0.0000000000
25594  28.298  8.236  47.568 0.0000000000
25595  27.993  9.072  46.641 0.0000000000
25596  28.957  9.254  47.660 0.0000000000
25597  29.463  10.388  47.632 0.0000000000
25598  29.765  11.600  47.451 0.0000000000
25599  29.848  12.925  47.180 0.0000000000
25600  30.590  12.033  48.273 0.0000000000
25736  26.984  -7.875  44.845 0.0000000000
25737  27.151  -6.458  44.528 0.0000000000
25738  27.973  -7.814  44.858 0.0000000000
28802  19.806  -9.026  58.756 0.0000000000
28803  20.129  -7.917  58.223 0.0000000000
28804  20.329  -9.307  58.059 0.0000000000
28805  20.904  -8.991  57.056 0.0000000000
28806  21.364  -9.650  55.952 0.0000000000
28807  21.728  -11.042  56.872 0.0000000000
28808  21.721  -10.390  55.711 0.0000000000
28809  21.849  -9.991  54.897 0.0000000000
28810  22.303  -10.305  53.782 0.0000000000
28811  22.899  -10.676  52.594 0.0000000000
28812  23.478  -11.134  51.617 0.0000000000
28822  19.784  -10.625  59.473 0.0000000000
28843  24.168  -11.624  50.699 0.0000000000
28844  24.393  -12.310  51.943 0.0000000000
28845  25.660  -13.185  53.029 0.0000000000
28846  26.865  -13.793  54.120 0.0000000000
29642  17.918  7.174  62.369 0.0000000000
29644  18.972  7.868  62.583 0.0000000000
29647  21.520  6.789  63.833 0.0000000000
29648  21.724  7.862  62.966 0.0000000000
29651  21.706  8.571  59.646 0.0000000000
29652  21.435  8.543  58.558 0.0000000000
29653  21.759  0.014  53.218 0.0000000000
29654  21.557  1.198  53.946 0.0000000000
29655  21.626  1.303  52.487 0.0000000000
29656  21.602  2.520  51.708 0.0000000000
29657  21.732  3.732  50.731 0.0000000000
29658  22.142  2.434  49.079 0.0000000000
29659  21.989  3.636  49.496 0.0000000000
29660  21.975  4.750  49.741 0.0000000000
29661  22.319  5.768  48.745 0.0000000000
29662  22.662  6.710  47.685 0.0000000000
29663  23.157  7.617  46.717 0.0000000000
29664  23.682  8.420  46.098 0.0000000000
29665  24.159  7.342  46.278 0.0000000000
29666  25.429  7.295  46.169 0.0000000000
29667  26.563  7.194  46.635 0.0000000000
29668  26.114  5.304  47.100 0.0000000000
29669  26.858  6.240  47.302 0.0000000000
29670  27.588  7.277  47.468 0.0000000000
29671  28.402  7.335  48.487 0.0000000000
29672  29.292  7.645  49.549 0.0000000000
29673  30.130  7.823  50.689 0.0000000000
29767  30.793  7.741  51.842 0.0000000000
29768  30.022  6.523  51.304 0.0000000000
29769  29.613  5.182  51.829 0.0000000000
29770  29.051  3.916  52.004 0.0000000000
29771  27.821  3.051  50.214 0.0000000000
29772  28.195  2.768  50.977 0.0000000000
29773  28.769  2.438  51.900 0.0000000000
29777  31.118  -10.648  49.912 0.0000000000
29778  30.965  -10.024  48.354 0.0000000000
29779  31.982  -10.087  50.110 0.0000000000
32162  21.958  -0.358  64.240 0.0000000000
32163  22.821  0.648  64.172 0.0000000000
32164  22.555  -0.600  63.457 0.0000000000
32165  22.868  -0.817  62.258 0.0000000000
32166  22.880  -0.735  60.898 0.0000000000
32167  21.676  -2.807  60.752 0.0000000000
32168  22.279  -1.793  60.170 0.0000000000
32169  22.714  -0.587  59.459 0.0000000000
32170  22.408  -0.672  58.079 0.0000000000
32171  22.147  -0.825  56.707 0.0000000000
32172  21.962  -0.930  55.311 0.0000000000
32173  20.606  -6.748  57.767 0.0000000000
32174  21.098  -6.063  57.194 0.0000000000
32175  21.206  -5.172  56.668 0.0000000000
32176  21.461  -6.684  54.822 0.0000000000
32177  21.440  -5.525  55.441 0.0000000000
32178  21.383  -4.244  55.979 0.0000000000
32179  21.645  -3.318  55.394 0.0000000000
32180  21.660  -2.263  54.686 0.0000000000
32181  21.787  -1.116  53.937 0.0000000000
32182  21.781  -1.391  52.498 0.0000000000
32183  21.936  -1.411  51.171 0.0000000000
32184  22.116  -1.506  49.866 0.0000000000
32185  22.188  -4.023  49.696 0.0000000000
32186  22.304  -2.953  49.123 0.0000000000
32187  22.368  -1.533  48.634 0.0000000000
32188  22.822  -1.398  47.532 0.0000000000
32189  23.481  -1.279  46.622 0.0000000000
32190  24.298  -1.278  45.989 0.0000000000
32214  18.313  -6.694  62.269 0.0000000000
32215  18.529  -5.589  62.899 0.0000000000
32217  19.646  -3.014  64.069 0.0000000000
32218  20.840  -1.602  64.208 0.0000000000
32275  25.088  -1.469  45.713 0.0000000000
32276  24.578  -2.845  45.466 0.0000000000
32277  24.837  -4.568  45.026 0.0000000000
32278  25.389  -6.347  44.814 0.0000000000
32279  24.390  -7.598  45.807 0.0000000000
32280  25.193  -7.838  45.282 0.0000000000
32281  26.103  -7.929  44.993 0.0000000000
32282  27.011  -9.261  45.583 0.0000000000
32283  28.052  -10.301  46.717 0.0000000000
32284  29.145  -10.925  48.033 0.0000000000
32285  24.953  -12.051  50.296 0.0000000000
32286  25.666  -12.290  49.919 0.0000000000
32287  26.635  -12.334  49.624 0.0000000000
32288  28.397  -13.318  52.369 0.0000000000
32289  28.034  -12.855  50.807 0.0000000000
32290  27.547  -12.227  49.272 0.0000000000
32291  28.532  -12.021  49.361 0.0000000000
32292  29.441  -11.598  49.497 0.0000000000
32293  30.237  -11.109  49.745 0.0000000000
32294  31.336  -10.992  51.451 0.0000000000
34471  23.557  1.752  63.495 0.0000000000
34472  23.643  3.121  62.747 0.0000000000
34473  23.249  4.498  61.784 0.0000000000
34474  23.059  3.118  59.883 0.0000000000
34475  22.823  4.513  60.428 0.0000000000
34476  22.682  5.621  60.756 0.0000000000
34477  22.135  6.602  59.690 0.0000000000
34478  21.714  7.523  58.621 0.0000000000
34479  21.277  8.560  57.556 0.0000000000
34480  21.441  2.687  54.517 0.0000000000
34481  21.393  3.943  55.000 0.0000000000
34482  21.479  5.158  55.300 0.0000000000
34483  21.330  6.128  52.689 0.0000000000
34484  21.403  6.204  54.167 0.0000000000
34485  21.405  6.295  55.565 0.0000000000
34486  21.254  7.372  55.869 0.0000000000
34487  21.136  8.530  56.263 0.0000000000
34488  20.929  9.755  56.540 0.0000000000
34489  20.744  10.715  55.528 0.0000000000
34490  20.706  11.767  54.627 0.0000000000
34491  20.678  12.806  53.606 0.0000000000
34492  20.793  11.505  51.459 0.0000000000
34493  20.749  12.580  52.014 0.0000000000
34494  20.905  13.805  52.605 0.0000000000
34495  21.360  14.661  51.711 0.0000000000
34501  22.741  13.224  46.569 0.0000000000
34502  23.043  14.026  45.961 0.0000000000
34507  24.273  9.211  45.564 0.0000000000
34508  24.917  9.942  45.166 0.0000000000
34509  25.495  10.726  44.943 0.0000000000
34510  27.437  9.851  45.805 0.0000000000
34511  26.761  10.803  45.095 0.0000000000
34512  26.025  11.698  44.653 0.0000000000
34513  26.465  12.692  44.288 0.0000000000
34514  26.699  13.759  43.909 0.0000000000
34799  25.893  -1.644  45.728 0.0000000000
34800  26.722  -1.836  45.931 0.0000000000
