#!ascii label  , from subject fsaverage6 vox2ras=TkReg
143
135  23.942  -79.296  28.817 0.0000000000
565  29.051  -68.233  22.167 0.0000000000
783  36.230  -79.842  32.228 0.0000000000
1252  25.912  -72.755  25.037 0.0000000000
1253  27.639  -74.433  19.735 0.0000000000
1254  25.609  -81.014  23.201 0.0000000000
2335  33.055  -68.900  23.772 0.0000000000
2336  31.760  -72.065  18.400 0.0000000000
2703  34.871  -77.410  30.863 0.0000000000
2704  34.954  -75.553  28.117 0.0000000000
2706  34.679  -73.467  25.785 0.0000000000
3168  24.375  -77.322  32.231 0.0000000000
3172  24.798  -76.059  26.900 0.0000000000
3173  25.678  -76.847  24.196 0.0000000000
3174  25.017  -80.368  25.991 0.0000000000
3197  29.724  -84.719  12.657 0.0000000000
5197  31.235  -67.926  22.262 0.0000000000
5198  32.701  -70.327  20.819 0.0000000000
5199  30.553  -70.142  19.989 0.0000000000
5200  25.780  -78.119  18.894 0.0000000000
5201  27.446  -75.503  17.174 0.0000000000
6019  35.606  -79.946  30.277 0.0000000000
6862  27.349  -69.988  23.244 0.0000000000
6863  28.496  -71.273  20.622 0.0000000000
6864  26.892  -73.567  22.311 0.0000000000
6865  26.512  -77.585  21.401 0.0000000000
6866  24.580  -81.152  20.743 0.0000000000
7776  23.966  -79.664  34.631 0.0000000000
7777  23.752  -82.227  31.046 0.0000000000
7778  24.956  -83.677  28.024 0.0000000000
7779  23.647  -85.920  30.338 0.0000000000
9566  34.028  -71.738  23.033 0.0000000000
9567  33.636  -72.791  20.215 0.0000000000
9569  29.388  -72.626  18.356 0.0000000000
9570  30.206  -74.068  16.418 0.0000000000
9575  24.936  -84.547  24.895 0.0000000000
10385  34.856  -74.455  27.010 0.0000000000
10848  23.857  -78.373  30.604 0.0000000000
10850  24.218  -76.795  29.416 0.0000000000
10851  24.680  -75.265  28.446 0.0000000000
10852  24.280  -77.716  27.832 0.0000000000
10853  24.782  -78.209  26.463 0.0000000000
10854  24.488  -79.861  27.397 0.0000000000
12877  30.164  -67.894  22.006 0.0000000000
12878  30.983  -68.953  21.053 0.0000000000
12879  29.817  -69.188  20.976 0.0000000000
12880  24.649  -79.705  18.541 0.0000000000
12881  25.551  -78.336  17.604 0.0000000000
13870  35.303  -77.914  29.234 0.0000000000
13871  35.221  -78.833  30.612 0.0000000000
15273  25.838  -71.987  26.492 0.0000000000
15275  26.453  -70.446  25.692 0.0000000000
15277  26.611  -71.282  24.128 0.0000000000
15278  27.051  -71.788  22.766 0.0000000000
15279  26.337  -73.182  23.667 0.0000000000
15280  25.764  -78.980  23.730 0.0000000000
15281  26.197  -77.137  22.835 0.0000000000
15282  26.024  -79.310  22.327 0.0000000000
15283  25.700  -79.574  20.993 0.0000000000
15284  25.263  -81.116  21.894 0.0000000000
15362  28.689  -90.631  14.646 0.0000000000
17074  23.892  -80.558  35.787 0.0000000000
17075  23.451  -82.061  34.082 0.0000000000
17076  23.462  -81.024  32.905 0.0000000000
17077  23.687  -83.387  32.236 0.0000000000
17078  24.165  -84.253  30.702 0.0000000000
17079  23.630  -85.213  31.864 0.0000000000
21352  33.608  -69.725  24.710 0.0000000000
21353  34.048  -71.163  24.467 0.0000000000
21354  33.607  -70.339  23.300 0.0000000000
21355  32.252  -71.196  19.550 0.0000000000
21356  33.164  -71.608  20.398 0.0000000000
21357  32.800  -72.291  19.064 0.0000000000
21360  28.062  -72.829  20.132 0.0000000000
21361  28.965  -71.904  19.463 0.0000000000
21362  28.386  -73.339  18.951 0.0000000000
21364  28.735  -74.559  16.625 0.0000000000
21365  29.151  -75.291  15.666 0.0000000000
21375  24.472  -85.663  27.449 0.0000000000
21376  25.157  -84.268  26.400 0.0000000000
21377  23.911  -86.037  25.935 0.0000000000
23299  34.895  -76.483  29.492 0.0000000000
23300  35.306  -76.871  27.842 0.0000000000
23302  35.248  -75.892  26.684 0.0000000000
23304  34.802  -73.898  24.343 0.0000000000
24142  25.303  -74.362  25.971 0.0000000000
24143  25.720  -74.762  24.611 0.0000000000
24144  25.192  -76.495  25.520 0.0000000000
24145  25.281  -78.662  25.085 0.0000000000
24146  25.513  -80.740  24.593 0.0000000000
24187  31.134  -84.402  12.756 0.0000000000
24188  31.887  -85.448  12.887 0.0000000000
24189  30.513  -85.705  12.772 0.0000000000
24191  30.184  -88.473  13.485 0.0000000000
25223  22.957  -85.759  33.008 0.0000000000
25255  36.986  -79.790  31.222 0.0000000000
27787  32.234  -68.199  22.864 0.0000000000
27788  32.944  -69.525  22.276 0.0000000000
27789  32.014  -69.099  21.449 0.0000000000
27790  31.670  -70.065  20.202 0.0000000000
27791  31.177  -71.067  19.118 0.0000000000
27792  26.840  -76.277  19.279 0.0000000000
27793  27.616  -74.941  18.456 0.0000000000
27794  26.528  -76.672  17.942 0.0000000000
27795  26.513  -77.023  16.683 0.0000000000
29403  34.895  -78.171  32.287 0.0000000000
29404  35.247  -79.408  31.824 0.0000000000
29405  35.925  -80.139  31.365 0.0000000000
31371  27.629  -67.954  24.102 0.0000000000
31372  28.160  -69.020  22.528 0.0000000000
31373  28.809  -69.733  21.300 0.0000000000
31374  27.857  -70.652  21.914 0.0000000000
31375  27.611  -72.288  21.395 0.0000000000
31376  27.364  -73.986  20.967 0.0000000000
31377  26.213  -75.179  23.260 0.0000000000
31378  26.740  -75.519  21.876 0.0000000000
31379  26.992  -75.900  20.558 0.0000000000
31380  26.343  -77.867  20.099 0.0000000000
31381  25.181  -79.625  19.814 0.0000000000
33724  24.767  -77.346  34.842 0.0000000000
33725  24.079  -78.575  33.384 0.0000000000
33726  23.582  -79.781  31.699 0.0000000000
33727  23.825  -80.886  29.916 0.0000000000
33728  24.392  -81.542  28.418 0.0000000000
33729  24.411  -83.005  29.514 0.0000000000
33730  24.494  -84.930  29.154 0.0000000000
33731  23.445  -86.437  28.675 0.0000000000
38937  34.422  -72.642  24.360 0.0000000000
38938  34.404  -73.113  22.907 0.0000000000
38939  33.453  -70.934  21.861 0.0000000000
38940  33.867  -72.247  21.635 0.0000000000
38945  29.431  -70.536  20.164 0.0000000000
38946  30.008  -71.320  19.106 0.0000000000
38947  30.452  -72.132  18.116 0.0000000000
38948  28.543  -73.954  17.823 0.0000000000
38949  29.778  -73.272  17.336 0.0000000000
38963  25.008  -82.089  26.970 0.0000000000
38964  25.380  -82.530  25.508 0.0000000000
38965  25.413  -82.767  24.032 0.0000000000
38967  24.260  -84.438  23.626 0.0000000000
38968  24.880  -82.795  22.771 0.0000000000
38969  24.081  -82.623  21.668 0.0000000000
38992  27.205  -90.327  15.876 0.0000000000
