#!ascii label  , from subject fsaverage6 vox2ras=TkReg
87
68  13.192  -73.186  50.258 0.0000000000
410  12.528  -67.617  56.149 0.0000000000
1245  12.372  -71.153  53.205 0.0000000000
1922  10.095  -74.022  48.415 0.0000000000
3165  12.725  -72.430  52.171 0.0000000000
3166  14.841  -71.373  52.741 0.0000000000
4223  11.768  -74.122  46.658 0.0000000000
6849  12.290  -69.266  54.092 0.0000000000
6850  13.684  -67.619  53.882 0.0000000000
6851  14.225  -69.638  53.219 0.0000000000
6852  16.831  -69.557  52.590 0.0000000000
8357  11.487  -66.687  58.510 0.0000000000
8359  9.971  -66.828  58.051 0.0000000000
8360  11.090  -68.535  56.145 0.0000000000
8361  10.853  -70.036  53.982 0.0000000000
8362  10.897  -71.707  52.540 0.0000000000
8363  11.133  -72.909  51.315 0.0000000000
8371  9.430  -73.370  50.245 0.0000000000
8372  11.676  -73.621  49.492 0.0000000000
8373  12.990  -73.919  47.315 0.0000000000
8374  14.228  -74.419  45.742 0.0000000000
10845  12.973  -72.877  51.293 0.0000000000
10846  13.876  -72.442  51.728 0.0000000000
10847  14.121  -72.743  50.697 0.0000000000
15255  12.209  -70.236  53.545 0.0000000000
15256  13.097  -69.491  53.576 0.0000000000
15257  13.221  -70.471  53.279 0.0000000000
15258  15.962  -71.102  52.139 0.0000000000
15259  15.824  -70.520  52.731 0.0000000000
15260  16.881  -70.181  52.076 0.0000000000
15261  17.827  -69.221  51.780 0.0000000000
18395  9.743  -67.722  56.769 0.0000000000
18396  10.427  -67.769  57.137 0.0000000000
18397  10.310  -68.657  55.860 0.0000000000
18398  10.991  -69.244  55.088 0.0000000000
18399  10.220  -69.329  54.816 0.0000000000
18401  10.095  -70.904  52.852 0.0000000000
18402  10.194  -71.730  52.157 0.0000000000
18403  11.075  -72.278  51.973 0.0000000000
18404  10.274  -72.447  51.467 0.0000000000
18423  8.837  -74.027  48.671 0.0000000000
18424  8.532  -73.460  49.588 0.0000000000
18425  9.649  -73.827  49.458 0.0000000000
18426  10.461  -73.612  49.994 0.0000000000
18427  10.858  -73.810  49.035 0.0000000000
18428  12.231  -73.721  48.402 0.0000000000
18429  11.549  -73.895  47.961 0.0000000000
18431  13.170  -74.328  46.118 0.0000000000
21293  14.694  -67.802  53.304 0.0000000000
21294  14.324  -66.802  53.719 0.0000000000
24129  12.587  -71.857  52.837 0.0000000000
24130  13.611  -71.342  53.061 0.0000000000
24131  13.749  -72.019  52.547 0.0000000000
24132  14.922  -71.900  52.042 0.0000000000
26032  9.416  -74.165  47.742 0.0000000000
26033  10.902  -74.067  47.530 0.0000000000
26034  10.167  -74.125  46.948 0.0000000000
31341  12.366  -68.384  54.971 0.0000000000
31342  13.082  -67.554  54.882 0.0000000000
31343  13.021  -68.484  54.067 0.0000000000
31344  13.871  -68.587  53.417 0.0000000000
31345  15.242  -68.755  53.109 0.0000000000
31346  14.594  -70.639  53.058 0.0000000000
31347  15.579  -69.687  53.011 0.0000000000
31348  16.512  -68.684  52.782 0.0000000000
33699  13.615  -73.380  49.114 0.0000000000
35364  10.679  -66.818  58.362 0.0000000000
35365  11.250  -67.618  57.281 0.0000000000
35366  11.850  -68.153  56.172 0.0000000000
35367  11.695  -68.938  55.071 0.0000000000
35368  11.536  -69.783  54.122 0.0000000000
35369  11.479  -70.708  53.391 0.0000000000
35370  10.149  -70.065  53.812 0.0000000000
35371  10.811  -70.909  53.126 0.0000000000
35372  11.640  -71.529  52.921 0.0000000000
35373  11.830  -72.166  52.456 0.0000000000
35374  11.939  -72.701  51.749 0.0000000000
35375  12.180  -73.132  50.896 0.0000000000
35398  8.643  -72.539  50.339 0.0000000000
35399  9.477  -72.541  50.927 0.0000000000
35400  10.285  -73.164  50.750 0.0000000000
35401  11.270  -73.363  50.456 0.0000000000
35402  12.488  -73.466  49.870 0.0000000000
35403  12.933  -73.562  48.748 0.0000000000
35404  13.469  -73.697  47.637 0.0000000000
35406  12.383  -74.058  47.021 0.0000000000
35407  13.549  -74.153  46.447 0.0000000000
