#!ascii label  , from subject fsaverage6 vox2ras=TkReg
187
100  10.306  -1.525  53.987 0.0000000000
225  7.358  6.915  60.835 0.0000000000
226  9.406  8.947  51.183 0.0000000000
704  6.707  5.058  65.928 0.0000000000
705  7.667  11.543  63.671 0.0000000000
706  8.607  12.629  59.366 0.0000000000
1026  8.622  -3.042  57.284 0.0000000000
1553  6.507  -0.888  65.335 0.0000000000
1554  6.942  0.817  61.636 0.0000000000
1555  7.707  2.864  56.695 0.0000000000
1556  7.756  3.339  52.467 0.0000000000
1557  8.066  7.655  55.902 0.0000000000
2626  8.190  14.551  62.767 0.0000000000
2946  9.610  -2.239  55.768 0.0000000000
2950  10.206  -4.171  52.403 0.0000000000
2952  10.682  -1.233  52.250 0.0000000000
3544  7.437  -1.506  66.644 0.0000000000
3546  6.849  6.048  63.560 0.0000000000
3547  6.319  2.865  64.001 0.0000000000
3548  6.932  4.076  61.442 0.0000000000
3549  7.686  2.123  59.391 0.0000000000
3550  7.244  4.860  58.550 0.0000000000
3551  7.076  5.205  56.125 0.0000000000
3552  7.711  7.378  58.333 0.0000000000
3553  8.226  16.373  58.642 0.0000000000
3554  9.189  13.270  57.216 0.0000000000
4533  7.528  6.536  51.507 0.0000000000
4535  8.332  7.088  49.554 0.0000000000
5874  7.096  8.393  65.017 0.0000000000
5875  7.168  9.189  62.500 0.0000000000
5876  7.673  9.617  60.104 0.0000000000
5877  7.889  12.053  61.582 0.0000000000
5878  8.028  15.510  60.848 0.0000000000
7458  7.870  -3.140  63.842 0.0000000000
7459  7.478  -2.527  62.492 0.0000000000
7460  6.184  1.692  66.174 0.0000000000
7461  6.327  -0.262  63.440 0.0000000000
7462  7.418  -1.958  60.932 0.0000000000
7463  7.832  -0.829  59.364 0.0000000000
7464  8.641  0.360  57.502 0.0000000000
7465  9.116  1.039  55.459 0.0000000000
7466  9.394  1.273  53.489 0.0000000000
7467  7.614  3.097  54.601 0.0000000000
7468  6.931  5.729  53.666 0.0000000000
7469  8.594  8.268  53.467 0.0000000000
7470  8.337  9.912  57.836 0.0000000000
7471  9.161  10.381  55.501 0.0000000000
8760  9.791  1.501  51.423 0.0000000000
10626  10.021  -1.832  54.920 0.0000000000
10627  9.595  -3.629  54.827 0.0000000000
10628  9.998  -3.267  54.008 0.0000000000
10629  9.692  -4.459  53.133 0.0000000000
10630  10.346  -2.883  53.210 0.0000000000
10631  10.604  -2.725  52.418 0.0000000000
10632  10.532  -1.389  53.126 0.0000000000
11226  7.068  6.520  62.240 0.0000000000
11227  6.855  5.083  62.576 0.0000000000
11228  7.130  5.569  61.214 0.0000000000
11229  7.143  4.535  60.055 0.0000000000
11230  7.346  5.888  59.742 0.0000000000
11231  7.449  6.081  58.534 0.0000000000
11232  7.544  7.147  59.606 0.0000000000
12213  8.501  7.762  51.428 0.0000000000
12214  7.985  6.874  50.474 0.0000000000
12215  8.905  8.052  50.372 0.0000000000
13628  7.345  9.984  64.284 0.0000000000
13629  7.031  8.825  63.821 0.0000000000
13630  7.307  10.371  63.123 0.0000000000
13631  7.451  10.636  62.060 0.0000000000
13632  7.687  11.844  62.688 0.0000000000
13634  8.043  15.036  61.836 0.0000000000
13636  7.569  17.111  60.666 0.0000000000
16386  6.909  -1.164  66.105 0.0000000000
16387  7.489  -2.240  65.246 0.0000000000
16388  7.107  -1.890  64.679 0.0000000000
16389  7.617  -2.826  63.170 0.0000000000
16390  6.890  -1.642  63.930 0.0000000000
16393  6.383  3.280  66.135 0.0000000000
16394  6.582  1.792  62.837 0.0000000000
16395  6.200  1.152  63.839 0.0000000000
16396  6.507  0.201  62.547 0.0000000000
16397  6.885  -1.109  62.154 0.0000000000
16398  6.983  -0.575  61.337 0.0000000000
16399  7.529  -1.443  60.197 0.0000000000
16400  7.418  -0.024  60.455 0.0000000000
16401  7.752  2.577  58.011 0.0000000000
16402  8.082  1.280  58.411 0.0000000000
16403  8.268  1.768  57.199 0.0000000000
16404  8.939  0.775  56.519 0.0000000000
16405  8.304  2.083  56.083 0.0000000000
16406  8.341  2.171  55.049 0.0000000000
16407  7.665  2.991  55.663 0.0000000000
16408  7.521  6.419  56.032 0.0000000000
16409  6.924  5.404  54.907 0.0000000000
16410  7.612  6.625  54.813 0.0000000000
16411  7.832  6.997  53.598 0.0000000000
16412  8.312  7.906  54.702 0.0000000000
16413  8.024  11.000  59.817 0.0000000000
16414  8.011  9.751  58.971 0.0000000000
16415  8.408  11.189  58.693 0.0000000000
16417  9.245  11.725  56.411 0.0000000000
16419  9.610  10.696  54.323 0.0000000000
19353  8.668  2.317  53.045 0.0000000000
19354  9.616  1.355  52.442 0.0000000000
19355  8.836  2.438  51.959 0.0000000000
23156  7.954  13.001  63.281 0.0000000000
23732  9.148  -2.577  56.584 0.0000000000
23733  8.482  -4.306  56.224 0.0000000000
23734  9.036  -3.920  55.548 0.0000000000
23739  9.306  -5.713  52.160 0.0000000000
23740  9.898  -5.398  51.491 0.0000000000
23741  10.154  -5.213  50.823 0.0000000000
23742  10.508  -4.004  51.691 0.0000000000
23743  10.841  -2.582  51.604 0.0000000000
24810  7.174  -0.397  67.320 0.0000000000
24811  6.662  -0.078  66.702 0.0000000000
24812  6.634  5.596  64.784 0.0000000000
24813  6.371  3.897  65.064 0.0000000000
24814  6.556  4.559  63.881 0.0000000000
24815  6.602  3.542  62.762 0.0000000000
24816  6.979  2.462  61.659 0.0000000000
24817  7.377  1.544  60.618 0.0000000000
24818  7.263  3.092  60.384 0.0000000000
24819  7.373  3.495  59.043 0.0000000000
24820  7.340  3.749  57.553 0.0000000000
24821  7.216  3.868  56.325 0.0000000000
24822  7.187  4.982  57.398 0.0000000000
24823  7.471  6.242  57.329 0.0000000000
24824  7.900  7.542  57.080 0.0000000000
24825  8.753  14.565  58.953 0.0000000000
24826  8.873  12.937  58.328 0.0000000000
24827  8.913  14.956  57.878 0.0000000000
26589  6.952  4.848  51.766 0.0000000000
26590  7.846  3.484  51.359 0.0000000000
26591  7.208  5.215  50.690 0.0000000000
29062  6.909  6.763  65.537 0.0000000000
29063  6.837  7.203  64.413 0.0000000000
29064  6.997  7.649  63.077 0.0000000000
29065  7.236  7.977  61.736 0.0000000000
29066  7.487  8.271  60.509 0.0000000000
29067  7.381  9.452  61.314 0.0000000000
29068  7.698  10.811  60.907 0.0000000000
29069  8.241  12.376  60.514 0.0000000000
29070  8.016  13.295  62.240 0.0000000000
29071  8.249  13.675  61.177 0.0000000000
29072  8.528  14.123  60.078 0.0000000000
29073  8.101  15.968  59.814 0.0000000000
29074  7.561  17.429  59.488 0.0000000000
32852  7.999  -2.735  65.757 0.0000000000
32859  6.554  1.244  66.983 0.0000000000
32860  6.245  0.233  65.768 0.0000000000
32861  6.074  2.224  65.109 0.0000000000
32862  6.087  0.639  64.807 0.0000000000
32863  6.326  -0.624  64.414 0.0000000000
32864  6.808  -1.431  63.088 0.0000000000
32865  7.437  -2.283  61.733 0.0000000000
32866  7.971  -3.352  60.420 0.0000000000
32867  7.913  -2.988  59.719 0.0000000000
32868  7.992  -2.516  59.122 0.0000000000
32869  8.305  -1.875  58.334 0.0000000000
32870  7.813  0.668  59.516 0.0000000000
32871  8.266  -0.168  58.510 0.0000000000
32872  8.790  -1.313  57.530 0.0000000000
32873  9.248  -0.850  56.645 0.0000000000
32874  9.606  -0.506  55.752 0.0000000000
32875  9.839  -0.190  54.759 0.0000000000
32876  10.037  -0.036  53.848 0.0000000000
32877  9.270  1.101  54.493 0.0000000000
32878  8.489  2.208  54.095 0.0000000000
32879  7.664  3.206  53.528 0.0000000000
32880  7.063  4.017  55.191 0.0000000000
32881  6.883  4.213  54.071 0.0000000000
32882  6.840  4.500  52.893 0.0000000000
32883  7.124  6.053  52.536 0.0000000000
32884  8.085  7.380  52.483 0.0000000000
32885  8.939  8.627  52.314 0.0000000000
32886  7.716  8.459  59.290 0.0000000000
32887  7.956  8.603  58.068 0.0000000000
32888  8.244  8.746  56.878 0.0000000000
32889  8.790  11.457  57.566 0.0000000000
32890  8.724  10.168  56.632 0.0000000000
32891  8.581  8.963  55.643 0.0000000000
32892  8.996  9.266  54.400 0.0000000000
32893  9.406  9.553  53.311 0.0000000000
36528  10.218  0.114  52.860 0.0000000000
36529  10.385  0.222  51.842 0.0000000000
36531  8.951  2.563  50.902 0.0000000000
