#!ascii label  , from subject fsaverage6 vox2ras=TkReg
269
103  21.337  -44.978  60.021 0.0000000000
228  24.837  -42.914  57.201 0.0000000000
476  30.144  -48.191  64.410 0.0000000000
1039  32.243  -44.369  55.919 0.0000000000
1040  23.301  -43.701  59.442 0.0000000000
1041  28.431  -44.580  62.483 0.0000000000
1042  25.913  -45.878  63.356 0.0000000000
1043  26.345  -49.493  61.382 0.0000000000
1044  22.841  -47.878  60.880 0.0000000000
1938  41.771  -34.255  40.169 0.0000000000
2073  35.348  -50.605  60.251 0.0000000000
2074  30.679  -44.975  59.240 0.0000000000
2075  33.654  -47.528  63.246 0.0000000000
2076  31.955  -51.799  63.155 0.0000000000
2077  27.531  -53.147  63.720 0.0000000000
2078  23.017  -54.503  62.233 0.0000000000
2086  18.036  -48.639  62.121 0.0000000000
2857  34.998  -36.223  38.234 0.0000000000
2958  32.214  -43.745  54.259 0.0000000000
2960  22.501  -44.290  59.865 0.0000000000
2961  24.820  -44.770  61.406 0.0000000000
2962  23.713  -45.606  61.471 0.0000000000
2963  24.647  -46.916  62.173 0.0000000000
2964  22.284  -46.451  60.927 0.0000000000
4553  36.082  -49.733  58.511 0.0000000000
4554  36.280  -48.328  60.441 0.0000000000
4556  28.646  -43.737  57.032 0.0000000000
4557  27.655  -43.706  58.470 0.0000000000
4558  29.490  -46.141  64.169 0.0000000000
4559  30.852  -46.014  63.004 0.0000000000
4560  31.914  -47.747  64.351 0.0000000000
4561  33.363  -49.480  63.516 0.0000000000
4562  31.512  -49.803  64.150 0.0000000000
4563  29.959  -52.390  63.839 0.0000000000
4564  29.523  -50.386  63.656 0.0000000000
4565  23.798  -50.548  60.008 0.0000000000
4566  24.689  -52.050  61.561 0.0000000000
4567  22.291  -53.040  60.386 0.0000000000
6296  39.012  -34.219  38.440 0.0000000000
6478  23.911  -43.098  58.403 0.0000000000
6479  26.709  -43.781  59.992 0.0000000000
6480  25.902  -44.123  61.002 0.0000000000
6481  27.201  -45.012  63.318 0.0000000000
6482  28.029  -46.714  64.205 0.0000000000
6483  28.439  -48.671  62.994 0.0000000000
6484  26.646  -47.390  62.608 0.0000000000
6485  24.719  -48.436  60.891 0.0000000000
6486  22.165  -49.442  59.486 0.0000000000
8786  33.899  -52.177  58.034 0.0000000000
8787  33.087  -53.055  59.641 0.0000000000
8788  29.269  -43.566  55.602 0.0000000000
8789  31.654  -44.825  57.546 0.0000000000
8790  33.576  -45.793  59.557 0.0000000000
8791  29.447  -44.589  61.164 0.0000000000
8792  32.288  -46.016  61.622 0.0000000000
8793  34.970  -46.935  61.503 0.0000000000
8794  35.117  -48.948  62.080 0.0000000000
8795  33.882  -51.287  61.867 0.0000000000
8796  31.963  -53.738  61.228 0.0000000000
8797  30.143  -54.363  62.666 0.0000000000
8799  25.701  -55.598  64.104 0.0000000000
8800  27.208  -51.143  62.518 0.0000000000
8801  25.224  -53.703  63.062 0.0000000000
8802  23.608  -56.201  63.858 0.0000000000
8823  19.636  -45.347  60.430 0.0000000000
8824  20.157  -47.063  60.747 0.0000000000
8825  20.019  -48.450  60.401 0.0000000000
10537  34.517  -36.939  38.287 0.0000000000
10640  22.011  -44.625  59.989 0.0000000000
10641  23.183  -44.989  60.622 0.0000000000
10642  22.570  -45.417  60.598 0.0000000000
10643  23.070  -46.066  61.204 0.0000000000
10644  21.862  -45.825  60.443 0.0000000000
12233  36.508  -47.837  59.436 0.0000000000
12234  36.101  -47.137  60.086 0.0000000000
12235  25.318  -42.801  56.454 0.0000000000
12237  26.296  -43.331  57.824 0.0000000000
12238  29.900  -47.209  64.587 0.0000000000
12239  30.718  -46.954  64.439 0.0000000000
12240  31.031  -47.992  64.537 0.0000000000
12241  31.971  -48.733  64.334 0.0000000000
12242  31.028  -48.919  64.321 0.0000000000
12243  30.537  -50.015  64.040 0.0000000000
12244  30.032  -49.169  64.008 0.0000000000
12245  22.448  -51.037  59.423 0.0000000000
12246  23.044  -51.750  60.082 0.0000000000
12247  21.807  -52.263  59.483 0.0000000000
14332  36.534  -33.778  38.012 0.0000000000
14333  37.505  -34.349  37.944 0.0000000000
14630  32.245  -44.085  55.108 0.0000000000
14632  33.618  -44.374  55.935 0.0000000000
14635  23.566  -43.345  58.942 0.0000000000
14636  24.986  -43.681  59.725 0.0000000000
14637  24.642  -44.019  60.164 0.0000000000
14638  25.403  -45.235  62.525 0.0000000000
14639  25.997  -44.842  62.419 0.0000000000
14640  26.527  -45.397  63.429 0.0000000000
14641  27.650  -45.781  64.050 0.0000000000
14642  26.959  -46.173  63.893 0.0000000000
14643  27.356  -47.055  63.511 0.0000000000
14644  26.348  -46.629  63.299 0.0000000000
14645  23.832  -47.447  61.533 0.0000000000
14646  24.820  -47.657  61.661 0.0000000000
14647  23.792  -48.184  60.809 0.0000000000
14648  23.523  -48.972  60.092 0.0000000000
14649  22.623  -48.637  60.079 0.0000000000
18523  42.939  -34.344  41.220 0.0000000000
18524  42.606  -34.929  40.834 0.0000000000
18526  40.042  -34.859  38.863 0.0000000000
19415  35.810  -50.201  59.447 0.0000000000
19416  35.219  -50.904  58.347 0.0000000000
19417  34.730  -51.434  59.163 0.0000000000
19418  33.432  -52.630  58.830 0.0000000000
19419  34.175  -51.831  59.928 0.0000000000
19423  29.730  -44.324  58.154 0.0000000000
19424  30.146  -44.317  57.340 0.0000000000
19425  31.203  -44.954  58.320 0.0000000000
19426  32.766  -45.276  58.357 0.0000000000
19427  32.096  -45.453  59.323 0.0000000000
19428  27.682  -44.082  61.330 0.0000000000
19430  29.015  -44.498  61.916 0.0000000000
19431  32.373  -46.822  63.279 0.0000000000
19432  31.597  -46.001  62.456 0.0000000000
19433  33.156  -46.645  62.592 0.0000000000
19434  33.770  -46.521  61.685 0.0000000000
19435  34.341  -47.244  62.423 0.0000000000
19436  35.231  -47.896  61.922 0.0000000000
19437  34.532  -48.200  62.771 0.0000000000
19438  32.870  -50.645  63.330 0.0000000000
19439  33.821  -50.402  62.764 0.0000000000
19440  33.026  -51.576  62.502 0.0000000000
19441  32.887  -52.484  61.543 0.0000000000
19442  32.039  -52.799  62.327 0.0000000000
19443  31.103  -54.083  61.963 0.0000000000
19444  31.162  -53.179  62.975 0.0000000000
19445  28.737  -52.759  63.875 0.0000000000
19446  28.916  -53.891  63.849 0.0000000000
19447  27.712  -54.207  63.962 0.0000000000
19449  26.542  -54.391  63.911 0.0000000000
19450  27.515  -49.079  62.213 0.0000000000
19451  28.072  -49.918  62.566 0.0000000000
19452  26.959  -50.263  61.937 0.0000000000
19453  23.794  -53.197  61.894 0.0000000000
19454  24.946  -52.822  62.318 0.0000000000
19455  24.089  -54.021  62.653 0.0000000000
19456  24.319  -54.934  63.426 0.0000000000
19457  23.317  -55.326  63.060 0.0000000000
19458  22.630  -56.597  63.576 0.0000000000
19459  22.272  -55.746  62.712 0.0000000000
19508  18.249  -44.446  62.105 0.0000000000
19510  18.931  -45.368  61.001 0.0000000000
19511  19.949  -46.297  60.438 0.0000000000
19512  19.078  -46.299  61.107 0.0000000000
19513  18.268  -47.873  62.434 0.0000000000
19514  19.058  -47.769  61.322 0.0000000000
19515  18.806  -48.529  61.059 0.0000000000
19516  19.500  -49.098  59.942 0.0000000000
23757  30.846  -43.910  55.034 0.0000000000
23759  24.149  -44.270  60.330 0.0000000000
23760  23.668  -44.643  60.523 0.0000000000
23761  24.328  -45.149  61.510 0.0000000000
23762  24.804  -45.722  62.422 0.0000000000
23763  25.356  -46.420  62.811 0.0000000000
23764  24.218  -46.229  62.108 0.0000000000
23765  23.513  -46.674  61.670 0.0000000000
23766  22.707  -47.138  61.198 0.0000000000
26090  40.906  -33.600  39.509 0.0000000000
26626  36.566  -48.604  58.505 0.0000000000
26627  36.355  -49.049  59.579 0.0000000000
26628  36.042  -49.420  60.437 0.0000000000
26632  28.238  -43.730  57.715 0.0000000000
26634  29.008  -45.169  63.296 0.0000000000
26635  29.539  -45.099  62.695 0.0000000000
26636  30.121  -46.029  63.631 0.0000000000
26637  31.566  -46.863  63.888 0.0000000000
26638  32.762  -47.663  63.861 0.0000000000
26639  33.678  -48.446  63.504 0.0000000000
26640  32.778  -48.608  63.987 0.0000000000
26641  32.512  -49.629  63.939 0.0000000000
26642  31.836  -50.763  63.761 0.0000000000
26643  30.987  -52.040  63.579 0.0000000000
26644  30.761  -51.044  63.947 0.0000000000
26645  29.754  -51.293  63.847 0.0000000000
26646  28.607  -51.743  63.582 0.0000000000
26647  25.098  -50.050  60.695 0.0000000000
26648  25.681  -50.785  61.373 0.0000000000
26649  24.308  -51.249  60.728 0.0000000000
26650  23.407  -52.407  60.938 0.0000000000
26651  22.712  -53.706  61.377 0.0000000000
26652  21.985  -54.946  61.792 0.0000000000
30050  38.585  -32.921  38.322 0.0000000000
30472  24.337  -43.013  57.797 0.0000000000
30473  25.819  -43.437  58.514 0.0000000000
30474  25.348  -43.544  59.201 0.0000000000
30475  26.299  -43.884  60.527 0.0000000000
30476  27.159  -44.247  61.830 0.0000000000
30477  25.344  -44.407  61.207 0.0000000000
30478  26.607  -44.498  62.140 0.0000000000
30479  27.821  -44.736  62.952 0.0000000000
30480  28.352  -45.433  63.839 0.0000000000
30481  28.722  -46.371  64.416 0.0000000000
30482  29.151  -47.386  64.341 0.0000000000
30483  29.269  -48.436  63.843 0.0000000000
30484  28.392  -47.642  63.673 0.0000000000
30485  27.642  -47.903  62.774 0.0000000000
30486  26.705  -48.338  61.850 0.0000000000
30487  25.627  -47.154  62.416 0.0000000000
30488  25.819  -47.892  61.762 0.0000000000
30489  25.608  -48.847  60.973 0.0000000000
30490  24.348  -49.475  60.204 0.0000000000
30491  23.021  -49.982  59.575 0.0000000000
30492  21.638  -50.366  59.013 0.0000000000
32923  23.066  -42.428  57.219 0.0000000000
32928  22.072  -43.097  58.986 0.0000000000
32930  21.322  -43.698  59.583 0.0000000000
35521  43.828  -34.907  41.942 0.0000000000
35523  39.494  -33.518  38.692 0.0000000000
35524  40.432  -34.169  39.251 0.0000000000
35525  41.381  -34.791  39.806 0.0000000000
36605  34.522  -51.540  57.234 0.0000000000
36606  33.039  -52.678  56.924 0.0000000000
36607  32.680  -53.217  57.735 0.0000000000
36608  32.439  -53.672  58.505 0.0000000000
36609  32.091  -54.037  59.199 0.0000000000
36612  30.744  -44.167  55.849 0.0000000000
36613  28.981  -43.653  56.342 0.0000000000
36614  30.442  -44.239  56.571 0.0000000000
36615  32.011  -44.621  56.781 0.0000000000
36616  33.222  -45.001  57.582 0.0000000000
36617  34.074  -45.448  58.576 0.0000000000
36618  34.825  -45.985  59.646 0.0000000000
36619  27.199  -43.704  59.278 0.0000000000
36621  30.047  -44.855  60.209 0.0000000000
36622  30.209  -45.288  62.100 0.0000000000
36623  30.748  -45.311  61.238 0.0000000000
36625  32.956  -45.980  60.524 0.0000000000
36626  34.458  -46.269  60.699 0.0000000000
36627  35.395  -46.632  60.554 0.0000000000
36628  35.713  -47.551  61.098 0.0000000000
36629  35.762  -48.627  61.267 0.0000000000
36630  35.453  -49.735  61.263 0.0000000000
36631  34.275  -49.279  62.882 0.0000000000
36632  34.641  -50.110  62.053 0.0000000000
36633  34.663  -50.967  61.058 0.0000000000
36634  33.653  -52.146  60.807 0.0000000000
36635  32.596  -53.414  60.423 0.0000000000
36636  31.563  -54.295  60.026 0.0000000000
36640  30.123  -53.458  63.513 0.0000000000
36646  29.080  -49.526  63.306 0.0000000000
36647  28.425  -50.764  63.101 0.0000000000
36648  27.372  -52.112  63.188 0.0000000000
36649  25.919  -51.614  62.053 0.0000000000
36650  26.161  -52.466  62.732 0.0000000000
36651  26.345  -53.446  63.439 0.0000000000
36652  25.420  -54.667  63.731 0.0000000000
36653  24.614  -55.857  64.044 0.0000000000
36716  19.413  -44.232  60.579 0.0000000000
36717  20.502  -45.249  60.110 0.0000000000
36718  20.922  -46.103  60.301 0.0000000000
36719  21.271  -46.840  60.634 0.0000000000
36720  21.509  -47.501  60.712 0.0000000000
36721  19.099  -47.067  61.221 0.0000000000
36722  20.196  -47.709  60.749 0.0000000000
36723  21.536  -48.242  60.208 0.0000000000
36724  21.089  -49.021  59.663 0.0000000000
36725  20.508  -49.758  59.171 0.0000000000
37014  34.061  -36.064  38.779 0.0000000000
37015  33.597  -36.856  39.001 0.0000000000
37043  32.553  -38.447  39.275 0.0000000000
