#!ascii label  , from subject fsaverage6 vox2ras=TkReg
302
104  11.151  -47.023  71.859 0.0000000000
231  11.556  -37.618  76.434 0.0000000000
478  16.637  -35.865  69.430 0.0000000000
479  16.410  -46.516  66.863 0.0000000000
480  13.238  -51.974  62.137 0.0000000000
481  8.136  -53.146  63.659 0.0000000000
1048  13.010  -42.473  74.897 0.0000000000
1049  15.579  -42.026  73.016 0.0000000000
1050  14.260  -47.403  71.241 0.0000000000
1051  15.863  -50.258  66.432 0.0000000000
1052  12.392  -51.055  69.042 0.0000000000
1053  10.621  -53.119  64.032 0.0000000000
1054  9.079  -50.753  68.451 0.0000000000
2079  18.750  -55.970  60.866 0.0000000000
2084  16.516  -41.659  67.854 0.0000000000
2086  18.036  -48.639  62.121 0.0000000000
2087  16.100  -51.208  59.682 0.0000000000
2968  12.264  -44.686  73.420 0.0000000000
2969  13.608  -44.899  73.614 0.0000000000
2970  12.577  -47.388  72.235 0.0000000000
2971  13.371  -49.560  70.317 0.0000000000
2972  11.392  -49.359  70.775 0.0000000000
2973  10.597  -51.004  68.949 0.0000000000
2974  9.954  -49.069  70.327 0.0000000000
4568  20.834  -55.417  61.399 0.0000000000
4569  19.952  -53.712  59.374 0.0000000000
4573  18.561  -34.130  71.437 0.0000000000
4577  17.090  -38.929  66.332 0.0000000000
4580  12.837  -36.539  75.815 0.0000000000
4581  16.006  -44.535  69.851 0.0000000000
4582  15.840  -41.796  70.315 0.0000000000
4583  16.563  -44.095  67.149 0.0000000000
4584  17.380  -43.536  64.710 0.0000000000
4585  17.178  -45.679  64.386 0.0000000000
4588  14.473  -51.065  64.737 0.0000000000
4589  15.714  -50.465  63.031 0.0000000000
4590  14.550  -51.592  60.673 0.0000000000
4591  15.608  -53.832  58.799 0.0000000000
4592  14.172  -54.197  59.082 0.0000000000
4594  12.866  -54.037  59.636 0.0000000000
4595  9.264  -53.412  64.053 0.0000000000
4596  10.291  -54.184  61.360 0.0000000000
4597  9.342  -54.176  61.380 0.0000000000
4599  8.610  -53.798  61.166 0.0000000000
4606  7.139  -52.356  59.760 0.0000000000
6493  14.209  -39.776  75.386 0.0000000000
6494  14.482  -42.413  74.714 0.0000000000
6495  15.049  -44.770  72.343 0.0000000000
6496  15.469  -47.230  69.120 0.0000000000
6497  16.703  -48.648  67.078 0.0000000000
6498  15.211  -49.418  68.905 0.0000000000
6499  14.323  -50.806  68.154 0.0000000000
6500  12.961  -51.683  65.961 0.0000000000
6501  12.014  -52.582  63.348 0.0000000000
6502  11.557  -52.234  66.618 0.0000000000
6503  9.921  -52.467  66.706 0.0000000000
6504  8.365  -52.135  66.162 0.0000000000
7497  10.891  -46.483  70.734 0.0000000000
8804  19.527  -57.569  62.928 0.0000000000
8818  14.904  -39.257  73.462 0.0000000000
8819  15.034  -38.819  70.933 0.0000000000
8820  15.893  -38.715  68.310 0.0000000000
8821  17.386  -41.610  65.499 0.0000000000
8822  18.323  -43.464  62.536 0.0000000000
8826  18.987  -49.845  59.496 0.0000000000
8827  16.944  -49.277  64.513 0.0000000000
8828  17.081  -49.937  61.072 0.0000000000
8829  18.212  -51.444  58.793 0.0000000000
8830  17.559  -53.875  58.940 0.0000000000
8831  16.640  -56.477  60.392 0.0000000000
8836  11.479  -54.021  60.661 0.0000000000
8842  9.242  -48.578  69.261 0.0000000000
8847  7.260  -52.319  62.922 0.0000000000
8848  8.160  -53.081  60.488 0.0000000000
10648  11.778  -45.852  72.647 0.0000000000
10649  12.329  -46.015  73.011 0.0000000000
10650  11.779  -47.236  72.224 0.0000000000
10651  11.961  -48.363  71.597 0.0000000000
10652  11.122  -48.233  71.451 0.0000000000
10653  10.594  -49.234  70.663 0.0000000000
10654  10.571  -48.001  71.149 0.0000000000
12248  21.125  -53.482  59.841 0.0000000000
12249  20.527  -52.606  59.011 0.0000000000
12253  17.464  -34.812  70.425 0.0000000000
12255  17.308  -36.076  68.541 0.0000000000
12257  16.745  -37.332  67.833 0.0000000000
12259  11.765  -35.438  76.413 0.0000000000
12260  12.244  -37.126  76.206 0.0000000000
12261  16.084  -45.564  68.254 0.0000000000
12262  16.353  -44.334  68.526 0.0000000000
12263  16.452  -45.254  66.964 0.0000000000
12264  16.852  -44.957  65.644 0.0000000000
12265  16.810  -46.137  65.563 0.0000000000
12266  17.401  -46.744  64.601 0.0000000000
12267  16.989  -47.170  65.803 0.0000000000
12268  13.811  -51.454  63.529 0.0000000000
12269  14.450  -51.215  62.741 0.0000000000
12270  13.876  -51.814  61.404 0.0000000000
12271  14.198  -52.765  59.657 0.0000000000
12272  13.545  -52.836  60.214 0.0000000000
12273  13.519  -54.166  59.320 0.0000000000
12274  12.984  -52.853  60.761 0.0000000000
12275  8.630  -53.404  63.921 0.0000000000
12276  9.158  -53.871  62.730 0.0000000000
12277  8.625  -53.754  62.554 0.0000000000
12278  8.889  -54.093  61.297 0.0000000000
12279  8.267  -53.416  62.383 0.0000000000
14658  13.060  -41.277  75.529 0.0000000000
14659  13.800  -41.294  75.492 0.0000000000
14660  13.765  -42.491  75.004 0.0000000000
14661  13.942  -46.168  72.568 0.0000000000
14662  14.401  -44.789  73.227 0.0000000000
14663  14.658  -46.099  71.841 0.0000000000
14664  15.272  -45.981  70.781 0.0000000000
14665  14.919  -47.371  70.296 0.0000000000
14666  15.410  -48.350  69.069 0.0000000000
14667  14.642  -48.512  69.939 0.0000000000
14668  12.888  -50.352  69.828 0.0000000000
14669  13.864  -50.363  69.377 0.0000000000
14670  13.334  -50.997  68.777 0.0000000000
14671  13.705  -51.243  67.269 0.0000000000
14672  12.818  -51.520  67.735 0.0000000000
14673  12.306  -51.976  66.397 0.0000000000
14674  12.022  -51.652  67.936 0.0000000000
14675  9.786  -50.895  68.741 0.0000000000
14676  10.267  -51.797  67.838 0.0000000000
14677  9.389  -51.700  67.617 0.0000000000
14678  9.066  -52.421  66.478 0.0000000000
14679  8.655  -51.566  67.333 0.0000000000
16470  12.286  -41.363  73.003 0.0000000000
19460  19.781  -55.697  61.073 0.0000000000
19461  20.222  -56.447  62.134 0.0000000000
19462  19.127  -56.762  61.851 0.0000000000
19463  18.477  -57.929  62.692 0.0000000000
19464  18.132  -57.107  61.647 0.0000000000
19496  15.085  -40.921  74.329 0.0000000000
19497  14.640  -39.500  74.570 0.0000000000
19498  15.392  -40.740  73.217 0.0000000000
19499  15.964  -41.695  69.098 0.0000000000
19500  15.481  -40.361  70.615 0.0000000000
19501  15.663  -40.290  69.272 0.0000000000
19502  15.282  -38.663  69.561 0.0000000000
19503  16.114  -40.243  68.020 0.0000000000
19504  16.636  -40.362  66.885 0.0000000000
19505  16.917  -41.619  66.618 0.0000000000
19507  17.872  -43.417  63.595 0.0000000000
19508  18.249  -44.446  62.105 0.0000000000
19509  18.784  -44.367  61.214 0.0000000000
19517  18.415  -49.217  60.701 0.0000000000
19518  16.414  -49.529  66.905 0.0000000000
19519  17.011  -49.005  66.015 0.0000000000
19520  16.453  -49.807  65.519 0.0000000000
19521  15.825  -50.684  61.208 0.0000000000
19522  16.345  -50.179  62.088 0.0000000000
19523  16.592  -50.460  60.498 0.0000000000
19524  17.481  -50.486  59.649 0.0000000000
19525  17.068  -51.244  59.129 0.0000000000
19526  17.829  -52.550  58.648 0.0000000000
19527  16.760  -52.393  58.753 0.0000000000
19528  15.380  -55.374  59.370 0.0000000000
19529  16.146  -55.209  59.454 0.0000000000
19530  15.681  -56.551  60.394 0.0000000000
19540  11.306  -52.919  63.785 0.0000000000
19541  11.639  -53.103  61.995 0.0000000000
19542  10.971  -53.422  62.418 0.0000000000
19556  10.087  -47.577  70.046 0.0000000000
19557  10.091  -47.449  69.242 0.0000000000
19570  6.772  -51.924  62.531 0.0000000000
19571  7.659  -52.703  61.704 0.0000000000
19572  7.149  -52.344  61.325 0.0000000000
19573  7.882  -52.844  58.629 0.0000000000
23772  12.707  -43.554  74.170 0.0000000000
23773  13.376  -43.780  74.305 0.0000000000
23774  12.849  -44.912  73.690 0.0000000000
23775  13.097  -46.127  72.923 0.0000000000
23776  13.475  -47.435  71.882 0.0000000000
23777  13.852  -48.605  70.730 0.0000000000
23778  12.920  -48.472  71.321 0.0000000000
23779  12.390  -49.432  70.660 0.0000000000
23780  11.833  -50.329  69.960 0.0000000000
23781  11.532  -51.034  69.122 0.0000000000
23782  10.970  -50.229  69.995 0.0000000000
23783  10.133  -50.167  69.783 0.0000000000
23784  9.482  -49.939  69.461 0.0000000000
26652  21.985  -54.946  61.792 0.0000000000
26653  21.575  -54.245  60.804 0.0000000000
26654  20.443  -54.590  60.389 0.0000000000
26655  19.371  -54.882  60.103 0.0000000000
26669  17.645  -40.323  64.919 0.0000000000
26673  12.567  -34.861  76.079 0.0000000000
26675  15.799  -43.316  71.466 0.0000000000
26676  15.737  -41.965  71.701 0.0000000000
26677  16.029  -43.167  70.150 0.0000000000
26678  16.345  -43.074  68.788 0.0000000000
26679  16.675  -42.950  67.541 0.0000000000
26680  16.980  -42.723  66.313 0.0000000000
26681  16.930  -43.813  65.886 0.0000000000
26682  17.213  -44.640  64.370 0.0000000000
26688  15.233  -50.698  65.710 0.0000000000
26689  15.819  -50.391  64.747 0.0000000000
26690  15.074  -50.877  63.842 0.0000000000
26691  15.135  -50.932  61.895 0.0000000000
26692  15.243  -51.376  60.168 0.0000000000
26693  15.772  -52.410  58.923 0.0000000000
26694  14.923  -52.551  59.211 0.0000000000
26695  14.833  -54.079  58.844 0.0000000000
26696  14.718  -55.667  59.298 0.0000000000
26698  14.165  -55.727  59.296 0.0000000000
26699  13.490  -55.736  59.366 0.0000000000
26701  9.933  -53.313  64.127 0.0000000000
26702  10.294  -53.618  62.808 0.0000000000
26703  9.709  -53.807  62.846 0.0000000000
26704  9.816  -54.222  61.400 0.0000000000
26720  6.582  -51.964  60.918 0.0000000000
26723  7.437  -52.506  58.215 0.0000000000
26724  8.233  -52.970  57.184 0.0000000000
30503  16.781  -34.396  71.529 0.0000000000
30505  12.901  -38.591  76.114 0.0000000000
30506  13.537  -40.008  75.876 0.0000000000
30507  14.508  -41.153  75.166 0.0000000000
30508  15.123  -42.250  74.085 0.0000000000
30509  14.164  -43.636  74.195 0.0000000000
30510  14.863  -43.518  73.658 0.0000000000
30511  15.393  -43.362  72.772 0.0000000000
30512  15.584  -44.624  71.232 0.0000000000
30513  15.695  -45.783  69.551 0.0000000000
30514  15.990  -46.896  68.071 0.0000000000
30515  16.526  -47.658  66.985 0.0000000000
30516  16.004  -48.080  68.059 0.0000000000
30517  16.022  -49.082  68.057 0.0000000000
30518  15.694  -49.913  67.856 0.0000000000
30519  14.362  -49.617  69.727 0.0000000000
30520  14.805  -50.205  68.624 0.0000000000
30521  15.185  -50.519  67.326 0.0000000000
30522  14.550  -50.937  66.569 0.0000000000
30523  13.785  -51.326  65.460 0.0000000000
30524  13.105  -51.799  64.129 0.0000000000
30525  12.666  -52.209  62.623 0.0000000000
30526  12.462  -52.086  64.632 0.0000000000
30527  11.783  -52.445  65.045 0.0000000000
30528  11.108  -52.683  65.281 0.0000000000
30529  11.138  -51.731  67.937 0.0000000000
30530  10.795  -52.403  66.710 0.0000000000
30531  10.320  -52.851  65.420 0.0000000000
30532  9.523  -52.994  65.405 0.0000000000
30533  8.825  -52.969  65.235 0.0000000000
30534  8.186  -52.731  64.966 0.0000000000
32953  12.015  -40.184  75.877 0.0000000000
32954  12.355  -41.183  75.320 0.0000000000
32956  11.905  -40.863  74.740 0.0000000000
32957  12.460  -42.227  74.502 0.0000000000
32959  11.958  -44.423  72.786 0.0000000000
32960  11.460  -45.671  71.980 0.0000000000
32961  10.871  -46.819  71.315 0.0000000000
36658  21.263  -56.110  62.385 0.0000000000
36659  20.598  -57.284  63.172 0.0000000000
36699  15.823  -35.528  70.648 0.0000000000
36700  13.502  -38.255  75.617 0.0000000000
36701  13.960  -37.943  74.822 0.0000000000
36703  15.449  -40.445  71.994 0.0000000000
36704  14.942  -38.985  72.256 0.0000000000
36705  14.377  -37.229  72.617 0.0000000000
36706  14.695  -36.920  71.421 0.0000000000
36707  15.381  -37.030  69.950 0.0000000000
36708  16.077  -37.068  68.812 0.0000000000
36709  16.527  -38.866  67.306 0.0000000000
36710  17.178  -40.355  65.953 0.0000000000
36712  17.437  -42.615  65.055 0.0000000000
36713  17.912  -42.522  64.005 0.0000000000
36727  17.158  -48.162  66.039 0.0000000000
36728  17.389  -48.494  64.876 0.0000000000
36729  17.408  -48.910  63.294 0.0000000000
36730  16.346  -50.019  63.882 0.0000000000
36731  16.872  -49.628  62.785 0.0000000000
36732  17.586  -49.335  61.617 0.0000000000
36733  17.938  -49.823  60.178 0.0000000000
36734  18.569  -50.554  59.069 0.0000000000
36735  19.517  -51.584  58.684 0.0000000000
36736  19.055  -52.634  58.765 0.0000000000
36737  18.650  -53.868  59.101 0.0000000000
36738  18.190  -55.065  59.785 0.0000000000
36739  16.511  -53.787  58.820 0.0000000000
36740  17.144  -55.255  59.545 0.0000000000
36741  17.673  -56.259  60.597 0.0000000000
36754  12.364  -52.908  61.294 0.0000000000
36755  12.192  -54.028  60.107 0.0000000000
36757  10.842  -54.078  61.037 0.0000000000
36772  10.223  -47.791  70.688 0.0000000000
36773  9.502  -48.804  69.919 0.0000000000
36774  8.958  -49.749  69.005 0.0000000000
36775  9.168  -48.335  68.549 0.0000000000
36776  8.557  -49.517  68.424 0.0000000000
36777  8.412  -50.608  68.011 0.0000000000
36778  8.022  -51.324  66.962 0.0000000000
36779  7.747  -51.817  65.862 0.0000000000
36780  7.593  -52.327  64.633 0.0000000000
36788  7.106  -51.927  64.209 0.0000000000
36789  7.721  -52.728  63.320 0.0000000000
36790  8.023  -53.051  62.035 0.0000000000
36791  8.532  -53.453  60.823 0.0000000000
36793  7.718  -52.741  60.082 0.0000000000
36794  8.820  -53.435  59.338 0.0000000000
