#!ascii label  , from subject fsaverage6 vox2ras=TkReg
244
155  30.188  -64.279  -9.019 0.0000000000
343  33.601  -52.820  -7.624 0.0000000000
344  29.769  -46.065  -15.481 0.0000000000
622  31.992  -54.817  -15.728 0.0000000000
623  34.930  -40.255  -21.859 0.0000000000
823  34.118  -46.568  -7.145 0.0000000000
824  36.384  -45.389  -11.105 0.0000000000
1392  29.297  -42.630  -19.255 0.0000000000
1393  32.225  -35.597  -23.625 0.0000000000
1769  32.157  -59.103  -8.158 0.0000000000
1771  33.089  -50.357  -12.238 0.0000000000
1772  34.777  -42.588  -15.923 0.0000000000
2503  28.194  -51.620  -15.679 0.0000000000
2504  32.906  -46.885  -18.066 0.0000000000
3310  28.949  -62.684  -11.291 0.0000000000
3906  31.650  -56.542  -5.742 0.0000000000
3907  31.244  -59.818  -5.620 0.0000000000
3908  32.894  -56.111  -7.964 0.0000000000
3909  32.672  -54.963  -10.423 0.0000000000
3910  33.870  -51.947  -9.921 0.0000000000
3911  37.324  -41.631  -12.950 0.0000000000
3912  36.028  -44.178  -13.547 0.0000000000
3913  37.014  -40.309  -15.469 0.0000000000
5606  30.641  -59.446  -14.819 0.0000000000
5608  34.028  -56.093  -15.224 0.0000000000
5609  37.122  -53.798  -17.231 0.0000000000
5610  35.161  -52.001  -16.330 0.0000000000
5611  29.273  -50.310  -14.087 0.0000000000
5612  28.287  -53.520  -14.197 0.0000000000
5613  28.218  -48.514  -15.439 0.0000000000
5614  31.552  -41.461  -20.850 0.0000000000
5615  30.462  -45.012  -18.772 0.0000000000
5616  33.754  -43.607  -19.982 0.0000000000
5617  36.251  -45.400  -19.572 0.0000000000
5618  37.131  -42.317  -21.276 0.0000000000
5620  38.076  -39.329  -22.575 0.0000000000
6088  31.861  -50.030  -5.691 0.0000000000
6089  34.227  -49.640  -7.221 0.0000000000
6090  35.026  -49.055  -9.307 0.0000000000
6091  35.722  -46.130  -8.820 0.0000000000
6092  36.719  -42.621  -10.633 0.0000000000
7109  28.182  -62.524  -13.691 0.0000000000
7110  29.073  -58.070  -14.879 0.0000000000
7111  30.562  -42.252  -17.647 0.0000000000
7112  28.763  -44.248  -17.251 0.0000000000
7114  30.556  -38.891  -21.622 0.0000000000
7115  32.968  -38.081  -22.905 0.0000000000
7116  36.336  -37.250  -23.273 0.0000000000
7966  30.715  -62.952  -5.636 0.0000000000
7967  31.214  -61.869  -8.536 0.0000000000
7969  31.480  -57.557  -10.734 0.0000000000
7970  31.257  -52.647  -12.667 0.0000000000
7971  31.438  -48.168  -14.022 0.0000000000
7972  34.830  -47.939  -11.646 0.0000000000
7973  33.783  -46.360  -13.816 0.0000000000
7974  32.081  -44.296  -15.886 0.0000000000
7975  33.036  -40.727  -18.085 0.0000000000
10065  29.711  -53.588  -15.972 0.0000000000
10066  28.446  -46.758  -17.117 0.0000000000
10067  29.832  -49.052  -17.134 0.0000000000
10068  32.491  -50.604  -16.733 0.0000000000
10069  35.560  -48.437  -17.820 0.0000000000
10990  29.637  -63.411  -10.292 0.0000000000
11584  32.960  -53.043  -6.560 0.0000000000
11585  31.729  -54.864  -5.778 0.0000000000
11586  32.747  -54.742  -6.666 0.0000000000
11587  32.444  -56.413  -6.702 0.0000000000
11588  33.279  -54.478  -7.805 0.0000000000
11589  33.413  -54.130  -8.911 0.0000000000
11590  33.838  -52.500  -8.709 0.0000000000
11591  37.654  -39.681  -13.829 0.0000000000
11592  37.260  -41.015  -14.234 0.0000000000
11593  37.661  -39.038  -15.058 0.0000000000
13286  31.377  -57.084  -15.271 0.0000000000
13287  32.296  -57.688  -15.062 0.0000000000
13288  33.062  -55.257  -15.356 0.0000000000
13289  34.715  -53.997  -15.656 0.0000000000
13290  33.557  -53.214  -15.802 0.0000000000
13291  29.529  -48.170  -14.631 0.0000000000
13292  28.618  -49.347  -14.769 0.0000000000
13293  28.873  -47.165  -15.450 0.0000000000
13294  33.149  -40.910  -21.389 0.0000000000
13295  32.560  -42.631  -20.399 0.0000000000
13296  34.244  -41.893  -20.924 0.0000000000
13297  35.520  -42.863  -20.497 0.0000000000
13298  35.976  -41.269  -21.409 0.0000000000
13299  37.442  -40.874  -21.926 0.0000000000
13300  36.428  -39.888  -22.126 0.0000000000
13986  32.988  -48.373  -6.252 0.0000000000
13987  33.214  -49.840  -6.307 0.0000000000
13988  34.281  -48.104  -7.089 0.0000000000
13989  35.084  -47.845  -7.994 0.0000000000
13990  35.033  -46.403  -7.880 0.0000000000
13992  36.039  -43.016  -9.629 0.0000000000
15686  28.053  -62.604  -12.577 0.0000000000
15687  27.955  -63.754  -12.762 0.0000000000
15689  28.544  -60.371  -14.270 0.0000000000
15696  31.309  -37.118  -22.727 0.0000000000
15697  31.484  -38.470  -22.378 0.0000000000
15698  32.385  -36.788  -23.357 0.0000000000
15699  33.741  -36.501  -23.668 0.0000000000
15700  33.307  -35.311  -24.107 0.0000000000
17479  31.968  -59.570  -6.781 0.0000000000
17480  31.028  -61.401  -5.583 0.0000000000
17481  31.622  -61.033  -6.928 0.0000000000
17482  31.225  -62.494  -7.074 0.0000000000
17483  31.667  -60.514  -8.318 0.0000000000
17484  31.358  -59.713  -9.606 0.0000000000
17485  31.925  -58.488  -9.527 0.0000000000
17486  32.846  -52.654  -11.340 0.0000000000
17487  32.136  -53.895  -11.716 0.0000000000
17488  32.158  -51.439  -12.471 0.0000000000
17489  31.246  -50.252  -13.313 0.0000000000
17490  32.333  -49.289  -13.235 0.0000000000
17491  35.745  -47.213  -10.153 0.0000000000
17492  35.061  -48.553  -10.509 0.0000000000
17493  35.734  -46.725  -11.386 0.0000000000
17494  35.480  -43.402  -14.741 0.0000000000
17495  34.957  -45.276  -13.715 0.0000000000
17496  34.283  -44.469  -14.878 0.0000000000
17497  32.988  -45.384  -14.858 0.0000000000
17498  33.380  -43.531  -16.016 0.0000000000
17499  32.534  -42.506  -17.050 0.0000000000
17500  33.944  -41.671  -17.054 0.0000000000
22586  37.459  -52.063  -18.091 0.0000000000
22594  27.954  -52.676  -15.004 0.0000000000
22596  28.200  -54.004  -15.189 0.0000000000
22597  28.694  -55.058  -15.350 0.0000000000
22598  28.765  -52.684  -15.893 0.0000000000
22599  28.855  -43.416  -18.234 0.0000000000
22600  28.378  -45.532  -17.117 0.0000000000
22601  28.790  -44.678  -18.108 0.0000000000
22602  31.551  -46.086  -18.464 0.0000000000
22603  30.047  -46.929  -17.861 0.0000000000
22604  31.303  -47.891  -17.630 0.0000000000
22605  31.089  -50.003  -16.915 0.0000000000
22606  32.596  -48.828  -17.211 0.0000000000
22607  34.038  -49.326  -17.074 0.0000000000
22608  34.336  -47.475  -17.806 0.0000000000
23370  34.748  -44.991  -7.976 0.0000000000
24389  28.517  -63.618  -11.592 0.0000000000
25464  31.412  -58.175  -5.676 0.0000000000
25465  32.247  -58.046  -6.799 0.0000000000
25466  32.565  -57.633  -8.157 0.0000000000
25467  32.477  -57.081  -9.424 0.0000000000
25468  32.941  -55.544  -9.213 0.0000000000
25469  33.252  -53.492  -10.098 0.0000000000
25470  33.555  -51.260  -11.077 0.0000000000
25471  36.930  -43.504  -12.051 0.0000000000
25472  36.362  -44.834  -12.334 0.0000000000
25473  36.817  -42.929  -13.281 0.0000000000
25474  36.527  -42.288  -14.512 0.0000000000
25475  36.003  -41.519  -15.748 0.0000000000
25476  35.380  -40.735  -16.887 0.0000000000
25477  36.567  -39.570  -16.644 0.0000000000
28522  29.959  -61.673  -14.458 0.0000000000
28524  31.572  -60.011  -14.750 0.0000000000
28525  33.188  -58.491  -15.032 0.0000000000
28526  34.925  -56.915  -15.539 0.0000000000
28528  35.762  -54.797  -15.991 0.0000000000
28529  36.250  -52.817  -16.720 0.0000000000
28530  36.543  -51.124  -17.478 0.0000000000
28531  29.401  -52.686  -13.543 0.0000000000
28532  28.932  -54.343  -13.495 0.0000000000
28533  28.634  -51.724  -14.188 0.0000000000
28534  28.163  -50.936  -14.847 0.0000000000
28535  28.051  -50.024  -15.513 0.0000000000
28536  30.149  -42.064  -20.077 0.0000000000
28537  29.692  -43.917  -18.983 0.0000000000
28538  30.962  -43.206  -19.760 0.0000000000
28539  32.031  -44.303  -19.387 0.0000000000
28540  33.210  -45.245  -18.959 0.0000000000
28541  34.586  -46.047  -18.622 0.0000000000
28542  35.003  -44.497  -19.578 0.0000000000
28543  36.665  -43.869  -20.435 0.0000000000
29565  31.975  -51.539  -5.725 0.0000000000
29566  33.131  -51.408  -6.394 0.0000000000
29567  33.947  -51.168  -7.399 0.0000000000
29568  34.320  -50.832  -8.533 0.0000000000
29569  34.757  -49.370  -8.233 0.0000000000
29570  35.506  -47.632  -8.997 0.0000000000
29571  36.192  -45.830  -9.919 0.0000000000
29572  35.629  -44.688  -8.776 0.0000000000
29573  36.316  -44.389  -9.754 0.0000000000
29574  36.741  -44.017  -10.812 0.0000000000
29575  37.161  -42.170  -11.769 0.0000000000
31948  29.174  -61.048  -14.402 0.0000000000
31949  29.798  -58.744  -14.877 0.0000000000
31950  30.488  -56.399  -15.439 0.0000000000
31951  30.036  -44.020  -16.616 0.0000000000
31952  29.058  -45.068  -16.340 0.0000000000
31958  29.914  -40.802  -20.394 0.0000000000
31959  30.879  -40.128  -21.348 0.0000000000
31960  32.228  -39.703  -21.929 0.0000000000
31961  33.925  -39.241  -22.335 0.0000000000
31962  35.505  -38.815  -22.609 0.0000000000
31963  34.614  -37.723  -23.137 0.0000000000
34236  30.003  -61.421  -4.728 0.0000000000
34237  29.764  -62.983  -4.727 0.0000000000
34240  30.837  -63.895  -7.153 0.0000000000
34241  30.744  -63.114  -8.791 0.0000000000
34242  30.253  -62.343  -9.944 0.0000000000
34243  30.848  -61.076  -9.811 0.0000000000
34244  30.843  -58.821  -10.842 0.0000000000
34245  30.708  -56.495  -11.836 0.0000000000
34246  32.089  -56.309  -10.689 0.0000000000
34247  31.374  -55.234  -11.830 0.0000000000
34248  30.401  -53.918  -12.756 0.0000000000
34249  30.188  -51.377  -13.408 0.0000000000
34250  30.328  -49.185  -13.997 0.0000000000
34251  30.585  -47.068  -14.774 0.0000000000
34252  34.391  -50.516  -9.624 0.0000000000
34253  34.262  -49.965  -10.763 0.0000000000
34254  33.944  -49.207  -11.942 0.0000000000
34255  35.463  -46.072  -12.571 0.0000000000
34256  34.410  -47.214  -12.736 0.0000000000
34257  33.427  -48.303  -12.981 0.0000000000
34258  32.644  -47.292  -13.931 0.0000000000
34259  31.763  -46.222  -14.870 0.0000000000
34260  30.847  -45.116  -15.722 0.0000000000
34261  31.227  -43.266  -16.768 0.0000000000
34262  31.737  -41.402  -17.977 0.0000000000
34263  32.308  -39.623  -19.057 0.0000000000
34264  34.617  -39.894  -17.924 0.0000000000
34265  33.763  -38.876  -19.058 0.0000000000
40423  29.566  -61.500  -11.009 0.0000000000
40429  28.491  -57.296  -14.718 0.0000000000
40430  29.496  -55.831  -15.432 0.0000000000
40431  30.875  -54.200  -15.931 0.0000000000
40432  28.421  -46.231  -16.287 0.0000000000
40433  28.128  -47.610  -16.260 0.0000000000
40434  28.287  -48.894  -16.392 0.0000000000
40435  29.203  -45.864  -17.966 0.0000000000
40436  28.903  -47.926  -17.166 0.0000000000
40437  28.766  -50.399  -16.429 0.0000000000
40438  29.770  -51.342  -16.473 0.0000000000
40439  31.051  -52.031  -16.438 0.0000000000
40440  32.378  -52.603  -16.223 0.0000000000
40441  33.813  -51.171  -16.364 0.0000000000
40442  35.366  -50.226  -17.028 0.0000000000
40443  36.648  -49.430  -18.261 0.0000000000
40444  35.845  -46.937  -18.648 0.0000000000
40445  36.908  -47.831  -19.208 0.0000000000
40459  37.213  -38.215  -22.868 0.0000000000
