#!ascii label  , from subject fsaverage6 vox2ras=TkReg
245
445  39.043  -87.493  -13.629 0.0000000000
620  21.522  -75.685  -8.815 0.0000000000
621  28.937  -71.025  -12.090 0.0000000000
829  36.418  -76.069  -14.615 0.0000000000
982  33.399  -86.589  -13.828 0.0000000000
1387  26.603  -74.739  -6.540 0.0000000000
1998  40.094  -81.596  -13.697 0.0000000000
1999  34.893  -81.388  -13.145 0.0000000000
2000  32.657  -80.349  -11.010 0.0000000000
2490  30.625  -79.081  -8.372 0.0000000000
2494  15.872  -71.386  -7.365 0.0000000000
2497  21.212  -80.179  -8.090 0.0000000000
2498  28.833  -77.164  -8.003 0.0000000000
2499  31.453  -73.108  -13.277 0.0000000000
2749  35.426  -75.254  -13.399 0.0000000000
4377  37.364  -88.953  -12.328 0.0000000000
4379  40.686  -86.416  -11.622 0.0000000000
4381  41.946  -84.661  -13.080 0.0000000000
4382  42.191  -81.912  -13.670 0.0000000000
4383  39.570  -84.664  -13.974 0.0000000000
4384  30.358  -86.193  -13.416 0.0000000000
4385  33.841  -84.307  -13.626 0.0000000000
4386  31.278  -83.956  -13.389 0.0000000000
4387  33.174  -80.961  -12.333 0.0000000000
4388  30.095  -83.305  -12.127 0.0000000000
5579  28.219  -82.477  -9.401 0.0000000000
5580  27.054  -81.706  -8.271 0.0000000000
5592  20.829  -74.018  -7.514 0.0000000000
5593  18.153  -75.127  -7.778 0.0000000000
5598  21.018  -78.079  -8.161 0.0000000000
5599  28.635  -72.931  -9.197 0.0000000000
5600  27.622  -76.068  -7.372 0.0000000000
5601  29.316  -74.010  -10.059 0.0000000000
5602  30.323  -75.164  -10.662 0.0000000000
5603  29.934  -72.170  -13.118 0.0000000000
6099  38.476  -76.501  -15.445 0.0000000000
6373  35.655  -89.426  -13.636 0.0000000000
6374  36.381  -87.002  -14.201 0.0000000000
6375  32.709  -88.765  -13.821 0.0000000000
7102  23.275  -73.519  -6.173 0.0000000000
7103  23.230  -75.506  -6.340 0.0000000000
7104  26.317  -73.080  -5.815 0.0000000000
7105  28.190  -71.480  -8.117 0.0000000000
8575  42.162  -79.324  -13.844 0.0000000000
8576  40.198  -78.939  -14.309 0.0000000000
8577  36.771  -84.411  -13.780 0.0000000000
8578  37.564  -81.150  -13.237 0.0000000000
8579  37.979  -78.545  -14.219 0.0000000000
8580  35.644  -78.447  -13.576 0.0000000000
8581  34.370  -77.977  -12.703 0.0000000000
8582  33.501  -77.126  -11.685 0.0000000000
10024  29.173  -83.070  -10.833 0.0000000000
10025  31.722  -79.883  -9.471 0.0000000000
10026  32.401  -76.481  -10.722 0.0000000000
10039  17.881  -72.294  -5.787 0.0000000000
10047  22.669  -81.672  -8.793 0.0000000000
10048  23.980  -77.619  -6.365 0.0000000000
10049  24.999  -79.156  -7.087 0.0000000000
10050  26.236  -80.276  -7.541 0.0000000000
10051  29.688  -78.054  -8.082 0.0000000000
10052  31.236  -75.694  -10.864 0.0000000000
12057  38.376  -88.382  -12.983 0.0000000000
12058  39.104  -87.727  -12.053 0.0000000000
12059  40.037  -87.079  -12.742 0.0000000000
12060  41.538  -85.725  -12.450 0.0000000000
12061  40.594  -86.062  -13.368 0.0000000000
12062  40.834  -84.771  -13.701 0.0000000000
12063  39.413  -86.138  -13.960 0.0000000000
12065  30.687  -85.154  -13.439 0.0000000000
12066  29.557  -84.906  -12.921 0.0000000000
12067  30.438  -83.588  -12.824 0.0000000000
12068  28.783  -84.587  -12.358 0.0000000000
13259  25.821  -82.908  -9.197 0.0000000000
13260  25.178  -82.475  -8.788 0.0000000000
13272  21.508  -74.616  -8.667 0.0000000000
13273  20.024  -74.688  -9.211 0.0000000000
13274  20.664  -75.668  -9.962 0.0000000000
13276  20.578  -76.976  -9.919 0.0000000000
13277  20.306  -78.219  -9.618 0.0000000000
13278  21.242  -77.034  -8.519 0.0000000000
13279  28.925  -72.012  -10.668 0.0000000000
13280  28.890  -73.602  -9.703 0.0000000000
13281  29.175  -72.571  -11.205 0.0000000000
13282  29.710  -73.133  -11.615 0.0000000000
13283  29.340  -71.578  -12.640 0.0000000000
14004  37.277  -76.380  -15.125 0.0000000000
14006  38.251  -74.448  -15.138 0.0000000000
14461  33.705  -90.295  -13.695 0.0000000000
14462  34.322  -89.130  -13.775 0.0000000000
14463  32.222  -90.082  -13.835 0.0000000000
15676  24.557  -72.660  -4.972 0.0000000000
15677  24.645  -73.419  -5.628 0.0000000000
15678  26.237  -72.314  -5.308 0.0000000000
18904  41.193  -81.766  -13.852 0.0000000000
18905  42.218  -80.479  -13.828 0.0000000000
18906  41.263  -80.370  -13.895 0.0000000000
18907  41.186  -79.203  -14.123 0.0000000000
18908  40.151  -80.109  -13.835 0.0000000000
18909  34.943  -86.850  -14.144 0.0000000000
18910  36.531  -85.829  -14.101 0.0000000000
18911  35.060  -85.711  -13.943 0.0000000000
18912  34.319  -82.929  -13.505 0.0000000000
18913  35.707  -82.802  -13.425 0.0000000000
18914  36.155  -81.320  -13.231 0.0000000000
18915  37.865  -79.706  -13.500 0.0000000000
18916  36.591  -79.675  -13.371 0.0000000000
18917  36.793  -78.470  -13.972 0.0000000000
18918  35.361  -79.730  -13.077 0.0000000000
18919  32.867  -80.648  -11.741 0.0000000000
18920  34.016  -79.337  -12.089 0.0000000000
18921  33.608  -79.063  -11.717 0.0000000000
18922  33.972  -77.584  -12.249 0.0000000000
18923  33.264  -78.724  -11.113 0.0000000000
22494  27.602  -84.163  -11.369 0.0000000000
22495  27.305  -83.930  -10.726 0.0000000000
22496  29.578  -81.009  -8.565 0.0000000000
22497  30.173  -81.346  -9.165 0.0000000000
22498  31.201  -79.433  -8.874 0.0000000000
22499  32.246  -78.038  -9.837 0.0000000000
22500  31.686  -77.601  -9.397 0.0000000000
22527  15.810  -69.884  -7.796 0.0000000000
22534  18.798  -72.940  -5.072 0.0000000000
22551  20.689  -81.251  -9.659 0.0000000000
22553  21.893  -81.014  -8.358 0.0000000000
22554  24.981  -75.256  -5.986 0.0000000000
22555  23.524  -76.558  -6.224 0.0000000000
22556  25.441  -76.199  -6.127 0.0000000000
22557  28.164  -76.632  -7.712 0.0000000000
22558  26.379  -77.657  -6.892 0.0000000000
22559  27.170  -78.266  -7.289 0.0000000000
22560  25.675  -79.709  -7.336 0.0000000000
22561  27.792  -78.797  -7.361 0.0000000000
22562  28.321  -79.325  -7.490 0.0000000000
22563  29.330  -77.612  -8.004 0.0000000000
22564  30.814  -74.311  -12.192 0.0000000000
22565  30.747  -75.441  -10.921 0.0000000000
22566  31.490  -74.565  -12.248 0.0000000000
22567  32.032  -74.778  -12.105 0.0000000000
23379  35.843  -75.637  -14.059 0.0000000000
26309  36.138  -89.124  -11.617 0.0000000000
26311  37.816  -87.982  -11.398 0.0000000000
26312  39.555  -86.883  -10.913 0.0000000000
26316  42.715  -84.251  -12.109 0.0000000000
26319  42.090  -83.382  -13.493 0.0000000000
26320  40.995  -83.339  -13.883 0.0000000000
26321  39.820  -83.083  -13.858 0.0000000000
26322  31.751  -86.370  -13.529 0.0000000000
26323  33.562  -85.522  -13.670 0.0000000000
26324  31.971  -85.364  -13.559 0.0000000000
26325  32.418  -84.244  -13.623 0.0000000000
26326  33.122  -82.828  -13.334 0.0000000000
26327  33.846  -81.238  -12.809 0.0000000000
26328  32.224  -82.531  -13.000 0.0000000000
26329  31.742  -82.168  -12.367 0.0000000000
26330  31.533  -81.940  -11.485 0.0000000000
28473  26.892  -83.639  -10.283 0.0000000000
28474  26.407  -83.353  -9.705 0.0000000000
28475  27.551  -82.166  -8.832 0.0000000000
28476  28.956  -80.654  -8.070 0.0000000000
28494  17.611  -68.149  -7.843 0.0000000000
28495  17.190  -69.996  -7.245 0.0000000000
28496  20.338  -73.759  -6.017 0.0000000000
28497  19.020  -74.235  -6.282 0.0000000000
28498  19.454  -74.458  -7.785 0.0000000000
28508  20.883  -79.229  -8.136 0.0000000000
28509  27.994  -73.842  -7.746 0.0000000000
28510  27.178  -75.494  -6.824 0.0000000000
28511  28.289  -74.610  -8.113 0.0000000000
28512  28.692  -75.044  -8.642 0.0000000000
28513  29.151  -75.591  -8.968 0.0000000000
28514  29.692  -76.107  -9.093 0.0000000000
28515  29.793  -74.654  -10.421 0.0000000000
28516  30.157  -73.759  -12.003 0.0000000000
28517  30.608  -72.720  -13.315 0.0000000000
30227  35.724  -89.992  -12.439 0.0000000000
30228  36.640  -89.478  -13.085 0.0000000000
30229  37.394  -88.533  -13.670 0.0000000000
30230  37.927  -87.315  -14.076 0.0000000000
30231  36.198  -88.235  -13.990 0.0000000000
30232  34.684  -87.957  -14.010 0.0000000000
30233  33.134  -87.648  -13.818 0.0000000000
30234  30.695  -89.804  -13.622 0.0000000000
30236  31.479  -87.327  -13.565 0.0000000000
31929  22.172  -73.783  -7.013 0.0000000000
31930  22.404  -74.411  -7.600 0.0000000000
31931  22.164  -75.580  -7.423 0.0000000000
31932  23.272  -74.348  -6.513 0.0000000000
31933  24.736  -74.284  -5.956 0.0000000000
31934  26.385  -73.888  -6.220 0.0000000000
31935  27.599  -71.708  -6.267 0.0000000000
31936  27.522  -72.428  -6.790 0.0000000000
31937  27.663  -73.156  -7.321 0.0000000000
31938  28.316  -72.231  -8.655 0.0000000000
31940  28.656  -70.384  -11.417 0.0000000000
35989  41.311  -78.020  -14.575 0.0000000000
35991  37.992  -86.062  -14.199 0.0000000000
35992  38.158  -84.645  -13.972 0.0000000000
35993  38.458  -83.017  -13.632 0.0000000000
35994  35.317  -84.323  -13.678 0.0000000000
35995  37.149  -82.826  -13.468 0.0000000000
35996  38.883  -81.325  -13.420 0.0000000000
35997  39.022  -79.819  -13.673 0.0000000000
35998  39.097  -78.739  -14.304 0.0000000000
35999  39.214  -77.817  -15.016 0.0000000000
36000  38.130  -77.628  -14.939 0.0000000000
36001  36.824  -77.571  -14.701 0.0000000000
36002  35.876  -77.394  -14.238 0.0000000000
36003  34.495  -79.547  -12.671 0.0000000000
36004  34.824  -78.233  -13.135 0.0000000000
36005  35.208  -77.027  -13.779 0.0000000000
36006  34.822  -76.637  -13.234 0.0000000000
36007  34.419  -76.248  -12.733 0.0000000000
36008  33.898  -75.720  -12.198 0.0000000000
40306  28.130  -84.469  -11.859 0.0000000000
40307  29.568  -83.277  -11.557 0.0000000000
40308  31.115  -81.941  -10.781 0.0000000000
40309  28.741  -82.784  -10.017 0.0000000000
40310  30.611  -81.728  -9.906 0.0000000000
40311  32.235  -80.195  -10.206 0.0000000000
40312  32.794  -78.393  -10.371 0.0000000000
40313  33.017  -76.827  -11.124 0.0000000000
40314  33.245  -75.415  -11.908 0.0000000000
40353  17.031  -71.685  -6.763 0.0000000000
40354  17.789  -74.192  -6.330 0.0000000000
40355  16.950  -73.628  -6.649 0.0000000000
40356  15.908  -72.965  -7.203 0.0000000000
40376  21.973  -82.883  -10.010 0.0000000000
40377  23.215  -82.303  -9.099 0.0000000000
40378  22.067  -76.862  -7.143 0.0000000000
40379  22.216  -77.980  -6.974 0.0000000000
40380  22.461  -79.068  -7.069 0.0000000000
40381  25.901  -76.995  -6.515 0.0000000000
40382  24.455  -78.461  -6.786 0.0000000000
40383  22.973  -79.840  -7.335 0.0000000000
40384  23.664  -80.521  -7.589 0.0000000000
40385  24.402  -81.044  -8.042 0.0000000000
40386  24.713  -81.765  -8.336 0.0000000000
40387  26.722  -80.997  -7.736 0.0000000000
40388  28.768  -79.934  -7.558 0.0000000000
40389  30.093  -78.505  -8.106 0.0000000000
40390  30.140  -76.417  -9.298 0.0000000000
40391  30.537  -76.635  -9.398 0.0000000000
40392  31.130  -77.005  -9.298 0.0000000000
40393  31.803  -76.027  -10.739 0.0000000000
40394  32.708  -75.047  -11.976 0.0000000000
