#!ascii label  , from subject fsaverage6 vox2ras=TkReg
96
351  40.789  -63.881  -12.676 0.0000000000
353  38.757  -62.302  -17.892 0.0000000000
830  43.333  -69.376  -16.247 0.0000000000
832  39.830  -63.308  -15.611 0.0000000000
1781  46.016  -69.145  -14.530 0.0000000000
3924  42.587  -76.838  -14.550 0.0000000000
3926  44.472  -73.396  -15.685 0.0000000000
3927  42.593  -66.718  -14.709 0.0000000000
3928  44.134  -66.254  -14.566 0.0000000000
3929  42.292  -63.960  -12.496 0.0000000000
3934  39.786  -63.487  -17.228 0.0000000000
3938  40.181  -58.398  -18.768 0.0000000000
5657  45.168  -67.012  -10.391 0.0000000000
5658  44.636  -66.911  -8.558 0.0000000000
6100  42.303  -72.916  -16.224 0.0000000000
6101  40.199  -72.668  -15.494 0.0000000000
6102  41.301  -69.375  -15.450 0.0000000000
6103  40.978  -66.223  -14.288 0.0000000000
6104  39.697  -63.517  -13.597 0.0000000000
6105  39.730  -66.074  -15.285 0.0000000000
7992  45.522  -70.108  -12.221 0.0000000000
7993  45.575  -66.213  -12.479 0.0000000000
7994  45.363  -69.117  -15.972 0.0000000000
7995  45.382  -65.280  -14.030 0.0000000000
11604  41.799  -76.800  -15.178 0.0000000000
11606  42.737  -75.133  -15.780 0.0000000000
11607  41.550  -65.403  -13.603 0.0000000000
11608  42.425  -65.500  -13.704 0.0000000000
11609  41.484  -64.039  -12.596 0.0000000000
11614  39.308  -63.206  -17.722 0.0000000000
11615  40.372  -61.616  -17.564 0.0000000000
11616  40.092  -61.205  -18.125 0.0000000000
11618  39.527  -60.407  -18.348 0.0000000000
14008  39.877  -70.742  -14.748 0.0000000000
14009  40.254  -69.205  -14.790 0.0000000000
14010  41.587  -67.819  -15.196 0.0000000000
14011  40.559  -67.558  -14.923 0.0000000000
14012  40.352  -66.074  -14.632 0.0000000000
14013  39.456  -67.527  -14.823 0.0000000000
17534  45.923  -69.567  -13.432 0.0000000000
17535  45.669  -68.120  -12.489 0.0000000000
17536  45.939  -67.573  -13.531 0.0000000000
17537  42.935  -70.938  -16.442 0.0000000000
17538  44.171  -71.079  -16.466 0.0000000000
17539  44.479  -69.294  -16.270 0.0000000000
17540  43.900  -64.520  -13.542 0.0000000000
17541  44.790  -65.582  -14.418 0.0000000000
17542  44.527  -64.104  -13.422 0.0000000000
17543  44.908  -64.145  -13.006 0.0000000000
17544  44.388  -62.945  -12.359 0.0000000000
17559  39.623  -63.301  -14.523 0.0000000000
25498  45.624  -71.189  -15.307 0.0000000000
25499  43.339  -68.010  -15.635 0.0000000000
25500  44.250  -67.910  -15.579 0.0000000000
25501  43.389  -66.698  -14.677 0.0000000000
25502  43.193  -65.132  -13.601 0.0000000000
25503  43.123  -63.486  -12.522 0.0000000000
25512  39.960  -63.335  -16.542 0.0000000000
25514  40.256  -61.669  -16.745 0.0000000000
28613  45.128  -68.853  -10.255 0.0000000000
28614  44.845  -68.732  -9.363 0.0000000000
29590  41.515  -74.948  -15.958 0.0000000000
29591  40.373  -74.848  -15.951 0.0000000000
29592  41.164  -72.860  -15.972 0.0000000000
29593  41.840  -70.955  -16.083 0.0000000000
29594  39.173  -72.554  -14.820 0.0000000000
29595  40.839  -70.901  -15.490 0.0000000000
29596  42.358  -69.410  -16.024 0.0000000000
29597  42.509  -67.916  -15.490 0.0000000000
29598  41.756  -66.587  -14.432 0.0000000000
29599  40.869  -65.181  -13.518 0.0000000000
29600  40.228  -63.761  -12.922 0.0000000000
29601  40.263  -64.908  -13.728 0.0000000000
29602  39.852  -64.745  -14.442 0.0000000000
29603  39.705  -64.716  -15.389 0.0000000000
29605  38.927  -66.093  -15.832 0.0000000000
29606  39.570  -64.795  -16.306 0.0000000000
29607  39.074  -64.865  -16.892 0.0000000000
29608  38.443  -64.690  -17.246 0.0000000000
34306  45.245  -70.444  -11.085 0.0000000000
34307  45.302  -68.596  -11.273 0.0000000000
34308  45.299  -66.717  -11.362 0.0000000000
34310  43.505  -73.201  -16.136 0.0000000000
34311  45.077  -71.177  -16.014 0.0000000000
34312  45.907  -68.817  -15.442 0.0000000000
34313  45.021  -67.594  -15.463 0.0000000000
34314  45.707  -66.928  -15.047 0.0000000000
34315  46.007  -66.932  -14.419 0.0000000000
34316  45.607  -65.703  -13.362 0.0000000000
34317  45.120  -64.543  -12.283 0.0000000000
34338  39.828  -62.127  -12.706 0.0000000000
35988  42.146  -78.081  -14.027 0.0000000000
35989  41.311  -78.020  -14.575 0.0000000000
40404  37.187  -62.958  -17.154 0.0000000000
40413  38.003  -60.981  -17.728 0.0000000000
40588  44.286  -68.574  -8.476 0.0000000000
