#!ascii label  , from subject fsaverage6 vox2ras=TkReg
81
555  18.948  -74.310  20.581 0.0000000000
556  13.419  -65.210  14.858 0.0000000000
1226  22.278  -67.946  16.371 0.0000000000
1227  19.491  -65.445  12.657 0.0000000000
2303  11.196  -72.874  21.284 0.0000000000
2305  16.420  -70.481  17.562 0.0000000000
2308  11.339  -71.954  14.796 0.0000000000
3147  22.150  -64.894  12.476 0.0000000000
3148  18.861  -65.216  10.463 0.0000000000
3149  21.456  -65.026  10.139 0.0000000000
5114  14.623  -74.352  19.836 0.0000000000
5118  18.242  -67.162  15.245 0.0000000000
5119  19.215  -69.713  15.822 0.0000000000
5120  15.134  -67.513  17.101 0.0000000000
5121  11.719  -69.026  17.695 0.0000000000
6816  21.138  -66.743  14.326 0.0000000000
6817  17.041  -64.906  14.029 0.0000000000
6818  13.157  -64.170  11.672 0.0000000000
6819  16.360  -64.460  11.190 0.0000000000
9472  20.448  -71.022  18.123 0.0000000000
9473  17.540  -73.060  18.274 0.0000000000
9474  13.746  -71.334  19.664 0.0000000000
10828  21.708  -64.981  11.350 0.0000000000
10829  22.605  -63.984  11.569 0.0000000000
12790  19.402  -74.315  22.131 0.0000000000
12791  18.287  -75.768  22.181 0.0000000000
12792  17.563  -75.550  20.744 0.0000000000
12793  15.152  -75.721  20.333 0.0000000000
12794  16.708  -74.924  19.673 0.0000000000
12798  16.244  -65.904  15.705 0.0000000000
12799  16.777  -67.275  16.267 0.0000000000
12800  14.414  -66.202  16.300 0.0000000000
12801  12.519  -66.878  16.539 0.0000000000
12802  11.626  -65.781  15.105 0.0000000000
15198  21.708  -65.578  13.464 0.0000000000
15199  22.462  -65.955  14.541 0.0000000000
15200  20.320  -65.863  13.623 0.0000000000
15201  18.991  -65.859  14.159 0.0000000000
15202  18.335  -65.131  13.306 0.0000000000
15203  16.500  -64.660  12.598 0.0000000000
15204  17.790  -64.993  12.106 0.0000000000
21116  17.732  -70.153  16.451 0.0000000000
21117  19.942  -70.673  16.747 0.0000000000
21118  18.430  -71.403  16.927 0.0000000000
21119  19.097  -72.183  17.936 0.0000000000
21120  16.920  -71.889  17.741 0.0000000000
21121  15.592  -72.276  18.861 0.0000000000
21122  15.123  -70.819  18.740 0.0000000000
24097  20.971  -65.406  12.336 0.0000000000
24098  18.962  -65.336  11.625 0.0000000000
24099  20.374  -65.390  11.270 0.0000000000
24100  20.242  -65.352  10.191 0.0000000000
27638  13.001  -73.365  20.924 0.0000000000
27644  20.260  -68.191  15.004 0.0000000000
27645  20.857  -69.060  15.891 0.0000000000
27646  18.647  -68.547  15.430 0.0000000000
27647  17.232  -68.720  16.422 0.0000000000
27648  15.912  -68.985  17.520 0.0000000000
27649  14.396  -69.411  18.302 0.0000000000
27650  13.467  -68.142  17.470 0.0000000000
27651  10.547  -67.711  16.627 0.0000000000
31264  21.785  -67.450  15.123 0.0000000000
31265  19.608  -67.041  14.502 0.0000000000
31266  17.751  -65.856  14.938 0.0000000000
31267  15.319  -64.970  14.479 0.0000000000
31268  13.041  -64.730  13.277 0.0000000000
31269  14.893  -64.523  13.006 0.0000000000
31270  14.852  -64.146  11.443 0.0000000000
31272  17.644  -64.866  10.842 0.0000000000
31273  16.565  -64.361  9.508 0.0000000000
38648  20.092  -72.774  20.856 0.0000000000
38652  21.395  -69.483  17.191 0.0000000000
38653  21.631  -69.535  18.735 0.0000000000
38655  20.786  -71.151  19.641 0.0000000000
38656  19.715  -72.687  19.236 0.0000000000
38657  18.243  -73.927  19.185 0.0000000000
38658  16.002  -73.744  18.997 0.0000000000
38659  14.328  -72.685  19.929 0.0000000000
38660  12.422  -71.970  20.503 0.0000000000
38661  12.769  -70.170  18.808 0.0000000000
38662  11.362  -70.996  19.334 0.0000000000
