#!ascii label  , from subject fsaverage6 vox2ras=TkReg
245
156  41.552  -47.404  -20.243 0.0000000000
352  42.326  -50.285  -12.507 0.0000000000
631  53.294  -43.931  -21.286 0.0000000000
632  48.742  -37.857  -19.980 0.0000000000
1414  41.319  -48.927  -16.297 0.0000000000
1415  45.111  -43.795  -15.319 0.0000000000
1416  43.042  -41.929  -17.629 0.0000000000
1786  40.442  -56.151  -16.148 0.0000000000
1787  41.152  -54.479  -19.421 0.0000000000
2501  35.803  -57.778  -16.059 0.0000000000
2502  37.662  -50.466  -18.820 0.0000000000
2505  38.884  -44.233  -21.658 0.0000000000
2506  40.508  -38.192  -22.398 0.0000000000
2530  48.051  -46.316  -15.608 0.0000000000
2531  50.780  -40.968  -20.522 0.0000000000
3334  41.718  -48.263  -18.557 0.0000000000
3335  42.037  -45.394  -16.884 0.0000000000
3336  41.962  -44.739  -18.872 0.0000000000
3337  42.427  -41.385  -19.476 0.0000000000
3338  41.530  -43.987  -20.493 0.0000000000
3935  40.199  -59.982  -16.005 0.0000000000
3936  40.758  -59.492  -17.725 0.0000000000
3937  41.147  -55.445  -18.004 0.0000000000
3938  40.181  -58.398  -18.768 0.0000000000
5618  37.131  -42.317  -21.276 0.0000000000
5619  39.581  -41.339  -22.457 0.0000000000
5620  38.076  -39.329  -22.575 0.0000000000
5679  44.152  -51.385  -11.895 0.0000000000
5680  47.146  -49.411  -14.010 0.0000000000
5681  45.457  -47.895  -13.260 0.0000000000
5682  46.847  -40.875  -17.466 0.0000000000
5683  48.099  -42.227  -17.421 0.0000000000
5684  49.741  -39.541  -20.159 0.0000000000
5686  51.316  -36.745  -23.453 0.0000000000
7116  36.336  -37.250  -23.273 0.0000000000
7151  52.148  -46.630  -19.016 0.0000000000
7152  41.428  -49.605  -14.173 0.0000000000
7153  43.692  -46.618  -13.402 0.0000000000
7154  42.465  -46.049  -14.820 0.0000000000
7155  43.913  -42.882  -16.154 0.0000000000
7156  45.795  -39.452  -17.863 0.0000000000
7157  47.512  -36.421  -19.921 0.0000000000
7158  44.620  -38.613  -18.781 0.0000000000
8004  39.652  -60.104  -13.787 0.0000000000
8006  40.405  -53.165  -14.072 0.0000000000
8007  40.816  -52.480  -16.194 0.0000000000
8008  41.449  -51.785  -18.199 0.0000000000
8009  41.658  -50.840  -19.958 0.0000000000
10060  38.493  -56.012  -18.376 0.0000000000
10061  39.654  -52.319  -19.448 0.0000000000
10062  40.060  -48.930  -20.552 0.0000000000
10070  38.093  -47.226  -20.328 0.0000000000
10071  40.370  -45.726  -21.437 0.0000000000
10072  40.974  -42.839  -21.999 0.0000000000
10073  41.337  -39.738  -21.785 0.0000000000
10075  39.275  -36.301  -23.066 0.0000000000
10145  49.678  -47.906  -16.358 0.0000000000
10146  50.803  -44.998  -18.036 0.0000000000
10147  46.509  -44.994  -15.207 0.0000000000
10148  49.429  -43.466  -17.523 0.0000000000
10149  51.970  -42.278  -20.740 0.0000000000
11014  41.846  -47.861  -19.487 0.0000000000
11015  41.839  -46.588  -18.686 0.0000000000
11016  41.769  -46.077  -19.603 0.0000000000
11017  41.774  -44.421  -19.677 0.0000000000
11018  41.421  -45.635  -20.309 0.0000000000
11617  40.685  -59.063  -18.388 0.0000000000
13299  37.442  -40.874  -21.926 0.0000000000
13300  36.428  -39.888  -22.126 0.0000000000
13354  53.915  -44.795  -21.731 0.0000000000
13358  53.845  -42.513  -22.589 0.0000000000
13359  43.146  -50.721  -11.988 0.0000000000
13360  44.838  -49.561  -12.596 0.0000000000
13362  47.850  -39.302  -18.678 0.0000000000
13363  48.405  -40.061  -18.596 0.0000000000
13364  49.272  -38.711  -20.073 0.0000000000
13365  50.573  -38.174  -21.846 0.0000000000
13366  50.068  -37.230  -21.659 0.0000000000
15759  41.309  -49.201  -15.216 0.0000000000
15760  41.895  -47.838  -14.379 0.0000000000
15761  41.690  -47.458  -15.440 0.0000000000
15762  42.549  -43.603  -17.246 0.0000000000
15763  42.783  -44.017  -16.321 0.0000000000
15764  43.413  -42.406  -16.812 0.0000000000
15765  44.784  -41.173  -16.984 0.0000000000
15766  44.194  -40.631  -17.416 0.0000000000
15767  45.186  -38.948  -18.298 0.0000000000
15768  43.737  -40.453  -18.219 0.0000000000
15769  42.129  -41.148  -20.169 0.0000000000
15770  42.982  -39.755  -19.746 0.0000000000
17562  40.406  -58.119  -16.117 0.0000000000
17563  40.165  -58.351  -15.105 0.0000000000
17564  40.181  -56.573  -15.089 0.0000000000
17565  40.201  -55.044  -14.040 0.0000000000
17566  40.250  -54.696  -15.124 0.0000000000
17567  40.533  -52.783  -15.135 0.0000000000
17568  40.534  -54.316  -16.171 0.0000000000
17569  41.337  -55.084  -18.784 0.0000000000
17570  41.319  -53.615  -18.069 0.0000000000
17571  41.636  -53.128  -18.959 0.0000000000
17572  41.772  -51.323  -19.083 0.0000000000
17573  41.509  -52.497  -19.698 0.0000000000
22584  37.920  -57.902  -17.874 0.0000000000
22585  37.164  -56.909  -17.318 0.0000000000
22587  38.368  -53.016  -18.580 0.0000000000
22588  38.675  -51.452  -19.167 0.0000000000
22589  39.952  -50.556  -19.989 0.0000000000
22590  38.934  -49.687  -19.874 0.0000000000
22609  37.606  -44.871  -20.631 0.0000000000
22610  37.221  -46.341  -19.906 0.0000000000
22611  38.499  -45.687  -21.041 0.0000000000
22612  39.273  -46.510  -21.170 0.0000000000
22613  39.654  -45.027  -21.796 0.0000000000
22614  40.613  -44.270  -21.692 0.0000000000
22615  40.102  -43.624  -22.220 0.0000000000
22616  39.988  -39.731  -22.500 0.0000000000
22617  40.623  -40.503  -22.328 0.0000000000
22618  40.835  -39.129  -22.056 0.0000000000
22619  41.678  -37.969  -21.447 0.0000000000
22621  37.158  -35.851  -23.660 0.0000000000
22622  37.816  -36.774  -23.278 0.0000000000
22794  46.718  -53.445  -13.075 0.0000000000
22797  47.624  -47.884  -14.815 0.0000000000
22798  48.461  -48.725  -15.154 0.0000000000
22799  48.862  -47.087  -15.911 0.0000000000
22800  50.133  -46.407  -17.184 0.0000000000
22801  49.361  -45.651  -16.788 0.0000000000
22802  44.416  -45.194  -14.274 0.0000000000
22803  45.162  -45.680  -14.034 0.0000000000
22804  45.801  -44.332  -15.177 0.0000000000
22805  49.531  -41.522  -18.803 0.0000000000
22806  48.743  -42.857  -17.410 0.0000000000
22807  50.129  -42.199  -18.986 0.0000000000
22808  50.764  -42.823  -19.129 0.0000000000
22809  51.344  -41.592  -20.606 0.0000000000
22811  51.934  -40.320  -22.170 0.0000000000
24432  41.471  -48.656  -17.477 0.0000000000
24433  41.686  -47.086  -16.607 0.0000000000
24434  41.664  -47.007  -17.613 0.0000000000
24435  41.970  -45.134  -17.861 0.0000000000
24436  42.353  -43.356  -18.102 0.0000000000
24437  42.666  -41.713  -18.500 0.0000000000
24438  42.138  -42.907  -19.088 0.0000000000
24439  41.992  -42.509  -20.057 0.0000000000
24440  41.659  -42.409  -20.739 0.0000000000
25513  39.945  -61.794  -15.780 0.0000000000
25515  40.544  -59.811  -16.915 0.0000000000
25516  40.684  -57.830  -17.033 0.0000000000
25517  40.757  -55.803  -17.126 0.0000000000
25518  40.992  -57.414  -17.893 0.0000000000
25519  41.038  -56.999  -18.606 0.0000000000
25520  40.698  -56.420  -19.096 0.0000000000
28527  36.594  -55.657  -16.673 0.0000000000
28543  36.665  -43.869  -20.435 0.0000000000
28544  38.039  -43.304  -21.518 0.0000000000
28545  39.238  -42.919  -22.120 0.0000000000
28546  38.443  -41.927  -22.010 0.0000000000
28547  38.890  -40.457  -22.463 0.0000000000
28548  39.425  -38.989  -22.681 0.0000000000
28653  45.152  -52.011  -12.198 0.0000000000
28654  46.600  -51.064  -13.255 0.0000000000
28655  45.745  -50.289  -12.842 0.0000000000
28656  46.335  -48.664  -13.606 0.0000000000
28657  46.831  -47.147  -14.502 0.0000000000
28658  45.903  -42.385  -16.406 0.0000000000
28659  46.508  -42.949  -16.270 0.0000000000
28660  47.450  -41.474  -17.489 0.0000000000
28661  48.979  -40.746  -18.687 0.0000000000
28662  50.263  -40.236  -20.398 0.0000000000
28663  51.436  -39.858  -22.066 0.0000000000
28664  50.996  -38.964  -22.060 0.0000000000
28665  51.754  -37.710  -23.764 0.0000000000
32045  52.760  -45.348  -20.060 0.0000000000
32046  41.654  -49.929  -13.235 0.0000000000
32047  43.024  -48.499  -12.822 0.0000000000
32048  42.355  -48.209  -13.508 0.0000000000
32049  43.003  -46.328  -13.991 0.0000000000
32050  43.736  -44.737  -14.785 0.0000000000
32051  42.189  -45.719  -15.843 0.0000000000
32052  43.189  -44.451  -15.521 0.0000000000
32053  44.488  -43.324  -15.655 0.0000000000
32054  45.328  -41.743  -16.642 0.0000000000
32055  46.295  -40.064  -17.665 0.0000000000
32056  47.289  -38.534  -18.627 0.0000000000
32057  48.148  -37.120  -19.884 0.0000000000
32058  46.693  -37.959  -18.775 0.0000000000
32059  46.099  -37.403  -18.959 0.0000000000
32060  45.464  -37.110  -19.274 0.0000000000
32061  43.255  -40.138  -18.947 0.0000000000
32062  44.090  -38.463  -19.323 0.0000000000
32063  44.966  -36.987  -19.790 0.0000000000
34336  42.429  -52.529  -11.565 0.0000000000
34337  41.503  -52.008  -12.149 0.0000000000
34341  39.879  -59.984  -14.869 0.0000000000
34342  39.903  -58.560  -13.938 0.0000000000
34344  40.331  -55.368  -12.912 0.0000000000
34345  40.543  -53.509  -12.931 0.0000000000
34346  40.980  -51.646  -13.164 0.0000000000
34347  40.874  -51.333  -14.125 0.0000000000
34348  40.890  -51.144  -15.142 0.0000000000
34349  41.102  -50.712  -16.186 0.0000000000
34350  40.882  -54.017  -17.175 0.0000000000
34351  41.105  -52.185  -17.246 0.0000000000
34352  41.242  -50.432  -17.258 0.0000000000
34353  41.549  -50.033  -18.423 0.0000000000
34354  41.807  -49.632  -19.374 0.0000000000
34355  41.648  -49.071  -20.099 0.0000000000
40414  38.828  -59.171  -18.291 0.0000000000
40415  39.425  -57.181  -18.798 0.0000000000
40416  39.972  -55.301  -19.198 0.0000000000
40417  37.793  -54.957  -17.862 0.0000000000
40418  39.171  -54.116  -18.861 0.0000000000
40419  40.463  -53.388  -19.600 0.0000000000
40420  40.878  -51.480  -20.110 0.0000000000
40421  41.011  -49.757  -20.396 0.0000000000
40422  41.060  -48.070  -20.675 0.0000000000
40445  36.908  -47.831  -19.208 0.0000000000
40446  37.832  -48.860  -19.509 0.0000000000
40447  39.071  -48.047  -20.478 0.0000000000
40448  40.180  -47.290  -21.115 0.0000000000
40449  41.055  -46.469  -20.901 0.0000000000
40450  41.061  -44.888  -21.028 0.0000000000
40451  41.229  -43.399  -21.265 0.0000000000
40452  41.344  -41.715  -21.371 0.0000000000
40453  40.465  -41.941  -22.464 0.0000000000
40454  41.142  -41.157  -21.968 0.0000000000
40455  41.575  -40.414  -21.485 0.0000000000
40459  37.213  -38.215  -22.868 0.0000000000
40460  38.830  -37.699  -22.998 0.0000000000
40461  40.023  -37.456  -22.745 0.0000000000
40669  47.987  -50.254  -14.562 0.0000000000
40670  49.272  -49.581  -15.689 0.0000000000
40671  50.519  -48.809  -16.891 0.0000000000
40672  50.827  -47.267  -17.640 0.0000000000
40673  51.462  -45.839  -18.484 0.0000000000
40674  52.142  -44.481  -19.571 0.0000000000
40675  44.567  -47.153  -13.087 0.0000000000
40676  45.957  -46.414  -14.041 0.0000000000
40677  47.307  -45.602  -15.442 0.0000000000
40678  47.253  -43.565  -16.271 0.0000000000
40679  47.939  -44.259  -16.199 0.0000000000
40680  48.660  -44.832  -16.467 0.0000000000
40681  50.164  -44.234  -17.744 0.0000000000
40682  51.472  -43.575  -19.274 0.0000000000
40683  52.630  -43.125  -20.929 0.0000000000
