#!ascii label  , from subject fsaverage6 vox2ras=TkReg
192
284  8.301  -85.050  35.333 0.0000000000
298  17.319  -87.295  25.723 0.0000000000
567  20.466  -91.716  18.190 0.0000000000
1255  12.759  -86.557  23.839 0.0000000000
1256  16.933  -87.930  18.812 0.0000000000
1280  27.405  -91.889  10.142 0.0000000000
1664  8.597  -87.888  28.171 0.0000000000
1668  6.711  -75.805  25.397 0.0000000000
1689  18.339  -87.182  31.998 0.0000000000
1690  12.861  -86.960  30.931 0.0000000000
3175  11.697  -88.972  23.014 0.0000000000
3176  13.326  -88.611  20.421 0.0000000000
3734  7.782  -86.204  31.936 0.0000000000
3740  5.339  -77.562  27.357 0.0000000000
3741  8.069  -77.744  27.079 0.0000000000
3775  11.281  -86.345  36.300 0.0000000000
3776  13.224  -87.183  34.044 0.0000000000
3777  10.352  -85.949  33.598 0.0000000000
3778  9.959  -86.427  29.955 0.0000000000
5205  19.450  -86.764  26.610 0.0000000000
5208  18.677  -90.001  17.510 0.0000000000
5210  21.338  -89.801  18.433 0.0000000000
5212  23.636  -90.938  18.997 0.0000000000
5213  25.303  -92.096  18.772 0.0000000000
5283  27.618  -93.110  7.904 0.0000000000
6867  15.123  -86.352  24.917 0.0000000000
6868  16.699  -86.686  22.236 0.0000000000
6869  14.721  -87.024  21.046 0.0000000000
6870  15.652  -89.508  17.719 0.0000000000
6913  29.487  -90.954  11.818 0.0000000000
6914  28.127  -92.262  12.925 0.0000000000
7724  9.794  -89.039  24.537 0.0000000000
7734  5.429  -74.355  22.635 0.0000000000
7780  20.376  -87.162  29.468 0.0000000000
7781  17.481  -87.361  28.860 0.0000000000
7782  16.378  -87.290  34.609 0.0000000000
7783  15.550  -87.532  31.307 0.0000000000
7784  15.518  -87.298  28.352 0.0000000000
7785  12.762  -86.034  27.788 0.0000000000
7786  10.735  -87.373  26.433 0.0000000000
9461  13.317  -80.019  27.859 0.0000000000
9464  11.432  -78.664  25.704 0.0000000000
9466  8.846  -74.465  22.881 0.0000000000
9669  27.039  -90.094  3.096 0.0000000000
9670  27.060  -90.751  7.621 0.0000000000
9671  27.202  -91.495  5.167 0.0000000000
9672  26.411  -92.846  3.265 0.0000000000
11414  7.908  -85.560  33.875 0.0000000000
11416  6.889  -85.174  34.165 0.0000000000
11455  9.836  -85.583  35.969 0.0000000000
11456  10.762  -86.153  35.141 0.0000000000
11457  9.290  -85.571  34.651 0.0000000000
11458  8.915  -85.852  33.002 0.0000000000
12885  18.387  -87.116  26.287 0.0000000000
12887  18.222  -87.095  24.667 0.0000000000
12888  19.624  -90.862  17.700 0.0000000000
12889  20.007  -90.123  18.153 0.0000000000
12890  21.070  -90.857  18.511 0.0000000000
12891  22.478  -90.361  18.795 0.0000000000
12892  22.109  -91.506  18.822 0.0000000000
12893  23.103  -92.092  19.128 0.0000000000
13820  10.245  -81.356  31.982 0.0000000000
15285  13.792  -85.978  24.403 0.0000000000
15286  14.671  -86.320  22.931 0.0000000000
15287  13.671  -86.609  22.344 0.0000000000
15289  14.373  -89.043  18.926 0.0000000000
15291  16.596  -90.912  17.101 0.0000000000
15364  28.286  -91.891  14.166 0.0000000000
15365  27.410  -92.553  13.381 0.0000000000
15366  27.592  -92.273  14.780 0.0000000000
16964  9.177  -88.503  26.480 0.0000000000
16965  8.821  -88.663  24.461 0.0000000000
16982  5.936  -76.625  26.515 0.0000000000
16983  4.704  -76.840  26.079 0.0000000000
16984  5.308  -75.692  25.166 0.0000000000
16985  4.810  -75.106  23.676 0.0000000000
16986  6.093  -74.910  24.031 0.0000000000
17080  20.115  -86.965  32.343 0.0000000000
17081  21.116  -87.063  31.064 0.0000000000
17082  19.324  -87.218  30.702 0.0000000000
17083  18.601  -87.154  29.075 0.0000000000
17084  17.697  -87.326  30.423 0.0000000000
17087  15.512  -87.328  35.804 0.0000000000
17088  12.956  -87.038  32.451 0.0000000000
17089  14.312  -87.424  32.617 0.0000000000
17090  14.246  -87.406  31.061 0.0000000000
17091  15.535  -87.538  29.826 0.0000000000
17092  14.293  -87.227  29.592 0.0000000000
17093  14.226  -86.703  28.106 0.0000000000
17094  12.844  -86.576  29.458 0.0000000000
17095  9.121  -87.203  29.055 0.0000000000
17096  10.153  -86.846  28.079 0.0000000000
17097  9.643  -87.906  27.435 0.0000000000
17098  10.346  -88.520  25.773 0.0000000000
21096  13.463  -79.102  25.318 0.0000000000
21103  8.119  -73.652  21.871 0.0000000000
21383  16.638  -87.023  20.495 0.0000000000
21384  17.552  -86.696  21.286 0.0000000000
21385  17.604  -87.170  19.705 0.0000000000
21401  25.831  -92.663  18.021 0.0000000000
21606  27.293  -89.166  4.133 0.0000000000
21607  27.645  -90.602  9.859 0.0000000000
21608  27.288  -90.011  8.739 0.0000000000
21609  27.209  -91.439  8.903 0.0000000000
21611  27.480  -92.330  6.349 0.0000000000
21612  27.366  -92.672  5.206 0.0000000000
21613  27.000  -91.978  4.266 0.0000000000
21614  26.928  -93.336  4.304 0.0000000000
24147  12.136  -87.675  23.469 0.0000000000
24148  12.872  -87.488  21.955 0.0000000000
24149  12.430  -88.751  21.774 0.0000000000
25166  6.647  -77.455  27.427 0.0000000000
25167  7.367  -76.886  26.370 0.0000000000
25226  19.128  -86.797  33.635 0.0000000000
25227  12.799  -86.918  36.608 0.0000000000
25228  13.725  -87.354  35.501 0.0000000000
25229  12.196  -86.889  35.356 0.0000000000
25230  11.823  -86.615  33.911 0.0000000000
25231  11.541  -86.477  32.311 0.0000000000
25232  11.388  -86.396  30.655 0.0000000000
25233  10.046  -86.158  31.858 0.0000000000
25234  8.789  -86.385  31.041 0.0000000000
27801  20.891  -86.885  26.722 0.0000000000
27806  17.752  -88.987  17.823 0.0000000000
27807  18.158  -88.056  18.610 0.0000000000
27808  19.071  -89.130  18.127 0.0000000000
27809  20.231  -89.028  18.169 0.0000000000
27816  24.596  -91.494  19.040 0.0000000000
27817  23.997  -92.746  19.085 0.0000000000
27940  27.180  -92.769  10.460 0.0000000000
27941  27.328  -92.577  9.047 0.0000000000
29324  9.021  -84.859  36.442 0.0000000000
29325  7.434  -84.476  35.483 0.0000000000
29385  12.144  -86.252  37.236 0.0000000000
29386  10.481  -85.523  36.895 0.0000000000
31383  16.213  -86.946  25.247 0.0000000000
31384  16.995  -86.981  23.960 0.0000000000
31385  15.826  -86.501  23.385 0.0000000000
31386  15.656  -86.714  21.611 0.0000000000
31387  15.785  -87.504  19.691 0.0000000000
31388  13.868  -87.615  20.611 0.0000000000
31389  14.999  -88.171  19.149 0.0000000000
31390  16.299  -88.626  18.146 0.0000000000
31391  17.225  -89.876  17.130 0.0000000000
31392  18.122  -91.014  17.083 0.0000000000
31491  28.208  -91.285  11.021 0.0000000000
31493  28.782  -91.719  12.293 0.0000000000
31494  27.731  -92.219  11.412 0.0000000000
31495  27.168  -92.676  11.920 0.0000000000
33584  10.316  -89.460  22.545 0.0000000000
33733  22.222  -86.889  29.871 0.0000000000
33734  21.590  -87.006  28.261 0.0000000000
33735  19.806  -86.917  27.895 0.0000000000
33736  18.443  -87.017  27.644 0.0000000000
33737  17.522  -87.413  27.402 0.0000000000
33739  18.149  -86.705  34.994 0.0000000000
33740  17.317  -87.230  33.258 0.0000000000
33741  14.790  -87.477  34.265 0.0000000000
33742  15.797  -87.512  32.888 0.0000000000
33743  16.769  -87.448  31.626 0.0000000000
33744  16.610  -87.489  30.031 0.0000000000
33745  16.562  -87.518  28.637 0.0000000000
33746  16.524  -87.335  27.021 0.0000000000
33747  15.349  -86.827  26.649 0.0000000000
33748  14.043  -86.070  26.409 0.0000000000
33749  12.702  -85.918  25.918 0.0000000000
33750  11.267  -86.117  28.884 0.0000000000
33751  11.315  -86.197  27.098 0.0000000000
33752  11.806  -86.846  25.299 0.0000000000
33753  11.310  -88.162  24.802 0.0000000000
33754  10.862  -89.185  23.933 0.0000000000
38620  12.141  -80.434  29.124 0.0000000000
38628  14.534  -79.478  26.515 0.0000000000
38629  12.320  -79.402  26.687 0.0000000000
38631  9.850  -78.195  26.418 0.0000000000
38632  9.032  -77.395  25.789 0.0000000000
38633  8.402  -76.308  24.953 0.0000000000
38636  7.744  -75.105  24.078 0.0000000000
38637  7.076  -74.290  22.899 0.0000000000
38972  17.867  -86.812  22.948 0.0000000000
38975  18.482  -86.912  19.157 0.0000000000
38993  26.102  -91.021  17.909 0.0000000000
38994  26.645  -91.524  17.019 0.0000000000
38995  27.195  -91.940  15.866 0.0000000000
38996  26.441  -93.114  15.403 0.0000000000
39243  26.612  -91.192  2.041 0.0000000000
39247  27.308  -92.006  7.693 0.0000000000
39248  27.125  -91.228  6.323 0.0000000000
39249  27.085  -90.130  5.155 0.0000000000
39250  27.190  -90.621  4.259 0.0000000000
39251  26.703  -91.493  3.298 0.0000000000
39252  26.299  -92.487  2.006 0.0000000000
