#!ascii label  , from subject fsaverage6 vox2ras=TkReg
260
88  25.567  -94.960  -14.185 0.0000000000
619  12.144  -77.580  -5.164 0.0000000000
686  23.464  -96.263  1.549 0.0000000000
687  26.114  -97.185  -1.423 0.0000000000
979  29.228  -95.189  -11.148 0.0000000000
981  31.853  -91.368  -13.827 0.0000000000
983  26.951  -90.354  -11.419 0.0000000000
1379  19.734  -86.763  -8.414 0.0000000000
1380  19.194  -85.546  -12.940 0.0000000000
1383  10.769  -72.430  -4.191 0.0000000000
1525  28.271  -96.985  -6.967 0.0000000000
2487  20.343  -95.398  -10.836 0.0000000000
2488  23.171  -89.920  -6.669 0.0000000000
2495  15.485  -77.393  -9.385 0.0000000000
2496  16.800  -81.047  -12.901 0.0000000000
2607  22.598  -98.658  0.241 0.0000000000
2899  27.913  -95.727  -13.927 0.0000000000
2900  30.845  -93.516  -13.115 0.0000000000
2901  28.579  -93.535  -14.218 0.0000000000
2902  29.015  -91.023  -13.428 0.0000000000
2903  26.158  -92.842  -12.815 0.0000000000
3299  16.420  -87.851  -12.281 0.0000000000
3300  15.987  -86.572  -14.297 0.0000000000
3499  25.586  -98.702  -4.251 0.0000000000
3500  28.097  -97.200  -3.890 0.0000000000
5573  18.424  -93.811  -8.754 0.0000000000
5574  21.630  -92.985  -7.935 0.0000000000
5575  19.405  -91.358  -6.234 0.0000000000
5576  21.895  -85.026  -9.758 0.0000000000
5577  22.713  -85.916  -8.110 0.0000000000
5595  15.626  -78.404  -11.505 0.0000000000
5596  19.303  -78.224  -10.935 0.0000000000
5597  18.921  -80.658  -10.931 0.0000000000
5844  23.815  -96.624  -0.532 0.0000000000
5845  23.730  -98.830  -1.928 0.0000000000
6369  30.016  -93.359  -8.668 0.0000000000
6370  32.677  -90.413  -8.514 0.0000000000
6371  32.008  -92.352  -10.856 0.0000000000
6372  34.134  -91.228  -12.678 0.0000000000
6376  29.709  -88.156  -13.191 0.0000000000
6377  27.435  -87.698  -11.503 0.0000000000
7089  17.556  -89.116  -7.155 0.0000000000
7090  16.938  -88.130  -9.766 0.0000000000
7091  19.544  -86.276  -11.022 0.0000000000
7092  21.400  -83.989  -11.031 0.0000000000
7097  12.439  -74.684  -3.996 0.0000000000
7397  28.899  -94.245  -6.543 0.0000000000
7398  28.155  -96.391  -9.243 0.0000000000
7399  27.030  -97.427  -12.208 0.0000000000
9673  25.613  -95.329  3.372 0.0000000000
10017  23.001  -95.468  -12.702 0.0000000000
10018  23.973  -93.333  -10.238 0.0000000000
10019  25.108  -90.257  -8.857 0.0000000000
10020  25.642  -87.447  -9.519 0.0000000000
10021  20.936  -88.010  -6.267 0.0000000000
10022  24.210  -86.904  -8.212 0.0000000000
10023  26.535  -85.456  -11.115 0.0000000000
10036  12.265  -68.148  -6.784 0.0000000000
10037  12.801  -71.678  -6.525 0.0000000000
10038  13.571  -74.361  -6.295 0.0000000000
10040  15.834  -74.860  -7.531 0.0000000000
10041  13.132  -77.733  -7.405 0.0000000000
10042  13.022  -79.806  -9.383 0.0000000000
10043  12.905  -81.109  -12.395 0.0000000000
10044  14.820  -84.209  -14.560 0.0000000000
10045  18.094  -83.317  -13.510 0.0000000000
10046  20.560  -82.302  -11.245 0.0000000000
10579  26.804  -95.398  -14.470 0.0000000000
10580  28.330  -94.731  -14.287 0.0000000000
10581  27.102  -94.154  -14.369 0.0000000000
10582  27.311  -93.049  -13.883 0.0000000000
10583  25.889  -93.876  -13.536 0.0000000000
13253  17.288  -92.958  -8.020 0.0000000000
13254  18.960  -92.700  -7.343 0.0000000000
13255  17.726  -91.751  -6.790 0.0000000000
13256  22.619  -83.990  -9.912 0.0000000000
13257  23.104  -84.617  -9.508 0.0000000000
13275  19.296  -76.966  -10.912 0.0000000000
13578  23.381  -96.342  0.413 0.0000000000
13580  23.008  -98.705  -0.865 0.0000000000
14454  29.591  -94.348  -9.825 0.0000000000
14455  30.923  -92.876  -9.742 0.0000000000
14456  30.590  -93.676  -10.963 0.0000000000
14457  31.451  -92.593  -13.649 0.0000000000
14458  32.586  -92.474  -12.861 0.0000000000
14459  33.222  -91.456  -13.431 0.0000000000
14460  34.938  -90.343  -13.247 0.0000000000
14464  27.895  -90.658  -12.688 0.0000000000
14465  29.381  -89.518  -13.217 0.0000000000
14466  28.226  -89.245  -12.385 0.0000000000
14467  28.542  -87.867  -12.410 0.0000000000
14468  27.192  -88.929  -11.262 0.0000000000
15656  17.849  -86.901  -12.761 0.0000000000
15657  18.069  -87.157  -11.663 0.0000000000
15658  19.354  -86.049  -11.906 0.0000000000
15659  20.604  -85.137  -11.178 0.0000000000
15660  20.416  -84.704  -11.865 0.0000000000
15668  11.870  -73.476  -3.819 0.0000000000
16254  26.087  -96.008  -1.054 0.0000000000
16257  28.273  -97.114  -5.517 0.0000000000
16259  28.777  -95.858  -5.371 0.0000000000
16260  29.048  -94.578  -5.387 0.0000000000
16261  28.565  -95.667  -6.704 0.0000000000
16262  28.558  -95.438  -7.812 0.0000000000
16263  28.158  -96.705  -8.177 0.0000000000
18887  33.596  -89.820  -9.630 0.0000000000
22474  18.778  -95.653  -11.367 0.0000000000
22475  18.332  -96.515  -12.764 0.0000000000
22476  19.909  -96.312  -12.298 0.0000000000
22477  21.251  -96.490  -13.198 0.0000000000
22478  21.683  -95.686  -11.889 0.0000000000
22479  23.455  -94.512  -11.407 0.0000000000
22480  22.181  -94.718  -10.386 0.0000000000
22481  22.362  -91.503  -7.077 0.0000000000
22482  23.498  -91.817  -8.126 0.0000000000
22483  24.130  -90.226  -7.659 0.0000000000
22484  25.488  -88.791  -8.919 0.0000000000
22485  24.588  -88.583  -7.879 0.0000000000
22486  18.616  -87.822  -7.690 0.0000000000
22487  19.077  -88.565  -6.395 0.0000000000
22488  20.146  -87.256  -7.100 0.0000000000
22489  24.114  -85.456  -9.287 0.0000000000
22490  23.417  -86.433  -7.967 0.0000000000
22491  24.705  -85.809  -9.512 0.0000000000
22492  25.264  -86.110  -9.865 0.0000000000
22527  15.810  -69.884  -7.796 0.0000000000
22528  14.009  -69.823  -7.637 0.0000000000
22530  13.499  -72.909  -6.119 0.0000000000
22531  14.647  -72.722  -6.906 0.0000000000
22535  17.049  -76.191  -8.914 0.0000000000
22537  15.678  -76.319  -8.326 0.0000000000
22538  14.389  -76.129  -7.671 0.0000000000
22539  14.152  -77.584  -8.444 0.0000000000
22540  13.145  -78.982  -8.156 0.0000000000
22541  14.043  -78.506  -9.458 0.0000000000
22542  16.253  -79.602  -12.404 0.0000000000
22543  14.209  -79.569  -12.065 0.0000000000
22544  15.013  -80.967  -13.139 0.0000000000
22545  13.857  -82.522  -13.801 0.0000000000
22546  15.728  -82.557  -13.690 0.0000000000
22547  16.517  -83.869  -14.087 0.0000000000
22548  17.290  -82.237  -13.215 0.0000000000
22550  19.725  -81.518  -11.176 0.0000000000
22551  20.689  -81.251  -9.659 0.0000000000
23122  22.969  -97.375  1.861 0.0000000000
23123  22.785  -97.457  0.743 0.0000000000
23124  22.330  -98.540  1.256 0.0000000000
23649  28.663  -95.670  -12.668 0.0000000000
23650  30.138  -94.382  -12.239 0.0000000000
23651  29.354  -94.690  -13.446 0.0000000000
23652  29.798  -93.641  -13.849 0.0000000000
23653  30.091  -92.512  -13.974 0.0000000000
23655  28.754  -92.353  -13.869 0.0000000000
23656  27.579  -91.910  -13.317 0.0000000000
23657  26.515  -91.661  -12.065 0.0000000000
24372  17.692  -86.264  -13.733 0.0000000000
24377  9.932  -71.040  -4.409 0.0000000000
24729  26.050  -98.238  -2.402 0.0000000000
24730  27.374  -97.226  -2.214 0.0000000000
24731  26.941  -98.251  -3.927 0.0000000000
24732  27.275  -98.154  -5.641 0.0000000000
24733  27.508  -98.041  -7.209 0.0000000000
24734  27.517  -97.759  -8.472 0.0000000000
28462  17.832  -94.946  -10.283 0.0000000000
28463  19.401  -94.626  -9.741 0.0000000000
28464  20.955  -94.237  -9.265 0.0000000000
28465  19.999  -93.524  -8.191 0.0000000000
28466  20.576  -92.299  -6.998 0.0000000000
28467  21.269  -90.669  -6.250 0.0000000000
28468  21.023  -85.954  -9.123 0.0000000000
28469  21.290  -86.200  -7.938 0.0000000000
28470  22.221  -85.422  -8.791 0.0000000000
28471  23.580  -85.122  -9.288 0.0000000000
28500  17.148  -76.719  -10.007 0.0000000000
28501  15.440  -77.827  -10.471 0.0000000000
28502  17.404  -77.239  -11.024 0.0000000000
28503  17.657  -78.221  -11.620 0.0000000000
28504  17.993  -79.592  -11.975 0.0000000000
28505  17.989  -80.814  -12.158 0.0000000000
28506  19.049  -79.463  -10.967 0.0000000000
28507  19.871  -79.342  -9.549 0.0000000000
28994  24.835  -96.949  -1.100 0.0000000000
28995  23.010  -97.657  -0.306 0.0000000000
28996  23.701  -97.803  -1.146 0.0000000000
28997  24.758  -98.131  -1.743 0.0000000000
28998  24.683  -98.798  -2.997 0.0000000000
30219  30.417  -92.288  -7.547 0.0000000000
30221  31.352  -91.914  -8.582 0.0000000000
30222  32.305  -91.409  -9.672 0.0000000000
30223  33.411  -90.953  -10.760 0.0000000000
30224  31.657  -93.115  -12.018 0.0000000000
30225  33.161  -91.927  -11.874 0.0000000000
30226  34.606  -90.488  -11.677 0.0000000000
30227  35.724  -89.992  -12.439 0.0000000000
30237  30.073  -87.092  -13.288 0.0000000000
30238  28.741  -86.935  -12.637 0.0000000000
30239  27.635  -86.804  -11.882 0.0000000000
31899  16.761  -90.602  -6.834 0.0000000000
31901  17.312  -88.594  -8.505 0.0000000000
31902  18.425  -87.480  -9.171 0.0000000000
31903  16.627  -88.003  -11.061 0.0000000000
31904  18.201  -87.198  -10.560 0.0000000000
31905  19.607  -86.601  -9.790 0.0000000000
31906  20.785  -85.584  -10.276 0.0000000000
31907  21.637  -84.516  -10.487 0.0000000000
31908  22.306  -83.480  -10.078 0.0000000000
31919  12.419  -76.027  -4.559 0.0000000000
32694  29.304  -93.822  -7.645 0.0000000000
32695  28.824  -95.011  -8.859 0.0000000000
32696  28.411  -95.877  -10.189 0.0000000000
32697  27.483  -97.468  -9.642 0.0000000000
32698  27.656  -97.057  -10.748 0.0000000000
32699  28.083  -96.499  -11.683 0.0000000000
32700  27.414  -96.608  -13.093 0.0000000000
39255  24.354  -95.787  2.498 0.0000000000
39257  24.980  -96.623  3.548 0.0000000000
39258  23.767  -96.889  2.725 0.0000000000
40288  24.659  -94.127  -12.506 0.0000000000
40289  25.019  -93.034  -11.577 0.0000000000
40290  25.447  -91.684  -10.759 0.0000000000
40291  22.811  -93.362  -9.043 0.0000000000
40292  24.490  -91.787  -9.420 0.0000000000
40293  25.970  -90.300  -10.172 0.0000000000
40294  26.261  -88.860  -10.092 0.0000000000
40295  26.446  -87.602  -10.467 0.0000000000
40296  26.665  -86.742  -11.051 0.0000000000
40297  18.193  -90.150  -6.204 0.0000000000
40298  20.071  -89.625  -5.883 0.0000000000
40299  22.052  -89.042  -6.235 0.0000000000
40300  21.873  -86.750  -7.067 0.0000000000
40301  22.756  -87.600  -6.783 0.0000000000
40302  23.724  -88.271  -7.162 0.0000000000
40303  24.940  -87.218  -8.760 0.0000000000
40304  25.997  -86.405  -10.370 0.0000000000
40305  27.214  -85.725  -11.645 0.0000000000
40344  10.882  -70.720  -5.835 0.0000000000
40345  14.192  -67.679  -7.925 0.0000000000
40346  12.294  -70.154  -6.945 0.0000000000
40347  11.675  -72.074  -5.549 0.0000000000
40348  12.521  -73.195  -5.095 0.0000000000
40349  12.927  -74.521  -5.152 0.0000000000
40350  12.744  -75.961  -5.839 0.0000000000
40357  14.640  -74.454  -7.118 0.0000000000
40358  13.255  -76.033  -7.034 0.0000000000
40359  12.490  -77.711  -6.296 0.0000000000
40360  12.918  -79.332  -6.704 0.0000000000
40361  13.079  -80.641  -7.756 0.0000000000
40362  12.624  -81.486  -9.130 0.0000000000
40363  13.933  -78.964  -10.650 0.0000000000
40364  12.797  -80.299  -10.751 0.0000000000
40365  11.865  -82.090  -10.791 0.0000000000
40366  12.080  -82.899  -12.639 0.0000000000
40369  15.513  -85.480  -14.830 0.0000000000
40370  17.351  -85.063  -14.249 0.0000000000
40371  18.873  -84.450  -13.540 0.0000000000
40372  18.580  -81.924  -12.436 0.0000000000
40373  19.478  -82.762  -12.589 0.0000000000
40374  20.162  -83.750  -12.439 0.0000000000
40375  21.092  -83.300  -11.081 0.0000000000
40376  21.973  -82.883  -10.010 0.0000000000
