#!ascii label  , from subject fsaverage vox2ras=TkReg
1346
5  -49.647  -47.999  44.569 0.0000000000
187  -44.551  -49.678  40.230 0.0000000000
463  -45.730  -41.479  40.767 0.0000000000
464  -53.409  -40.773  45.846 0.0000000000
465  -48.246  -36.652  38.924 0.0000000000
666  -51.365  -48.696  42.752 0.0000000000
667  -47.130  -48.914  42.620 0.0000000000
1017  -43.685  -35.966  36.993 0.0000000000
1058  -42.951  -42.142  39.228 0.0000000000
1192  -55.387  -37.118  43.879 0.0000000000
1193  -55.652  -42.255  42.784 0.0000000000
1489  -41.752  -49.580  37.768 0.0000000000
2041  -47.734  -44.493  42.540 0.0000000000
2042  -51.175  -44.634  45.450 0.0000000000
2043  -49.277  -41.415  43.692 0.0000000000
2044  -50.534  -38.627  43.704 0.0000000000
2045  -52.852  -35.623  40.290 0.0000000000
2094  -40.380  -45.644  35.760 0.0000000000
2095  -42.949  -45.445  38.104 0.0000000000
2096  -45.147  -45.205  40.563 0.0000000000
2263  -53.780  -45.370  43.539 0.0000000000
2586  -51.063  -48.733  44.775 0.0000000000
2587  -48.289  -48.501  43.564 0.0000000000
2937  -41.549  -35.321  36.011 0.0000000000
3113  -56.540  -37.640  43.010 0.0000000000
3442  -43.171  -49.655  38.913 0.0000000000
4480  -46.790  -42.991  41.657 0.0000000000
4481  -48.483  -43.003  43.100 0.0000000000
4482  -47.425  -41.516  42.152 0.0000000000
4483  -47.090  -37.494  40.678 0.0000000000
4484  -48.120  -38.689  43.320 0.0000000000
4485  -49.450  -37.651  41.447 0.0000000000
4486  -51.856  -37.411  41.868 0.0000000000
4487  -50.624  -36.418  39.545 0.0000000000
4489  -43.119  -32.198  34.750 0.0000000000
4607  -40.451  -44.143  37.012 0.0000000000
4608  -41.761  -45.473  36.704 0.0000000000
4609  -41.576  -44.096  38.175 0.0000000000
4610  -44.351  -41.884  39.894 0.0000000000
4611  -44.097  -43.793  40.017 0.0000000000
4612  -45.482  -43.509  40.756 0.0000000000
5017  -52.337  -42.700  45.840 0.0000000000
5018  -52.732  -45.101  45.381 0.0000000000
5019  -53.863  -43.295  45.232 0.0000000000
5021  -55.340  -44.540  40.942 0.0000000000
5808  -51.200  -48.076  40.276 0.0000000000
5809  -45.884  -49.380  41.529 0.0000000000
5810  -46.145  -51.339  42.304 0.0000000000
5811  -47.624  -50.971  43.560 0.0000000000
6433  -44.137  -40.270  39.793 0.0000000000
6434  -45.856  -40.258  41.320 0.0000000000
6436  -44.711  -37.511  39.740 0.0000000000
6437  -45.921  -36.343  38.070 0.0000000000
6754  -54.410  -39.006  45.299 0.0000000000
6755  -54.871  -41.569  44.953 0.0000000000
6756  -55.807  -39.629  44.092 0.0000000000
8695  -48.376  -46.110  43.293 0.0000000000
8696  -50.222  -46.390  44.682 0.0000000000
8697  -49.313  -44.652  43.963 0.0000000000
8698  -50.246  -42.900  44.679 0.0000000000
8699  -51.337  -41.106  45.185 0.0000000000
8700  -47.685  -40.178  43.037 0.0000000000
8701  -49.713  -40.079  44.443 0.0000000000
8702  -52.102  -39.471  45.373 0.0000000000
8703  -53.123  -38.037  44.127 0.0000000000
8704  -54.149  -36.220  42.417 0.0000000000
8706  -42.393  -33.751  35.315 0.0000000000
8707  -44.506  -34.577  35.978 0.0000000000
8708  -46.802  -35.123  36.540 0.0000000000
8711  -49.067  -35.204  37.402 0.0000000000
8851  -41.024  -47.623  36.571 0.0000000000
8852  -42.672  -47.592  37.588 0.0000000000
8853  -43.945  -47.621  38.772 0.0000000000
8854  -42.712  -43.917  39.323 0.0000000000
8855  -43.963  -45.429  39.485 0.0000000000
8856  -45.034  -47.370  40.106 0.0000000000
8857  -46.114  -47.034  41.289 0.0000000000
8858  -47.233  -46.565  42.310 0.0000000000
9349  -51.674  -46.915  45.022 0.0000000000
9350  -52.298  -47.010  43.343 0.0000000000
9351  -52.815  -46.902  40.774 0.0000000000
9352  -54.830  -44.006  43.316 0.0000000000
9353  -54.424  -45.916  40.975 0.0000000000
9354  -53.459  -47.345  38.243 0.0000000000
10264  -49.823  -49.091  44.743 0.0000000000
10266  -50.397  -48.438  45.014 0.0000000000
10267  -48.985  -48.228  44.120 0.0000000000
10268  -49.148  -49.314  44.408 0.0000000000
11122  -43.854  -49.679  39.549 0.0000000000
11123  -43.865  -50.701  39.776 0.0000000000
11124  -44.525  -50.648  40.483 0.0000000000
12160  -46.329  -42.224  41.227 0.0000000000
12161  -47.103  -42.227  41.924 0.0000000000
12162  -46.600  -41.506  41.496 0.0000000000
12163  -47.737  -37.105  39.779 0.0000000000
12164  -48.275  -37.566  41.085 0.0000000000
12165  -48.945  -37.161  40.143 0.0000000000
12166  -50.133  -37.125  40.420 0.0000000000
12167  -49.443  -36.590  39.232 0.0000000000
12286  -39.677  -43.589  37.555 0.0000000000
12287  -40.319  -43.529  37.966 0.0000000000
12288  -41.066  -44.125  37.595 0.0000000000
12289  -40.871  -43.418  38.408 0.0000000000
12290  -45.022  -41.689  40.266 0.0000000000
12291  -44.966  -42.737  40.392 0.0000000000
12292  -45.650  -42.471  40.768 0.0000000000
12293  -46.122  -43.268  41.146 0.0000000000
12697  -52.941  -41.707  45.798 0.0000000000
12698  -53.224  -42.901  45.671 0.0000000000
12699  -53.714  -41.983  45.609 0.0000000000
13521  -51.258  -48.411  41.538 0.0000000000
13522  -46.504  -49.160  42.070 0.0000000000
13523  -46.661  -50.235  42.567 0.0000000000
13524  -47.325  -50.044  43.115 0.0000000000
14561  -44.088  -39.738  40.127 0.0000000000
14563  -43.151  -36.619  37.686 0.0000000000
14564  -43.605  -37.413  39.152 0.0000000000
14565  -44.224  -36.769  38.215 0.0000000000
14566  -45.349  -36.912  38.802 0.0000000000
14567  -44.775  -36.207  37.540 0.0000000000
15097  -54.875  -38.028  44.601 0.0000000000
15098  -55.171  -39.328  44.795 0.0000000000
15099  -55.602  -38.226  44.200 0.0000000000
15101  -56.451  -39.075  42.521 0.0000000000
15102  -56.593  -39.480  41.388 0.0000000000
16095  -47.266  -51.996  43.285 0.0000000000
19195  -47.991  -45.336  42.867 0.0000000000
19196  -48.792  -45.341  43.633 0.0000000000
19197  -48.527  -44.567  43.248 0.0000000000
19198  -48.891  -42.219  43.382 0.0000000000
19199  -49.369  -43.037  43.929 0.0000000000
19200  -49.872  -42.161  44.179 0.0000000000
19201  -50.853  -42.046  44.966 0.0000000000
19202  -50.308  -41.310  44.488 0.0000000000
19204  -46.720  -40.255  42.174 0.0000000000
19206  -49.316  -38.708  43.589 0.0000000000
19207  -48.863  -39.429  44.034 0.0000000000
19208  -50.044  -39.282  44.320 0.0000000000
19209  -50.889  -39.808  44.988 0.0000000000
19210  -51.269  -39.028  44.615 0.0000000000
19211  -52.569  -38.775  44.787 0.0000000000
19212  -51.837  -38.366  43.976 0.0000000000
19213  -52.353  -36.560  40.997 0.0000000000
19214  -53.003  -36.868  42.144 0.0000000000
19215  -53.495  -35.976  41.293 0.0000000000
19216  -54.606  -35.373  41.518 0.0000000000
19221  -44.097  -32.628  34.820 0.0000000000
19222  -43.765  -33.421  35.219 0.0000000000
19223  -44.841  -33.803  35.444 0.0000000000
19224  -45.662  -34.904  36.250 0.0000000000
19232  -48.292  -34.373  36.407 0.0000000000
19573  -39.655  -44.812  35.827 0.0000000000
19577  -39.988  -46.623  35.616 0.0000000000
19578  -40.241  -47.629  36.212 0.0000000000
19579  -40.780  -46.632  36.021 0.0000000000
19580  -42.372  -45.454  37.361 0.0000000000
19581  -42.341  -46.529  37.010 0.0000000000
19582  -42.973  -46.494  37.616 0.0000000000
19583  -43.342  -47.645  38.135 0.0000000000
19584  -43.490  -46.442  38.291 0.0000000000
19586  -42.071  -43.218  39.122 0.0000000000
19587  -42.803  -43.089  39.434 0.0000000000
19588  -44.565  -44.466  40.321 0.0000000000
19589  -43.954  -44.589  39.874 0.0000000000
19590  -44.570  -45.378  40.027 0.0000000000
19591  -44.550  -46.347  39.660 0.0000000000
19592  -45.110  -46.228  40.281 0.0000000000
19593  -45.539  -47.210  40.701 0.0000000000
19594  -45.671  -46.101  40.811 0.0000000000
19595  -47.042  -44.750  42.025 0.0000000000
19596  -46.835  -45.718  41.845 0.0000000000
19597  -47.401  -45.516  42.326 0.0000000000
19598  -47.759  -46.360  42.744 0.0000000000
20812  -50.691  -45.508  44.974 0.0000000000
20813  -51.036  -46.750  45.069 0.0000000000
20814  -51.470  -45.874  45.281 0.0000000000
20815  -53.356  -45.212  44.622 0.0000000000
20816  -52.664  -46.125  44.547 0.0000000000
20817  -52.993  -46.196  43.474 0.0000000000
20818  -52.532  -46.945  42.066 0.0000000000
20819  -53.370  -46.336  42.246 0.0000000000
20820  -55.316  -41.875  43.948 0.0000000000
20821  -54.859  -42.772  44.300 0.0000000000
20822  -55.206  -43.200  43.198 0.0000000000
20824  -54.957  -45.269  40.988 0.0000000000
20825  -54.610  -46.173  39.644 0.0000000000
20826  -53.886  -46.703  39.464 0.0000000000
20827  -54.255  -46.993  38.372 0.0000000000
23088  -51.360  -48.757  43.899 0.0000000000
23089  -47.707  -48.715  43.091 0.0000000000
23090  -47.959  -49.807  43.531 0.0000000000
23091  -48.515  -49.505  43.958 0.0000000000
23716  -42.117  -36.416  37.067 0.0000000000
23717  -42.674  -35.701  36.483 0.0000000000
24034  -55.815  -36.245  43.132 0.0000000000
24035  -56.033  -37.270  43.606 0.0000000000
24036  -56.503  -36.378  42.798 0.0000000000
24628  -42.474  -49.611  38.336 0.0000000000
26494  -47.337  -43.716  42.123 0.0000000000
26495  -48.182  -43.709  42.830 0.0000000000
26496  -47.642  -42.956  42.421 0.0000000000
26497  -48.036  -42.279  42.595 0.0000000000
26498  -48.286  -41.497  42.895 0.0000000000
26499  -46.403  -38.182  41.639 0.0000000000
26501  -47.557  -38.065  42.046 0.0000000000
26502  -48.763  -38.104  42.476 0.0000000000
26503  -49.939  -38.169  42.626 0.0000000000
26504  -51.179  -38.051  42.816 0.0000000000
26505  -50.675  -37.641  41.672 0.0000000000
26506  -51.249  -36.938  40.695 0.0000000000
26507  -51.754  -36.143  39.926 0.0000000000
26722  -39.702  -44.141  36.599 0.0000000000
26723  -40.473  -44.762  36.237 0.0000000000
26724  -41.100  -45.530  36.142 0.0000000000
26725  -41.099  -44.748  36.735 0.0000000000
26726  -41.685  -44.740  37.410 0.0000000000
26727  -42.258  -44.722  38.062 0.0000000000
26728  -43.618  -42.014  39.525 0.0000000000
26729  -43.503  -42.988  39.718 0.0000000000
26730  -44.258  -42.916  40.048 0.0000000000
26731  -44.802  -43.684  40.329 0.0000000000
26732  -45.260  -44.346  40.686 0.0000000000
26733  -45.792  -45.021  41.020 0.0000000000
27463  -51.668  -43.652  45.782 0.0000000000
27464  -51.975  -44.855  45.622 0.0000000000
27465  -52.542  -43.845  45.803 0.0000000000
27466  -53.352  -44.105  45.393 0.0000000000
27467  -53.962  -44.336  44.530 0.0000000000
27468  -55.829  -42.492  41.621 0.0000000000
27469  -55.533  -43.514  41.995 0.0000000000
27470  -55.630  -43.690  40.696 0.0000000000
27471  -55.471  -44.772  39.600 0.0000000000
28915  -45.237  -49.538  40.901 0.0000000000
28916  -45.249  -50.548  41.242 0.0000000000
28917  -45.944  -50.436  41.935 0.0000000000
28918  -46.891  -51.198  42.982 0.0000000000
28919  -47.995  -51.780  43.901 0.0000000000
28920  -48.251  -50.747  44.005 0.0000000000
30367  -45.004  -40.849  40.212 0.0000000000
30368  -45.860  -40.839  40.934 0.0000000000
30369  -44.983  -40.279  40.538 0.0000000000
30370  -44.989  -39.711  40.901 0.0000000000
30373  -44.190  -38.283  40.511 0.0000000000
30374  -45.296  -38.300  41.085 0.0000000000
30375  -45.886  -37.513  40.190 0.0000000000
30376  -46.504  -36.993  39.283 0.0000000000
30377  -47.079  -36.552  38.531 0.0000000000
30554  -44.333  -40.963  39.740 0.0000000000
31120  -53.892  -39.954  45.688 0.0000000000
31121  -54.213  -41.160  45.557 0.0000000000
31122  -54.706  -40.288  45.301 0.0000000000
31123  -55.292  -40.611  44.618 0.0000000000
31125  -56.126  -38.598  43.508 0.0000000000
31126  -56.141  -39.948  43.036 0.0000000000
36337  -49.002  -47.038  43.868 0.0000000000
36338  -49.883  -47.195  44.599 0.0000000000
36339  -49.276  -46.272  44.024 0.0000000000
36340  -49.672  -45.521  44.236 0.0000000000
36341  -50.202  -44.672  44.761 0.0000000000
36342  -48.906  -43.816  43.624 0.0000000000
36343  -49.777  -43.850  44.469 0.0000000000
36344  -50.659  -43.750  45.224 0.0000000000
36345  -51.279  -42.846  45.405 0.0000000000
36346  -51.902  -41.877  45.570 0.0000000000
36347  -52.451  -40.894  45.675 0.0000000000
36348  -46.710  -40.830  41.728 0.0000000000
36349  -47.543  -40.785  42.525 0.0000000000
36350  -48.490  -40.711  43.337 0.0000000000
36352  -48.642  -40.194  43.790 0.0000000000
36353  -49.513  -40.698  44.093 0.0000000000
36354  -50.582  -40.540  44.829 0.0000000000
36355  -51.715  -40.275  45.422 0.0000000000
36356  -52.839  -40.010  45.783 0.0000000000
36357  -53.289  -39.256  45.539 0.0000000000
36358  -53.806  -38.398  44.963 0.0000000000
36359  -54.330  -37.507  44.113 0.0000000000
36360  -52.499  -37.685  43.077 0.0000000000
36361  -53.716  -37.159  43.265 0.0000000000
36362  -54.813  -36.622  43.310 0.0000000000
36363  -55.216  -35.753  42.476 0.0000000000
36367  -42.057  -34.564  35.629 0.0000000000
36368  -43.051  -34.905  36.037 0.0000000000
36369  -42.758  -32.976  35.051 0.0000000000
36370  -43.430  -34.187  35.675 0.0000000000
36371  -44.134  -35.288  36.500 0.0000000000
36372  -45.240  -35.591  36.932 0.0000000000
36373  -46.417  -35.835  37.345 0.0000000000
36374  -47.550  -35.975  37.675 0.0000000000
36381  -47.158  -34.251  35.965 0.0000000000
36382  -47.967  -35.247  36.963 0.0000000000
36383  -48.701  -36.005  38.091 0.0000000000
36384  -49.830  -35.884  38.407 0.0000000000
36385  -51.060  -35.583  38.842 0.0000000000
36801  -41.269  -48.566  37.243 0.0000000000
36802  -41.550  -46.535  36.455 0.0000000000
36803  -41.889  -47.565  37.072 0.0000000000
36804  -42.098  -48.546  37.699 0.0000000000
36805  -42.820  -48.618  38.290 0.0000000000
36806  -43.526  -48.695  38.845 0.0000000000
36807  -44.224  -48.724  39.498 0.0000000000
36808  -41.453  -43.370  38.830 0.0000000000
36809  -42.101  -43.936  38.789 0.0000000000
36810  -42.790  -44.685  38.799 0.0000000000
36811  -43.378  -43.853  39.675 0.0000000000
36812  -43.316  -44.646  39.386 0.0000000000
36813  -43.432  -45.474  38.853 0.0000000000
36814  -44.034  -46.427  38.994 0.0000000000
36815  -44.482  -47.505  39.468 0.0000000000
36816  -44.808  -48.569  40.122 0.0000000000
36817  -45.428  -48.436  40.817 0.0000000000
36818  -46.026  -48.216  41.350 0.0000000000
36819  -46.637  -48.003  41.879 0.0000000000
36820  -46.235  -45.932  41.398 0.0000000000
36821  -46.688  -46.809  41.774 0.0000000000
36822  -47.206  -47.768  42.401 0.0000000000
36823  -47.780  -47.556  42.870 0.0000000000
36824  -48.366  -47.249  43.382 0.0000000000
38287  -50.750  -47.611  45.063 0.0000000000
38288  -51.402  -47.859  44.973 0.0000000000
38289  -51.686  -47.916  44.135 0.0000000000
38290  -52.150  -46.003  45.199 0.0000000000
38291  -52.102  -46.972  44.278 0.0000000000
38292  -51.715  -47.824  43.021 0.0000000000
38293  -51.850  -47.673  41.831 0.0000000000
38294  -51.969  -47.453  40.567 0.0000000000
38295  -52.188  -47.397  39.316 0.0000000000
38296  -54.341  -42.434  45.082 0.0000000000
38297  -54.441  -43.626  44.389 0.0000000000
38298  -54.405  -44.778  43.407 0.0000000000
38299  -55.141  -44.354  42.169 0.0000000000
38300  -54.723  -45.035  42.205 0.0000000000
38301  -54.146  -45.737  42.209 0.0000000000
38302  -53.654  -46.436  40.814 0.0000000000
38303  -53.061  -47.082  39.358 0.0000000000
38305  -52.892  -47.816  37.037 0.0000000000
40984  -49.720  -48.541  44.714 0.0000000000
40985  -50.097  -48.763  44.927 0.0000000000
40986  -50.015  -48.219  44.874 0.0000000000
40987  -49.318  -48.100  44.347 0.0000000000
40988  -49.398  -48.661  44.483 0.0000000000
41842  -44.179  -49.705  39.857 0.0000000000
41843  -44.177  -50.187  40.015 0.0000000000
41844  -44.493  -50.169  40.350 0.0000000000
42880  -46.049  -41.850  41.003 0.0000000000
42881  -46.471  -41.857  41.355 0.0000000000
42882  -46.160  -41.495  41.102 0.0000000000
42883  -48.005  -36.902  39.334 0.0000000000
42884  -48.297  -37.131  39.957 0.0000000000
42885  -48.596  -36.911  39.531 0.0000000000
42886  -49.191  -36.892  39.658 0.0000000000
42887  -48.834  -36.632  39.070 0.0000000000
43006  -39.917  -43.229  38.159 0.0000000000
43007  -40.245  -43.198  38.317 0.0000000000
43008  -40.591  -43.463  38.211 0.0000000000
43009  -40.525  -43.124  38.463 0.0000000000
43010  -45.398  -41.613  40.492 0.0000000000
43011  -45.353  -42.078  40.534 0.0000000000
43012  -45.715  -42.003  40.757 0.0000000000
43013  -46.009  -42.405  40.992 0.0000000000
43417  -53.169  -41.254  45.807 0.0000000000
43418  -53.348  -41.805  45.742 0.0000000000
43419  -53.557  -41.363  45.761 0.0000000000
44237  -51.202  -49.086  42.838 0.0000000000
44239  -51.152  -48.982  42.276 0.0000000000
44240  -51.085  -48.815  41.651 0.0000000000
44241  -51.305  -48.568  42.129 0.0000000000
44242  -46.853  -49.054  42.348 0.0000000000
44243  -46.950  -49.615  42.592 0.0000000000
44244  -47.250  -49.475  42.871 0.0000000000
45283  -43.426  -36.309  37.312 0.0000000000
45284  -43.678  -36.718  37.985 0.0000000000
45285  -43.940  -36.399  37.579 0.0000000000
45286  -44.512  -36.488  37.846 0.0000000000
45287  -44.212  -36.066  37.236 0.0000000000
45817  -55.138  -37.555  44.250 0.0000000000
45818  -55.269  -38.105  44.459 0.0000000000
45819  -55.502  -37.631  44.065 0.0000000000
46809  -41.842  -50.140  37.801 0.0000000000
49915  -47.864  -44.903  42.710 0.0000000000
49916  -48.254  -44.952  43.056 0.0000000000
49917  -48.145  -44.516  42.883 0.0000000000
49918  -49.068  -41.812  43.535 0.0000000000
49919  -49.407  -42.205  43.761 0.0000000000
49920  -49.601  -41.807  43.946 0.0000000000
49921  -50.123  -41.803  44.369 0.0000000000
49922  -49.761  -41.406  44.112 0.0000000000
49926  -49.896  -38.709  43.604 0.0000000000
49927  -49.631  -38.990  44.011 0.0000000000
49928  -50.272  -38.950  44.029 0.0000000000
49929  -50.668  -39.184  44.440 0.0000000000
49930  -50.889  -38.825  44.175 0.0000000000
49931  -51.503  -38.673  44.325 0.0000000000
49932  -51.175  -38.497  43.845 0.0000000000
49933  -52.614  -36.093  40.596 0.0000000000
49934  -52.906  -36.281  41.154 0.0000000000
49935  -53.173  -35.813  40.745 0.0000000000
49936  -53.715  -35.508  40.899 0.0000000000
49937  -53.406  -35.359  40.400 0.0000000000
49943  -45.023  -33.415  35.181 0.0000000000
49944  -45.388  -33.930  35.538 0.0000000000
50293  -40.027  -45.208  35.762 0.0000000000
50294  -39.603  -45.205  35.570 0.0000000000
50295  -39.940  -45.619  35.567 0.0000000000
50296  -39.777  -46.103  35.454 0.0000000000
50297  -40.224  -46.106  35.639 0.0000000000
50298  -40.404  -46.617  35.808 0.0000000000
50299  -40.638  -46.097  35.822 0.0000000000
50300  -42.649  -45.464  37.721 0.0000000000
50301  -42.704  -45.966  37.422 0.0000000000
50302  -42.992  -45.931  37.766 0.0000000000
50303  -43.245  -46.468  37.953 0.0000000000
50304  -43.244  -45.878  38.158 0.0000000000
50305  -42.575  -42.174  39.144 0.0000000000
50306  -42.511  -42.690  39.251 0.0000000000
50307  -42.890  -42.617  39.365 0.0000000000
50308  -44.829  -44.821  40.466 0.0000000000
50309  -44.506  -44.877  40.205 0.0000000000
50310  -44.854  -45.291  40.296 0.0000000000
50311  -44.856  -45.813  40.157 0.0000000000
50312  -45.137  -45.713  40.395 0.0000000000
50313  -45.368  -46.166  40.514 0.0000000000
50314  -45.421  -45.650  40.674 0.0000000000
50315  -47.382  -44.643  42.269 0.0000000000
50316  -47.222  -45.139  42.185 0.0000000000
50317  -47.529  -44.974  42.447 0.0000000000
50318  -47.696  -45.452  42.634 0.0000000000
51532  -50.940  -45.061  45.210 0.0000000000
51533  -51.083  -45.686  45.163 0.0000000000
51534  -51.340  -45.233  45.379 0.0000000000
51535  -53.593  -45.237  44.127 0.0000000000
51536  -53.244  -45.731  44.110 0.0000000000
51537  -53.405  -45.763  43.528 0.0000000000
51538  -53.140  -46.241  42.862 0.0000000000
51539  -53.586  -45.875  42.914 0.0000000000
51540  -55.507  -42.062  43.367 0.0000000000
51541  -55.262  -42.548  43.576 0.0000000000
51542  -55.444  -42.763  43.016 0.0000000000
51546  -54.427  -46.600  38.973 0.0000000000
51547  -54.611  -46.759  38.424 0.0000000000
53837  -50.787  -49.106  44.802 0.0000000000
53841  -51.272  -48.767  44.416 0.0000000000
53842  -48.030  -48.610  43.388 0.0000000000
53843  -48.104  -49.135  43.519 0.0000000000
53844  -48.373  -49.016  43.739 0.0000000000
53845  -49.677  -49.737  44.626 0.0000000000
53846  -49.321  -49.782  44.460 0.0000000000
54884  -41.607  -36.258  36.808 0.0000000000
54885  -41.849  -35.871  36.489 0.0000000000
54886  -42.416  -36.066  36.776 0.0000000000
54887  -42.135  -35.549  36.216 0.0000000000
55418  -56.173  -36.287  43.027 0.0000000000
56407  -42.812  -49.629  38.619 0.0000000000
56408  -42.847  -50.153  38.678 0.0000000000
56409  -43.179  -50.229  39.005 0.0000000000
56410  -44.268  -51.137  40.189 0.0000000000
59516  -47.508  -43.315  42.303 0.0000000000
59517  -47.191  -42.976  42.056 0.0000000000
59518  -47.308  -41.886  42.014 0.0000000000
59519  -47.557  -42.250  42.271 0.0000000000
59520  -47.747  -41.909  42.373 0.0000000000
59521  -48.171  -41.888  42.723 0.0000000000
59522  -47.832  -41.510  42.508 0.0000000000
59523  -46.710  -37.798  41.157 0.0000000000
59524  -46.956  -38.127  41.871 0.0000000000
59525  -47.349  -37.801  41.396 0.0000000000
59526  -48.882  -37.613  41.262 0.0000000000
59527  -48.538  -37.842  41.770 0.0000000000
59528  -49.121  -37.857  41.993 0.0000000000
59529  -49.360  -38.131  42.598 0.0000000000
59530  -49.681  -37.906  42.058 0.0000000000
59531  -50.316  -37.909  42.155 0.0000000000
59532  -50.082  -37.672  41.546 0.0000000000
59533  -50.390  -36.803  39.955 0.0000000000
59534  -50.715  -37.022  40.578 0.0000000000
59535  -50.958  -36.671  40.130 0.0000000000
59536  -51.517  -36.556  40.300 0.0000000000
59537  -51.211  -36.274  39.704 0.0000000000
59893  -40.075  -43.876  37.282 0.0000000000
59894  -39.707  -43.836  37.077 0.0000000000
59895  -40.098  -44.150  36.798 0.0000000000
59896  -40.097  -44.465  36.391 0.0000000000
59897  -40.463  -44.441  36.600 0.0000000000
59898  -40.804  -44.756  36.453 0.0000000000
59899  -40.780  -44.442  36.855 0.0000000000
59900  -41.345  -44.105  37.846 0.0000000000
59901  -41.385  -44.463  37.484 0.0000000000
59902  -41.676  -44.470  37.726 0.0000000000
59903  -41.981  -44.697  37.681 0.0000000000
59904  -41.911  -44.425  38.097 0.0000000000
59905  -43.991  -41.948  39.732 0.0000000000
59906  -43.940  -42.463  39.824 0.0000000000
59907  -44.306  -42.391  39.981 0.0000000000
59908  -45.235  -43.143  40.602 0.0000000000
59909  -44.908  -43.253  40.443 0.0000000000
59910  -45.157  -43.618  40.549 0.0000000000
59911  -45.043  -44.008  40.473 0.0000000000
59912  -45.394  -43.961  40.717 0.0000000000
59913  -45.626  -44.280  40.932 0.0000000000
59914  -45.728  -43.860  40.935 0.0000000000
59915  -46.502  -43.158  41.401 0.0000000000
61132  -51.975  -43.150  45.808 0.0000000000
61133  -52.117  -43.733  45.847 0.0000000000
61134  -52.435  -43.246  45.836 0.0000000000
61135  -53.562  -43.100  45.483 0.0000000000
61136  -53.265  -43.522  45.572 0.0000000000
61137  -53.647  -43.678  45.300 0.0000000000
61138  -53.710  -44.226  45.039 0.0000000000
61139  -53.971  -43.783  44.962 0.0000000000
61141  -55.740  -43.123  41.223 0.0000000000
61144  -55.562  -44.348  39.533 0.0000000000
61145  -55.574  -44.911  38.957 0.0000000000
63606  -51.250  -47.910  39.707 0.0000000000
63607  -45.568  -49.469  41.221 0.0000000000
63608  -45.604  -49.979  41.387 0.0000000000
63609  -45.931  -49.909  41.727 0.0000000000
63610  -47.052  -50.652  43.101 0.0000000000
63611  -46.708  -50.787  42.801 0.0000000000
63612  -47.260  -51.110  43.296 0.0000000000
63613  -47.448  -51.510  43.468 0.0000000000
63614  -47.812  -51.404  43.755 0.0000000000
63615  -48.395  -50.160  43.971 0.0000000000
63616  -48.111  -50.329  43.782 0.0000000000
63617  -48.599  -50.603  44.157 0.0000000000
66715  -44.599  -40.545  39.985 0.0000000000
66716  -45.009  -40.569  40.356 0.0000000000
66717  -44.560  -40.291  40.158 0.0000000000
66718  -44.067  -39.446  40.344 0.0000000000
66719  -44.526  -39.750  40.510 0.0000000000
66721  -44.982  -39.439  41.099 0.0000000000
66726  -44.165  -37.445  39.396 0.0000000000
66727  -43.871  -37.817  39.876 0.0000000000
66728  -44.417  -37.834  40.135 0.0000000000
66729  -44.727  -38.271  40.781 0.0000000000
66730  -44.985  -37.884  40.463 0.0000000000
66731  -45.576  -37.899  40.694 0.0000000000
66732  -45.301  -37.546  39.988 0.0000000000
66733  -45.657  -36.632  38.445 0.0000000000
66734  -45.933  -36.915  39.079 0.0000000000
66735  -46.229  -36.669  38.663 0.0000000000
66736  -46.785  -36.772  38.951 0.0000000000
66737  -46.492  -36.485  38.260 0.0000000000
67115  -43.850  -40.357  39.539 0.0000000000
67116  -43.933  -40.722  39.523 0.0000000000
67117  -44.254  -40.640  39.690 0.0000000000
67118  -44.658  -40.931  39.901 0.0000000000
68332  -54.148  -39.482  45.536 0.0000000000
68333  -54.318  -40.116  45.525 0.0000000000
68334  -54.580  -39.624  45.339 0.0000000000
68335  -55.501  -39.455  44.461 0.0000000000
68336  -55.253  -39.962  44.749 0.0000000000
68337  -55.566  -40.082  44.366 0.0000000000
68338  -55.576  -40.775  44.048 0.0000000000
68340  -56.315  -37.423  43.326 0.0000000000
68341  -56.102  -37.880  43.612 0.0000000000
68342  -56.332  -38.102  43.223 0.0000000000
68343  -56.364  -39.734  42.230 0.0000000000
68344  -56.292  -39.515  42.776 0.0000000000
68354  -56.435  -41.798  39.238 0.0000000000
71325  -45.663  -50.944  41.743 0.0000000000
71326  -45.295  -51.012  41.359 0.0000000000
80620  -48.645  -46.576  43.532 0.0000000000
80621  -49.119  -46.645  43.946 0.0000000000
80622  -48.797  -46.189  43.656 0.0000000000
80623  -49.072  -44.995  43.772 0.0000000000
80624  -49.248  -45.428  43.919 0.0000000000
80625  -49.513  -45.050  44.127 0.0000000000
80626  -49.947  -45.082  44.512 0.0000000000
80627  -49.754  -44.648  44.361 0.0000000000
80628  -48.300  -43.390  42.971 0.0000000000
80629  -48.538  -43.769  43.215 0.0000000000
80630  -48.690  -43.401  43.376 0.0000000000
80631  -49.810  -42.982  44.330 0.0000000000
80632  -49.569  -43.448  44.222 0.0000000000
80633  -50.001  -43.375  44.634 0.0000000000
80634  -50.219  -43.819  44.814 0.0000000000
80635  -50.437  -43.315  44.971 0.0000000000
80636  -50.948  -43.306  45.338 0.0000000000
80637  -50.767  -42.875  45.064 0.0000000000
80638  -51.105  -41.577  45.066 0.0000000000
80639  -51.384  -41.917  45.266 0.0000000000
80640  -51.632  -41.469  45.369 0.0000000000
80641  -52.165  -41.377  45.567 0.0000000000
80642  -51.852  -40.994  45.438 0.0000000000
80643  -45.867  -40.550  41.129 0.0000000000
80644  -46.295  -40.850  41.303 0.0000000000
80645  -46.332  -40.555  41.496 0.0000000000
80646  -47.177  -40.224  42.617 0.0000000000
80647  -47.139  -40.503  42.371 0.0000000000
80648  -47.606  -40.476  42.777 0.0000000000
80649  -48.022  -40.734  42.894 0.0000000000
80650  -48.096  -40.441  43.158 0.0000000000
80654  -49.280  -39.779  44.253 0.0000000000
80655  -48.724  -39.836  43.996 0.0000000000
80656  -49.161  -40.131  44.149 0.0000000000
80657  -49.086  -40.453  43.942 0.0000000000
80658  -49.609  -40.386  44.301 0.0000000000
80659  -50.051  -40.615  44.452 0.0000000000
80660  -50.151  -40.298  44.622 0.0000000000
80661  -51.516  -39.644  45.203 0.0000000000
80662  -51.325  -40.019  45.235 0.0000000000
80663  -51.918  -39.881  45.462 0.0000000000
80664  -52.295  -40.141  45.655 0.0000000000
80665  -52.489  -39.723  45.654 0.0000000000
80666  -53.033  -39.670  45.683 0.0000000000
80667  -52.693  -39.344  45.484 0.0000000000
80668  -52.829  -38.419  44.501 0.0000000000
80669  -53.202  -38.621  44.911 0.0000000000
80670  -53.446  -38.225  44.564 0.0000000000
80671  -54.014  -37.981  44.589 0.0000000000
80672  -53.729  -37.810  44.160 0.0000000000
80673  -51.563  -37.740  42.363 0.0000000000
80674  -51.893  -37.884  42.952 0.0000000000
80675  -52.176  -37.551  42.471 0.0000000000
80676  -53.617  -36.531  42.269 0.0000000000
80677  -53.358  -37.011  42.729 0.0000000000
80678  -53.966  -36.689  42.827 0.0000000000
80679  -54.294  -36.855  43.336 0.0000000000
80680  -54.483  -36.414  42.914 0.0000000000
80681  -55.005  -36.186  42.898 0.0000000000
80682  -54.681  -35.977  42.470 0.0000000000
80691  -41.879  -33.552  35.212 0.0000000000
80692  -41.719  -33.910  35.349 0.0000000000
80693  -42.245  -34.140  35.505 0.0000000000
80694  -42.578  -34.700  35.803 0.0000000000
80695  -42.701  -34.327  35.624 0.0000000000
80696  -42.640  -31.977  34.780 0.0000000000
80697  -42.455  -32.369  34.891 0.0000000000
80698  -42.960  -32.624  34.878 0.0000000000
80699  -44.120  -34.004  35.576 0.0000000000
80700  -43.611  -33.835  35.455 0.0000000000
80701  -43.956  -34.403  35.851 0.0000000000
80702  -43.784  -34.743  36.061 0.0000000000
80703  -44.342  -34.954  36.250 0.0000000000
80704  -44.676  -35.461  36.733 0.0000000000
80705  -44.882  -35.109  36.432 0.0000000000
80706  -46.251  -35.040  36.391 0.0000000000
80707  -46.058  -35.400  36.782 0.0000000000
80708  -46.614  -35.491  36.911 0.0000000000
80709  -46.966  -35.917  37.508 0.0000000000
80710  -47.179  -35.559  37.088 0.0000000000
80729  -48.697  -34.811  36.904 0.0000000000
80730  -48.136  -34.786  36.673 0.0000000000
80731  -48.532  -35.237  37.192 0.0000000000
80732  -48.331  -35.659  37.548 0.0000000000
80733  -48.907  -35.651  37.712 0.0000000000
80734  -49.265  -35.991  38.233 0.0000000000
80735  -49.433  -35.561  37.882 0.0000000000
80737  -50.630  -35.310  38.378 0.0000000000
80738  -51.164  -35.119  38.544 0.0000000000
80739  -51.597  -35.399  39.044 0.0000000000
81770  -40.620  -47.589  36.356 0.0000000000
81771  -40.365  -48.115  36.473 0.0000000000
81772  -40.736  -48.121  36.680 0.0000000000
81773  -40.900  -48.633  36.988 0.0000000000
81774  -41.143  -48.076  36.917 0.0000000000
81775  -41.426  -45.524  36.387 0.0000000000
81776  -41.361  -46.000  36.231 0.0000000000
81777  -41.695  -45.987  36.508 0.0000000000
81778  -42.567  -47.071  37.266 0.0000000000
81779  -42.117  -47.053  37.024 0.0000000000
81780  -42.274  -47.564  37.319 0.0000000000
81781  -42.011  -48.067  37.384 0.0000000000
81782  -42.390  -48.062  37.632 0.0000000000
81783  -42.463  -48.577  37.983 0.0000000000
81784  -42.750  -48.106  37.930 0.0000000000
81785  -43.650  -47.648  38.436 0.0000000000
81786  -43.416  -48.191  38.481 0.0000000000
81787  -43.756  -48.213  38.803 0.0000000000
81788  -43.882  -48.715  39.179 0.0000000000
81789  -44.083  -48.220  39.128 0.0000000000
81793  -42.400  -43.568  39.235 0.0000000000
81794  -42.058  -43.605  39.003 0.0000000000
81795  -42.384  -43.931  39.084 0.0000000000
81796  -42.446  -44.328  38.784 0.0000000000
81797  -42.700  -44.325  39.096 0.0000000000
81798  -43.787  -43.405  39.887 0.0000000000
81799  -43.424  -43.440  39.736 0.0000000000
81800  -43.749  -43.835  39.847 0.0000000000
81801  -43.929  -45.010  39.708 0.0000000000
81802  -43.615  -44.666  39.692 0.0000000000
81803  -43.637  -45.026  39.429 0.0000000000
81804  -43.371  -45.021  39.156 0.0000000000
81805  -43.684  -45.455  39.184 0.0000000000
81806  -43.741  -45.941  38.906 0.0000000000
81807  -44.000  -45.921  39.238 0.0000000000
81808  -44.802  -46.843  39.831 0.0000000000
81809  -44.526  -46.892  39.497 0.0000000000
81810  -44.759  -47.453  39.796 0.0000000000
81811  -44.659  -48.051  39.794 0.0000000000
81812  -44.966  -47.977  40.130 0.0000000000
81813  -45.154  -48.484  40.489 0.0000000000
81814  -45.237  -47.908  40.466 0.0000000000
81815  -45.820  -47.125  41.009 0.0000000000
81816  -45.777  -47.727  41.026 0.0000000000
81817  -46.066  -47.630  41.326 0.0000000000
81818  -46.355  -48.161  41.670 0.0000000000
81819  -46.370  -47.520  41.583 0.0000000000
81821  -46.005  -45.469  41.157 0.0000000000
81822  -46.317  -45.392  41.411 0.0000000000
81823  -47.005  -46.143  42.060 0.0000000000
81824  -46.736  -46.213  41.801 0.0000000000
81825  -46.955  -46.692  42.041 0.0000000000
81826  -46.936  -47.288  42.060 0.0000000000
81827  -47.213  -47.153  42.272 0.0000000000
81828  -47.484  -47.642  42.615 0.0000000000
81829  -47.492  -47.025  42.582 0.0000000000
81830  -48.089  -46.249  43.037 0.0000000000
81831  -48.068  -46.778  43.046 0.0000000000
81832  -48.382  -46.693  43.297 0.0000000000
81833  -48.714  -47.182  43.613 0.0000000000
85477  -50.040  -46.808  44.618 0.0000000000
85478  -50.309  -47.404  44.866 0.0000000000
85479  -50.473  -46.998  44.864 0.0000000000
85480  -51.408  -46.902  45.135 0.0000000000
85481  -51.234  -47.358  45.080 0.0000000000
85482  -51.550  -47.417  45.009 0.0000000000
85483  -51.572  -47.902  44.604 0.0000000000
85484  -51.723  -47.423  44.653 0.0000000000
85485  -52.351  -44.962  45.535 0.0000000000
85486  -52.096  -45.475  45.430 0.0000000000
85487  -52.443  -45.570  45.255 0.0000000000
85488  -52.522  -46.614  43.995 0.0000000000
85489  -52.374  -46.549  44.441 0.0000000000
85490  -52.204  -47.008  43.863 0.0000000000
85491  -51.903  -47.425  43.680 0.0000000000
85492  -51.980  -47.419  43.196 0.0000000000
85493  -51.800  -47.756  42.448 0.0000000000
85494  -52.115  -47.382  42.565 0.0000000000
85495  -52.648  -46.913  41.424 0.0000000000
85496  -52.177  -47.224  41.310 0.0000000000
85497  -52.377  -47.160  40.657 0.0000000000
85498  -52.115  -47.380  39.911 0.0000000000
85499  -52.524  -47.152  40.027 0.0000000000
85500  -54.600  -41.401  45.306 0.0000000000
85501  -54.345  -41.809  45.362 0.0000000000
85502  -54.627  -42.017  45.009 0.0000000000
85503  -54.860  -43.394  43.805 0.0000000000
85504  -54.664  -43.248  44.337 0.0000000000
85505  -54.684  -43.833  43.921 0.0000000000
85506  -54.433  -44.232  43.918 0.0000000000
85507  -54.621  -44.401  43.352 0.0000000000
85508  -55.433  -44.055  41.485 0.0000000000
85509  -55.335  -43.977  42.111 0.0000000000
85510  -55.252  -44.449  41.575 0.0000000000
85511  -54.706  -45.590  40.986 0.0000000000
85512  -54.858  -45.135  41.608 0.0000000000
85513  -54.601  -45.487  41.637 0.0000000000
85514  -54.440  -45.399  42.250 0.0000000000
85515  -54.300  -45.842  41.585 0.0000000000
85516  -53.940  -46.150  41.485 0.0000000000
85517  -54.054  -46.185  40.852 0.0000000000
85518  -53.632  -47.065  38.813 0.0000000000
85519  -53.481  -46.913  39.408 0.0000000000
85520  -53.213  -47.212  38.782 0.0000000000
85521  -52.777  -47.325  38.760 0.0000000000
85522  -53.022  -47.459  38.194 0.0000000000
85523  -52.693  -47.682  37.586 0.0000000000
85524  -53.207  -47.609  37.672 0.0000000000
92204  -49.985  -49.646  44.774 0.0000000000
92205  -50.294  -49.789  44.639 0.0000000000
92206  -50.210  -49.314  44.888 0.0000000000
92207  -50.481  -48.992  45.024 0.0000000000
92208  -50.755  -48.644  45.079 0.0000000000
92209  -48.619  -48.368  43.843 0.0000000000
92210  -48.680  -48.939  43.992 0.0000000000
92211  -49.067  -48.792  44.266 0.0000000000
92212  -49.495  -49.235  44.573 0.0000000000
93748  -43.518  -49.657  39.220 0.0000000000
93749  -43.493  -50.178  39.330 0.0000000000
93750  -43.840  -50.180  39.673 0.0000000000
93751  -44.208  -50.685  40.145 0.0000000000
93752  -44.597  -51.116  40.578 0.0000000000
95614  -46.563  -42.598  41.437 0.0000000000
95615  -46.930  -42.591  41.809 0.0000000000
95616  -46.700  -42.210  41.570 0.0000000000
95617  -46.859  -41.864  41.700 0.0000000000
95618  -47.010  -41.511  41.839 0.0000000000
95619  -47.421  -37.273  40.228 0.0000000000
95620  -47.702  -37.521  40.921 0.0000000000
95621  -47.990  -37.308  40.423 0.0000000000
95622  -48.588  -37.366  40.605 0.0000000000
95623  -49.239  -37.396  40.800 0.0000000000
95624  -49.822  -37.409  40.931 0.0000000000
95625  -49.520  -37.146  40.307 0.0000000000
95626  -49.795  -36.867  39.812 0.0000000000
95627  -50.032  -36.546  39.371 0.0000000000
95842  -40.012  -43.574  37.752 0.0000000000
95843  -40.425  -43.862  37.544 0.0000000000
95844  -40.790  -44.158  37.325 0.0000000000
95845  -40.703  -43.821  37.761 0.0000000000
95846  -40.987  -43.753  38.006 0.0000000000
95847  -41.235  -43.733  38.282 0.0000000000
95848  -44.688  -41.810  40.060 0.0000000000
95849  -44.675  -42.318  40.152 0.0000000000
95850  -45.031  -42.206  40.352 0.0000000000
95851  -45.299  -42.612  40.566 0.0000000000
95852  -45.554  -43.005  40.768 0.0000000000
95854  -45.874  -42.886  40.958 0.0000000000
95855  -46.211  -42.800  41.216 0.0000000000
96583  -52.674  -42.172  45.826 0.0000000000
96584  -52.783  -42.763  45.816 0.0000000000
96585  -53.107  -42.247  45.797 0.0000000000
96586  -53.480  -42.429  45.640 0.0000000000
96587  -53.798  -42.634  45.452 0.0000000000
98068  -46.185  -49.259  41.809 0.0000000000
98069  -46.267  -49.774  42.045 0.0000000000
98070  -46.612  -49.729  42.316 0.0000000000
98071  -46.984  -50.150  42.854 0.0000000000
98072  -47.416  -50.522  43.357 0.0000000000
99934  -43.693  -39.975  39.649 0.0000000000
99935  -44.114  -39.995  39.954 0.0000000000
99936  -43.665  -39.698  39.783 0.0000000000
99937  -43.634  -39.429  39.964 0.0000000000
99939  -42.872  -36.985  38.062 0.0000000000
99940  -43.072  -37.358  38.839 0.0000000000
99941  -43.375  -37.021  38.424 0.0000000000
99942  -43.927  -37.093  38.691 0.0000000000
99943  -44.457  -37.146  38.994 0.0000000000
99944  -45.027  -37.205  39.272 0.0000000000
99945  -44.772  -36.858  38.542 0.0000000000
99946  -45.074  -36.589  38.146 0.0000000000
99947  -45.341  -36.301  37.803 0.0000000000
100903  -54.648  -38.529  44.955 0.0000000000
100904  -54.824  -39.140  45.084 0.0000000000
100905  -55.048  -38.626  44.796 0.0000000000
100906  -55.403  -38.756  44.518 0.0000000000
100907  -55.714  -38.903  44.197 0.0000000000
100909  -56.523  -38.348  42.778 0.0000000000
100910  -56.617  -38.593  42.279 0.0000000000
100911  -56.526  -39.283  41.976 0.0000000000
100912  -56.424  -39.940  41.658 0.0000000000
102699  -46.658  -51.687  42.814 0.0000000000
102700  -46.287  -51.741  42.391 0.0000000000
102701  -46.878  -52.094  42.921 0.0000000000
102702  -47.098  -52.505  42.957 0.0000000000
108277  -48.157  -45.692  43.074 0.0000000000
108278  -48.557  -45.719  43.463 0.0000000000
108279  -48.387  -45.332  43.255 0.0000000000
108280  -48.652  -44.984  43.436 0.0000000000
108281  -48.927  -44.636  43.618 0.0000000000
108282  -48.692  -42.620  43.232 0.0000000000
108283  -48.906  -43.016  43.500 0.0000000000
108284  -49.178  -42.607  43.610 0.0000000000
108285  -49.630  -42.597  44.036 0.0000000000
108286  -50.091  -42.489  44.378 0.0000000000
108287  -50.570  -42.494  44.837 0.0000000000
108288  -50.354  -42.143  44.626 0.0000000000
108289  -50.592  -41.688  44.742 0.0000000000
108290  -50.800  -41.221  44.857 0.0000000000
108291  -45.834  -40.044  41.554 0.0000000000
108292  -46.253  -40.291  41.779 0.0000000000
108294  -46.748  -39.970  42.417 0.0000000000
108295  -47.214  -39.925  42.885 0.0000000000
108296  -48.706  -38.676  43.487 0.0000000000
108298  -49.052  -39.030  43.883 0.0000000000
108299  -49.441  -39.386  44.195 0.0000000000
108300  -49.871  -39.711  44.440 0.0000000000
108301  -50.289  -39.946  44.687 0.0000000000
108302  -50.464  -39.558  44.664 0.0000000000
108303  -51.081  -39.424  44.869 0.0000000000
108304  -51.688  -39.240  45.020 0.0000000000
108305  -52.292  -39.051  45.127 0.0000000000
108306  -51.877  -38.855  44.741 0.0000000000
108307  -52.175  -38.562  44.480 0.0000000000
108308  -52.513  -38.204  44.070 0.0000000000
108309  -52.109  -37.001  41.444 0.0000000000
108310  -52.438  -37.166  42.027 0.0000000000
108311  -52.677  -36.729  41.587 0.0000000000
108312  -53.260  -36.400  41.712 0.0000000000
108313  -53.819  -36.105  41.856 0.0000000000
108314  -54.377  -35.773  41.968 0.0000000000
108315  -54.035  -35.633  41.412 0.0000000000
108316  -54.260  -35.210  40.997 0.0000000000
108321  -41.553  -32.912  35.053 0.0000000000
108322  -42.093  -33.162  35.114 0.0000000000
108323  -43.583  -32.427  34.790 0.0000000000
108324  -43.433  -32.826  34.948 0.0000000000
108325  -43.932  -33.058  35.023 0.0000000000
108326  -44.296  -33.609  35.326 0.0000000000
108327  -44.668  -34.181  35.706 0.0000000000
108328  -45.044  -34.734  36.125 0.0000000000
108329  -45.215  -34.335  35.833 0.0000000000
108330  -45.830  -34.503  35.930 0.0000000000
108331  -46.386  -34.643  36.085 0.0000000000
108346  -49.641  -35.128  37.672 0.0000000000
108967  -40.122  -47.151  35.896 0.0000000000
108968  -40.530  -47.139  36.043 0.0000000000
108969  -40.893  -47.145  36.274 0.0000000000
108970  -42.081  -45.446  37.027 0.0000000000
108971  -42.059  -45.969  36.826 0.0000000000
108972  -42.399  -45.975  37.117 0.0000000000
108973  -42.672  -46.508  37.293 0.0000000000
108974  -42.897  -47.048  37.561 0.0000000000
108975  -43.015  -47.599  37.863 0.0000000000
108976  -43.192  -47.051  37.866 0.0000000000
108977  -43.463  -47.047  38.172 0.0000000000
108978  -43.740  -47.028  38.500 0.0000000000
108979  -41.819  -42.355  38.934 0.0000000000
108980  -41.741  -42.812  39.036 0.0000000000
108981  -42.132  -42.772  39.127 0.0000000000
108982  -42.415  -43.157  39.313 0.0000000000
108983  -42.740  -43.487  39.409 0.0000000000
108984  -44.328  -44.129  40.162 0.0000000000
108985  -43.998  -44.175  39.968 0.0000000000
108986  -44.247  -44.523  40.089 0.0000000000
108987  -44.265  -44.953  39.920 0.0000000000
108988  -44.251  -45.383  39.749 0.0000000000
108989  -44.274  -45.869  39.559 0.0000000000
108990  -44.569  -45.802  39.837 0.0000000000
108991  -44.844  -46.283  39.950 0.0000000000
108992  -45.076  -46.776  40.151 0.0000000000
108993  -45.284  -47.288  40.419 0.0000000000
108994  -45.315  -46.709  40.448 0.0000000000
108995  -45.591  -46.635  40.720 0.0000000000
108996  -45.901  -46.551  40.989 0.0000000000
108998  -46.640  -45.321  41.678 0.0000000000
108999  -46.932  -45.246  41.938 0.0000000000
109000  -47.113  -45.636  42.097 0.0000000000
109001  -47.291  -46.016  42.264 0.0000000000
109002  -47.496  -46.445  42.527 0.0000000000
109003  -47.580  -45.914  42.503 0.0000000000
109004  -47.876  -45.856  42.825 0.0000000000
111190  -50.433  -45.953  44.805 0.0000000000
111191  -50.659  -46.551  44.902 0.0000000000
111192  -50.828  -46.093  45.026 0.0000000000
111193  -51.222  -46.284  45.156 0.0000000000
111194  -51.583  -46.395  45.234 0.0000000000
111195  -53.053  -45.165  45.061 0.0000000000
111196  -52.750  -45.610  44.967 0.0000000000
111197  -53.008  -45.680  44.586 0.0000000000
111198  -52.874  -46.196  44.096 0.0000000000
111199  -52.658  -46.602  43.412 0.0000000000
111200  -52.440  -46.971  42.693 0.0000000000
111201  -52.770  -46.603  42.788 0.0000000000
111202  -52.894  -46.649  42.183 0.0000000000
111203  -53.089  -46.649  41.518 0.0000000000
111204  -55.113  -41.722  44.536 0.0000000000
111205  -54.868  -42.180  44.616 0.0000000000
111206  -55.082  -42.358  44.121 0.0000000000
111207  -55.044  -42.975  43.721 0.0000000000
111208  -55.026  -43.601  43.246 0.0000000000
111209  -55.270  -45.100  40.328 0.0000000000
111210  -55.158  -44.926  40.975 0.0000000000
111211  -55.102  -45.432  40.369 0.0000000000
111212  -54.808  -45.733  40.341 0.0000000000
111213  -54.511  -46.030  40.296 0.0000000000
111214  -54.168  -46.312  40.200 0.0000000000
111215  -54.276  -46.456  39.503 0.0000000000
111216  -54.049  -46.855  38.900 0.0000000000
115313  -51.218  -49.142  43.430 0.0000000000
115314  -51.398  -48.728  43.328 0.0000000000
115315  -47.417  -48.813  42.864 0.0000000000
115316  -47.532  -49.362  43.115 0.0000000000
115317  -47.814  -49.266  43.287 0.0000000000
115318  -48.237  -49.662  43.725 0.0000000000
115319  -48.677  -50.000  44.163 0.0000000000
115320  -48.815  -49.406  44.190 0.0000000000
115321  -48.973  -49.885  44.330 0.0000000000
116773  -41.854  -36.772  37.458 0.0000000000
116775  -42.661  -36.550  37.397 0.0000000000
116776  -42.934  -36.183  37.052 0.0000000000
116777  -43.153  -35.852  36.711 0.0000000000
117520  -55.602  -36.684  43.493 0.0000000000
117521  -55.728  -37.178  43.765 0.0000000000
117522  -55.945  -36.730  43.411 0.0000000000
117523  -56.280  -36.803  43.202 0.0000000000
117524  -56.533  -36.989  42.961 0.0000000000
118906  -42.116  -49.586  38.064 0.0000000000
118907  -42.164  -50.127  38.110 0.0000000000
118908  -42.503  -50.129  38.397 0.0000000000
123256  -47.580  -44.106  42.351 0.0000000000
123257  -47.994  -44.087  42.689 0.0000000000
123258  -47.782  -43.688  42.496 0.0000000000
123259  -47.924  -43.326  42.632 0.0000000000
123260  -48.064  -42.987  42.724 0.0000000000
123261  -47.347  -42.604  42.184 0.0000000000
123262  -47.812  -42.610  42.497 0.0000000000
123263  -48.294  -42.615  42.811 0.0000000000
123264  -48.459  -42.242  42.979 0.0000000000
123265  -48.592  -41.849  43.141 0.0000000000
123266  -48.742  -41.445  43.320 0.0000000000
123269  -46.712  -38.562  42.284 0.0000000000
123270  -47.242  -38.462  42.572 0.0000000000
123271  -47.818  -38.370  42.741 0.0000000000
123272  -47.932  -37.792  41.560 0.0000000000
123273  -48.164  -38.072  42.262 0.0000000000
123274  -48.410  -38.359  42.958 0.0000000000
123275  -49.024  -38.412  43.075 0.0000000000
123276  -49.607  -38.425  43.124 0.0000000000
123277  -50.214  -38.411  43.189 0.0000000000
123278  -50.836  -38.332  43.288 0.0000000000
123279  -50.557  -38.137  42.733 0.0000000000
123280  -50.918  -37.863  42.260 0.0000000000
123281  -51.235  -37.584  41.763 0.0000000000
123282  -50.447  -37.366  41.060 0.0000000000
123283  -50.975  -37.314  41.175 0.0000000000
123284  -51.522  -37.218  41.254 0.0000000000
123285  -51.766  -36.810  40.857 0.0000000000
123286  -52.054  -36.361  40.422 0.0000000000
123287  -52.295  -35.895  40.082 0.0000000000
123292  -42.825  -31.543  34.651 0.0000000000
123295  -43.275  -31.792  34.636 0.0000000000
123789  -39.661  -44.465  36.163 0.0000000000
123790  -40.061  -44.797  36.004 0.0000000000
123791  -40.447  -45.190  35.947 0.0000000000
123792  -40.759  -45.609  35.945 0.0000000000
123793  -40.799  -45.121  36.145 0.0000000000
123794  -41.109  -45.098  36.351 0.0000000000
123795  -41.433  -45.073  36.655 0.0000000000
123796  -41.067  -44.446  37.171 0.0000000000
123797  -41.397  -44.741  37.072 0.0000000000
123798  -41.733  -45.063  37.023 0.0000000000
123799  -42.018  -45.066  37.364 0.0000000000
123800  -42.312  -45.054  37.691 0.0000000000
123801  -42.617  -45.068  38.078 0.0000000000
123802  -43.282  -42.074  39.349 0.0000000000
123803  -43.251  -42.550  39.503 0.0000000000
123804  -43.598  -42.496  39.636 0.0000000000
123805  -43.881  -42.943  39.873 0.0000000000
123806  -44.157  -43.356  40.022 0.0000000000
123807  -44.610  -42.836  40.204 0.0000000000
123808  -44.547  -43.339  40.201 0.0000000000
123809  -44.431  -43.736  40.166 0.0000000000
123810  -44.697  -44.082  40.332 0.0000000000
123811  -44.932  -44.414  40.526 0.0000000000
123812  -45.182  -44.757  40.686 0.0000000000
123813  -45.443  -45.120  40.818 0.0000000000
123814  -45.537  -44.653  40.863 0.0000000000
123821  -47.204  -44.294  42.065 0.0000000000
125521  -51.408  -44.147  45.663 0.0000000000
125522  -51.580  -44.749  45.598 0.0000000000
125523  -51.817  -44.231  45.789 0.0000000000
125524  -52.238  -44.341  45.749 0.0000000000
125525  -52.633  -44.473  45.685 0.0000000000
125526  -52.876  -43.343  45.763 0.0000000000
125527  -52.947  -43.968  45.663 0.0000000000
125528  -53.033  -44.599  45.435 0.0000000000
125529  -53.392  -44.685  45.082 0.0000000000
125530  -53.676  -44.763  44.605 0.0000000000
125531  -53.891  -44.874  44.059 0.0000000000
125532  -55.760  -42.360  42.200 0.0000000000
125533  -55.616  -42.895  42.451 0.0000000000
125534  -55.693  -43.001  41.830 0.0000000000
125535  -55.598  -43.634  41.350 0.0000000000
125536  -55.501  -44.144  40.801 0.0000000000
125538  -55.538  -44.239  40.148 0.0000000000
125539  -55.410  -44.679  40.256 0.0000000000
128953  -44.904  -49.624  40.591 0.0000000000
128954  -44.880  -50.140  40.753 0.0000000000
128955  -45.261  -50.055  41.066 0.0000000000
128956  -45.599  -50.476  41.572 0.0000000000
128957  -46.034  -50.889  42.121 0.0000000000
128958  -46.317  -50.320  42.263 0.0000000000
128959  -46.397  -50.821  42.462 0.0000000000
128960  -46.525  -51.259  42.647 0.0000000000
128961  -47.052  -51.608  43.150 0.0000000000
128962  -47.634  -51.886  43.601 0.0000000000
128964  -47.646  -49.928  43.334 0.0000000000
128965  -47.761  -50.419  43.596 0.0000000000
128966  -47.918  -50.857  43.828 0.0000000000
128968  -48.419  -51.155  44.182 0.0000000000
132889  -45.382  -41.165  40.472 0.0000000000
132890  -45.816  -41.151  40.824 0.0000000000
132891  -45.458  -40.840  40.529 0.0000000000
132892  -45.451  -40.544  40.713 0.0000000000
132893  -45.431  -40.253  40.922 0.0000000000
132894  -44.537  -40.020  40.321 0.0000000000
132895  -44.990  -39.974  40.703 0.0000000000
132896  -45.438  -39.984  41.092 0.0000000000
132897  -45.443  -39.732  41.353 0.0000000000
132909  -45.864  -38.258  41.331 0.0000000000
132910  -46.136  -37.826  40.900 0.0000000000
132911  -46.506  -37.486  40.477 0.0000000000
132912  -45.624  -37.209  39.486 0.0000000000
132913  -46.205  -37.179  39.728 0.0000000000
132914  -46.796  -37.205  39.951 0.0000000000
132915  -47.117  -37.032  39.585 0.0000000000
132916  -47.408  -36.842  39.158 0.0000000000
132917  -47.682  -36.634  38.722 0.0000000000
133383  -42.602  -41.747  38.964 0.0000000000
133391  -42.588  -41.331  38.843 0.0000000000
133392  -42.942  -41.680  39.075 0.0000000000
133393  -43.292  -41.584  39.181 0.0000000000
133394  -43.660  -41.548  39.366 0.0000000000
133395  -44.005  -41.507  39.583 0.0000000000
133397  -43.978  -41.070  39.528 0.0000000000
133398  -44.337  -41.425  39.782 0.0000000000
133399  -44.678  -41.314  39.994 0.0000000000
133400  -45.079  -41.247  40.189 0.0000000000
134938  -53.658  -40.393  45.786 0.0000000000
134939  -53.806  -40.948  45.731 0.0000000000
134940  -54.065  -40.552  45.646 0.0000000000
134941  -54.463  -40.755  45.439 0.0000000000
134942  -54.814  -40.954  45.178 0.0000000000
134943  -54.939  -39.797  45.094 0.0000000000
134944  -55.000  -40.456  45.022 0.0000000000
134945  -55.077  -41.108  44.813 0.0000000000
134946  -55.333  -41.252  44.356 0.0000000000
134947  -55.541  -41.399  43.732 0.0000000000
134949  -55.812  -37.742  43.882 0.0000000000
134950  -55.884  -38.373  43.955 0.0000000000
134951  -55.954  -39.099  43.803 0.0000000000
134952  -56.317  -38.839  43.036 0.0000000000
134953  -56.136  -39.290  43.310 0.0000000000
134954  -56.002  -39.779  43.581 0.0000000000
134959  -55.964  -42.039  41.444 0.0000000000
138696  -44.880  -50.609  40.860 0.0000000000
138697  -44.941  -51.087  40.956 0.0000000000
149983  -49.340  -47.516  44.226 0.0000000000
149984  -49.760  -47.597  44.581 0.0000000000
149985  -49.452  -47.110  44.264 0.0000000000
149986  -49.590  -46.736  44.306 0.0000000000
149987  -49.743  -46.365  44.331 0.0000000000
149988  -49.006  -45.807  43.798 0.0000000000
149989  -49.462  -45.894  44.086 0.0000000000
149990  -49.926  -45.950  44.475 0.0000000000
149991  -50.176  -45.520  44.659 0.0000000000
149992  -50.431  -45.083  44.900 0.0000000000
149993  -50.656  -44.670  45.136 0.0000000000
149994  -48.383  -44.125  43.051 0.0000000000
149995  -48.747  -44.186  43.431 0.0000000000
149996  -49.099  -44.269  43.778 0.0000000000
149997  -49.123  -43.448  43.799 0.0000000000
149998  -49.332  -43.875  44.032 0.0000000000
149999  -49.546  -44.276  44.219 0.0000000000
150000  -49.988  -44.265  44.593 0.0000000000
150001  -50.435  -44.260  44.977 0.0000000000
150002  -50.925  -44.212  45.386 0.0000000000
150003  -51.167  -43.735  45.553 0.0000000000
150004  -51.466  -43.254  45.622 0.0000000000
150005  -51.797  -42.773  45.663 0.0000000000
150006  -51.097  -42.394  45.159 0.0000000000
150007  -51.604  -42.348  45.478 0.0000000000
150008  -52.139  -42.307  45.755 0.0000000000
150009  -52.428  -41.816  45.742 0.0000000000
150010  -52.685  -41.325  45.761 0.0000000000
150011  -52.929  -40.840  45.816 0.0000000000
150012  -46.237  -41.160  41.193 0.0000000000
150013  -46.668  -41.158  41.610 0.0000000000
150014  -47.054  -41.125  41.977 0.0000000000
150015  -46.688  -40.531  41.989 0.0000000000
150016  -47.124  -40.787  42.165 0.0000000000
150017  -47.482  -41.137  42.325 0.0000000000
150018  -47.935  -41.116  42.687 0.0000000000
150019  -48.395  -41.078  43.109 0.0000000000
150020  -48.883  -41.020  43.530 0.0000000000
150023  -47.720  -39.849  43.227 0.0000000000
150025  -48.211  -39.870  43.665 0.0000000000
150026  -48.171  -40.162  43.398 0.0000000000
150027  -48.604  -40.494  43.586 0.0000000000
150028  -48.965  -40.809  43.751 0.0000000000
150029  -49.367  -41.055  43.903 0.0000000000
150030  -49.919  -40.971  44.264 0.0000000000
150031  -50.453  -40.890  44.652 0.0000000000
150032  -50.976  -40.807  45.018 0.0000000000
150033  -50.696  -40.163  44.926 0.0000000000
150034  -51.103  -40.381  45.160 0.0000000000
150035  -51.498  -40.657  45.319 0.0000000000
150036  -52.091  -40.567  45.567 0.0000000000
150037  -52.669  -40.434  45.772 0.0000000000
150038  -53.142  -40.360  45.844 0.0000000000
150039  -53.352  -40.011  45.781 0.0000000000
150040  -53.602  -39.534  45.720 0.0000000000
150041  -53.867  -39.067  45.533 0.0000000000
150042  -52.946  -39.008  45.218 0.0000000000
150043  -53.563  -38.836  45.284 0.0000000000
150044  -54.123  -38.637  45.210 0.0000000000
150045  -54.340  -38.211  44.826 0.0000000000
150046  -54.595  -37.740  44.408 0.0000000000
150047  -54.882  -37.295  44.033 0.0000000000
150048  -51.517  -38.197  43.398 0.0000000000
150049  -52.205  -38.036  43.519 0.0000000000
150050  -52.820  -37.835  43.648 0.0000000000
150051  -52.753  -37.303  42.608 0.0000000000
150052  -53.093  -37.441  43.192 0.0000000000
150053  -53.422  -37.613  43.698 0.0000000000
150054  -54.074  -37.316  43.716 0.0000000000
150055  -54.604  -37.064  43.725 0.0000000000
150056  -55.131  -36.850  43.630 0.0000000000
150057  -55.351  -36.403  43.231 0.0000000000
150058  -55.571  -35.949  42.880 0.0000000000
150070  -41.482  -34.322  35.432 0.0000000000
150071  -41.797  -34.934  35.746 0.0000000000
150072  -42.374  -35.144  35.972 0.0000000000
150073  -42.877  -35.268  36.186 0.0000000000
150074  -43.411  -35.441  36.432 0.0000000000
150076  -42.274  -32.738  35.051 0.0000000000
150077  -42.608  -33.395  35.267 0.0000000000
150078  -43.276  -33.239  35.113 0.0000000000
150079  -43.095  -33.645  35.346 0.0000000000
150080  -42.937  -34.018  35.534 0.0000000000
150081  -43.247  -34.548  35.821 0.0000000000
150082  -43.590  -35.084  36.237 0.0000000000
150083  -43.918  -35.589  36.703 0.0000000000
150084  -44.446  -35.755  36.970 0.0000000000
150085  -45.005  -35.905  37.245 0.0000000000
150086  -45.580  -35.988  37.472 0.0000000000
150087  -45.447  -35.250  36.592 0.0000000000
150088  -45.804  -35.676  37.084 0.0000000000
150089  -46.157  -36.104  37.639 0.0000000000
150090  -46.748  -36.228  37.896 0.0000000000
150091  -47.332  -36.301  38.106 0.0000000000
150092  -47.920  -36.368  38.279 0.0000000000
150113  -46.974  -34.712  36.236 0.0000000000
150114  -47.722  -34.315  36.146 0.0000000000
150115  -47.541  -34.752  36.411 0.0000000000
150116  -47.375  -35.186  36.730 0.0000000000
150117  -47.770  -35.619  37.283 0.0000000000
150118  -48.120  -36.006  37.870 0.0000000000
150119  -48.484  -36.334  38.463 0.0000000000
150120  -49.080  -36.303  38.613 0.0000000000
150121  -49.656  -36.274  38.783 0.0000000000
150122  -50.240  -36.167  38.953 0.0000000000
150123  -50.037  -35.459  38.156 0.0000000000
150124  -50.429  -35.749  38.633 0.0000000000
150125  -50.859  -35.988  39.128 0.0000000000
150126  -51.435  -35.857  39.356 0.0000000000
150127  -51.956  -35.660  39.545 0.0000000000
150128  -52.493  -35.388  39.724 0.0000000000
150137  -53.072  -35.125  39.853 0.0000000000
151369  -40.797  -49.179  36.962 0.0000000000
151370  -41.111  -49.132  37.275 0.0000000000
151371  -41.442  -49.082  37.542 0.0000000000
151372  -41.018  -46.064  36.010 0.0000000000
151373  -41.155  -46.602  36.235 0.0000000000
151374  -41.320  -47.092  36.504 0.0000000000
151375  -41.922  -46.486  36.712 0.0000000000
151376  -41.736  -47.047  36.754 0.0000000000
151377  -41.480  -47.572  36.812 0.0000000000
151378  -41.599  -48.088  37.164 0.0000000000
151379  -41.705  -48.568  37.482 0.0000000000
151380  -41.873  -49.051  37.779 0.0000000000
151381  -42.256  -49.069  38.019 0.0000000000
151382  -42.613  -49.096  38.317 0.0000000000
151383  -42.973  -49.116  38.604 0.0000000000
151384  -43.111  -48.143  38.208 0.0000000000
151385  -43.211  -48.669  38.558 0.0000000000
151386  -43.365  -49.153  38.886 0.0000000000
151387  -43.682  -49.174  39.225 0.0000000000
151388  -44.020  -49.201  39.537 0.0000000000
151389  -44.377  -49.207  39.857 0.0000000000
151390  -40.815  -43.052  38.620 0.0000000000
151391  -41.156  -43.402  38.620 0.0000000000
151392  -41.492  -43.719  38.589 0.0000000000
151393  -41.731  -43.285  38.941 0.0000000000
151394  -41.777  -43.665  38.818 0.0000000000
151395  -41.830  -44.024  38.493 0.0000000000
151396  -42.187  -44.359  38.449 0.0000000000
151397  -42.541  -44.710  38.433 0.0000000000
151398  -42.876  -45.027  38.446 0.0000000000
151399  -43.162  -43.032  39.565 0.0000000000
151400  -43.082  -43.458  39.572 0.0000000000
151401  -43.026  -43.864  39.511 0.0000000000
151402  -43.666  -44.226  39.775 0.0000000000
151403  -43.307  -44.265  39.613 0.0000000000
151404  -42.999  -44.285  39.368 0.0000000000
151405  -43.041  -44.658  39.128 0.0000000000
151406  -43.128  -45.011  38.833 0.0000000000
151407  -43.191  -45.466  38.477 0.0000000000
151408  -43.495  -45.938  38.560 0.0000000000
151409  -43.802  -46.429  38.697 0.0000000000
151410  -44.043  -47.020  38.865 0.0000000000
151411  -44.277  -46.396  39.338 0.0000000000
151412  -44.277  -46.942  39.159 0.0000000000
151413  -44.221  -47.614  39.124 0.0000000000
151414  -44.375  -48.186  39.449 0.0000000000
151415  -44.550  -48.689  39.806 0.0000000000
151416  -44.720  -49.158  40.203 0.0000000000
151417  -44.996  -49.063  40.526 0.0000000000
151418  -45.320  -48.994  40.873 0.0000000000
151419  -45.617  -48.934  41.148 0.0000000000
151420  -45.494  -47.842  40.774 0.0000000000
151421  -45.705  -48.345  41.084 0.0000000000
151422  -45.936  -48.816  41.423 0.0000000000
151423  -46.256  -48.687  41.699 0.0000000000
151424  -46.587  -48.606  41.983 0.0000000000
151425  -46.858  -48.438  42.207 0.0000000000
151426  -45.725  -45.573  40.941 0.0000000000
151427  -45.967  -46.021  41.102 0.0000000000
151428  -46.185  -46.467  41.297 0.0000000000
151429  -46.545  -45.753  41.561 0.0000000000
151430  -46.463  -46.369  41.588 0.0000000000
151431  -46.403  -46.928  41.542 0.0000000000
151432  -46.659  -47.398  41.814 0.0000000000
151433  -46.913  -47.865  42.130 0.0000000000
151434  -47.161  -48.326  42.483 0.0000000000
151435  -47.467  -48.243  42.749 0.0000000000
151436  -47.761  -48.134  43.008 0.0000000000
151437  -48.032  -48.027  43.223 0.0000000000
151438  -47.769  -46.907  42.810 0.0000000000
151439  -48.063  -47.385  43.120 0.0000000000
151440  -48.322  -47.882  43.488 0.0000000000
151441  -48.662  -47.762  43.753 0.0000000000
151442  -49.032  -47.661  43.964 0.0000000000
155821  -50.157  -47.809  44.846 0.0000000000
155822  -50.583  -48.015  45.039 0.0000000000
155823  -50.967  -48.212  45.054 0.0000000000
155824  -50.875  -47.222  45.026 0.0000000000
155825  -51.095  -47.778  45.061 0.0000000000
155826  -51.240  -48.307  44.870 0.0000000000
155827  -51.427  -48.346  44.533 0.0000000000
155828  -51.523  -48.340  44.014 0.0000000000
155829  -51.576  -48.348  43.434 0.0000000000
155830  -51.759  -45.416  45.499 0.0000000000
155831  -51.835  -45.951  45.332 0.0000000000
155832  -51.879  -46.435  45.095 0.0000000000
155833  -52.455  -46.035  44.916 0.0000000000
155834  -52.157  -46.464  44.857 0.0000000000
155835  -51.871  -46.914  44.705 0.0000000000
155836  -51.863  -47.418  44.157 0.0000000000
155837  -51.720  -47.900  43.566 0.0000000000
155838  -51.543  -48.286  42.844 0.0000000000
155839  -51.526  -48.160  42.283 0.0000000000
155840  -51.518  -48.039  41.693 0.0000000000
155841  -51.532  -47.914  41.075 0.0000000000
155842  -52.178  -47.304  41.943 0.0000000000
155843  -51.873  -47.572  41.226 0.0000000000
155844  -51.529  -47.786  40.474 0.0000000000
155845  -51.647  -47.636  39.832 0.0000000000
155848  -53.950  -41.559  45.593 0.0000000000
155849  -54.055  -42.203  45.391 0.0000000000
155850  -54.087  -42.891  45.172 0.0000000000
155851  -54.624  -42.620  44.700 0.0000000000
155852  -54.399  -43.065  44.769 0.0000000000
155853  -54.168  -43.391  44.856 0.0000000000
155854  -54.198  -43.984  44.445 0.0000000000
155855  -54.174  -44.553  43.976 0.0000000000
155856  -54.105  -45.058  43.474 0.0000000000
155857  -55.405  -43.412  42.587 0.0000000000
155858  -55.200  -43.859  42.676 0.0000000000
155859  -54.989  -44.199  42.759 0.0000000000
155860  -55.056  -44.823  41.596 0.0000000000
155861  -54.953  -44.696  42.188 0.0000000000
155862  -54.786  -44.547  42.750 0.0000000000
155863  -54.555  -44.925  42.807 0.0000000000
155864  -54.280  -45.260  42.862 0.0000000000
155865  -53.977  -45.579  42.893 0.0000000000
155866  -53.785  -46.037  42.223 0.0000000000
155867  -53.543  -46.400  41.551 0.0000000000
155868  -53.245  -46.692  40.800 0.0000000000
155869  -53.761  -46.559  40.109 0.0000000000
155870  -53.367  -46.785  40.029 0.0000000000
155871  -52.951  -46.970  40.014 0.0000000000
155872  -52.614  -47.203  39.404 0.0000000000
155878  -53.420  -47.784  37.147 0.0000000000
155926  -56.508  -42.002  38.665 0.0000000000
