#!ascii label  , from subject fsaverage vox2ras=TkReg
1655
85  -58.094  -20.911  -14.752 0.0000000000
151  -49.814  -3.625  -24.850 0.0000000000
204  -54.730  -29.967  -11.666 0.0000000000
331  -52.479  -5.894  -13.494 0.0000000000
332  -55.416  3.879  -11.269 0.0000000000
607  -49.889  -14.850  -13.149 0.0000000000
608  -53.802  -12.266  -21.058 0.0000000000
971  -56.949  -25.555  -13.257 0.0000000000
972  -61.412  -28.358  -12.437 0.0000000000
973  -63.450  -23.485  -13.765 0.0000000000
975  -62.303  -17.952  -16.014 0.0000000000
1353  -49.605  -5.196  -19.512 0.0000000000
1354  -48.844  -9.862  -19.442 0.0000000000
1355  -52.651  -7.854  -23.801 0.0000000000
1356  -58.694  -8.804  -22.801 0.0000000000
1357  -57.600  -4.452  -25.553 0.0000000000
1749  -55.239  -0.913  -12.705 0.0000000000
1750  -52.016  0.060  -18.164 0.0000000000
2457  -51.644  -18.552  -16.342 0.0000000000
2458  -50.789  -11.046  -13.402 0.0000000000
2459  -50.129  -14.200  -18.077 0.0000000000
2460  -55.885  -16.866  -18.148 0.0000000000
2461  -59.501  -14.087  -19.637 0.0000000000
2465  -53.015  6.195  -16.555 0.0000000000
2466  -48.469  2.259  -23.668 0.0000000000
2469  -53.918  0.601  -28.270 0.0000000000
2892  -60.544  -24.522  -13.269 0.0000000000
2893  -60.865  -22.043  -13.983 0.0000000000
2894  -63.124  -20.506  -14.764 0.0000000000
2895  -60.540  -19.738  -15.289 0.0000000000
3273  -48.873  -4.570  -22.442 0.0000000000
3274  -49.475  -6.937  -22.684 0.0000000000
3275  -51.461  -5.863  -24.759 0.0000000000
3276  -55.560  -6.155  -24.773 0.0000000000
3277  -54.217  -3.994  -25.762 0.0000000000
3873  -56.201  2.512  -8.807 0.0000000000
3875  -55.913  1.849  -11.650 0.0000000000
3876  -53.751  -0.419  -15.517 0.0000000000
3877  -54.371  2.271  -14.559 0.0000000000
4351  -53.922  -32.435  -10.757 0.0000000000
4353  -56.704  -31.587  -11.590 0.0000000000
4361  -62.125  -19.632  -18.410 0.0000000000
5497  -49.450  -16.639  -15.366 0.0000000000
5500  -51.580  -8.519  -13.427 0.0000000000
5501  -50.840  -11.211  -21.129 0.0000000000
5502  -49.274  -11.944  -18.911 0.0000000000
5503  -51.786  -13.500  -19.748 0.0000000000
5504  -52.740  -15.664  -18.604 0.0000000000
5505  -54.635  -14.572  -19.542 0.0000000000
5506  -57.739  -15.536  -18.915 0.0000000000
5507  -56.799  -13.217  -20.267 0.0000000000
5508  -59.451  -8.455  -24.569 0.0000000000
5509  -60.021  -10.644  -22.597 0.0000000000
5518  -51.241  7.373  -19.663 0.0000000000
5519  -51.164  4.416  -20.029 0.0000000000
5520  -49.149  5.488  -23.133 0.0000000000
5527  -51.308  2.410  -29.499 0.0000000000
6070  -54.367  3.093  -9.225 0.0000000000
6355  -55.894  -27.801  -12.303 0.0000000000
6356  -57.979  -29.206  -12.024 0.0000000000
6357  -59.518  -26.846  -12.755 0.0000000000
6358  -63.005  -25.820  -12.957 0.0000000000
6359  -64.517  -25.285  -13.964 0.0000000000
6361  -64.395  -22.619  -14.891 0.0000000000
6362  -63.726  -19.604  -16.334 0.0000000000
6363  -62.618  -17.193  -17.962 0.0000000000
7042  -52.134  -13.321  -10.834 0.0000000000
7043  -50.918  -5.414  -16.477 0.0000000000
7044  -49.966  -7.930  -16.647 0.0000000000
7045  -49.099  -7.558  -19.637 0.0000000000
7046  -50.134  -9.152  -22.049 0.0000000000
7047  -53.274  -9.925  -22.531 0.0000000000
7048  -56.221  -10.559  -22.069 0.0000000000
7049  -55.935  -8.298  -23.430 0.0000000000
7050  -58.199  -6.779  -24.383 0.0000000000
7051  -58.433  -6.621  -26.208 0.0000000000
7383  -51.744  -30.735  -10.960 0.0000000000
7386  -52.771  -28.544  -11.705 0.0000000000
7918  -55.433  -4.022  -10.456 0.0000000000
7921  -53.695  -3.480  -13.130 0.0000000000
7922  -52.056  -3.147  -16.161 0.0000000000
7923  -50.621  -2.698  -19.040 0.0000000000
7924  -49.025  -1.950  -21.716 0.0000000000
9927  -54.817  -19.779  -15.529 0.0000000000
9930  -50.477  -12.894  -13.312 0.0000000000
9931  -49.275  -10.351  -16.293 0.0000000000
9932  -49.236  -12.466  -15.997 0.0000000000
9933  -49.391  -14.487  -15.749 0.0000000000
9934  -50.858  -16.303  -17.298 0.0000000000
9935  -53.861  -17.935  -17.307 0.0000000000
9936  -57.026  -18.894  -16.333 0.0000000000
9937  -59.134  -17.608  -16.904 0.0000000000
9938  -60.855  -15.992  -17.632 0.0000000000
9939  -61.835  -15.363  -19.444 0.0000000000
9940  -58.966  -11.596  -21.074 0.0000000000
9941  -60.888  -13.131  -20.903 0.0000000000
9948  -53.582  5.138  -11.180 0.0000000000
9951  -54.192  5.092  -13.885 0.0000000000
9952  -53.103  3.082  -17.375 0.0000000000
9953  -50.010  1.116  -20.683 0.0000000000
9954  -48.353  -0.848  -24.415 0.0000000000
9961  -48.075  3.001  -26.970 0.0000000000
9962  -49.557  0.496  -27.102 0.0000000000
9963  -51.856  -1.625  -26.587 0.0000000000
9964  -56.183  -1.752  -26.882 0.0000000000
10572  -59.407  -22.677  -13.963 0.0000000000
10574  -60.791  -20.815  -14.498 0.0000000000
10575  -59.337  -20.443  -15.025 0.0000000000
10953  -49.157  -4.139  -23.763 0.0000000000
10954  -49.677  -5.319  -23.913 0.0000000000
10955  -50.639  -4.701  -24.901 0.0000000000
10956  -52.847  -5.031  -25.393 0.0000000000
10957  -51.772  -3.942  -25.583 0.0000000000
11553  -55.907  3.276  -9.971 0.0000000000
11554  -56.356  2.474  -10.033 0.0000000000
11555  -55.810  2.877  -11.353 0.0000000000
11556  -55.088  2.109  -13.081 0.0000000000
11557  -55.098  3.194  -12.810 0.0000000000
12031  -54.210  -31.129  -11.191 0.0000000000
12032  -55.321  -32.035  -11.182 0.0000000000
12033  -55.767  -30.720  -11.476 0.0000000000
13173  -50.412  -15.110  -11.864 0.0000000000
13177  -49.383  -15.764  -14.276 0.0000000000
13178  -53.430  -6.180  -12.089 0.0000000000
13179  -52.910  -7.482  -12.000 0.0000000000
13180  -52.031  -7.202  -13.512 0.0000000000
13181  -52.370  -11.690  -21.219 0.0000000000
13182  -51.351  -12.272  -20.462 0.0000000000
13183  -52.758  -12.943  -20.468 0.0000000000
13184  -53.190  -14.057  -19.718 0.0000000000
13185  -54.179  -13.455  -20.279 0.0000000000
13186  -55.671  -14.010  -19.884 0.0000000000
13187  -55.216  -12.771  -20.683 0.0000000000
13188  -58.889  -8.779  -25.577 0.0000000000
13189  -59.505  -9.665  -24.513 0.0000000000
13199  -50.286  6.468  -21.423 0.0000000000
13956  -54.506  1.948  -8.422 0.0000000000
14431  -56.435  -26.742  -12.764 0.0000000000
14432  -57.645  -27.395  -12.559 0.0000000000
14433  -58.190  -26.252  -12.918 0.0000000000
14434  -62.196  -23.986  -13.434 0.0000000000
14435  -61.884  -25.148  -13.073 0.0000000000
14436  -63.297  -24.646  -13.310 0.0000000000
14437  -63.983  -25.516  -13.361 0.0000000000
14438  -64.146  -24.334  -13.775 0.0000000000
14439  -64.500  -24.058  -14.488 0.0000000000
14440  -64.115  -23.012  -14.229 0.0000000000
14441  -62.914  -19.296  -15.394 0.0000000000
14442  -63.652  -19.895  -15.391 0.0000000000
14443  -63.234  -18.801  -16.149 0.0000000000
14444  -63.091  -18.496  -17.150 0.0000000000
14445  -62.627  -17.427  -16.876 0.0000000000
15578  -50.262  -5.332  -18.037 0.0000000000
15579  -49.789  -6.560  -18.176 0.0000000000
15580  -49.336  -6.354  -19.792 0.0000000000
15581  -50.820  -7.563  -23.607 0.0000000000
15582  -49.771  -8.088  -22.441 0.0000000000
15583  -51.245  -8.533  -23.045 0.0000000000
15584  -51.660  -9.539  -22.541 0.0000000000
15585  -53.021  -8.847  -23.186 0.0000000000
15586  -54.616  -9.142  -22.993 0.0000000000
15587  -54.335  -8.091  -23.670 0.0000000000
15588  -56.780  -5.197  -25.058 0.0000000000
15589  -56.998  -6.403  -24.500 0.0000000000
15590  -57.852  -5.751  -25.070 0.0000000000
15591  -58.585  -6.548  -25.234 0.0000000000
15592  -58.260  -5.397  -25.910 0.0000000000
17381  -56.412  0.208  -10.848 0.0000000000
17382  -56.943  -0.125  -9.492 0.0000000000
17383  -55.977  -1.196  -11.296 0.0000000000
17384  -55.298  -2.539  -11.618 0.0000000000
17385  -54.402  -2.238  -12.963 0.0000000000
17386  -52.794  -3.335  -14.618 0.0000000000
17387  -53.662  -2.052  -14.403 0.0000000000
17388  -52.926  -0.238  -16.912 0.0000000000
17389  -52.151  -1.630  -17.317 0.0000000000
17390  -51.302  -1.361  -18.635 0.0000000000
17391  -49.798  -2.363  -20.385 0.0000000000
17392  -50.289  -0.948  -20.017 0.0000000000
18819  -59.673  -28.776  -12.219 0.0000000000
18820  -58.795  -30.011  -11.998 0.0000000000
18821  -60.421  -29.701  -12.159 0.0000000000
18844  -59.525  -22.434  -18.529 0.0000000000
18846  -58.809  -23.923  -18.255 0.0000000000
22248  -50.663  -18.675  -15.709 0.0000000000
22252  -53.226  -19.244  -16.078 0.0000000000
22256  -51.934  -10.084  -11.914 0.0000000000
22258  -51.666  -11.301  -12.019 0.0000000000
22259  -51.501  -12.281  -12.165 0.0000000000
22260  -50.626  -12.060  -13.391 0.0000000000
22261  -49.011  -8.933  -18.050 0.0000000000
22262  -49.585  -9.162  -16.446 0.0000000000
22263  -48.796  -10.084  -17.922 0.0000000000
22264  -49.720  -13.079  -18.493 0.0000000000
22265  -49.029  -12.223  -17.467 0.0000000000
22266  -49.273  -13.343  -17.256 0.0000000000
22267  -49.329  -13.465  -15.889 0.0000000000
22268  -49.613  -14.420  -16.965 0.0000000000
22269  -49.840  -15.414  -16.703 0.0000000000
22270  -50.464  -15.196  -17.659 0.0000000000
22271  -54.328  -16.289  -18.491 0.0000000000
22272  -53.313  -16.765  -18.023 0.0000000000
22273  -54.943  -17.423  -17.705 0.0000000000
22274  -55.446  -18.447  -16.853 0.0000000000
22275  -56.567  -17.893  -17.185 0.0000000000
22276  -58.036  -18.313  -16.603 0.0000000000
22277  -57.536  -17.366  -17.568 0.0000000000
22278  -58.663  -14.844  -19.240 0.0000000000
22279  -59.315  -15.840  -18.336 0.0000000000
22280  -60.110  -15.080  -18.826 0.0000000000
22281  -61.465  -15.529  -18.401 0.0000000000
22282  -60.839  -14.591  -19.416 0.0000000000
22283  -57.505  -9.650  -22.373 0.0000000000
22284  -57.690  -11.072  -21.468 0.0000000000
22285  -58.835  -10.153  -21.850 0.0000000000
22287  -60.444  -11.867  -21.698 0.0000000000
22309  -52.521  7.353  -16.523 0.0000000000
22311  -53.188  6.861  -15.034 0.0000000000
22312  -53.639  6.206  -13.701 0.0000000000
22313  -53.680  5.627  -15.081 0.0000000000
22314  -53.854  4.179  -15.524 0.0000000000
22315  -53.120  4.641  -17.000 0.0000000000
22316  -49.753  3.438  -21.660 0.0000000000
22317  -50.683  2.821  -20.325 0.0000000000
22318  -49.133  1.743  -22.150 0.0000000000
22319  -48.537  0.166  -22.558 0.0000000000
22320  -48.209  0.724  -24.104 0.0000000000
22337  -47.821  4.462  -26.466 0.0000000000
22338  -48.442  3.603  -28.314 0.0000000000
22339  -52.529  1.471  -29.014 0.0000000000
22340  -50.571  1.381  -28.340 0.0000000000
22341  -51.697  0.464  -27.873 0.0000000000
22342  -50.506  -0.618  -26.824 0.0000000000
22343  -53.166  -0.419  -27.286 0.0000000000
22344  -54.368  -1.465  -26.725 0.0000000000
22345  -55.096  -0.462  -27.450 0.0000000000
23635  -57.434  -24.300  -13.715 0.0000000000
23636  -58.704  -25.006  -13.306 0.0000000000
23637  -59.146  -23.829  -13.647 0.0000000000
23638  -60.791  -23.329  -13.622 0.0000000000
23639  -62.316  -22.664  -13.837 0.0000000000
23640  -63.327  -21.986  -14.162 0.0000000000
23641  -62.100  -21.240  -14.258 0.0000000000
23642  -62.063  -20.085  -14.860 0.0000000000
24323  -49.088  -4.908  -20.981 0.0000000000
24324  -49.112  -6.085  -21.254 0.0000000000
24325  -49.100  -5.814  -22.649 0.0000000000
24326  -50.203  -6.469  -23.868 0.0000000000
24327  -52.127  -6.911  -24.374 0.0000000000
24328  -54.108  -7.043  -24.375 0.0000000000
24329  -53.625  -6.051  -24.958 0.0000000000
24330  -55.097  -5.039  -25.340 0.0000000000
24331  -56.261  -4.042  -25.617 0.0000000000
25403  -56.354  1.571  -7.752 0.0000000000
25406  -56.523  1.503  -10.377 0.0000000000
25407  -55.809  0.518  -12.191 0.0000000000
25408  -54.530  -0.626  -14.115 0.0000000000
25409  -54.963  0.731  -13.526 0.0000000000
25410  -54.166  0.919  -14.985 0.0000000000
25411  -53.390  1.149  -16.503 0.0000000000
26263  -53.618  -33.863  -10.219 0.0000000000
26264  -54.750  -34.897  -10.166 0.0000000000
26268  -62.855  -28.130  -12.603 0.0000000000
26269  -61.930  -29.448  -12.335 0.0000000000
26281  -62.888  -21.011  -17.394 0.0000000000
26283  -61.597  -20.978  -18.190 0.0000000000
26284  -60.291  -21.005  -19.019 0.0000000000
28326  -49.601  -17.680  -15.136 0.0000000000
28327  -50.294  -17.617  -16.089 0.0000000000
28331  -52.392  -8.810  -11.929 0.0000000000
28332  -51.170  -9.861  -13.341 0.0000000000
28333  -49.566  -10.624  -20.530 0.0000000000
28334  -48.981  -10.943  -19.276 0.0000000000
28335  -49.938  -11.658  -20.131 0.0000000000
28336  -50.430  -12.721  -19.589 0.0000000000
28337  -50.893  -13.918  -18.983 0.0000000000
28338  -51.283  -14.938  -18.484 0.0000000000
28339  -52.271  -14.561  -19.139 0.0000000000
28340  -53.727  -15.193  -19.067 0.0000000000
28341  -55.281  -15.708  -18.937 0.0000000000
28342  -56.784  -16.232  -18.564 0.0000000000
28343  -56.191  -15.149  -19.317 0.0000000000
28344  -57.153  -14.494  -19.570 0.0000000000
28345  -58.204  -13.773  -19.959 0.0000000000
28346  -59.424  -8.389  -23.604 0.0000000000
28347  -59.534  -9.619  -22.617 0.0000000000
28348  -59.832  -9.440  -23.538 0.0000000000
28349  -59.899  -10.731  -23.510 0.0000000000
28363  -51.753  8.046  -18.031 0.0000000000
28364  -52.124  6.768  -18.160 0.0000000000
28365  -52.282  5.258  -18.474 0.0000000000
28366  -51.325  5.917  -19.910 0.0000000000
28367  -50.078  4.988  -21.472 0.0000000000
28368  -48.845  3.886  -23.308 0.0000000000
28379  -49.891  3.330  -29.539 0.0000000000
28381  -52.788  2.098  -30.184 0.0000000000
29523  -55.478  2.979  -8.930 0.0000000000
29524  -55.173  3.910  -9.912 0.0000000000
30187  -55.255  -28.831  -11.983 0.0000000000
30188  -56.279  -29.552  -11.823 0.0000000000
30189  -56.996  -28.454  -12.210 0.0000000000
30190  -58.809  -28.006  -12.463 0.0000000000
30191  -60.661  -27.533  -12.560 0.0000000000
30192  -60.127  -25.633  -13.038 0.0000000000
30193  -61.423  -26.315  -12.820 0.0000000000
30194  -62.339  -27.150  -12.724 0.0000000000
30195  -63.571  -26.842  -12.955 0.0000000000
30201  -64.131  -22.369  -15.723 0.0000000000
30202  -63.987  -21.439  -14.715 0.0000000000
30203  -64.130  -20.962  -15.480 0.0000000000
30204  -63.793  -20.899  -16.462 0.0000000000
30205  -63.103  -19.606  -17.396 0.0000000000
30206  -62.583  -18.346  -18.268 0.0000000000
30207  -62.165  -17.219  -19.286 0.0000000000
31792  -50.916  -14.141  -12.033 0.0000000000
31793  -51.626  -5.565  -15.004 0.0000000000
31794  -51.156  -6.892  -15.068 0.0000000000
31795  -50.430  -6.666  -16.631 0.0000000000
31796  -49.376  -7.738  -18.164 0.0000000000
31797  -48.906  -8.736  -19.613 0.0000000000
31798  -49.079  -7.332  -21.283 0.0000000000
31799  -49.146  -8.502  -21.084 0.0000000000
31800  -49.350  -9.591  -20.847 0.0000000000
31801  -50.455  -10.207  -21.656 0.0000000000
31802  -52.037  -10.639  -21.981 0.0000000000
31803  -53.591  -11.041  -21.800 0.0000000000
31804  -54.980  -11.414  -21.581 0.0000000000
31805  -54.821  -10.228  -22.333 0.0000000000
31806  -56.049  -9.345  -22.840 0.0000000000
31807  -57.378  -8.418  -23.173 0.0000000000
31808  -55.751  -7.259  -24.109 0.0000000000
31809  -57.217  -7.419  -23.830 0.0000000000
31810  -58.508  -7.674  -23.652 0.0000000000
31811  -59.040  -7.412  -24.461 0.0000000000
31812  -58.954  -7.618  -25.484 0.0000000000
31813  -58.296  -7.992  -26.446 0.0000000000
32653  -52.539  -32.797  -10.328 0.0000000000
32654  -52.804  -31.578  -10.895 0.0000000000
32655  -53.212  -30.359  -11.386 0.0000000000
32663  -52.190  -29.605  -11.414 0.0000000000
32664  -53.675  -29.262  -11.720 0.0000000000
32665  -54.305  -28.171  -12.003 0.0000000000
34107  -54.926  -5.111  -10.671 0.0000000000
34108  -53.976  -4.909  -11.984 0.0000000000
34115  -56.067  -2.813  -10.276 0.0000000000
34116  -54.474  -3.793  -11.818 0.0000000000
34117  -53.054  -4.636  -13.310 0.0000000000
34118  -52.214  -4.411  -14.816 0.0000000000
34119  -51.434  -4.325  -16.398 0.0000000000
34120  -50.823  -4.237  -17.835 0.0000000000
34121  -52.941  -1.839  -15.882 0.0000000000
34122  -51.341  -3.038  -17.625 0.0000000000
34123  -50.014  -4.014  -19.336 0.0000000000
34124  -49.350  -3.675  -20.753 0.0000000000
34125  -48.843  -3.289  -22.089 0.0000000000
34126  -48.778  -2.876  -23.435 0.0000000000
35881  -57.280  -30.348  -11.785 0.0000000000
40016  -55.165  -20.766  -14.823 0.0000000000
40017  -56.428  -20.394  -15.198 0.0000000000
40025  -51.247  -13.155  -12.104 0.0000000000
40026  -50.236  -13.851  -13.295 0.0000000000
40027  -50.776  -8.206  -15.038 0.0000000000
40028  -50.334  -9.508  -14.850 0.0000000000
40029  -49.989  -10.658  -14.689 0.0000000000
40030  -48.805  -11.183  -17.755 0.0000000000
40031  -49.160  -11.429  -16.159 0.0000000000
40032  -49.780  -11.776  -14.734 0.0000000000
40033  -49.747  -12.702  -14.613 0.0000000000
40034  -49.657  -13.629  -14.585 0.0000000000
40035  -49.528  -14.641  -14.473 0.0000000000
40036  -49.459  -15.575  -15.585 0.0000000000
40037  -50.067  -16.512  -16.407 0.0000000000
40038  -51.218  -17.450  -16.900 0.0000000000
40039  -51.772  -16.024  -18.014 0.0000000000
40040  -52.207  -17.124  -17.507 0.0000000000
40041  -52.797  -18.309  -16.915 0.0000000000
40042  -54.332  -18.892  -16.503 0.0000000000
40043  -55.946  -19.407  -15.980 0.0000000000
40045  -58.784  -19.392  -15.774 0.0000000000
40046  -59.828  -18.609  -16.019 0.0000000000
40047  -60.776  -17.795  -16.269 0.0000000000
40048  -58.452  -16.595  -17.996 0.0000000000
40049  -60.101  -16.779  -17.316 0.0000000000
40050  -61.570  -16.938  -16.759 0.0000000000
40051  -62.119  -16.293  -17.482 0.0000000000
40052  -62.230  -16.192  -18.626 0.0000000000
40054  -56.468  -11.944  -21.105 0.0000000000
40055  -57.940  -12.487  -20.684 0.0000000000
40056  -59.228  -12.956  -20.333 0.0000000000
40057  -59.754  -10.817  -21.651 0.0000000000
40058  -60.032  -12.232  -20.796 0.0000000000
40059  -60.356  -13.482  -20.143 0.0000000000
40060  -61.338  -14.347  -20.235 0.0000000000
40079  -53.999  4.167  -10.113 0.0000000000
40080  -54.610  4.742  -11.050 0.0000000000
40088  -54.049  5.500  -12.390 0.0000000000
40089  -54.738  4.483  -12.590 0.0000000000
40090  -54.413  3.663  -14.208 0.0000000000
40091  -53.743  2.597  -15.982 0.0000000000
40092  -52.662  1.535  -17.835 0.0000000000
40093  -52.100  3.638  -18.591 0.0000000000
40094  -51.682  2.129  -19.039 0.0000000000
40095  -50.982  0.558  -19.485 0.0000000000
40096  -49.363  -0.368  -21.145 0.0000000000
40097  -48.463  -1.376  -23.116 0.0000000000
40098  -48.980  -2.267  -24.732 0.0000000000
40118  -48.223  4.130  -24.885 0.0000000000
40119  -48.058  2.622  -25.346 0.0000000000
40120  -49.521  2.478  -28.559 0.0000000000
40121  -48.686  1.703  -27.241 0.0000000000
40122  -48.209  1.205  -25.664 0.0000000000
40123  -48.750  -0.266  -25.793 0.0000000000
40124  -49.538  -1.474  -25.843 0.0000000000
40125  -50.683  -2.706  -25.728 0.0000000000
40126  -53.149  -2.728  -26.183 0.0000000000
40127  -55.478  -2.703  -26.193 0.0000000000
40128  -57.081  -3.109  -26.261 0.0000000000
40130  -57.159  -2.652  -27.284 0.0000000000
40131  -57.755  -4.008  -26.645 0.0000000000
40132  -57.871  -5.348  -27.102 0.0000000000
40133  -57.497  -6.968  -27.421 0.0000000000
41295  -58.771  -20.677  -14.845 0.0000000000
41673  -49.448  -3.919  -24.335 0.0000000000
41674  -49.753  -4.488  -24.394 0.0000000000
41675  -50.200  -4.184  -24.835 0.0000000000
41676  -51.179  -4.335  -25.261 0.0000000000
41677  -50.681  -3.828  -25.246 0.0000000000
42273  -55.661  3.639  -10.618 0.0000000000
42274  -55.926  3.144  -10.676 0.0000000000
42275  -55.640  3.396  -11.335 0.0000000000
42276  -55.489  3.040  -12.020 0.0000000000
42277  -55.313  3.589  -12.045 0.0000000000
42751  -54.511  -30.540  -11.438 0.0000000000
42752  -54.993  -30.935  -11.350 0.0000000000
42753  -55.287  -30.342  -11.558 0.0000000000
43893  -50.132  -14.978  -12.497 0.0000000000
43895  -49.691  -15.364  -13.094 0.0000000000
43896  -49.429  -15.824  -13.647 0.0000000000
43897  -49.559  -15.259  -13.751 0.0000000000
43898  -52.970  -6.026  -12.766 0.0000000000
43899  -52.648  -6.702  -12.858 0.0000000000
43900  -52.197  -6.561  -13.569 0.0000000000
43901  -53.102  -11.987  -21.162 0.0000000000
43902  -52.590  -12.305  -20.834 0.0000000000
43903  -53.266  -12.622  -20.799 0.0000000000
43904  -53.430  -13.223  -20.426 0.0000000000
43905  -53.992  -12.881  -20.650 0.0000000000
43906  -54.690  -13.137  -20.480 0.0000000000
43907  -54.519  -12.490  -20.889 0.0000000000
45151  -56.735  -26.193  -12.995 0.0000000000
45152  -57.315  -26.510  -12.863 0.0000000000
45153  -57.602  -25.944  -13.072 0.0000000000
45154  -62.888  -23.737  -13.584 0.0000000000
45155  -62.845  -24.322  -13.355 0.0000000000
45156  -63.444  -24.107  -13.515 0.0000000000
45157  -63.840  -24.458  -13.481 0.0000000000
45158  -63.850  -23.901  -13.758 0.0000000000
45159  -64.138  -23.720  -14.033 0.0000000000
45160  -63.843  -23.217  -14.001 0.0000000000
45161  -62.638  -18.690  -15.732 0.0000000000
45162  -63.135  -18.996  -15.733 0.0000000000
45163  -62.849  -18.387  -16.081 0.0000000000
45164  -62.956  -18.191  -16.472 0.0000000000
45165  -62.500  -17.695  -16.420 0.0000000000
46298  -49.928  -5.290  -18.799 0.0000000000
46299  -49.736  -5.863  -18.925 0.0000000000
46300  -49.456  -5.766  -19.724 0.0000000000
46301  -51.699  -7.752  -23.738 0.0000000000
46302  -51.018  -8.088  -23.329 0.0000000000
46303  -51.920  -8.209  -23.447 0.0000000000
46304  -52.116  -8.698  -23.155 0.0000000000
46305  -52.840  -8.342  -23.501 0.0000000000
46306  -53.672  -8.475  -23.435 0.0000000000
46307  -53.492  -7.956  -23.770 0.0000000000
46308  -57.310  -4.774  -25.210 0.0000000000
46309  -57.429  -5.412  -24.985 0.0000000000
46310  -57.776  -5.104  -25.331 0.0000000000
46311  -58.141  -5.521  -25.464 0.0000000000
46312  -58.004  -4.865  -25.708 0.0000000000
48101  -55.917  -0.349  -11.767 0.0000000000
48103  -55.606  -1.053  -12.027 0.0000000000
48104  -55.230  -1.776  -12.186 0.0000000000
48105  -54.834  -1.609  -12.873 0.0000000000
48106  -54.033  -2.124  -13.620 0.0000000000
48107  -54.487  -1.441  -13.491 0.0000000000
48108  -52.482  -0.104  -17.572 0.0000000000
48109  -52.110  -0.811  -17.779 0.0000000000
48110  -51.639  -0.669  -18.403 0.0000000000
48111  -50.780  -1.163  -19.343 0.0000000000
48112  -51.147  -0.463  -19.075 0.0000000000
49539  -60.529  -28.569  -12.330 0.0000000000
49540  -60.071  -29.239  -12.168 0.0000000000
49541  -60.897  -29.044  -12.274 0.0000000000
49565  -59.180  -23.192  -18.345 0.0000000000
49566  -58.498  -23.170  -18.592 0.0000000000
49567  -58.091  -23.907  -18.489 0.0000000000
52968  -51.130  -18.622  -16.038 0.0000000000
52969  -51.361  -19.111  -15.786 0.0000000000
52970  -51.916  -19.050  -16.048 0.0000000000
52971  -52.671  -19.380  -15.899 0.0000000000
52972  -52.454  -18.955  -16.274 0.0000000000
52976  -51.393  -10.636  -12.689 0.0000000000
52977  -51.755  -10.729  -11.952 0.0000000000
52978  -51.209  -11.208  -12.731 0.0000000000
52979  -51.134  -11.707  -12.745 0.0000000000
52980  -50.680  -11.592  -13.384 0.0000000000
52981  -48.783  -9.398  -18.758 0.0000000000
52982  -48.850  -9.528  -17.963 0.0000000000
52983  -48.771  -9.961  -18.687 0.0000000000
52984  -49.953  -13.674  -18.291 0.0000000000
52985  -49.463  -13.234  -17.902 0.0000000000
52986  -49.700  -13.784  -17.715 0.0000000000
52987  -49.509  -13.864  -17.108 0.0000000000
52988  -49.831  -14.324  -17.539 0.0000000000
52989  -49.975  -14.823  -17.376 0.0000000000
52990  -50.283  -14.671  -17.865 0.0000000000
52991  -55.111  -16.605  -18.353 0.0000000000
52992  -54.647  -16.881  -18.082 0.0000000000
52993  -55.421  -17.152  -17.925 0.0000000000
52994  -55.743  -17.666  -17.468 0.0000000000
52995  -56.243  -17.382  -17.659 0.0000000000
52996  -57.056  -17.645  -17.368 0.0000000000
52997  -56.721  -17.140  -17.872 0.0000000000
52998  -59.096  -14.477  -19.412 0.0000000000
52999  -59.376  -15.012  -19.006 0.0000000000
53000  -59.822  -14.641  -19.248 0.0000000000
53001  -60.485  -14.788  -19.093 0.0000000000
53002  -60.231  -14.316  -19.522 0.0000000000
53003  -58.187  -9.178  -22.523 0.0000000000
53004  -58.240  -9.889  -22.067 0.0000000000
53005  -58.780  -9.471  -22.327 0.0000000000
53029  -52.797  6.841  -16.526 0.0000000000
53030  -52.871  7.090  -15.769 0.0000000000
53031  -53.197  6.550  -15.706 0.0000000000
53032  -53.448  6.290  -15.024 0.0000000000
53033  -53.404  5.953  -15.755 0.0000000000
53034  -53.444  5.147  -16.033 0.0000000000
53035  -53.109  5.462  -16.745 0.0000000000
53036  -49.072  2.866  -22.642 0.0000000000
53037  -49.463  2.589  -21.917 0.0000000000
53038  -48.767  2.042  -22.832 0.0000000000
53039  -48.480  1.215  -23.117 0.0000000000
53040  -48.315  1.477  -23.872 0.0000000000
53059  -53.232  1.028  -28.650 0.0000000000
53060  -52.180  1.013  -28.398 0.0000000000
53061  -52.870  0.560  -28.069 0.0000000000
53062  -52.381  0.006  -27.532 0.0000000000
53063  -53.597  0.148  -27.724 0.0000000000
53064  -54.256  -0.367  -27.380 0.0000000000
53065  -54.621  0.188  -27.898 0.0000000000
54751  -57.622  -23.707  -13.889 0.0000000000
54752  -58.282  -24.066  -13.720 0.0000000000
54753  -58.482  -23.481  -13.858 0.0000000000
54754  -60.150  -22.390  -13.953 0.0000000000
54755  -60.132  -22.989  -13.761 0.0000000000
54756  -60.877  -22.709  -13.783 0.0000000000
54757  -61.566  -23.011  -13.673 0.0000000000
54758  -61.577  -22.340  -13.870 0.0000000000
54759  -62.192  -21.954  -14.010 0.0000000000
54760  -61.500  -21.649  -14.057 0.0000000000
54761  -60.679  -20.276  -14.919 0.0000000000
54762  -61.453  -20.488  -14.673 0.0000000000
54763  -61.341  -19.880  -15.117 0.0000000000
54764  -61.957  -19.455  -15.304 0.0000000000
54765  -61.071  -19.273  -15.440 0.0000000000
55898  -48.951  -4.745  -21.697 0.0000000000
55899  -48.987  -5.354  -21.823 0.0000000000
55900  -48.968  -5.203  -22.556 0.0000000000
55901  -50.410  -5.586  -24.408 0.0000000000
55902  -49.946  -5.895  -23.871 0.0000000000
55903  -50.769  -6.163  -24.348 0.0000000000
55904  -51.113  -6.731  -24.213 0.0000000000
55905  -51.808  -6.383  -24.595 0.0000000000
55906  -52.863  -6.492  -24.690 0.0000000000
55907  -52.533  -6.029  -24.937 0.0000000000
55908  -53.553  -4.513  -25.590 0.0000000000
55909  -54.014  -5.063  -25.397 0.0000000000
55910  -54.716  -4.519  -25.567 0.0000000000
55911  -55.690  -4.519  -25.460 0.0000000000
55912  -55.328  -3.959  -25.723 0.0000000000
57701  -56.219  2.226  -10.805 0.0000000000
57702  -56.447  2.031  -10.173 0.0000000000
57703  -56.256  1.682  -11.022 0.0000000000
57704  -56.236  1.086  -11.243 0.0000000000
57705  -55.867  1.209  -11.882 0.0000000000
57706  -55.390  0.590  -12.887 0.0000000000
57707  -55.468  1.324  -12.534 0.0000000000
57708  -54.730  2.207  -13.789 0.0000000000
57709  -54.640  1.575  -13.968 0.0000000000
57710  -54.255  1.675  -14.729 0.0000000000
57711  -53.756  1.039  -15.764 0.0000000000
57712  -53.874  1.716  -15.576 0.0000000000
59131  -53.784  -33.132  -10.503 0.0000000000
59132  -54.288  -33.679  -10.467 0.0000000000
59134  -56.005  -31.822  -11.403 0.0000000000
59135  -55.872  -32.578  -11.236 0.0000000000
59136  -56.576  -32.406  -11.486 0.0000000000
59139  -63.448  -28.028  -12.756 0.0000000000
59162  -62.249  -20.981  -17.795 0.0000000000
59163  -61.913  -20.332  -18.329 0.0000000000
59166  -60.055  -20.399  -19.696 0.0000000000
59167  -59.626  -21.025  -19.426 0.0000000000
62568  -49.278  -16.679  -14.791 0.0000000000
62570  -49.503  -17.173  -15.260 0.0000000000
62571  -49.922  -17.650  -15.638 0.0000000000
62572  -49.803  -17.119  -15.803 0.0000000000
62576  -52.221  -8.002  -12.779 0.0000000000
62577  -52.650  -8.123  -12.000 0.0000000000
62578  -52.002  -8.701  -12.673 0.0000000000
62579  -51.766  -9.335  -12.655 0.0000000000
62580  -51.373  -9.220  -13.354 0.0000000000
62581  -50.143  -10.949  -20.899 0.0000000000
62582  -49.724  -11.138  -20.343 0.0000000000
62583  -50.365  -11.437  -20.689 0.0000000000
62584  -51.576  -12.871  -20.134 0.0000000000
62585  -50.877  -12.497  -20.052 0.0000000000
62586  -51.105  -13.114  -19.714 0.0000000000
62587  -50.677  -13.331  -19.265 0.0000000000
62588  -51.335  -13.736  -19.353 0.0000000000
62589  -51.563  -14.289  -19.085 0.0000000000
62590  -52.027  -14.052  -19.447 0.0000000000
62591  -53.894  -14.317  -19.644 0.0000000000
62592  -53.464  -14.635  -19.386 0.0000000000
62593  -54.184  -14.891  -19.317 0.0000000000
62594  -54.478  -15.449  -19.043 0.0000000000
62595  -54.951  -15.133  -19.256 0.0000000000
62596  -55.735  -15.423  -19.136 0.0000000000
62597  -55.423  -14.887  -19.437 0.0000000000
62598  -56.220  -13.650  -20.048 0.0000000000
62599  -56.461  -14.302  -19.722 0.0000000000
62600  -56.971  -13.900  -19.887 0.0000000000
62601  -57.672  -14.139  -19.712 0.0000000000
62602  -57.536  -13.518  -20.075 0.0000000000
62603  -59.508  -8.368  -24.053 0.0000000000
62604  -59.613  -8.875  -23.586 0.0000000000
62605  -59.644  -8.919  -24.061 0.0000000000
62607  -59.702  -10.179  -23.989 0.0000000000
62629  -51.188  8.062  -19.570 0.0000000000
62631  -51.576  7.760  -18.793 0.0000000000
62632  -52.042  7.446  -18.019 0.0000000000
62633  -51.723  7.035  -18.909 0.0000000000
62634  -51.778  6.342  -19.053 0.0000000000
62635  -51.340  6.608  -19.776 0.0000000000
62636  -49.741  5.960  -22.258 0.0000000000
62637  -50.233  5.705  -21.452 0.0000000000
62638  -49.604  5.215  -22.307 0.0000000000
62639  -49.468  4.472  -22.279 0.0000000000
62640  -49.125  4.730  -23.024 0.0000000000
64906  -55.572  1.383  -7.531 0.0000000000
64908  -54.452  2.530  -8.829 0.0000000000
64909  -55.018  2.566  -8.648 0.0000000000
64910  -54.938  3.083  -9.046 0.0000000000
64911  -55.331  3.427  -9.382 0.0000000000
64912  -54.836  3.631  -9.483 0.0000000000
66331  -55.551  -28.304  -12.104 0.0000000000
66332  -56.087  -28.663  -12.055 0.0000000000
66333  -56.448  -28.139  -12.230 0.0000000000
66334  -58.559  -27.132  -12.665 0.0000000000
66335  -58.202  -27.715  -12.511 0.0000000000
66336  -59.194  -27.409  -12.618 0.0000000000
66337  -59.747  -27.727  -12.543 0.0000000000
66338  -60.125  -27.163  -12.673 0.0000000000
66339  -59.646  -24.771  -13.289 0.0000000000
66340  -59.330  -25.378  -13.120 0.0000000000
66341  -60.252  -25.100  -13.112 0.0000000000
66342  -62.502  -25.443  -13.014 0.0000000000
66343  -61.671  -25.733  -12.942 0.0000000000
66344  -62.276  -26.061  -12.863 0.0000000000
66345  -61.908  -26.716  -12.769 0.0000000000
66346  -62.681  -26.477  -12.859 0.0000000000
66347  -63.037  -27.002  -12.800 0.0000000000
66348  -63.327  -26.308  -12.989 0.0000000000
66349  -64.307  -25.396  -13.637 0.0000000000
66350  -64.192  -26.027  -13.401 0.0000000000
66351  -64.422  -25.927  -13.752 0.0000000000
66356  -64.444  -23.404  -14.696 0.0000000000
66360  -64.328  -22.463  -15.329 0.0000000000
66361  -63.196  -21.194  -14.431 0.0000000000
66362  -63.767  -21.663  -14.390 0.0000000000
66363  -63.574  -20.887  -14.717 0.0000000000
66364  -63.731  -19.678  -15.815 0.0000000000
66365  -64.003  -20.378  -15.487 0.0000000000
66366  -63.951  -20.280  -15.939 0.0000000000
66367  -64.037  -20.861  -15.966 0.0000000000
66368  -63.776  -20.252  -16.396 0.0000000000
66369  -63.497  -20.300  -16.862 0.0000000000
66370  -63.456  -19.611  -16.872 0.0000000000
66371  -62.855  -17.800  -17.569 0.0000000000
66372  -62.898  -18.394  -17.680 0.0000000000
66373  -62.629  -17.709  -18.133 0.0000000000
66374  -62.301  -17.775  -18.774 0.0000000000
66375  -62.418  -17.172  -18.602 0.0000000000
69768  -52.565  -13.383  -10.270 0.0000000000
69772  -51.520  -13.773  -11.484 0.0000000000
69773  -51.247  -5.497  -15.733 0.0000000000
69774  -50.983  -6.107  -15.801 0.0000000000
69775  -50.621  -6.038  -16.558 0.0000000000
69776  -49.360  -7.077  -18.955 0.0000000000
69777  -49.581  -7.152  -18.188 0.0000000000
69778  -49.187  -7.649  -18.933 0.0000000000
69779  -49.033  -8.223  -18.877 0.0000000000
69780  -48.976  -8.149  -19.609 0.0000000000
69781  -49.154  -6.534  -22.034 0.0000000000
69782  -49.120  -6.703  -21.325 0.0000000000
69783  -49.160  -7.164  -22.002 0.0000000000
69784  -49.946  -8.604  -22.245 0.0000000000
69785  -49.401  -8.311  -21.766 0.0000000000
69786  -49.546  -8.855  -21.624 0.0000000000
69787  -49.219  -9.068  -20.976 0.0000000000
69788  -49.714  -9.395  -21.465 0.0000000000
69789  -49.851  -9.908  -21.298 0.0000000000
69790  -50.315  -9.686  -21.851 0.0000000000
69791  -52.466  -9.734  -22.643 0.0000000000
69792  -51.817  -10.092  -22.291 0.0000000000
69793  -52.659  -10.285  -22.270 0.0000000000
69794  -52.782  -10.843  -21.886 0.0000000000
69795  -53.440  -10.468  -22.158 0.0000000000
69796  -54.186  -10.656  -22.052 0.0000000000
69797  -54.057  -10.085  -22.418 0.0000000000
69798  -55.271  -8.709  -23.231 0.0000000000
69799  -55.342  -9.225  -22.899 0.0000000000
69800  -55.972  -8.769  -23.122 0.0000000000
69801  -56.713  -8.868  -22.998 0.0000000000
69802  -56.695  -8.329  -23.338 0.0000000000
69803  -54.856  -6.619  -24.606 0.0000000000
69804  -54.961  -7.165  -24.246 0.0000000000
69805  -55.649  -6.712  -24.462 0.0000000000
69806  -57.622  -6.592  -24.443 0.0000000000
69807  -57.093  -6.964  -24.167 0.0000000000
69808  -57.761  -7.056  -24.085 0.0000000000
69809  -57.879  -7.483  -23.745 0.0000000000
69810  -58.362  -7.165  -24.029 0.0000000000
69811  -58.846  -7.496  -24.014 0.0000000000
69812  -58.660  -7.046  -24.435 0.0000000000
69813  -58.568  -6.568  -25.716 0.0000000000
69814  -58.843  -7.041  -25.349 0.0000000000
69815  -58.678  -7.167  -25.850 0.0000000000
69816  -58.693  -7.784  -25.981 0.0000000000
69817  -58.363  -7.338  -26.351 0.0000000000
71724  -52.386  -33.468  -10.075 0.0000000000
71726  -51.514  -31.360  -10.703 0.0000000000
71727  -52.077  -31.814  -10.666 0.0000000000
71728  -52.239  -31.162  -10.931 0.0000000000
71729  -52.987  -30.959  -11.126 0.0000000000
71730  -52.470  -30.565  -11.197 0.0000000000
71751  -52.444  -29.074  -11.571 0.0000000000
71752  -52.920  -29.427  -11.581 0.0000000000
71753  -53.195  -28.889  -11.726 0.0000000000
71754  -53.949  -28.698  -11.831 0.0000000000
71755  -53.537  -28.369  -11.885 0.0000000000
71757  -54.095  -27.369  -12.409 0.0000000000
71775  -56.159  -21.579  -14.658 0.0000000000
75170  -55.188  -4.548  -10.517 0.0000000000
75171  -54.442  -5.022  -11.351 0.0000000000
75172  -54.686  -4.491  -11.199 0.0000000000
75190  -56.366  -2.214  -10.155 0.0000000000
75191  -54.467  -3.015  -12.345 0.0000000000
75192  -54.882  -3.165  -11.673 0.0000000000
75193  -54.065  -3.654  -12.464 0.0000000000
75194  -53.776  -4.202  -12.535 0.0000000000
75195  -53.326  -4.091  -13.247 0.0000000000
75196  -52.624  -4.521  -14.032 0.0000000000
75197  -52.903  -3.978  -14.014 0.0000000000
75198  -52.397  -3.242  -15.399 0.0000000000
75199  -52.073  -3.797  -15.528 0.0000000000
75200  -51.743  -3.744  -16.265 0.0000000000
75201  -51.124  -4.302  -17.125 0.0000000000
75202  -51.417  -3.697  -17.004 0.0000000000
75203  -54.167  -0.496  -14.818 0.0000000000
75204  -53.750  -1.286  -15.046 0.0000000000
75205  -53.391  -1.131  -15.763 0.0000000000
75206  -51.392  -2.197  -18.149 0.0000000000
75207  -51.746  -2.368  -17.463 0.0000000000
75208  -50.999  -2.911  -18.358 0.0000000000
75209  -50.678  -3.555  -18.490 0.0000000000
75210  -50.313  -3.375  -19.192 0.0000000000
75211  -49.663  -3.857  -20.036 0.0000000000
75212  -49.962  -3.166  -19.864 0.0000000000
75213  -49.399  -2.148  -21.048 0.0000000000
75214  -49.231  -2.829  -21.219 0.0000000000
75215  -48.960  -2.618  -21.884 0.0000000000
75216  -48.720  -3.041  -22.750 0.0000000000
75217  -48.690  -2.430  -22.581 0.0000000000
79494  -57.103  -29.366  -11.919 0.0000000000
79495  -56.796  -29.912  -11.763 0.0000000000
79496  -57.581  -29.761  -11.863 0.0000000000
79498  -58.488  -30.629  -11.998 0.0000000000
79502  -62.183  -29.997  -12.303 0.0000000000
79571  -61.214  -23.175  -17.611 0.0000000000
89795  -54.985  -20.281  -15.138 0.0000000000
89796  -55.825  -20.566  -15.018 0.0000000000
89797  -55.607  -20.121  -15.326 0.0000000000
89816  -50.959  -12.638  -12.775 0.0000000000
89817  -51.376  -12.731  -12.146 0.0000000000
89818  -50.838  -13.042  -12.714 0.0000000000
89819  -50.714  -13.488  -12.718 0.0000000000
89820  -50.336  -13.385  -13.335 0.0000000000
89821  -50.574  -7.421  -15.887 0.0000000000
89822  -50.967  -7.549  -15.108 0.0000000000
89823  -50.371  -8.080  -15.868 0.0000000000
89824  -49.410  -9.789  -16.352 0.0000000000
89825  -49.948  -9.358  -15.629 0.0000000000
89826  -49.735  -9.938  -15.578 0.0000000000
89827  -50.159  -10.107  -14.747 0.0000000000
89828  -49.612  -10.504  -15.470 0.0000000000
89829  -49.107  -11.445  -19.113 0.0000000000
89830  -48.824  -11.064  -18.543 0.0000000000
89831  -48.948  -11.571  -18.352 0.0000000000
89832  -49.088  -12.344  -16.727 0.0000000000
89833  -48.988  -11.830  -16.837 0.0000000000
89834  -49.166  -11.955  -16.083 0.0000000000
89835  -49.462  -11.592  -15.421 0.0000000000
89836  -49.448  -12.104  -15.370 0.0000000000
89837  -49.779  -12.251  -14.663 0.0000000000
89838  -49.457  -12.593  -15.285 0.0000000000
89839  -49.374  -13.991  -15.836 0.0000000000
89840  -49.453  -13.546  -15.241 0.0000000000
89841  -49.450  -14.058  -15.196 0.0000000000
89842  -49.599  -14.141  -14.542 0.0000000000
89843  -49.434  -14.558  -15.116 0.0000000000
89844  -49.399  -15.085  -15.032 0.0000000000
89845  -49.435  -15.017  -15.634 0.0000000000
89846  -50.300  -15.846  -17.054 0.0000000000
89847  -49.960  -15.948  -16.557 0.0000000000
89848  -50.450  -16.419  -16.860 0.0000000000
89849  -50.592  -17.006  -16.682 0.0000000000
89850  -51.040  -16.899  -17.076 0.0000000000
89851  -52.041  -15.315  -18.548 0.0000000000
89852  -51.543  -15.496  -18.225 0.0000000000
89853  -52.241  -15.855  -18.324 0.0000000000
89854  -53.558  -17.351  -17.661 0.0000000000
89855  -52.723  -16.940  -17.756 0.0000000000
89856  -53.020  -17.562  -17.430 0.0000000000
89857  -52.502  -17.791  -17.214 0.0000000000
89858  -53.328  -18.137  -17.115 0.0000000000
89859  -53.541  -18.620  -16.741 0.0000000000
89860  -54.083  -18.421  -16.933 0.0000000000
89861  -56.258  -18.662  -16.610 0.0000000000
89862  -55.710  -18.921  -16.430 0.0000000000
89863  -56.480  -19.171  -16.173 0.0000000000
89864  -56.776  -19.697  -15.749 0.0000000000
89865  -57.322  -19.402  -15.910 0.0000000000
89867  -57.872  -19.137  -16.041 0.0000000000
89868  -58.579  -17.975  -16.746 0.0000000000
89869  -58.896  -18.467  -16.295 0.0000000000
89870  -59.477  -18.107  -16.417 0.0000000000
89871  -60.317  -18.196  -16.139 0.0000000000
89872  -59.989  -17.702  -16.568 0.0000000000
89873  -57.245  -15.888  -18.756 0.0000000000
89874  -57.609  -16.437  -18.287 0.0000000000
89875  -58.100  -16.095  -18.482 0.0000000000
89876  -60.106  -15.871  -18.051 0.0000000000
89877  -59.713  -16.236  -17.851 0.0000000000
89878  -60.504  -16.363  -17.491 0.0000000000
89879  -60.779  -16.843  -16.953 0.0000000000
89880  -61.185  -16.474  -17.210 0.0000000000
89881  -61.884  -16.570  -17.110 0.0000000000
89882  -61.520  -16.141  -17.524 0.0000000000
89883  -61.724  -15.384  -18.864 0.0000000000
89884  -61.989  -15.791  -18.400 0.0000000000
89885  -62.088  -15.810  -19.004 0.0000000000
89886  -62.195  -16.318  -19.295 0.0000000000
89887  -62.083  -15.876  -19.664 0.0000000000
89888  -55.572  -10.994  -21.853 0.0000000000
89889  -55.662  -11.692  -21.376 0.0000000000
89890  -56.309  -11.272  -21.615 0.0000000000
89891  -58.359  -11.313  -21.265 0.0000000000
89892  -57.802  -11.755  -21.074 0.0000000000
89893  -58.452  -12.026  -20.856 0.0000000000
89894  -58.615  -12.724  -20.456 0.0000000000
89895  -59.074  -12.273  -20.653 0.0000000000
89896  -59.844  -10.066  -22.588 0.0000000000
89897  -59.644  -10.205  -22.144 0.0000000000
89898  -59.967  -10.694  -22.090 0.0000000000
89899  -60.681  -12.504  -21.286 0.0000000000
89900  -60.282  -12.011  -21.209 0.0000000000
89901  -60.479  -12.680  -20.826 0.0000000000
89902  -60.166  -12.898  -20.478 0.0000000000
89903  -60.691  -13.289  -20.470 0.0000000000
89904  -60.911  -13.900  -20.134 0.0000000000
89905  -61.098  -13.768  -20.583 0.0000000000
89949  -52.505  1.578  -9.615 0.0000000000
89953  -53.791  4.648  -10.623 0.0000000000
89954  -54.352  4.568  -10.539 0.0000000000
89955  -54.088  5.004  -11.082 0.0000000000
89974  -53.948  5.682  -13.703 0.0000000000
89975  -53.848  5.864  -13.030 0.0000000000
89976  -54.165  5.399  -13.054 0.0000000000
89977  -54.418  5.052  -12.455 0.0000000000
89978  -54.426  4.781  -13.274 0.0000000000
89979  -54.613  4.133  -13.261 0.0000000000
89980  -54.344  4.379  -14.031 0.0000000000
89981  -53.514  3.609  -16.464 0.0000000000
89982  -53.801  3.419  -15.748 0.0000000000
89983  -53.450  2.837  -16.710 0.0000000000
89984  -53.306  2.051  -16.959 0.0000000000
89985  -52.964  2.284  -17.626 0.0000000000
89986  -51.752  4.816  -19.298 0.0000000000
89987  -52.200  4.447  -18.531 0.0000000000
89988  -51.613  4.025  -19.307 0.0000000000
89989  -50.335  1.936  -20.537 0.0000000000
89990  -51.192  2.468  -19.677 0.0000000000
89991  -50.816  1.603  -19.875 0.0000000000
89992  -51.308  1.319  -19.254 0.0000000000
89993  -50.460  0.832  -20.091 0.0000000000
89994  -50.127  0.047  -20.344 0.0000000000
89995  -49.620  0.369  -20.966 0.0000000000
89996  -48.259  -0.364  -23.578 0.0000000000
89997  -48.447  -0.573  -22.822 0.0000000000
89998  -48.360  -1.140  -23.753 0.0000000000
89999  -48.584  -1.828  -23.929 0.0000000000
90000  -48.627  -1.547  -24.575 0.0000000000
90049  -47.887  3.685  -26.779 0.0000000000
90050  -47.989  4.265  -25.690 0.0000000000
90051  -47.905  3.505  -25.984 0.0000000000
90052  -48.093  3.383  -25.169 0.0000000000
90053  -47.962  2.793  -26.171 0.0000000000
90054  -50.590  2.854  -29.605 0.0000000000
90055  -49.789  2.881  -29.033 0.0000000000
90056  -50.404  2.384  -29.045 0.0000000000
90057  -50.042  0.869  -27.724 0.0000000000
90058  -49.559  1.487  -27.888 0.0000000000
90059  -49.116  1.080  -27.228 0.0000000000
90060  -48.378  1.390  -26.502 0.0000000000
90061  -48.675  0.768  -26.536 0.0000000000
90062  -48.379  0.457  -25.766 0.0000000000
90063  -49.098  0.099  -26.430 0.0000000000
90064  -51.182  -1.160  -26.694 0.0000000000
90065  -49.994  -1.103  -26.314 0.0000000000
90066  -50.559  -1.652  -26.260 0.0000000000
90067  -50.015  -2.131  -25.773 0.0000000000
90068  -51.210  -2.209  -26.140 0.0000000000
90069  -51.847  -2.769  -26.027 0.0000000000
90070  -52.484  -2.118  -26.357 0.0000000000
90071  -55.435  -1.521  -26.755 0.0000000000
90072  -54.999  -2.041  -26.459 0.0000000000
90073  -55.880  -2.147  -26.520 0.0000000000
90074  -56.372  -2.840  -26.238 0.0000000000
90075  -56.652  -2.405  -26.633 0.0000000000
90082  -57.467  -3.348  -26.980 0.0000000000
90083  -57.619  -3.950  -27.259 0.0000000000
90084  -57.914  -4.562  -26.843 0.0000000000
90085  -57.597  -4.624  -27.527 0.0000000000
92756  -58.647  -22.940  -14.011 0.0000000000
92757  -58.638  -22.417  -14.171 0.0000000000
92759  -60.149  -21.806  -14.124 0.0000000000
92760  -60.831  -21.435  -14.188 0.0000000000
92762  -60.023  -20.616  -14.720 0.0000000000
93443  -48.939  -4.337  -23.134 0.0000000000
93444  -49.109  -4.991  -23.212 0.0000000000
93445  -49.394  -4.738  -23.840 0.0000000000
93446  -50.073  -5.014  -24.423 0.0000000000
93447  -51.043  -5.269  -24.843 0.0000000000
93448  -52.148  -5.502  -25.107 0.0000000000
93449  -51.678  -4.868  -25.220 0.0000000000
93450  -52.360  -4.442  -25.532 0.0000000000
93451  -53.028  -3.986  -25.746 0.0000000000
94523  -56.093  2.890  -9.325 0.0000000000
94524  -56.365  2.555  -9.351 0.0000000000
94525  -56.195  2.856  -9.954 0.0000000000
94526  -56.112  2.694  -10.673 0.0000000000
94527  -55.880  2.394  -11.505 0.0000000000
94528  -55.516  1.995  -12.339 0.0000000000
94529  -55.518  2.541  -12.229 0.0000000000
94530  -55.137  2.663  -12.925 0.0000000000
94531  -54.790  2.773  -13.636 0.0000000000
95383  -54.049  -31.755  -10.990 0.0000000000
95384  -54.617  -32.233  -10.965 0.0000000000
95385  -54.774  -31.539  -11.175 0.0000000000
95386  -55.542  -31.327  -11.343 0.0000000000
95387  -56.285  -31.126  -11.498 0.0000000000
95403  -61.350  -19.005  -19.564 0.0000000000
97447  -49.302  -16.183  -14.892 0.0000000000
97448  -53.877  -6.251  -11.353 0.0000000000
97450  -53.160  -6.843  -12.103 0.0000000000
97451  -52.484  -7.350  -12.718 0.0000000000
97452  -51.793  -7.860  -13.521 0.0000000000
97453  -51.638  -11.486  -21.209 0.0000000000
97454  -51.118  -11.734  -20.823 0.0000000000
97455  -51.827  -12.047  -20.839 0.0000000000
97456  -52.138  -12.591  -20.484 0.0000000000
97457  -52.258  -13.236  -20.104 0.0000000000
97458  -52.503  -13.781  -19.753 0.0000000000
97459  -52.973  -13.499  -20.069 0.0000000000
97460  -53.672  -13.756  -20.037 0.0000000000
97461  -54.382  -14.011  -19.890 0.0000000000
97462  -55.131  -14.310  -19.740 0.0000000000
97463  -54.879  -13.741  -20.093 0.0000000000
97464  -55.416  -13.409  -20.266 0.0000000000
97465  -55.978  -13.033  -20.453 0.0000000000
97466  -59.274  -8.613  -25.126 0.0000000000
97467  -59.528  -9.028  -24.564 0.0000000000
97468  -59.201  -9.232  -25.078 0.0000000000
97485  -50.824  6.947  -20.514 0.0000000000
97487  -49.764  6.742  -22.325 0.0000000000
97488  -49.225  6.238  -23.164 0.0000000000
99703  -56.176  -27.260  -12.545 0.0000000000
99704  -56.769  -27.588  -12.446 0.0000000000
99705  -57.059  -27.048  -12.659 0.0000000000
99706  -57.944  -26.821  -12.747 0.0000000000
99707  -58.835  -26.556  -12.826 0.0000000000
99708  -61.421  -24.251  -13.273 0.0000000000
99709  -61.189  -24.830  -13.130 0.0000000000
99710  -62.062  -24.569  -13.210 0.0000000000
99711  -62.640  -24.889  -13.168 0.0000000000
99712  -63.124  -25.234  -13.132 0.0000000000
99713  -63.532  -25.631  -13.112 0.0000000000
99714  -63.666  -25.046  -13.298 0.0000000000
99715  -64.113  -24.894  -13.538 0.0000000000
99716  -64.391  -24.792  -13.851 0.0000000000
99718  -64.364  -24.200  -14.123 0.0000000000
99719  -64.359  -23.553  -14.352 0.0000000000
99720  -64.300  -22.810  -14.523 0.0000000000
99721  -63.059  -19.909  -15.060 0.0000000000
99722  -63.479  -20.205  -15.051 0.0000000000
99723  -63.342  -19.580  -15.373 0.0000000000
99724  -63.497  -19.310  -15.717 0.0000000000
99725  -63.527  -19.172  -16.164 0.0000000000
99726  -63.393  -19.063  -16.734 0.0000000000
99727  -63.227  -18.650  -16.619 0.0000000000
99728  -62.967  -17.965  -17.013 0.0000000000
99729  -62.683  -17.184  -17.378 0.0000000000
101768  -50.600  -5.331  -17.248 0.0000000000
101769  -50.302  -5.986  -17.364 0.0000000000
101770  -50.026  -5.938  -18.112 0.0000000000
101771  -49.556  -6.473  -18.957 0.0000000000
101772  -49.218  -6.954  -19.693 0.0000000000
101773  -49.993  -7.290  -23.174 0.0000000000
101774  -49.569  -7.525  -22.554 0.0000000000
101775  -50.239  -7.838  -23.082 0.0000000000
101776  -50.418  -8.337  -22.821 0.0000000000
101777  -50.628  -8.867  -22.603 0.0000000000
101778  -50.832  -9.370  -22.363 0.0000000000
101779  -51.446  -9.038  -22.784 0.0000000000
101780  -52.317  -9.193  -22.913 0.0000000000
101781  -53.139  -9.381  -22.874 0.0000000000
101782  -53.909  -9.549  -22.767 0.0000000000
101783  -53.814  -9.004  -23.107 0.0000000000
101784  -54.458  -8.616  -23.335 0.0000000000
101785  -55.123  -8.251  -23.520 0.0000000000
101786  -56.197  -5.663  -24.911 0.0000000000
101787  -56.296  -6.251  -24.622 0.0000000000
101788  -56.885  -5.811  -24.768 0.0000000000
101789  -57.460  -6.040  -24.750 0.0000000000
101790  -58.030  -6.294  -24.765 0.0000000000
101791  -58.467  -6.601  -24.774 0.0000000000
101792  -58.299  -6.092  -25.133 0.0000000000
101793  -58.363  -6.028  -25.590 0.0000000000
101794  -58.318  -6.014  -26.094 0.0000000000
105013  -56.754  0.654  -9.966 0.0000000000
105015  -56.685  0.076  -10.131 0.0000000000
105018  -55.986  -2.072  -10.826 0.0000000000
105019  -55.647  -1.911  -11.472 0.0000000000
105020  -54.845  -2.373  -12.278 0.0000000000
105021  -54.030  -2.855  -13.031 0.0000000000
105022  -53.223  -3.423  -13.874 0.0000000000
105023  -53.600  -2.780  -13.744 0.0000000000
105024  -53.175  -2.730  -14.500 0.0000000000
105025  -52.802  -2.648  -15.275 0.0000000000
105026  -53.362  -0.338  -16.211 0.0000000000
105027  -53.003  -1.016  -16.415 0.0000000000
105028  -52.576  -0.916  -17.105 0.0000000000
105029  -51.755  -1.502  -17.991 0.0000000000
105030  -50.982  -2.030  -18.840 0.0000000000
105031  -50.209  -2.520  -19.732 0.0000000000
105032  -50.532  -1.867  -19.510 0.0000000000
105033  -50.013  -1.672  -20.217 0.0000000000
105034  -49.581  -1.443  -20.852 0.0000000000
107601  -58.853  -28.981  -12.112 0.0000000000
107602  -58.379  -29.597  -11.957 0.0000000000
107603  -59.217  -29.423  -12.056 0.0000000000
107604  -59.603  -29.864  -12.102 0.0000000000
107646  -60.244  -22.433  -18.233 0.0000000000
107648  -59.848  -23.187  -18.105 0.0000000000
113780  -52.831  -19.791  -15.460 0.0000000000
113781  -53.440  -19.645  -15.617 0.0000000000
113782  -54.039  -19.473  -15.787 0.0000000000
113794  -51.604  -11.802  -12.129 0.0000000000
113795  -51.075  -12.173  -12.782 0.0000000000
113796  -50.531  -12.473  -13.391 0.0000000000
113797  -49.428  -8.440  -17.359 0.0000000000
113798  -49.732  -8.575  -16.577 0.0000000000
113799  -49.252  -9.048  -17.249 0.0000000000
113800  -49.115  -9.641  -17.153 0.0000000000
113801  -49.000  -10.213  -17.101 0.0000000000
113802  -49.516  -12.492  -18.720 0.0000000000
113803  -49.048  -12.085  -18.234 0.0000000000
113804  -49.288  -12.645  -18.065 0.0000000000
113805  -49.145  -12.730  -17.369 0.0000000000
113806  -49.189  -12.852  -16.643 0.0000000000
113807  -49.295  -12.963  -15.935 0.0000000000
113808  -49.265  -13.394  -16.571 0.0000000000
113809  -49.382  -13.921  -16.467 0.0000000000
113810  -49.475  -14.478  -16.350 0.0000000000
113811  -49.541  -14.962  -16.248 0.0000000000
113812  -49.729  -14.906  -16.832 0.0000000000
113813  -50.131  -15.320  -17.210 0.0000000000
113814  -50.663  -15.740  -17.481 0.0000000000
113815  -53.531  -15.974  -18.583 0.0000000000
113816  -53.004  -16.248  -18.317 0.0000000000
113817  -53.821  -16.542  -18.258 0.0000000000
113818  -54.111  -17.133  -17.877 0.0000000000
113819  -54.405  -17.695  -17.513 0.0000000000
113820  -54.629  -18.203  -17.110 0.0000000000
113821  -55.190  -17.945  -17.287 0.0000000000
113822  -56.028  -18.170  -17.019 0.0000000000
113823  -56.796  -18.403  -16.753 0.0000000000
113824  -57.563  -18.606  -16.452 0.0000000000
113825  -57.290  -18.141  -16.901 0.0000000000
113826  -57.759  -17.858  -17.068 0.0000000000
113827  -58.307  -17.535  -17.245 0.0000000000
113828  -58.213  -15.193  -19.090 0.0000000000
113829  -58.547  -15.715  -18.670 0.0000000000
113830  -58.974  -15.344  -18.851 0.0000000000
113831  -59.719  -15.436  -18.577 0.0000000000
113832  -60.493  -15.575  -18.278 0.0000000000
113833  -61.166  -15.732  -17.990 0.0000000000
113834  -60.856  -15.321  -18.575 0.0000000000
113835  -61.169  -15.081  -18.934 0.0000000000
113836  -61.397  -14.949  -19.385 0.0000000000
113837  -56.856  -10.112  -22.232 0.0000000000
113838  -56.993  -10.831  -21.800 0.0000000000
113839  -57.662  -10.347  -21.906 0.0000000000
113840  -58.292  -10.593  -21.633 0.0000000000
113841  -58.936  -10.837  -21.457 0.0000000000
113842  -60.261  -11.231  -22.678 0.0000000000
113843  -60.243  -11.252  -22.135 0.0000000000
113883  -52.213  7.786  -16.521 0.0000000000
113885  -52.546  7.483  -15.784 0.0000000000
113886  -52.858  7.283  -15.004 0.0000000000
113887  -53.085  6.962  -14.337 0.0000000000
113889  -53.410  6.542  -14.381 0.0000000000
113890  -53.717  5.974  -14.307 0.0000000000
113891  -53.949  5.387  -14.502 0.0000000000
113892  -54.102  4.664  -14.683 0.0000000000
113893  -53.790  4.913  -15.308 0.0000000000
113894  -53.504  4.385  -16.267 0.0000000000
113895  -53.117  3.820  -17.146 0.0000000000
113896  -50.482  3.986  -20.791 0.0000000000
113897  -50.957  3.621  -20.134 0.0000000000
113898  -50.213  3.139  -20.984 0.0000000000
113899  -49.860  2.275  -21.261 0.0000000000
113900  -49.553  1.420  -21.412 0.0000000000
113901  -49.217  0.649  -21.579 0.0000000000
113902  -48.826  0.932  -22.325 0.0000000000
113903  -48.305  0.426  -23.398 0.0000000000
113904  -48.189  -0.102  -24.303 0.0000000000
113935  -47.971  3.958  -27.476 0.0000000000
113936  -48.238  3.277  -27.638 0.0000000000
113937  -51.981  1.941  -29.296 0.0000000000
113938  -51.030  1.884  -28.987 0.0000000000
113939  -51.613  1.447  -28.713 0.0000000000
113940  -51.110  0.922  -28.088 0.0000000000
113941  -50.609  0.397  -27.539 0.0000000000
113942  -50.070  -0.080  -26.943 0.0000000000
113943  -51.137  -0.122  -27.329 0.0000000000
113944  -51.788  -0.590  -27.132 0.0000000000
113945  -52.584  -1.020  -26.909 0.0000000000
113946  -53.127  -1.519  -26.677 0.0000000000
113947  -53.714  -0.950  -26.983 0.0000000000
113948  -54.831  -0.938  -27.028 0.0000000000
113949  -55.669  -1.108  -27.199 0.0000000000
116588  -57.777  -25.332  -13.291 0.0000000000
116589  -58.105  -24.650  -13.515 0.0000000000
116590  -58.989  -24.412  -13.498 0.0000000000
116591  -59.883  -24.186  -13.456 0.0000000000
116592  -59.307  -23.242  -13.807 0.0000000000
116593  -59.988  -23.602  -13.616 0.0000000000
116594  -60.729  -23.936  -13.439 0.0000000000
116595  -61.490  -23.646  -13.509 0.0000000000
116596  -62.240  -23.344  -13.644 0.0000000000
116597  -62.942  -23.065  -13.806 0.0000000000
116598  -63.403  -22.748  -13.962 0.0000000000
116599  -62.856  -22.324  -13.987 0.0000000000
116600  -62.733  -21.553  -14.198 0.0000000000
116601  -62.650  -20.858  -14.499 0.0000000000
116602  -61.470  -21.017  -14.345 0.0000000000
116603  -62.076  -20.613  -14.548 0.0000000000
116604  -62.653  -20.276  -14.779 0.0000000000
116605  -62.550  -19.684  -15.099 0.0000000000
116607  -61.964  -18.346  -15.768 0.0000000000
118193  -49.294  -5.065  -20.275 0.0000000000
118194  -49.220  -5.647  -20.419 0.0000000000
118195  -49.076  -5.498  -21.114 0.0000000000
118196  -49.078  -5.933  -21.959 0.0000000000
118197  -49.329  -6.379  -22.697 0.0000000000
118198  -49.362  -5.598  -23.351 0.0000000000
118199  -49.577  -6.161  -23.279 0.0000000000
118200  -49.820  -6.710  -23.331 0.0000000000
118201  -50.519  -7.058  -23.784 0.0000000000
118202  -51.425  -7.261  -24.008 0.0000000000
118203  -52.398  -7.397  -24.102 0.0000000000
118204  -53.337  -7.453  -24.097 0.0000000000
118205  -53.083  -7.056  -24.424 0.0000000000
118206  -53.893  -6.570  -24.683 0.0000000000
118207  -54.672  -6.065  -24.897 0.0000000000
118208  -53.304  -5.565  -25.199 0.0000000000
118209  -54.386  -5.554  -25.165 0.0000000000
118210  -55.434  -5.548  -25.072 0.0000000000
118211  -56.075  -5.051  -25.203 0.0000000000
118212  -56.632  -4.606  -25.345 0.0000000000
118213  -57.072  -4.193  -25.523 0.0000000000
120718  -56.551  2.177  -9.445 0.0000000000
120719  -56.678  1.760  -9.559 0.0000000000
120720  -56.787  1.252  -9.748 0.0000000000
120721  -56.512  0.856  -10.611 0.0000000000
120722  -56.155  0.422  -11.469 0.0000000000
120723  -55.580  -0.200  -12.477 0.0000000000
120724  -54.900  -0.743  -13.372 0.0000000000
120725  -55.206  -0.079  -13.199 0.0000000000
120726  -54.836  0.083  -13.851 0.0000000000
120727  -54.422  0.182  -14.567 0.0000000000
120728  -55.018  1.428  -13.268 0.0000000000
120729  -54.553  0.801  -14.251 0.0000000000
120730  -53.986  0.239  -15.291 0.0000000000
120731  -53.617  0.324  -15.975 0.0000000000
120732  -53.224  0.443  -16.696 0.0000000000
120733  -52.803  0.592  -17.369 0.0000000000
122719  -53.491  -34.540  -9.977 0.0000000000
122721  -54.199  -34.380  -10.201 0.0000000000
122722  -54.899  -34.169  -10.472 0.0000000000
122730  -62.169  -28.240  -12.510 0.0000000000
122731  -61.674  -28.875  -12.371 0.0000000000
122732  -62.395  -28.747  -12.453 0.0000000000
122733  -62.626  -29.320  -12.414 0.0000000000
122764  -61.910  -21.691  -17.734 0.0000000000
122765  -61.263  -21.723  -18.068 0.0000000000
122767  -60.944  -21.018  -18.589 0.0000000000
122768  -60.600  -21.741  -18.404 0.0000000000
127536  -50.461  -18.178  -15.915 0.0000000000
127537  -50.881  -18.127  -16.295 0.0000000000
127546  -52.135  -9.417  -11.929 0.0000000000
127547  -51.594  -9.980  -12.621 0.0000000000
127548  -50.974  -10.453  -13.364 0.0000000000
127549  -49.119  -10.280  -20.085 0.0000000000
127550  -48.908  -10.412  -19.365 0.0000000000
127551  -49.239  -10.778  -19.931 0.0000000000
127552  -49.373  -11.309  -19.748 0.0000000000
127553  -49.580  -11.811  -19.542 0.0000000000
127554  -50.624  -11.950  -20.394 0.0000000000
127555  -50.182  -12.171  -19.873 0.0000000000
127556  -49.811  -12.326  -19.321 0.0000000000
127557  -50.038  -12.903  -19.051 0.0000000000
127558  -50.263  -13.510  -18.818 0.0000000000
127559  -50.477  -14.071  -18.581 0.0000000000
127560  -50.645  -14.552  -18.331 0.0000000000
127561  -51.076  -14.436  -18.735 0.0000000000
127562  -51.791  -14.811  -18.801 0.0000000000
127563  -52.499  -15.122  -18.822 0.0000000000
127564  -52.730  -14.298  -19.450 0.0000000000
127565  -52.946  -14.893  -19.095 0.0000000000
127566  -53.259  -15.447  -18.801 0.0000000000
127567  -54.008  -15.720  -18.816 0.0000000000
127568  -54.810  -16.023  -18.719 0.0000000000
127569  -55.595  -16.291  -18.563 0.0000000000
127570  -56.370  -16.576  -18.328 0.0000000000
127571  -56.050  -15.974  -18.765 0.0000000000
127572  -56.466  -15.646  -18.997 0.0000000000
127573  -56.904  -15.348  -19.155 0.0000000000
127574  -55.923  -14.610  -19.593 0.0000000000
127575  -56.650  -14.831  -19.470 0.0000000000
127576  -57.382  -15.037  -19.297 0.0000000000
127577  -57.900  -14.693  -19.427 0.0000000000
127578  -58.352  -14.283  -19.621 0.0000000000
127579  -58.820  -13.891  -19.790 0.0000000000
127580  -59.111  -8.521  -23.157 0.0000000000
127581  -59.207  -9.150  -22.663 0.0000000000
127582  -59.471  -8.935  -23.109 0.0000000000
127583  -59.714  -9.492  -23.060 0.0000000000
127584  -59.927  -10.038  -23.006 0.0000000000
127585  -59.741  -9.523  -24.027 0.0000000000
127586  -59.864  -10.084  -23.491 0.0000000000
127587  -59.992  -10.659  -23.067 0.0000000000
127588  -60.102  -11.290  -23.156 0.0000000000
127620  -52.159  7.665  -17.257 0.0000000000
127621  -52.398  7.126  -17.321 0.0000000000
127622  -52.590  6.494  -17.342 0.0000000000
127623  -52.703  5.782  -17.507 0.0000000000
127624  -52.249  6.072  -18.276 0.0000000000
127625  -51.825  5.630  -19.179 0.0000000000
127626  -51.289  5.186  -19.976 0.0000000000
127627  -50.859  6.202  -20.550 0.0000000000
127628  -50.758  5.483  -20.672 0.0000000000
127629  -50.649  4.745  -20.678 0.0000000000
127630  -49.994  4.241  -21.463 0.0000000000
127631  -49.291  3.665  -22.395 0.0000000000
127632  -48.644  3.076  -23.507 0.0000000000
127657  -50.633  3.297  -30.120 0.0000000000
127658  -51.411  2.853  -30.067 0.0000000000
127660  -52.143  2.692  -30.454 0.0000000000
127661  -52.155  2.374  -29.852 0.0000000000
127662  -52.779  1.835  -29.567 0.0000000000
127663  -53.403  1.335  -29.287 0.0000000000
127665  -54.706  0.412  -28.497 0.0000000000
130602  -55.503  2.465  -8.472 0.0000000000
130603  -55.863  2.753  -8.808 0.0000000000
130604  -55.748  3.178  -9.351 0.0000000000
130605  -55.562  3.602  -9.911 0.0000000000
130606  -55.360  4.019  -10.493 0.0000000000
132403  -54.956  -29.390  -11.824 0.0000000000
132404  -55.522  -29.765  -11.742 0.0000000000
132405  -55.764  -29.206  -11.911 0.0000000000
132406  -56.593  -29.024  -12.016 0.0000000000
132407  -57.444  -28.781  -12.147 0.0000000000
132408  -57.346  -27.942  -12.364 0.0000000000
132409  -57.900  -28.237  -12.349 0.0000000000
132410  -58.336  -28.607  -12.250 0.0000000000
132411  -59.271  -28.372  -12.338 0.0000000000
132412  -60.195  -28.128  -12.415 0.0000000000
132413  -61.104  -27.933  -12.488 0.0000000000
132414  -58.467  -25.669  -13.112 0.0000000000
132415  -59.160  -25.933  -12.987 0.0000000000
132416  -59.797  -26.237  -12.889 0.0000000000
132417  -61.005  -25.389  -13.053 0.0000000000
132418  -60.747  -25.985  -12.911 0.0000000000
132419  -60.492  -26.574  -12.825 0.0000000000
132420  -61.039  -26.940  -12.704 0.0000000000
132421  -61.531  -27.343  -12.626 0.0000000000
132422  -61.916  -27.775  -12.575 0.0000000000
132423  -62.654  -27.632  -12.671 0.0000000000
132424  -63.321  -27.488  -12.802 0.0000000000
132425  -63.767  -27.348  -13.005 0.0000000000
132426  -63.857  -26.192  -13.159 0.0000000000
132427  -63.976  -26.690  -13.189 0.0000000000
132442  -63.796  -22.473  -14.183 0.0000000000
132443  -64.107  -22.219  -14.457 0.0000000000
132444  -64.253  -21.982  -14.770 0.0000000000
132445  -63.870  -20.621  -15.063 0.0000000000
132446  -64.105  -21.205  -15.077 0.0000000000
132447  -64.255  -21.784  -15.151 0.0000000000
132448  -64.168  -21.683  -15.571 0.0000000000
132449  -63.995  -21.701  -16.012 0.0000000000
132450  -63.682  -21.688  -16.496 0.0000000000
132451  -63.424  -20.979  -16.941 0.0000000000
132452  -63.038  -20.290  -17.374 0.0000000000
132453  -62.671  -19.600  -17.910 0.0000000000
132454  -63.145  -18.987  -17.338 0.0000000000
132455  -62.806  -18.949  -17.880 0.0000000000
132456  -62.351  -18.969  -18.457 0.0000000000
132458  -61.942  -17.883  -19.491 0.0000000000
136761  -50.668  -14.630  -11.932 0.0000000000
136762  -50.358  -14.487  -12.567 0.0000000000
136763  -52.030  -5.727  -14.245 0.0000000000
136764  -51.772  -6.411  -14.283 0.0000000000
136765  -51.369  -6.219  -15.036 0.0000000000
136766  -50.782  -6.773  -15.846 0.0000000000
136767  -50.213  -7.329  -16.668 0.0000000000
136768  -50.072  -6.605  -17.409 0.0000000000
136769  -49.869  -7.227  -17.407 0.0000000000
136770  -49.619  -7.833  -17.408 0.0000000000
136771  -49.188  -8.324  -18.121 0.0000000000
136772  -48.869  -8.833  -18.858 0.0000000000
136773  -48.860  -9.298  -19.530 0.0000000000
136774  -49.193  -6.242  -20.520 0.0000000000
136775  -49.151  -6.846  -20.574 0.0000000000
136776  -49.058  -7.465  -20.475 0.0000000000
136777  -49.251  -7.754  -21.901 0.0000000000
136778  -49.099  -7.917  -21.175 0.0000000000
136779  -49.007  -8.040  -20.380 0.0000000000
136780  -49.002  -8.631  -20.358 0.0000000000
136781  -49.020  -9.200  -20.268 0.0000000000
136782  -49.035  -9.760  -20.167 0.0000000000
136783  -49.441  -10.109  -20.697 0.0000000000
136784  -49.962  -10.435  -21.096 0.0000000000
136785  -50.652  -10.728  -21.399 0.0000000000
136786  -51.027  -9.886  -22.112 0.0000000000
136787  -51.219  -10.431  -21.874 0.0000000000
136788  -51.391  -10.950  -21.566 0.0000000000
136789  -52.122  -11.213  -21.587 0.0000000000
136790  -52.965  -11.385  -21.522 0.0000000000
136791  -53.694  -11.655  -21.446 0.0000000000
136792  -54.378  -11.845  -21.316 0.0000000000
136793  -54.298  -11.236  -21.704 0.0000000000
136794  -54.904  -10.812  -21.989 0.0000000000
136795  -55.550  -10.376  -22.271 0.0000000000
136796  -54.742  -9.675  -22.668 0.0000000000
136797  -55.451  -9.785  -22.601 0.0000000000
136798  -56.245  -9.921  -22.515 0.0000000000
136799  -56.850  -9.465  -22.672 0.0000000000
136800  -57.464  -9.015  -22.806 0.0000000000
136801  -58.085  -8.581  -22.942 0.0000000000
136802  -54.195  -7.566  -24.017 0.0000000000
136803  -55.019  -7.679  -23.900 0.0000000000
136804  -55.808  -7.830  -23.732 0.0000000000
136805  -56.401  -6.832  -24.314 0.0000000000
136806  -56.496  -7.392  -23.949 0.0000000000
136807  -56.598  -7.873  -23.621 0.0000000000
136808  -57.323  -7.874  -23.521 0.0000000000
136809  -58.010  -7.982  -23.383 0.0000000000
136810  -58.573  -8.214  -23.259 0.0000000000
136811  -58.963  -7.995  -23.640 0.0000000000
136812  -59.250  -7.901  -24.072 0.0000000000
136813  -59.281  -7.910  -24.560 0.0000000000
136814  -58.810  -7.016  -24.872 0.0000000000
136815  -59.085  -7.447  -24.955 0.0000000000
136816  -59.199  -8.034  -25.073 0.0000000000
136817  -58.992  -8.206  -25.574 0.0000000000
139184  -53.104  -33.314  -10.265 0.0000000000
139185  -53.248  -32.620  -10.525 0.0000000000
139186  -51.956  -32.376  -10.400 0.0000000000
139187  -52.683  -32.191  -10.593 0.0000000000
139188  -53.374  -31.976  -10.803 0.0000000000
139189  -53.511  -31.352  -11.061 0.0000000000
139190  -53.713  -30.760  -11.278 0.0000000000
139191  -53.962  -30.167  -11.542 0.0000000000
139215  -51.969  -30.162  -11.240 0.0000000000
139216  -52.690  -29.978  -11.420 0.0000000000
139217  -53.433  -29.791  -11.584 0.0000000000
139218  -54.179  -29.616  -11.728 0.0000000000
139219  -54.458  -29.042  -11.860 0.0000000000
139220  -54.730  -28.501  -11.924 0.0000000000
139221  -55.090  -27.999  -12.151 0.0000000000
139222  -53.857  -27.875  -12.134 0.0000000000
139223  -54.595  -27.690  -12.252 0.0000000000
139224  -55.366  -27.490  -12.378 0.0000000000
139225  -55.627  -26.953  -12.647 0.0000000000
139226  -55.891  -26.391  -12.908 0.0000000000
139245  -57.472  -21.126  -14.687 0.0000000000
143395  -54.583  -5.718  -10.566 0.0000000000
143396  -54.160  -5.646  -11.325 0.0000000000
143397  -53.710  -5.528  -12.040 0.0000000000
143398  -53.261  -5.373  -12.703 0.0000000000
143419  -55.731  -3.419  -10.391 0.0000000000
143420  -55.692  -2.711  -10.933 0.0000000000
143421  -55.326  -3.274  -11.051 0.0000000000
143422  -54.942  -3.899  -11.159 0.0000000000
143423  -54.231  -4.338  -11.870 0.0000000000
143424  -53.544  -4.735  -12.605 0.0000000000
143425  -52.793  -5.208  -13.427 0.0000000000
143426  -52.347  -5.083  -14.159 0.0000000000
143427  -51.923  -4.986  -14.900 0.0000000000
143428  -51.518  -4.910  -15.692 0.0000000000
143429  -52.471  -3.890  -14.786 0.0000000000
143430  -51.778  -4.352  -15.644 0.0000000000
143431  -51.153  -4.842  -16.485 0.0000000000
143432  -50.818  -4.811  -17.241 0.0000000000
143433  -50.522  -4.814  -17.960 0.0000000000
143434  -50.144  -4.722  -18.695 0.0000000000
143435  -54.111  -1.395  -14.279 0.0000000000
143436  -53.292  -1.969  -15.163 0.0000000000
143437  -52.456  -2.516  -16.011 0.0000000000
143438  -52.545  -1.758  -16.616 0.0000000000
143439  -52.102  -2.469  -16.739 0.0000000000
143440  -51.700  -3.103  -16.893 0.0000000000
143441  -51.071  -3.648  -17.744 0.0000000000
143442  -50.390  -4.138  -18.621 0.0000000000
143443  -49.757  -4.606  -19.476 0.0000000000
143444  -49.400  -4.481  -20.208 0.0000000000
143445  -49.160  -4.298  -20.889 0.0000000000
143446  -48.969  -4.126  -21.599 0.0000000000
143447  -49.560  -2.994  -20.572 0.0000000000
143448  -49.054  -3.485  -21.441 0.0000000000
143449  -48.809  -3.937  -22.311 0.0000000000
143450  -48.795  -3.732  -23.006 0.0000000000
143451  -48.969  -3.531  -23.640 0.0000000000
143452  -49.163  -3.294  -24.218 0.0000000000
148627  -56.048  -30.136  -11.654 0.0000000000
148628  -56.535  -30.521  -11.618 0.0000000000
148629  -57.002  -30.961  -11.683 0.0000000000
148630  -58.026  -30.164  -11.886 0.0000000000
148631  -57.739  -30.805  -11.861 0.0000000000
148636  -61.192  -29.586  -12.262 0.0000000000
156518  -62.791  -28.222  0.230 0.0000000000
161003  -54.556  -21.013  -14.710 0.0000000000
161004  -55.305  -21.288  -14.654 0.0000000000
161005  -55.956  -21.052  -14.803 0.0000000000
161006  -56.604  -20.838  -14.960 0.0000000000
161007  -57.245  -20.683  -15.033 0.0000000000
161029  -51.902  -12.287  -11.490 0.0000000000
161030  -51.800  -12.756  -11.501 0.0000000000
161031  -51.682  -13.256  -11.481 0.0000000000
161032  -51.117  -13.645  -12.110 0.0000000000
161033  -50.564  -13.982  -12.696 0.0000000000
161034  -50.073  -14.345  -13.213 0.0000000000
161035  -51.575  -7.048  -14.323 0.0000000000
161036  -51.386  -7.675  -14.304 0.0000000000
161037  -51.171  -8.343  -14.209 0.0000000000
161038  -50.156  -8.708  -15.745 0.0000000000
161039  -50.551  -8.860  -14.917 0.0000000000
161040  -50.946  -9.028  -14.129 0.0000000000
161041  -50.748  -9.685  -14.077 0.0000000000
161042  -50.567  -10.280  -14.037 0.0000000000
161043  -50.379  -10.856  -14.052 0.0000000000
161044  -48.791  -10.535  -18.622 0.0000000000
161045  -48.777  -10.652  -17.853 0.0000000000
161046  -48.910  -10.760  -17.051 0.0000000000
161047  -48.914  -11.697  -17.606 0.0000000000
161048  -48.907  -11.300  -16.955 0.0000000000
161049  -49.191  -10.897  -16.221 0.0000000000
161050  -49.528  -11.048  -15.418 0.0000000000
161051  -49.906  -11.227  -14.658 0.0000000000
161052  -50.270  -11.442  -14.031 0.0000000000
161053  -50.140  -11.967  -14.048 0.0000000000
161054  -50.149  -12.383  -13.988 0.0000000000
161055  -50.083  -12.796  -13.967 0.0000000000
161056  -49.449  -13.060  -15.243 0.0000000000
161057  -49.708  -13.140  -14.597 0.0000000000
161058  -50.009  -13.258  -13.958 0.0000000000
161059  -49.929  -13.737  -13.923 0.0000000000
161060  -49.809  -14.221  -13.863 0.0000000000
161061  -49.668  -14.715  -13.831 0.0000000000
161062  -49.453  -15.165  -14.408 0.0000000000
161063  -49.360  -15.682  -14.950 0.0000000000
161064  -49.444  -16.103  -15.470 0.0000000000
161065  -49.623  -15.493  -16.162 0.0000000000
161066  -49.671  -16.024  -16.035 0.0000000000
161067  -49.726  -16.587  -15.941 0.0000000000
161068  -50.181  -17.078  -16.265 0.0000000000
161069  -50.738  -17.570  -16.517 0.0000000000
161070  -51.370  -18.007  -16.662 0.0000000000
161071  -50.845  -15.062  -18.086 0.0000000000
161072  -51.072  -15.626  -17.873 0.0000000000
161073  -51.297  -16.164  -17.699 0.0000000000
161074  -52.530  -16.410  -18.075 0.0000000000
161075  -52.017  -16.577  -17.784 0.0000000000
161076  -51.506  -16.744  -17.456 0.0000000000
161077  -51.710  -17.304  -17.221 0.0000000000
161078  -51.913  -17.897  -16.970 0.0000000000
161079  -52.225  -18.439  -16.650 0.0000000000
161080  -53.001  -18.802  -16.519 0.0000000000
161081  -53.780  -19.077  -16.274 0.0000000000
161082  -54.596  -19.319  -16.005 0.0000000000
161083  -54.876  -18.686  -16.687 0.0000000000
161084  -55.146  -19.142  -16.218 0.0000000000
161085  -55.390  -19.614  -15.739 0.0000000000
161086  -56.205  -19.936  -15.556 0.0000000000
161087  -57.028  -20.204  -15.375 0.0000000000
161088  -57.893  -20.456  -15.142 0.0000000000
161092  -58.379  -18.814  -16.170 0.0000000000
161093  -59.307  -19.037  -15.900 0.0000000000
161095  -60.715  -18.736  -15.816 0.0000000000
161096  -61.168  -18.248  -15.942 0.0000000000
161097  -61.576  -17.844  -16.083 0.0000000000
161098  -57.157  -16.809  -18.080 0.0000000000
161099  -57.993  -17.005  -17.791 0.0000000000
161100  -58.825  -17.143  -17.432 0.0000000000
161101  -58.889  -16.209  -18.175 0.0000000000
161102  -59.306  -16.689  -17.633 0.0000000000
161103  -59.658  -17.214  -17.118 0.0000000000
161104  -60.424  -17.275  -16.747 0.0000000000
161105  -61.199  -17.355  -16.458 0.0000000000
161106  -61.931  -17.477  -16.313 0.0000000000
161107  -62.198  -17.140  -16.696 0.0000000000
161108  -62.376  -16.886  -17.185 0.0000000000
161109  -62.458  -16.709  -17.718 0.0000000000
161110  -61.790  -15.883  -17.903 0.0000000000
161111  -62.208  -16.180  -18.011 0.0000000000
161112  -62.442  -16.618  -18.291 0.0000000000
161113  -62.284  -16.721  -18.962 0.0000000000
161114  -62.106  -16.900  -19.662 0.0000000000
161116  -55.066  -12.080  -21.134 0.0000000000
161117  -55.828  -12.374  -20.890 0.0000000000
161118  -56.569  -12.625  -20.651 0.0000000000
161119  -57.100  -11.496  -21.308 0.0000000000
161120  -57.220  -12.186  -20.878 0.0000000000
161121  -57.395  -12.887  -20.491 0.0000000000
161122  -58.114  -13.134  -20.265 0.0000000000
161123  -58.744  -13.362  -20.134 0.0000000000
161124  -59.294  -13.516  -19.964 0.0000000000
161125  -59.276  -9.825  -22.207 0.0000000000
161126  -59.346  -10.442  -21.758 0.0000000000
161127  -59.403  -11.168  -21.328 0.0000000000
161128  -60.111  -11.348  -21.629 0.0000000000
161129  -59.893  -11.520  -21.180 0.0000000000
161130  -59.506  -11.869  -20.893 0.0000000000
161131  -59.665  -12.553  -20.553 0.0000000000
161132  -59.758  -13.159  -20.205 0.0000000000
161133  -59.957  -13.752  -19.863 0.0000000000
161134  -60.607  -14.046  -19.816 0.0000000000
161135  -61.136  -14.450  -19.797 0.0000000000
161136  -61.552  -14.904  -19.911 0.0000000000
161190  -53.707  2.928  -9.430 0.0000000000
161192  -53.542  3.555  -9.866 0.0000000000
161193  -54.188  3.658  -9.677 0.0000000000
161194  -54.597  4.119  -10.037 0.0000000000
161195  -54.927  4.379  -10.498 0.0000000000
161196  -55.099  4.391  -11.131 0.0000000000
161217  -53.350  5.619  -11.817 0.0000000000
161218  -53.459  6.223  -13.004 0.0000000000
161219  -53.647  5.873  -12.379 0.0000000000
161220  -53.849  5.439  -11.744 0.0000000000
161221  -54.290  5.116  -11.725 0.0000000000
161222  -54.767  4.743  -11.776 0.0000000000
161223  -55.093  4.169  -11.948 0.0000000000
161224  -54.947  3.847  -12.718 0.0000000000
161225  -54.760  3.473  -13.489 0.0000000000
161226  -54.437  2.965  -14.362 0.0000000000
161227  -54.134  3.905  -14.907 0.0000000000
161228  -54.089  3.135  -15.111 0.0000000000
161229  -54.026  2.422  -15.312 0.0000000000
161230  -53.649  1.859  -16.287 0.0000000000
161231  -53.052  1.333  -17.180 0.0000000000
161232  -52.362  0.827  -18.007 0.0000000000
161233  -52.768  4.944  -17.704 0.0000000000
161234  -52.670  4.110  -17.866 0.0000000000
161235  -52.612  3.317  -17.993 0.0000000000
161236  -51.442  3.269  -19.434 0.0000000000
161237  -51.966  2.933  -18.786 0.0000000000
161238  -52.474  2.592  -18.167 0.0000000000
161239  -52.161  1.804  -18.436 0.0000000000
161240  -51.835  1.061  -18.601 0.0000000000
161241  -51.512  0.331  -18.865 0.0000000000
161242  -50.633  -0.186  -19.732 0.0000000000
161243  -49.821  -0.655  -20.563 0.0000000000
161244  -49.171  -1.113  -21.469 0.0000000000
161245  -48.929  -0.093  -21.851 0.0000000000
161246  -48.784  -0.845  -22.128 0.0000000000
161247  -48.712  -1.641  -22.371 0.0000000000
161248  -48.596  -2.119  -23.256 0.0000000000
161249  -48.839  -2.584  -24.107 0.0000000000
161250  -49.308  -2.920  -24.744 0.0000000000
161307  -48.760  5.620  -23.952 0.0000000000
161308  -48.035  5.130  -25.503 0.0000000000
161309  -48.331  4.947  -24.748 0.0000000000
161310  -48.659  4.816  -23.952 0.0000000000
161311  -48.522  4.038  -24.101 0.0000000000
161312  -48.332  3.235  -24.332 0.0000000000
161313  -48.219  2.456  -24.521 0.0000000000
161314  -49.146  3.348  -29.020 0.0000000000
161315  -48.954  3.000  -28.438 0.0000000000
161316  -48.695  2.655  -27.852 0.0000000000
161317  -50.044  1.905  -28.518 0.0000000000
161318  -49.105  2.075  -27.910 0.0000000000
161319  -48.364  2.362  -27.125 0.0000000000
161320  -48.077  2.074  -26.364 0.0000000000
161321  -48.087  1.887  -25.578 0.0000000000
161322  -48.169  1.683  -24.720 0.0000000000
161323  -48.174  0.963  -24.871 0.0000000000
161324  -48.260  0.185  -25.027 0.0000000000
161325  -48.460  -0.594  -25.092 0.0000000000
161326  -49.558  -0.517  -26.362 0.0000000000
161327  -49.072  -0.955  -25.790 0.0000000000
161328  -48.770  -1.233  -25.236 0.0000000000
161329  -49.187  -1.881  -25.324 0.0000000000
161330  -49.656  -2.531  -25.302 0.0000000000
161331  -50.189  -3.168  -25.298 0.0000000000
161332  -51.230  -3.322  -25.670 0.0000000000
161333  -52.444  -3.392  -25.904 0.0000000000
161334  -53.750  -3.348  -25.965 0.0000000000
161335  -53.805  -2.060  -26.443 0.0000000000
161336  -54.369  -2.693  -26.196 0.0000000000
161337  -54.951  -3.324  -25.943 0.0000000000
161338  -55.922  -3.355  -25.936 0.0000000000
161339  -56.758  -3.525  -25.894 0.0000000000
161340  -57.378  -3.766  -25.906 0.0000000000
161343  -56.355  -1.442  -27.377 0.0000000000
161346  -56.791  -2.131  -27.043 0.0000000000
161347  -57.171  -2.799  -26.753 0.0000000000
161348  -57.507  -3.517  -26.412 0.0000000000
161349  -57.761  -4.159  -26.061 0.0000000000
161350  -58.080  -4.664  -26.214 0.0000000000
161351  -58.145  -5.341  -26.486 0.0000000000
161352  -58.091  -6.052  -26.729 0.0000000000
161354  -57.747  -6.161  -27.338 0.0000000000
161355  -58.039  -6.779  -26.843 0.0000000000
