#!ascii label  , from subject fsaverage vox2ras=TkReg
194
534  -51.685  -14.526  2.526 0.0000000000
2243  -53.669  -9.530  -0.883 0.0000000000
2731  -51.720  -4.092  -7.343 0.0000000000
3870  -57.800  -3.782  -2.788 0.0000000000
4964  -55.030  -12.337  1.319 0.0000000000
4965  -56.063  -9.484  -0.088 0.0000000000
4966  -52.700  -12.275  0.670 0.0000000000
6723  -49.706  -15.109  1.221 0.0000000000
9288  -57.200  -6.452  -1.241 0.0000000000
9290  -50.626  -13.043  -0.328 0.0000000000
9291  -51.394  -10.423  -1.573 0.0000000000
11552  -57.324  -2.478  -3.879 0.0000000000
12640  -51.302  -15.459  3.513 0.0000000000
12642  -52.851  -14.615  2.947 0.0000000000
12644  -53.316  -13.501  1.920 0.0000000000
12645  -53.811  -12.312  1.015 0.0000000000
12646  -52.212  -13.497  1.606 0.0000000000
13950  -51.989  -5.989  -5.294 0.0000000000
20656  -58.551  -8.530  0.099 0.0000000000
20657  -54.943  -9.401  -0.553 0.0000000000
20658  -56.692  -7.953  -0.641 0.0000000000
20659  -55.502  -7.926  -1.184 0.0000000000
20661  -54.149  -8.075  -1.546 0.0000000000
20663  -50.179  -14.144  0.433 0.0000000000
20664  -49.421  -14.966  -0.374 0.0000000000
20666  -50.230  -12.621  -1.694 0.0000000000
20667  -50.560  -11.378  -2.334 0.0000000000
20668  -51.825  -9.145  -2.209 0.0000000000
27370  -55.551  -10.941  0.549 0.0000000000
27371  -54.329  -10.913  0.170 0.0000000000
27372  -53.180  -10.950  -0.137 0.0000000000
28898  -58.799  -7.177  9.218 0.0000000000
29519  -52.862  -3.017  -6.665 0.0000000000
31046  -50.200  -15.499  2.853 0.0000000000
31047  -50.625  -14.553  1.994 0.0000000000
38102  -57.650  -8.210  -0.174 0.0000000000
38103  -58.095  -6.811  -0.856 0.0000000000
38104  -58.362  -5.475  -1.604 0.0000000000
38105  -57.609  -5.018  -1.907 0.0000000000
38108  -51.093  -13.659  1.116 0.0000000000
38109  -51.605  -12.518  0.277 0.0000000000
38110  -52.055  -11.256  -0.490 0.0000000000
38111  -49.843  -13.855  -1.066 0.0000000000
38112  -50.997  -11.793  -0.966 0.0000000000
38113  -52.444  -9.818  -1.109 0.0000000000
38114  -52.942  -8.456  -1.778 0.0000000000
42271  -57.108  -2.983  -3.536 0.0000000000
43362  -52.239  -14.580  2.774 0.0000000000
43363  -53.073  -14.059  2.421 0.0000000000
43364  -52.490  -14.017  2.239 0.0000000000
43365  -52.756  -13.498  1.778 0.0000000000
43366  -51.930  -14.041  2.065 0.0000000000
44671  -52.266  -5.229  -5.609 0.0000000000
46744  -49.542  -6.777  8.512 0.0000000000
51376  -58.331  -9.209  0.441 0.0000000000
51377  -54.317  -9.417  -0.763 0.0000000000
51378  -55.217  -8.674  -0.872 0.0000000000
51379  -54.582  -8.695  -1.082 0.0000000000
51380  -54.838  -7.939  -1.390 0.0000000000
51381  -53.907  -8.766  -1.218 0.0000000000
51386  -50.060  -12.567  -2.490 0.0000000000
51387  -50.209  -11.924  -2.808 0.0000000000
51388  -50.679  -10.753  -2.647 0.0000000000
60970  -54.728  -13.016  1.769 0.0000000000
60971  -55.314  -13.058  1.921 0.0000000000
60972  -55.566  -12.391  1.534 0.0000000000
60974  -55.853  -11.676  1.129 0.0000000000
60975  -56.125  -10.941  0.799 0.0000000000
60976  -55.299  -11.643  0.936 0.0000000000
60977  -53.225  -12.293  0.839 0.0000000000
60978  -54.058  -11.627  0.573 0.0000000000
60979  -53.486  -11.620  0.417 0.0000000000
60980  -53.751  -10.906  0.014 0.0000000000
60981  -52.943  -11.659  0.270 0.0000000000
63574  -57.948  -5.671  8.792 0.0000000000
63575  -57.737  -6.027  8.792 0.0000000000
64893  -53.961  -2.891  -5.538 0.0000000000
68173  -49.952  -15.898  3.334 0.0000000000
68175  -49.619  -15.625  2.491 0.0000000000
75174  -56.908  -1.948  -4.407 0.0000000000
75175  -57.017  -1.443  -4.864 0.0000000000
85013  -57.373  -8.921  0.101 0.0000000000
85014  -56.889  -8.842  -0.114 0.0000000000
85015  -56.951  -7.209  -0.939 0.0000000000
85016  -57.451  -7.320  -0.693 0.0000000000
85017  -57.652  -6.598  -1.031 0.0000000000
85018  -58.238  -6.095  -1.226 0.0000000000
85019  -57.848  -5.885  -1.372 0.0000000000
85020  -58.015  -5.190  -1.734 0.0000000000
85021  -57.377  -5.737  -1.571 0.0000000000
85022  -55.414  -6.415  -1.998 0.0000000000
85027  -50.131  -14.811  1.616 0.0000000000
85028  -50.885  -14.137  1.525 0.0000000000
85029  -50.359  -14.376  1.184 0.0000000000
85030  -50.393  -13.600  0.043 0.0000000000
85031  -50.854  -13.287  0.382 0.0000000000
85032  -51.075  -12.745  -0.003 0.0000000000
85033  -51.801  -11.952  -0.062 0.0000000000
85034  -51.333  -12.131  -0.340 0.0000000000
85038  -50.776  -11.499  -1.608 0.0000000000
85039  -50.576  -12.168  -1.306 0.0000000000
85040  -51.187  -11.120  -1.283 0.0000000000
85041  -51.679  -10.818  -1.013 0.0000000000
85042  -51.853  -10.079  -1.314 0.0000000000
85043  -52.690  -9.156  -1.467 0.0000000000
85044  -52.146  -9.422  -1.637 0.0000000000
85046  -52.616  -8.107  -2.314 0.0000000000
94518  -57.365  -3.617  -2.997 0.0000000000
94519  -57.978  -3.252  -3.194 0.0000000000
94520  -57.548  -3.053  -3.398 0.0000000000
94521  -57.689  -2.571  -3.749 0.0000000000
96487  -53.897  -13.548  2.083 0.0000000000
96488  -54.148  -12.982  1.600 0.0000000000
96489  -54.423  -12.325  1.174 0.0000000000
96490  -53.574  -12.942  1.467 0.0000000000
96491  -53.021  -12.926  1.331 0.0000000000
96492  -52.449  -12.912  1.123 0.0000000000
98840  -52.815  -4.792  -5.213 0.0000000000
98841  -53.096  -4.007  -5.548 0.0000000000
98843  -51.837  -3.325  -7.670 0.0000000000
98844  -52.369  -2.806  -7.321 0.0000000000
98845  -52.480  -2.034  -7.675 0.0000000000
110911  -55.524  -9.416  -0.324 0.0000000000
110912  -56.387  -8.714  -0.363 0.0000000000
110913  -55.819  -8.680  -0.623 0.0000000000
110914  -56.113  -7.928  -0.927 0.0000000000
110915  -56.414  -7.144  -1.206 0.0000000000
110916  -56.636  -6.378  -1.511 0.0000000000
110917  -55.798  -7.144  -1.471 0.0000000000
110918  -55.082  -7.212  -1.712 0.0000000000
110919  -54.404  -7.369  -1.889 0.0000000000
110920  -49.319  -15.476  0.797 0.0000000000
110921  -49.952  -14.655  0.864 0.0000000000
110922  -49.517  -15.032  0.409 0.0000000000
110923  -49.743  -14.503  0.068 0.0000000000
110924  -49.977  -14.007  -0.342 0.0000000000
110928  -50.405  -11.957  -1.992 0.0000000000
110929  -50.968  -10.844  -1.908 0.0000000000
110930  -51.596  -9.796  -1.868 0.0000000000
110931  -51.124  -10.250  -2.202 0.0000000000
110932  -51.324  -9.583  -2.566 0.0000000000
125296  -55.916  -13.108  2.024 0.0000000000
125298  -56.908  -11.881  1.496 0.0000000000
125303  -56.344  -10.254  0.491 0.0000000000
125304  -55.778  -10.193  0.195 0.0000000000
125305  -54.684  -11.649  0.747 0.0000000000
125306  -54.936  -10.936  0.343 0.0000000000
125307  -55.215  -10.166  -0.027 0.0000000000
125308  -54.637  -10.126  -0.231 0.0000000000
125309  -54.029  -10.137  -0.401 0.0000000000
125310  -53.428  -10.198  -0.561 0.0000000000
130589  -51.915  -5.036  -6.346 0.0000000000
130590  -52.652  -3.747  -6.311 0.0000000000
130592  -52.974  -2.320  -7.003 0.0000000000
130593  -53.590  -1.890  -6.665 0.0000000000
134739  -51.162  -14.516  2.267 0.0000000000
134740  -50.398  -15.046  2.409 0.0000000000
134741  -49.899  -15.218  2.054 0.0000000000
134742  -49.458  -15.516  1.642 0.0000000000
138465  -50.113  -5.444  7.724 0.0000000000
143400  -57.370  -1.978  -4.309 0.0000000000
155264  -57.857  -9.032  0.293 0.0000000000
155265  -58.086  -8.378  -0.023 0.0000000000
155266  -58.306  -7.717  -0.343 0.0000000000
155267  -57.201  -8.053  -0.379 0.0000000000
155268  -57.913  -7.501  -0.495 0.0000000000
155269  -58.506  -7.054  -0.702 0.0000000000
155274  -58.130  -4.582  -2.184 0.0000000000
155275  -57.688  -4.397  -2.340 0.0000000000
155276  -56.855  -5.622  -1.814 0.0000000000
155277  -57.061  -4.920  -2.129 0.0000000000
155278  -57.233  -4.243  -2.548 0.0000000000
155282  -51.420  -14.025  1.829 0.0000000000
155283  -51.656  -13.489  1.363 0.0000000000
155284  -51.899  -12.965  0.921 0.0000000000
155285  -50.625  -13.870  0.793 0.0000000000
155286  -51.370  -13.097  0.697 0.0000000000
155287  -52.183  -12.361  0.500 0.0000000000
155288  -52.390  -11.762  0.116 0.0000000000
155289  -52.608  -11.075  -0.305 0.0000000000
155290  -52.837  -10.343  -0.706 0.0000000000
155293  -50.181  -13.451  -0.690 0.0000000000
155294  -49.998  -13.235  -1.370 0.0000000000
155295  -50.409  -12.822  -0.991 0.0000000000
155296  -50.869  -12.448  -0.650 0.0000000000
155297  -51.520  -11.498  -0.689 0.0000000000
155298  -52.249  -10.573  -0.809 0.0000000000
155299  -53.038  -9.665  -0.977 0.0000000000
155300  -53.237  -8.982  -1.319 0.0000000000
155301  -53.489  -8.287  -1.669 0.0000000000
155302  -53.763  -7.565  -1.986 0.0000000000
155303  -52.358  -8.783  -1.949 0.0000000000
155304  -53.175  -7.819  -2.120 0.0000000000
155313  -52.174  -6.909  -4.101 0.0000000000
