#!ascii label  , from subject fsaverage vox2ras=TkReg
1911
18  -27.277  -50.706  39.815 0.0000000000
102  -25.035  -57.818  52.971 0.0000000000
292  -26.919  -54.258  48.135 0.0000000000
293  -27.000  -61.545  45.308 0.0000000000
294  -28.491  -58.763  40.040 0.0000000000
410  -34.112  -58.355  37.116 0.0000000000
477  -34.062  -50.454  52.033 0.0000000000
772  -26.861  -52.075  44.438 0.0000000000
773  -26.068  -56.035  43.038 0.0000000000
1051  -36.105  -46.218  48.864 0.0000000000
1052  -34.666  -44.222  45.615 0.0000000000
1239  -24.208  -61.632  50.452 0.0000000000
1240  -26.907  -62.871  41.271 0.0000000000
1241  -24.431  -61.118  41.113 0.0000000000
1246  -33.697  -63.059  39.437 0.0000000000
1678  -26.394  -56.257  50.822 0.0000000000
1679  -24.795  -59.459  48.183 0.0000000000
1680  -25.603  -57.835  45.914 0.0000000000
1681  -27.908  -60.155  43.315 0.0000000000
1682  -28.959  -62.740  40.919 0.0000000000
1918  -36.818  -58.401  38.246 0.0000000000
2076  -29.186  -55.930  56.216 0.0000000000
2077  -30.316  -53.885  53.826 0.0000000000
2078  -30.048  -51.544  50.597 0.0000000000
2079  -29.290  -49.855  46.166 0.0000000000
2086  -37.420  -47.847  52.895 0.0000000000
2087  -32.751  -48.641  47.106 0.0000000000
2088  -29.146  -48.137  40.838 0.0000000000
2327  -30.641  -58.391  37.450 0.0000000000
2328  -30.871  -62.448  39.416 0.0000000000
2692  -26.878  -51.255  42.173 0.0000000000
2693  -26.571  -53.280  41.729 0.0000000000
3158  -23.311  -61.201  52.040 0.0000000000
3159  -23.774  -59.915  51.258 0.0000000000
3160  -27.033  -62.916  38.608 0.0000000000
3161  -25.890  -61.699  37.967 0.0000000000
3757  -26.716  -55.253  49.720 0.0000000000
3758  -25.387  -56.977  48.271 0.0000000000
3759  -25.756  -55.995  47.073 0.0000000000
3760  -26.866  -57.354  41.203 0.0000000000
3761  -26.660  -58.121  42.794 0.0000000000
3762  -28.065  -59.341  41.752 0.0000000000
3763  -28.739  -61.448  42.201 0.0000000000
3764  -29.260  -60.735  40.827 0.0000000000
4563  -29.864  -55.062  55.127 0.0000000000
4565  -34.702  -51.095  54.241 0.0000000000
4566  -32.433  -51.729  53.473 0.0000000000
4567  -31.940  -50.986  51.434 0.0000000000
4568  -29.740  -50.713  48.497 0.0000000000
4569  -31.454  -50.387  49.133 0.0000000000
4588  -34.540  -46.854  46.135 0.0000000000
4589  -34.689  -47.906  48.101 0.0000000000
4591  -30.636  -48.241  44.058 0.0000000000
5160  -26.000  -60.358  46.687 0.0000000000
5161  -25.589  -61.070  47.958 0.0000000000
5162  -26.127  -62.195  46.267 0.0000000000
5177  -32.214  -58.374  37.012 0.0000000000
5179  -32.141  -62.742  39.273 0.0000000000
5180  -31.522  -64.728  40.433 0.0000000000
5181  -30.302  -64.625  40.337 0.0000000000
5998  -26.909  -53.131  46.377 0.0000000000
5999  -26.219  -55.085  45.431 0.0000000000
6000  -26.467  -54.068  43.693 0.0000000000
6002  -27.401  -56.708  39.569 0.0000000000
6485  -37.018  -50.919  57.233 0.0000000000
6486  -36.874  -50.367  54.889 0.0000000000
6499  -35.582  -45.194  47.186 0.0000000000
6509  -39.922  -41.143  38.202 0.0000000000
6510  -41.426  -42.409  38.868 0.0000000000
6512  -42.844  -40.563  38.987 0.0000000000
6838  -23.758  -62.666  51.621 0.0000000000
6840  -27.317  -62.744  43.684 0.0000000000
6841  -26.288  -62.713  44.093 0.0000000000
6842  -25.784  -61.976  40.875 0.0000000000
6850  -33.902  -60.762  38.227 0.0000000000
7756  -25.736  -56.999  51.989 0.0000000000
7757  -24.315  -58.654  50.367 0.0000000000
7758  -24.851  -57.749  49.340 0.0000000000
7759  -25.204  -58.657  47.030 0.0000000000
7760  -26.317  -59.795  45.394 0.0000000000
7761  -25.809  -56.884  44.592 0.0000000000
7762  -26.597  -58.976  44.225 0.0000000000
7763  -27.582  -60.985  44.388 0.0000000000
7764  -28.103  -62.281  43.057 0.0000000000
7765  -28.073  -63.173  41.422 0.0000000000
7766  -28.093  -64.152  39.617 0.0000000000
8353  -28.041  -50.428  37.535 0.0000000000
8354  -28.003  -52.384  37.230 0.0000000000
8355  -29.314  -52.334  35.499 0.0000000000
8357  -33.948  -56.166  35.853 0.0000000000
8358  -35.246  -54.285  34.375 0.0000000000
8360  -35.545  -58.525  37.545 0.0000000000
8787  -26.003  -57.516  55.617 0.0000000000
8796  -27.016  -56.642  54.749 0.0000000000
8799  -28.460  -54.045  51.098 0.0000000000
8800  -32.613  -52.861  55.212 0.0000000000
8801  -30.289  -52.592  52.342 0.0000000000
8802  -28.342  -52.783  49.525 0.0000000000
8803  -28.023  -51.514  47.689 0.0000000000
8804  -27.823  -50.551  45.473 0.0000000000
8805  -27.776  -49.905  43.075 0.0000000000
8825  -37.706  -48.444  55.353 0.0000000000
8826  -36.016  -49.757  52.153 0.0000000000
8827  -36.710  -47.150  50.678 0.0000000000
8828  -35.152  -49.008  50.007 0.0000000000
8829  -33.344  -49.783  49.308 0.0000000000
8830  -30.928  -49.360  46.498 0.0000000000
8831  -29.030  -48.959  43.442 0.0000000000
8832  -28.102  -49.250  40.166 0.0000000000
9521  -24.549  -60.528  49.291 0.0000000000
9522  -25.133  -62.134  49.094 0.0000000000
9524  -24.957  -62.252  44.380 0.0000000000
9540  -28.653  -56.331  37.986 0.0000000000
9541  -29.371  -58.438  38.359 0.0000000000
9542  -32.334  -60.658  38.043 0.0000000000
9543  -30.921  -60.365  38.376 0.0000000000
9544  -29.921  -60.357  39.350 0.0000000000
9545  -29.869  -62.288  40.029 0.0000000000
9546  -29.153  -64.619  40.349 0.0000000000
10372  -27.010  -50.955  41.004 0.0000000000
10373  -26.767  -51.936  40.814 0.0000000000
10837  -24.601  -58.309  53.501 0.0000000000
10838  -23.792  -59.442  52.558 0.0000000000
10839  -24.144  -58.786  52.167 0.0000000000
10841  -26.694  -62.792  37.039 0.0000000000
11437  -26.879  -54.772  48.946 0.0000000000
11438  -26.082  -55.620  48.433 0.0000000000
11439  -26.289  -55.158  47.581 0.0000000000
11440  -27.620  -58.010  40.584 0.0000000000
11441  -27.401  -58.365  41.391 0.0000000000
11442  -28.239  -59.025  40.880 0.0000000000
11443  -28.810  -60.073  41.283 0.0000000000
11444  -29.006  -59.671  40.485 0.0000000000
12245  -34.398  -50.742  53.161 0.0000000000
12246  -33.272  -50.968  52.863 0.0000000000
12247  -32.966  -50.687  51.729 0.0000000000
12248  -31.716  -50.676  50.329 0.0000000000
12249  -32.741  -50.453  50.582 0.0000000000
12269  -33.313  -47.169  45.702 0.0000000000
12840  -26.562  -60.892  46.005 0.0000000000
12841  -26.267  -61.218  46.625 0.0000000000
12842  -26.594  -61.822  45.769 0.0000000000
12855  -33.207  -57.239  36.533 0.0000000000
12857  -33.134  -58.283  37.051 0.0000000000
12861  -30.998  -65.845  40.961 0.0000000000
13837  -26.882  -52.558  45.455 0.0000000000
13838  -26.618  -53.554  45.041 0.0000000000
13839  -26.640  -53.075  44.076 0.0000000000
13843  -26.726  -55.957  40.222 0.0000000000
13844  -27.097  -55.651  39.402 0.0000000000
14560  -43.215  -39.660  39.510 0.0000000000
14646  -37.097  -50.121  58.568 0.0000000000
14647  -37.398  -49.894  57.558 0.0000000000
14648  -37.058  -50.570  56.061 0.0000000000
14669  -34.777  -44.293  47.353 0.0000000000
14670  -35.145  -44.656  46.358 0.0000000000
14688  -40.653  -40.976  38.362 0.0000000000
14692  -42.601  -39.806  39.027 0.0000000000
14693  -43.508  -40.454  39.339 0.0000000000
15235  -23.694  -61.497  51.149 0.0000000000
15236  -23.469  -62.006  51.630 0.0000000000
15237  -23.981  -62.173  51.035 0.0000000000
15239  -24.405  -62.334  50.496 0.0000000000
15240  -27.169  -62.921  42.506 0.0000000000
15241  -26.521  -62.768  42.512 0.0000000000
15242  -26.337  -62.438  40.987 0.0000000000
17032  -26.106  -56.685  51.445 0.0000000000
17033  -25.108  -57.304  50.649 0.0000000000
17034  -25.516  -56.969  50.138 0.0000000000
17035  -25.408  -57.328  47.039 0.0000000000
17036  -25.126  -57.826  47.543 0.0000000000
17037  -25.372  -58.306  46.462 0.0000000000
17038  -25.669  -59.235  46.097 0.0000000000
17039  -25.864  -58.909  45.522 0.0000000000
17040  -26.052  -55.504  44.159 0.0000000000
17041  -25.917  -55.905  45.049 0.0000000000
17042  -25.916  -56.473  43.842 0.0000000000
17043  -27.294  -59.164  43.029 0.0000000000
17044  -26.637  -58.579  43.517 0.0000000000
17045  -27.240  -59.564  43.760 0.0000000000
17046  -27.140  -59.989  44.361 0.0000000000
17047  -27.764  -60.608  43.837 0.0000000000
17048  -27.964  -61.679  43.741 0.0000000000
17049  -28.205  -61.317  43.300 0.0000000000
17050  -28.835  -62.024  41.531 0.0000000000
17051  -28.539  -62.445  41.971 0.0000000000
17052  -28.580  -63.009  41.298 0.0000000000
17053  -28.038  -63.559  40.477 0.0000000000
17054  -28.529  -63.632  40.672 0.0000000000
18382  -28.525  -50.350  36.509 0.0000000000
18383  -28.478  -51.316  36.384 0.0000000000
18388  -32.772  -55.247  35.192 0.0000000000
18389  -33.560  -55.336  35.046 0.0000000000
18397  -36.228  -58.497  37.881 0.0000000000
18398  -36.280  -59.788  38.516 0.0000000000
18399  -36.830  -59.629  38.948 0.0000000000
19442  -28.022  -56.262  55.511 0.0000000000
19443  -27.331  -56.338  54.257 0.0000000000
19444  -28.354  -55.897  55.031 0.0000000000
19445  -30.162  -54.481  54.475 0.0000000000
19448  -28.285  -54.594  51.795 0.0000000000
19449  -29.342  -53.920  52.480 0.0000000000
19453  -31.182  -51.608  51.997 0.0000000000
19454  -31.369  -52.076  52.944 0.0000000000
19455  -30.177  -52.008  51.544 0.0000000000
19456  -29.251  -52.653  51.023 0.0000000000
19457  -29.101  -52.127  50.149 0.0000000000
19458  -28.135  -52.152  48.641 0.0000000000
19459  -28.998  -51.514  49.174 0.0000000000
19460  -29.454  -50.258  47.320 0.0000000000
19461  -28.586  -50.527  46.966 0.0000000000
19462  -28.529  -50.136  45.766 0.0000000000
19463  -27.743  -50.179  44.278 0.0000000000
19464  -28.446  -49.771  44.633 0.0000000000
19513  -37.420  -47.013  54.366 0.0000000000
19515  -37.626  -48.188  54.168 0.0000000000
19516  -37.275  -49.300  53.734 0.0000000000
19517  -36.875  -48.993  52.593 0.0000000000
19518  -36.083  -45.639  50.011 0.0000000000
19519  -36.465  -45.973  51.016 0.0000000000
19520  -36.385  -46.723  49.700 0.0000000000
19521  -33.622  -48.316  47.686 0.0000000000
19522  -34.930  -48.492  49.112 0.0000000000
19523  -33.923  -48.898  48.581 0.0000000000
19524  -34.284  -49.433  49.562 0.0000000000
19525  -33.002  -49.237  48.110 0.0000000000
19526  -32.114  -49.610  47.926 0.0000000000
19527  -31.811  -48.992  46.707 0.0000000000
19528  -29.767  -48.152  42.520 0.0000000000
19529  -29.776  -48.589  43.682 0.0000000000
19530  -29.071  -48.523  42.124 0.0000000000
19531  -28.414  -49.014  41.791 0.0000000000
19532  -28.623  -48.679  40.502 0.0000000000
19533  -28.326  -49.029  39.048 0.0000000000
19534  -28.777  -48.376  39.397 0.0000000000
19585  -42.208  -42.278  39.032 0.0000000000
21240  -24.452  -59.054  49.184 0.0000000000
21241  -24.250  -59.627  49.629 0.0000000000
21242  -24.666  -59.990  48.754 0.0000000000
21243  -25.659  -62.075  47.755 0.0000000000
21244  -25.395  -61.647  48.525 0.0000000000
21245  -25.377  -62.531  48.310 0.0000000000
21248  -25.364  -62.037  42.600 0.0000000000
21249  -25.673  -62.568  44.268 0.0000000000
21250  -24.667  -61.661  42.758 0.0000000000
21285  -28.810  -53.345  36.377 0.0000000000
21287  -28.986  -54.300  36.653 0.0000000000
21288  -30.472  -57.352  37.080 0.0000000000
21289  -29.446  -56.304  37.302 0.0000000000
21290  -29.708  -57.306  37.551 0.0000000000
21291  -29.005  -57.370  38.126 0.0000000000
21292  -29.979  -58.340  37.806 0.0000000000
21293  -33.841  -61.961  38.820 0.0000000000
21294  -33.125  -60.699  38.084 0.0000000000
21295  -32.981  -61.828  38.652 0.0000000000
21296  -31.426  -62.589  39.308 0.0000000000
21297  -31.595  -61.539  38.699 0.0000000000
21298  -30.967  -61.293  39.003 0.0000000000
21299  -30.398  -60.273  38.820 0.0000000000
21300  -30.420  -61.291  39.428 0.0000000000
21301  -30.021  -61.301  39.779 0.0000000000
21302  -30.363  -62.329  39.700 0.0000000000
21303  -29.657  -65.795  40.619 0.0000000000
21304  -29.743  -64.642  40.350 0.0000000000
23278  -26.854  -51.611  43.348 0.0000000000
23279  -26.594  -52.620  43.043 0.0000000000
23280  -26.678  -52.269  41.933 0.0000000000
24116  -23.157  -60.718  53.213 0.0000000000
24117  -23.440  -60.122  52.857 0.0000000000
24118  -23.510  -60.604  51.652 0.0000000000
24119  -23.915  -60.815  50.681 0.0000000000
24120  -26.916  -62.683  39.933 0.0000000000
24121  -26.356  -62.217  39.601 0.0000000000
24122  -26.496  -62.315  38.234 0.0000000000
25195  -26.541  -55.741  50.264 0.0000000000
25196  -25.786  -56.594  49.574 0.0000000000
25197  -25.933  -56.069  49.024 0.0000000000
25198  -25.585  -56.493  47.735 0.0000000000
25199  -25.550  -56.842  46.485 0.0000000000
25200  -26.341  -56.628  41.959 0.0000000000
25201  -26.212  -57.072  42.834 0.0000000000
25202  -26.747  -57.745  42.017 0.0000000000
25203  -27.348  -58.725  42.258 0.0000000000
25204  -27.993  -59.779  42.583 0.0000000000
25205  -28.440  -60.865  42.773 0.0000000000
25206  -28.603  -60.430  42.135 0.0000000000
25207  -29.013  -61.063  41.602 0.0000000000
25208  -29.161  -61.740  40.927 0.0000000000
26015  -37.361  -59.451  39.357 0.0000000000
26643  -29.541  -55.523  55.725 0.0000000000
26644  -30.834  -55.203  56.259 0.0000000000
26645  -31.177  -54.555  55.697 0.0000000000
26646  -31.421  -53.917  55.107 0.0000000000
26648  -33.732  -51.801  55.007 0.0000000000
26649  -33.503  -51.374  53.923 0.0000000000
26650  -32.199  -51.278  52.474 0.0000000000
26651  -31.003  -51.201  51.067 0.0000000000
26652  -29.929  -51.119  49.612 0.0000000000
26653  -30.781  -50.918  50.032 0.0000000000
26654  -30.539  -50.524  48.894 0.0000000000
26655  -30.316  -50.085  47.744 0.0000000000
26687  -37.172  -46.683  53.217 0.0000000000
26688  -35.617  -46.697  47.577 0.0000000000
26689  -35.665  -47.212  48.451 0.0000000000
26690  -34.538  -47.355  47.092 0.0000000000
26691  -33.436  -47.718  46.729 0.0000000000
26692  -32.498  -48.020  46.227 0.0000000000
26693  -31.629  -48.448  45.554 0.0000000000
26694  -31.499  -47.847  44.616 0.0000000000
26695  -30.603  -47.727  42.874 0.0000000000
26696  -29.840  -47.682  41.262 0.0000000000
26697  -29.334  -47.834  39.775 0.0000000000
26698  -30.022  -47.302  40.351 0.0000000000
27720  -25.346  -59.884  47.384 0.0000000000
27721  -25.192  -60.292  48.022 0.0000000000
27722  -25.776  -60.693  47.311 0.0000000000
27723  -25.904  -61.589  47.186 0.0000000000
27724  -25.774  -62.566  46.838 0.0000000000
27750  -31.206  -57.350  36.740 0.0000000000
27751  -31.397  -58.419  37.179 0.0000000000
27753  -32.879  -62.840  39.314 0.0000000000
27754  -32.697  -63.881  39.936 0.0000000000
27755  -31.853  -63.759  39.819 0.0000000000
27756  -31.185  -63.625  39.814 0.0000000000
27757  -30.657  -63.490  39.903 0.0000000000
27758  -30.809  -64.725  40.385 0.0000000000
27759  -30.230  -65.874  40.751 0.0000000000
29356  -26.977  -53.631  47.294 0.0000000000
29357  -26.498  -54.547  46.724 0.0000000000
29358  -26.593  -54.036  45.939 0.0000000000
29359  -26.385  -54.554  44.566 0.0000000000
29360  -26.234  -55.096  43.271 0.0000000000
29361  -26.525  -53.635  42.739 0.0000000000
29363  -26.212  -55.629  42.092 0.0000000000
29364  -26.487  -56.274  41.053 0.0000000000
29365  -27.086  -57.025  40.370 0.0000000000
29366  -27.885  -57.777  39.765 0.0000000000
30488  -36.932  -51.179  58.282 0.0000000000
30490  -36.081  -51.198  55.710 0.0000000000
30491  -35.887  -50.809  54.640 0.0000000000
30492  -35.435  -50.524  53.410 0.0000000000
30518  -35.699  -45.210  49.139 0.0000000000
30520  -35.262  -44.735  48.234 0.0000000000
30521  -35.827  -45.689  48.006 0.0000000000
30522  -35.494  -46.185  46.693 0.0000000000
30529  -34.630  -44.346  43.831 0.0000000000
30544  -39.086  -41.213  38.078 0.0000000000
30545  -39.949  -41.804  38.286 0.0000000000
30546  -40.849  -42.633  38.715 0.0000000000
30547  -40.739  -41.671  38.410 0.0000000000
30549  -42.231  -41.380  38.736 0.0000000000
30551  -42.147  -40.667  38.710 0.0000000000
30552  -42.950  -41.268  38.963 0.0000000000
31320  -27.242  -62.244  44.552 0.0000000000
31321  -26.791  -62.450  44.919 0.0000000000
31322  -26.802  -62.822  43.895 0.0000000000
31323  -25.969  -62.354  42.406 0.0000000000
31324  -25.088  -61.485  40.878 0.0000000000
31325  -25.751  -61.719  39.342 0.0000000000
31341  -34.980  -59.652  37.865 0.0000000000
31342  -34.130  -59.559  37.689 0.0000000000
31343  -34.831  -60.783  38.422 0.0000000000
31344  -34.626  -62.013  38.968 0.0000000000
33670  -25.451  -57.379  52.474 0.0000000000
33671  -24.540  -58.249  51.673 0.0000000000
33672  -24.804  -57.683  51.209 0.0000000000
33673  -24.508  -58.214  49.868 0.0000000000
33674  -24.673  -58.607  48.653 0.0000000000
33675  -25.150  -57.431  48.763 0.0000000000
33676  -24.900  -58.194  48.091 0.0000000000
33677  -25.022  -59.000  47.617 0.0000000000
33678  -25.575  -59.520  46.797 0.0000000000
33679  -26.215  -60.096  46.022 0.0000000000
33680  -26.803  -60.648  45.423 0.0000000000
33681  -25.991  -55.524  46.239 0.0000000000
33682  -25.714  -56.368  45.821 0.0000000000
33683  -25.750  -57.349  45.347 0.0000000000
33684  -26.125  -57.477  43.591 0.0000000000
33685  -26.112  -57.924  44.282 0.0000000000
33686  -25.997  -58.424  44.969 0.0000000000
33687  -26.493  -59.421  44.835 0.0000000000
33688  -27.026  -60.362  44.945 0.0000000000
33689  -27.296  -61.302  44.832 0.0000000000
33690  -27.644  -61.987  44.145 0.0000000000
33691  -27.778  -62.545  43.422 0.0000000000
33692  -27.707  -62.899  42.428 0.0000000000
33693  -28.424  -61.913  42.581 0.0000000000
33694  -28.152  -62.696  42.253 0.0000000000
33695  -27.553  -63.027  41.413 0.0000000000
33696  -27.452  -63.175  40.260 0.0000000000
33697  -27.554  -63.554  39.086 0.0000000000
33698  -27.677  -64.310  38.220 0.0000000000
35347  -27.625  -50.506  38.701 0.0000000000
35348  -27.478  -51.480  38.377 0.0000000000
35349  -27.938  -51.355  37.355 0.0000000000
35350  -28.611  -52.350  36.303 0.0000000000
35356  -33.077  -56.149  35.959 0.0000000000
35360  -34.254  -54.269  34.338 0.0000000000
35362  -35.282  -55.297  35.096 0.0000000000
35363  -34.430  -55.316  35.040 0.0000000000
35366  -34.885  -58.411  37.254 0.0000000000
35367  -35.634  -59.734  38.191 0.0000000000
35368  -36.355  -60.981  39.093 0.0000000000
36609  -25.604  -57.635  54.414 0.0000000000
36636  -26.095  -57.185  53.895 0.0000000000
36637  -26.380  -56.811  53.408 0.0000000000
36638  -26.662  -56.481  52.978 0.0000000000
36639  -26.913  -56.077  52.368 0.0000000000
36642  -27.080  -55.585  51.800 0.0000000000
36644  -27.520  -54.661  50.429 0.0000000000
36645  -27.614  -54.125  49.655 0.0000000000
36648  -31.429  -53.315  54.425 0.0000000000
36649  -32.568  -52.258  54.419 0.0000000000
36650  -31.480  -52.663  53.777 0.0000000000
36651  -30.285  -53.219  53.112 0.0000000000
36652  -29.330  -53.329  51.818 0.0000000000
36653  -28.461  -53.446  50.307 0.0000000000
36654  -27.555  -53.524  48.792 0.0000000000
36655  -27.514  -52.855  47.989 0.0000000000
36656  -27.349  -52.252  47.063 0.0000000000
36657  -27.286  -51.716  46.108 0.0000000000
36658  -28.824  -50.977  48.042 0.0000000000
36659  -27.856  -51.005  46.593 0.0000000000
36660  -27.248  -51.218  45.017 0.0000000000
36661  -27.209  -50.786  43.884 0.0000000000
36662  -27.240  -50.442  42.716 0.0000000000
36663  -27.365  -50.195  41.450 0.0000000000
36724  -37.524  -49.579  55.015 0.0000000000
36725  -36.442  -50.091  53.475 0.0000000000
36726  -35.059  -50.195  51.984 0.0000000000
36728  -36.810  -46.361  52.018 0.0000000000
36729  -37.084  -47.478  51.814 0.0000000000
36730  -35.979  -47.817  49.413 0.0000000000
36731  -36.175  -48.242  50.382 0.0000000000
36732  -36.569  -48.625  51.497 0.0000000000
36733  -35.594  -49.456  51.004 0.0000000000
36734  -34.637  -49.849  50.653 0.0000000000
36735  -33.643  -50.181  50.613 0.0000000000
36736  -32.392  -50.075  49.259 0.0000000000
36737  -31.149  -49.855  47.848 0.0000000000
36738  -30.015  -49.616  46.392 0.0000000000
36739  -30.723  -48.799  45.166 0.0000000000
36740  -29.910  -49.143  45.040 0.0000000000
36741  -29.159  -49.409  44.823 0.0000000000
36742  -28.420  -49.375  43.215 0.0000000000
36743  -27.860  -49.523  41.609 0.0000000000
36744  -27.652  -49.914  39.988 0.0000000000
36745  -27.995  -49.734  38.826 0.0000000000
36746  -28.334  -49.623  37.667 0.0000000000
38801  -24.087  -59.272  50.834 0.0000000000
38802  -24.093  -60.239  50.111 0.0000000000
38803  -24.415  -61.088  49.829 0.0000000000
38804  -25.074  -60.798  48.615 0.0000000000
38805  -24.914  -61.299  49.186 0.0000000000
38806  -24.767  -61.798  49.847 0.0000000000
38810  -26.334  -62.652  45.271 0.0000000000
38813  -23.983  -61.319  42.980 0.0000000000
38858  -29.181  -55.241  37.035 0.0000000000
38859  -28.464  -55.333  37.753 0.0000000000
38860  -27.732  -55.436  38.544 0.0000000000
38861  -28.019  -56.487  38.697 0.0000000000
38862  -28.353  -57.498  38.863 0.0000000000
38863  -28.869  -58.523  39.065 0.0000000000
38864  -33.196  -59.545  37.581 0.0000000000
38865  -32.368  -59.516  37.529 0.0000000000
38866  -31.481  -59.462  37.701 0.0000000000
38867  -32.254  -61.737  38.587 0.0000000000
38868  -31.579  -60.558  38.165 0.0000000000
38869  -30.783  -59.366  37.887 0.0000000000
38870  -30.182  -59.370  38.273 0.0000000000
38871  -29.688  -59.379  38.792 0.0000000000
38872  -29.314  -59.495  39.542 0.0000000000
38873  -29.578  -60.471  40.047 0.0000000000
38874  -29.550  -61.462  40.254 0.0000000000
38875  -29.327  -62.481  40.517 0.0000000000
38876  -30.197  -63.404  40.119 0.0000000000
38877  -29.624  -63.415  40.293 0.0000000000
38878  -29.112  -63.598  40.557 0.0000000000
38879  -28.622  -64.595  40.125 0.0000000000
38880  -28.173  -65.114  39.146 0.0000000000
38881  -27.913  -65.257  37.791 0.0000000000
41092  -27.124  -50.807  40.431 0.0000000000
41093  -26.990  -51.279  40.336 0.0000000000
41094  -27.136  -51.162  39.775 0.0000000000
41557  -24.820  -58.060  53.242 0.0000000000
41558  -24.328  -58.576  52.803 0.0000000000
41559  -24.540  -58.236  52.629 0.0000000000
42157  -26.887  -54.547  48.539 0.0000000000
42158  -26.566  -54.952  48.282 0.0000000000
42159  -26.592  -54.724  47.867 0.0000000000
42160  -28.043  -58.353  40.290 0.0000000000
42161  -27.926  -58.506  40.709 0.0000000000
42162  -28.364  -58.895  40.453 0.0000000000
42163  -28.641  -59.335  40.665 0.0000000000
42164  -28.773  -59.216  40.272 0.0000000000
42965  -34.208  -50.621  52.562 0.0000000000
42966  -33.661  -50.704  52.466 0.0000000000
42967  -33.491  -50.554  51.896 0.0000000000
42968  -32.857  -50.565  51.176 0.0000000000
42969  -33.383  -50.446  51.306 0.0000000000
43560  -26.799  -61.179  45.681 0.0000000000
43561  -26.620  -61.328  45.950 0.0000000000
43562  -26.815  -61.652  45.561 0.0000000000
43576  -33.136  -57.773  36.811 0.0000000000
43577  -33.664  -58.355  37.142 0.0000000000
44557  -26.857  -52.304  44.924 0.0000000000
44558  -26.733  -52.806  44.752 0.0000000000
44559  -26.744  -52.566  44.242 0.0000000000
45388  -34.414  -44.006  46.051 0.0000000000
45389  -34.719  -44.259  46.492 0.0000000000
45390  -34.920  -44.440  46.018 0.0000000000
45391  -35.178  -44.898  45.741 0.0000000000
45398  -34.171  -43.410  42.114 0.0000000000
45413  -42.901  -39.729  39.261 0.0000000000
45955  -23.981  -61.610  50.753 0.0000000000
45956  -23.859  -61.864  51.059 0.0000000000
45957  -24.108  -61.923  50.738 0.0000000000
45958  -24.213  -62.270  50.780 0.0000000000
45959  -24.318  -61.971  50.471 0.0000000000
45960  -27.059  -62.920  41.864 0.0000000000
45961  -26.731  -62.761  41.803 0.0000000000
45962  -26.633  -62.669  41.129 0.0000000000
47752  -26.290  -56.544  51.140 0.0000000000
47753  -25.781  -56.804  50.784 0.0000000000
47754  -25.956  -56.618  50.496 0.0000000000
47755  -25.468  -57.579  46.468 0.0000000000
47756  -25.362  -57.816  46.731 0.0000000000
47757  -25.466  -58.093  46.176 0.0000000000
47758  -25.576  -58.597  45.950 0.0000000000
47759  -25.674  -58.371  45.703 0.0000000000
47760  -26.005  -55.768  43.548 0.0000000000
47761  -25.928  -55.965  44.000 0.0000000000
47762  -25.989  -56.255  43.461 0.0000000000
47763  -27.628  -59.643  43.193 0.0000000000
47764  -27.316  -59.357  43.439 0.0000000000
47765  -27.603  -59.843  43.548 0.0000000000
47766  -27.563  -60.066  43.832 0.0000000000
47767  -27.868  -60.405  43.565 0.0000000000
47768  -28.032  -61.004  43.520 0.0000000000
47769  -28.136  -60.757  43.304 0.0000000000
47770  -28.906  -62.350  41.190 0.0000000000
47771  -28.747  -62.480  41.428 0.0000000000
47772  -28.771  -62.852  41.146 0.0000000000
47773  -28.562  -63.322  40.979 0.0000000000
47774  -28.795  -63.230  40.866 0.0000000000
49108  -32.988  -54.855  34.789 0.0000000000
49109  -33.431  -54.858  34.740 0.0000000000
49117  -36.530  -58.462  38.067 0.0000000000
49118  -36.537  -59.064  38.443 0.0000000000
49119  -36.817  -59.029  38.645 0.0000000000
50162  -28.601  -56.081  55.886 0.0000000000
50163  -28.221  -56.091  55.284 0.0000000000
50164  -28.780  -55.895  55.644 0.0000000000
50165  -30.249  -54.220  54.126 0.0000000000
50167  -29.766  -54.230  53.479 0.0000000000
50168  -29.277  -54.248  52.767 0.0000000000
50169  -29.811  -53.918  53.141 0.0000000000
50173  -30.618  -51.534  51.301 0.0000000000
50174  -30.682  -51.768  51.771 0.0000000000
50175  -30.136  -51.762  51.105 0.0000000000
50176  -29.643  -52.026  50.861 0.0000000000
50177  -29.587  -51.809  50.394 0.0000000000
50178  -29.087  -51.845  49.645 0.0000000000
50179  -29.523  -51.573  49.871 0.0000000000
50180  -29.361  -50.056  46.736 0.0000000000
50181  -28.946  -50.170  46.556 0.0000000000
50182  -28.895  -49.990  45.961 0.0000000000
50183  -28.468  -49.966  45.209 0.0000000000
50184  -28.848  -49.800  45.391 0.0000000000
50233  -37.540  -47.456  53.664 0.0000000000
50234  -37.614  -47.614  54.292 0.0000000000
50235  -37.532  -48.008  53.553 0.0000000000
50236  -37.375  -48.575  53.397 0.0000000000
50237  -37.247  -48.404  52.758 0.0000000000
50238  -36.155  -45.926  49.448 0.0000000000
50239  -36.304  -46.148  49.872 0.0000000000
50240  -36.208  -46.475  49.247 0.0000000000
50241  -33.182  -48.484  47.405 0.0000000000
50242  -33.781  -48.620  48.121 0.0000000000
50243  -33.322  -48.779  47.835 0.0000000000
50244  -33.464  -49.072  48.326 0.0000000000
50245  -32.883  -48.963  47.602 0.0000000000
50246  -32.378  -49.138  47.445 0.0000000000
50247  -32.284  -48.811  46.886 0.0000000000
50248  -29.409  -48.112  41.650 0.0000000000
50249  -29.410  -48.328  42.309 0.0000000000
50250  -29.097  -48.337  41.467 0.0000000000
50251  -28.805  -48.558  41.292 0.0000000000
50252  -28.865  -48.397  40.650 0.0000000000
50253  -28.686  -48.526  39.948 0.0000000000
50254  -28.917  -48.236  40.126 0.0000000000
51960  -24.593  -59.229  48.669 0.0000000000
51961  -24.517  -59.501  48.937 0.0000000000
51962  -24.774  -59.681  48.465 0.0000000000
51963  -25.628  -62.578  47.588 0.0000000000
51964  -25.521  -62.326  48.029 0.0000000000
51968  -24.886  -61.540  41.847 0.0000000000
51969  -25.053  -61.848  42.693 0.0000000000
51970  -24.527  -61.356  41.931 0.0000000000
52006  -28.898  -53.829  36.509 0.0000000000
52008  -30.591  -57.835  37.277 0.0000000000
52009  -30.082  -57.326  37.309 0.0000000000
52010  -30.210  -57.834  37.453 0.0000000000
52011  -29.840  -57.853  37.650 0.0000000000
52012  -30.295  -58.362  37.610 0.0000000000
52013  -33.768  -62.485  39.125 0.0000000000
52014  -33.416  -61.837  38.724 0.0000000000
52015  -33.362  -62.420  39.009 0.0000000000
52016  -31.155  -62.467  39.336 0.0000000000
52017  -31.228  -61.951  39.112 0.0000000000
52018  -30.927  -61.875  39.230 0.0000000000
52019  -30.635  -61.280  39.204 0.0000000000
52020  -30.649  -61.851  39.378 0.0000000000
52021  -30.408  -61.816  39.542 0.0000000000
52022  -30.627  -62.381  39.544 0.0000000000
52024  -29.359  -65.776  40.556 0.0000000000
54157  -26.864  -51.431  42.762 0.0000000000
54158  -26.767  -51.935  42.623 0.0000000000
54159  -26.763  -51.750  42.055 0.0000000000
55553  -23.452  -59.852  53.509 0.0000000000
55554  -23.672  -59.480  53.420 0.0000000000
55555  -23.769  -59.695  51.887 0.0000000000
55556  -23.623  -60.020  52.100 0.0000000000
55557  -23.648  -60.196  51.540 0.0000000000
55558  -23.699  -60.715  51.149 0.0000000000
55559  -23.796  -60.379  50.943 0.0000000000
55560  -26.967  -62.707  39.239 0.0000000000
55561  -26.672  -62.458  39.095 0.0000000000
55562  -26.753  -62.609  38.390 0.0000000000
57352  -26.630  -55.486  50.017 0.0000000000
57353  -26.234  -55.883  49.662 0.0000000000
57354  -26.345  -55.635  49.371 0.0000000000
57355  -25.892  -55.836  47.713 0.0000000000
57356  -25.808  -56.062  48.068 0.0000000000
57357  -25.686  -56.257  47.388 0.0000000000
57358  -25.545  -56.660  47.063 0.0000000000
57359  -25.625  -56.390  46.774 0.0000000000
57360  -26.585  -57.008  41.538 0.0000000000
57361  -26.516  -57.214  41.960 0.0000000000
57362  -26.770  -57.566  41.559 0.0000000000
57363  -27.744  -58.838  41.583 0.0000000000
57364  -27.375  -58.537  41.840 0.0000000000
57365  -27.704  -59.031  42.001 0.0000000000
57366  -27.683  -59.252  42.431 0.0000000000
57367  -28.028  -59.573  42.182 0.0000000000
57368  -28.336  -60.078  42.403 0.0000000000
57369  -28.383  -59.899  41.959 0.0000000000
57370  -29.092  -60.420  41.075 0.0000000000
57371  -28.969  -60.581  41.505 0.0000000000
57372  -29.137  -60.902  41.204 0.0000000000
57373  -29.095  -61.390  41.255 0.0000000000
57374  -29.249  -61.238  40.897 0.0000000000
58718  -37.619  -58.778  39.160 0.0000000000
59763  -30.720  -55.402  56.571 0.0000000000
59768  -31.318  -54.237  55.408 0.0000000000
59770  -34.792  -51.293  54.791 0.0000000000
59771  -34.163  -51.427  54.640 0.0000000000
59772  -34.117  -51.252  54.052 0.0000000000
59773  -32.613  -50.953  52.130 0.0000000000
59774  -32.718  -51.110  52.658 0.0000000000
59775  -32.096  -51.131  51.943 0.0000000000
59776  -31.582  -51.280  51.765 0.0000000000
59777  -31.459  -51.108  51.264 0.0000000000
59778  -30.850  -51.074  50.533 0.0000000000
59779  -31.324  -50.963  50.735 0.0000000000
59780  -31.583  -50.532  49.737 0.0000000000
59781  -31.116  -50.625  49.629 0.0000000000
59782  -30.979  -50.459  49.004 0.0000000000
59783  -30.428  -50.299  48.310 0.0000000000
59784  -30.884  -50.230  48.461 0.0000000000
59838  -35.076  -46.789  46.841 0.0000000000
59839  -35.157  -47.083  47.339 0.0000000000
59840  -34.541  -47.102  46.619 0.0000000000
59842  -33.350  -47.417  46.213 0.0000000000
59843  -32.894  -47.579  46.007 0.0000000000
59844  -32.968  -47.869  46.501 0.0000000000
59845  -32.417  -47.755  45.765 0.0000000000
59850  -30.620  -47.477  42.355 0.0000000000
59851  -30.195  -47.696  42.054 0.0000000000
59852  -30.249  -47.464  41.558 0.0000000000
59853  -29.915  -47.513  40.823 0.0000000000
59854  -30.312  -47.264  41.121 0.0000000000
61560  -25.678  -60.099  47.024 0.0000000000
61561  -25.588  -60.306  47.346 0.0000000000
61562  -25.890  -60.516  47.004 0.0000000000
61563  -26.220  -61.733  46.457 0.0000000000
61564  -26.116  -61.444  46.897 0.0000000000
61565  -26.050  -61.907  46.736 0.0000000000
61566  -25.896  -62.124  47.044 0.0000000000
61567  -25.972  -62.409  46.530 0.0000000000
61608  -32.130  -57.856  36.803 0.0000000000
61610  -31.686  -57.846  36.860 0.0000000000
61611  -31.304  -57.908  36.956 0.0000000000
61612  -31.804  -58.421  37.081 0.0000000000
61614  -33.048  -63.944  40.085 0.0000000000
61617  -32.086  -64.286  40.153 0.0000000000
61618  -31.686  -64.223  40.097 0.0000000000
61619  -31.471  -63.685  39.775 0.0000000000
61620  -31.326  -64.190  40.089 0.0000000000
61621  -31.015  -64.170  40.093 0.0000000000
61622  -31.119  -64.712  40.384 0.0000000000
61624  -30.583  -65.900  40.922 0.0000000000
64552  -26.941  -53.385  46.853 0.0000000000
64553  -26.727  -53.815  46.612 0.0000000000
64554  -26.737  -53.569  46.188 0.0000000000
64555  -26.549  -53.783  44.379 0.0000000000
64556  -26.489  -54.034  44.801 0.0000000000
64557  -26.423  -54.292  44.138 0.0000000000
64558  -26.305  -54.803  43.921 0.0000000000
64559  -26.349  -54.594  43.456 0.0000000000
64560  -26.561  -52.943  42.347 0.0000000000
64561  -26.528  -53.128  42.912 0.0000000000
64567  -26.321  -55.464  41.655 0.0000000000
64568  -26.320  -55.941  41.526 0.0000000000
64569  -26.419  -55.782  41.085 0.0000000000
64570  -27.025  -56.320  39.897 0.0000000000
64571  -26.878  -56.465  40.266 0.0000000000
64572  -27.210  -56.829  39.964 0.0000000000
64573  -27.451  -57.389  40.065 0.0000000000
64574  -27.640  -57.243  39.656 0.0000000000
66973  -37.157  -50.512  57.997 0.0000000000
66974  -37.036  -50.663  58.466 0.0000000000
66975  -36.973  -51.036  57.810 0.0000000000
66977  -36.632  -51.302  57.063 0.0000000000
66979  -36.663  -51.108  56.482 0.0000000000
66980  -36.998  -50.474  55.475 0.0000000000
66981  -36.536  -50.737  55.306 0.0000000000
66982  -36.417  -50.611  54.785 0.0000000000
66983  -35.656  -50.676  54.037 0.0000000000
66984  -36.187  -50.488  54.127 0.0000000000
67036  -35.510  -44.956  49.568 0.0000000000
67041  -35.260  -44.691  47.352 0.0000000000
67042  -34.989  -44.475  47.807 0.0000000000
67043  -35.471  -44.958  47.741 0.0000000000
67044  -35.736  -45.151  48.252 0.0000000000
67045  -35.702  -45.420  47.591 0.0000000000
67046  -35.679  -45.916  47.372 0.0000000000
67047  -35.640  -45.672  46.962 0.0000000000
67061  -34.501  -44.102  44.433 0.0000000000
67062  -34.297  -43.872  44.065 0.0000000000
67093  -39.445  -40.853  38.079 0.0000000000
67094  -39.012  -40.869  38.015 0.0000000000
67095  -39.496  -41.189  38.120 0.0000000000
67096  -39.516  -41.500  38.158 0.0000000000
67097  -39.935  -41.458  38.203 0.0000000000
67098  -40.355  -41.753  38.302 0.0000000000
67099  -40.350  -41.406  38.309 0.0000000000
67103  -41.883  -41.473  38.671 0.0000000000
67108  -42.392  -40.258  38.863 0.0000000000
67109  -42.047  -40.311  38.753 0.0000000000
67110  -42.498  -40.621  38.828 0.0000000000
67111  -42.564  -40.965  38.815 0.0000000000
67112  -42.932  -40.920  38.958 0.0000000000
67113  -43.313  -41.223  39.133 0.0000000000
67114  -43.294  -40.865  39.140 0.0000000000
68745  -23.230  -60.996  52.596 0.0000000000
68747  -23.190  -61.464  52.252 0.0000000000
68748  -23.623  -62.323  51.612 0.0000000000
68749  -23.413  -62.227  51.922 0.0000000000
68750  -23.518  -62.595  51.887 0.0000000000
68760  -27.330  -62.519  44.179 0.0000000000
68761  -27.077  -62.664  44.289 0.0000000000
68762  -27.065  -62.812  43.790 0.0000000000
68763  -26.136  -62.390  41.698 0.0000000000
68764  -26.221  -62.604  42.489 0.0000000000
68765  -25.822  -62.171  41.663 0.0000000000
68766  -25.484  -61.948  41.674 0.0000000000
68767  -25.429  -61.731  40.828 0.0000000000
68768  -26.107  -61.929  38.771 0.0000000000
68769  -26.057  -61.962  39.436 0.0000000000
68770  -25.797  -61.686  38.651 0.0000000000
68806  -34.948  -60.219  38.131 0.0000000000
68809  -35.060  -62.071  39.109 0.0000000000
74137  -25.587  -57.207  52.219 0.0000000000
74138  -25.099  -57.528  51.834 0.0000000000
74139  -25.225  -57.322  51.566 0.0000000000
74140  -24.917  -57.514  49.965 0.0000000000
74141  -24.739  -57.713  50.238 0.0000000000
74142  -24.668  -57.960  49.612 0.0000000000
74143  -24.568  -58.405  49.205 0.0000000000
74144  -24.741  -58.167  49.014 0.0000000000
74145  -25.529  -56.770  48.938 0.0000000000
74146  -25.373  -57.058  49.179 0.0000000000
74147  -25.278  -57.237  48.510 0.0000000000
74148  -25.110  -58.227  47.269 0.0000000000
74149  -24.972  -58.034  47.760 0.0000000000
74150  -24.985  -58.399  47.544 0.0000000000
74151  -24.887  -58.596  47.836 0.0000000000
74152  -25.083  -58.835  47.343 0.0000000000
74153  -25.261  -59.253  47.188 0.0000000000
74154  -25.354  -59.105  46.863 0.0000000000
74155  -25.943  -59.540  45.699 0.0000000000
74156  -25.942  -59.667  46.029 0.0000000000
74157  -26.251  -59.963  45.671 0.0000000000
74158  -26.504  -60.379  45.705 0.0000000000
74159  -26.599  -60.236  45.412 0.0000000000
74160  -26.344  -54.802  46.047 0.0000000000
74161  -26.264  -55.041  46.468 0.0000000000
74162  -26.176  -55.259  45.816 0.0000000000
74163  -25.815  -56.368  44.823 0.0000000000
74164  -25.815  -56.144  45.430 0.0000000000
74165  -25.742  -56.621  45.209 0.0000000000
74166  -25.686  -56.811  45.607 0.0000000000
74167  -25.777  -57.086  44.981 0.0000000000
74168  -26.428  -57.603  42.798 0.0000000000
74169  -26.160  -57.266  43.228 0.0000000000
74170  -26.383  -57.788  43.145 0.0000000000
74171  -26.637  -58.757  43.882 0.0000000000
74172  -26.348  -58.274  43.831 0.0000000000
74173  -26.325  -58.409  44.235 0.0000000000
74174  -26.062  -58.148  44.638 0.0000000000
74175  -26.248  -58.714  44.575 0.0000000000
74176  -26.206  -58.943  44.867 0.0000000000
74177  -26.524  -59.205  44.545 0.0000000000
74178  -27.379  -60.478  44.392 0.0000000000
74179  -27.089  -60.176  44.622 0.0000000000
74180  -27.328  -60.693  44.650 0.0000000000
74181  -27.272  -60.885  44.884 0.0000000000
74182  -27.462  -61.183  44.608 0.0000000000
74183  -27.481  -61.651  44.504 0.0000000000
74184  -27.654  -61.489  44.306 0.0000000000
74185  -28.057  -62.027  43.399 0.0000000000
74186  -27.899  -62.143  43.628 0.0000000000
74187  -27.948  -62.445  43.238 0.0000000000
74188  -27.767  -62.800  42.942 0.0000000000
74189  -27.978  -62.634  42.818 0.0000000000
74190  -28.619  -61.168  42.495 0.0000000000
74191  -28.478  -61.390  42.745 0.0000000000
74192  -28.580  -61.684  42.420 0.0000000000
74193  -28.362  -62.859  41.756 0.0000000000
74194  -28.364  -62.635  42.129 0.0000000000
74195  -28.132  -62.908  41.839 0.0000000000
74196  -27.894  -62.931  41.905 0.0000000000
74197  -27.834  -63.097  41.432 0.0000000000
74198  -27.487  -63.075  40.831 0.0000000000
74199  -27.769  -63.234  40.909 0.0000000000
74200  -28.080  -63.830  40.025 0.0000000000
74201  -27.756  -63.565  39.828 0.0000000000
74202  -27.816  -63.876  39.353 0.0000000000
74203  -27.636  -63.899  38.588 0.0000000000
74204  -27.827  -64.270  38.929 0.0000000000
78187  -27.809  -50.462  38.109 0.0000000000
78188  -27.733  -50.916  37.995 0.0000000000
78189  -27.962  -50.887  37.448 0.0000000000
78190  -28.846  -51.820  35.882 0.0000000000
78191  -28.517  -51.839  36.308 0.0000000000
78192  -28.941  -52.307  35.908 0.0000000000
78193  -29.059  -52.829  35.943 0.0000000000
78194  -29.423  -52.831  35.572 0.0000000000
78205  -33.385  -55.679  35.508 0.0000000000
78206  -32.953  -55.685  35.586 0.0000000000
78207  -33.524  -56.157  35.905 0.0000000000
78208  -33.607  -56.664  36.240 0.0000000000
78209  -34.022  -56.723  36.230 0.0000000000
78216  -34.172  -53.761  34.030 0.0000000000
78217  -34.748  -54.252  34.352 0.0000000000
78224  -34.866  -55.316  35.068 0.0000000000
78226  -34.587  -55.791  35.426 0.0000000000
78232  -35.216  -58.496  37.356 0.0000000000
78233  -35.270  -59.139  37.720 0.0000000000
78234  -35.571  -59.124  37.868 0.0000000000
78240  -37.616  -60.009  39.953 0.0000000000
81293  -25.326  -57.917  54.592 0.0000000000
81358  -27.282  -56.620  55.367 0.0000000000
81359  -27.027  -56.796  55.593 0.0000000000
81360  -26.810  -56.786  55.006 0.0000000000
81361  -26.361  -57.094  54.577 0.0000000000
81362  -26.566  -56.893  54.342 0.0000000000
81363  -26.248  -56.985  53.654 0.0000000000
81364  -26.724  -56.724  54.087 0.0000000000
81366  -26.974  -56.393  53.605 0.0000000000
81368  -26.802  -56.287  52.671 0.0000000000
81370  -29.688  -55.331  55.427 0.0000000000
81371  -29.059  -55.505  55.143 0.0000000000
81372  -29.239  -55.265  54.829 0.0000000000
81376  -27.420  -55.511  52.560 0.0000000000
81377  -27.522  -55.285  52.230 0.0000000000
81378  -27.167  -55.381  51.467 0.0000000000
81380  -28.406  -54.342  51.449 0.0000000000
81381  -27.914  -54.644  51.144 0.0000000000
81382  -27.985  -54.357  50.749 0.0000000000
81383  -27.582  -54.394  50.032 0.0000000000
81384  -28.058  -54.080  50.363 0.0000000000
81390  -32.589  -53.167  55.564 0.0000000000
81391  -32.001  -53.391  55.154 0.0000000000
81392  -32.020  -53.106  54.811 0.0000000000
81393  -33.074  -51.760  54.246 0.0000000000
81394  -33.144  -52.023  54.740 0.0000000000
81395  -32.498  -51.965  53.971 0.0000000000
81396  -30.841  -52.310  52.641 0.0000000000
81397  -31.417  -52.375  53.347 0.0000000000
81398  -30.887  -52.612  53.071 0.0000000000
81399  -30.884  -52.918  53.440 0.0000000000
81400  -30.310  -52.901  52.768 0.0000000000
81401  -29.795  -53.285  52.478 0.0000000000
81402  -29.771  -52.958  52.130 0.0000000000
81403  -28.846  -52.757  50.348 0.0000000000
81404  -28.855  -53.052  50.738 0.0000000000
81405  -28.419  -53.116  49.944 0.0000000000
81406  -27.999  -53.490  49.546 0.0000000000
81407  -27.957  -53.131  49.160 0.0000000000
81408  -27.541  -53.182  48.400 0.0000000000
81409  -27.867  -52.776  48.749 0.0000000000
81410  -28.037  -51.830  48.100 0.0000000000
81411  -27.692  -52.183  47.848 0.0000000000
81412  -27.630  -51.853  47.398 0.0000000000
81413  -27.323  -51.970  46.615 0.0000000000
81414  -27.588  -51.577  46.924 0.0000000000
81415  -29.831  -50.931  49.056 0.0000000000
81416  -29.381  -51.066  48.843 0.0000000000
81417  -29.313  -50.820  48.268 0.0000000000
81418  -28.186  -50.519  46.217 0.0000000000
81419  -28.217  -50.734  46.782 0.0000000000
81420  -27.844  -50.767  46.040 0.0000000000
81421  -27.514  -51.084  45.813 0.0000000000
81422  -27.531  -50.840  45.290 0.0000000000
81423  -27.234  -50.984  44.481 0.0000000000
81424  -27.482  -50.629  44.683 0.0000000000
81425  -27.745  -50.028  43.695 0.0000000000
81426  -27.476  -50.268  43.521 0.0000000000
81427  -27.486  -50.133  42.927 0.0000000000
81428  -27.291  -50.316  42.099 0.0000000000
81429  -27.520  -50.023  42.308 0.0000000000
81580  -37.704  -48.514  55.983 0.0000000000
81582  -37.664  -49.081  55.155 0.0000000000
81583  -36.682  -49.568  52.940 0.0000000000
81584  -36.886  -49.753  53.601 0.0000000000
81585  -36.233  -49.922  52.798 0.0000000000
81586  -35.739  -50.183  52.681 0.0000000000
81587  -35.525  -50.041  52.024 0.0000000000
81591  -36.653  -46.562  50.852 0.0000000000
81592  -36.624  -46.202  51.503 0.0000000000
81593  -36.851  -46.730  51.373 0.0000000000
81594  -37.047  -46.872  52.002 0.0000000000
81595  -36.914  -47.312  51.278 0.0000000000
81596  -35.210  -47.613  48.231 0.0000000000
81597  -35.848  -47.527  48.875 0.0000000000
81598  -35.357  -47.897  48.754 0.0000000000
81599  -35.012  -48.744  49.547 0.0000000000
81600  -35.578  -48.399  49.737 0.0000000000
81601  -35.620  -48.665  50.201 0.0000000000
81602  -36.324  -48.463  50.900 0.0000000000
81603  -35.850  -48.888  50.712 0.0000000000
81604  -36.076  -49.081  51.269 0.0000000000
81605  -35.370  -49.242  50.516 0.0000000000
81606  -33.818  -49.613  49.387 0.0000000000
81607  -34.434  -49.665  50.063 0.0000000000
81608  -33.953  -49.835  49.960 0.0000000000
81609  -34.131  -50.039  50.608 0.0000000000
81610  -33.431  -50.014  49.948 0.0000000000
81611  -33.008  -50.141  49.984 0.0000000000
81612  -32.821  -49.966  49.256 0.0000000000
81613  -31.512  -49.496  47.213 0.0000000000
81614  -31.636  -49.768  47.884 0.0000000000
81615  -31.032  -49.640  47.149 0.0000000000
81616  -30.587  -49.755  47.114 0.0000000000
81617  -30.441  -49.505  46.439 0.0000000000
81618  -31.145  -48.339  44.833 0.0000000000
81619  -31.186  -48.609  45.353 0.0000000000
81620  -30.687  -48.493  44.634 0.0000000000
81621  -29.387  -48.751  43.553 0.0000000000
81622  -29.819  -48.849  44.344 0.0000000000
81623  -29.429  -49.042  44.278 0.0000000000
81624  -29.521  -49.255  44.941 0.0000000000
81625  -29.072  -49.197  44.130 0.0000000000
81626  -28.773  -49.382  44.000 0.0000000000
81627  -28.669  -49.152  43.283 0.0000000000
81628  -28.215  -49.109  40.987 0.0000000000
81629  -28.120  -49.261  41.692 0.0000000000
81630  -27.948  -49.373  40.888 0.0000000000
81631  -27.709  -49.681  40.739 0.0000000000
81632  -27.868  -49.554  40.053 0.0000000000
81633  -27.819  -49.823  39.408 0.0000000000
81634  -28.019  -49.470  39.472 0.0000000000
81635  -28.498  -48.934  38.488 0.0000000000
81636  -28.319  -49.280  38.357 0.0000000000
81637  -28.515  -49.223  37.743 0.0000000000
81640  -29.447  -47.667  39.259 0.0000000000
81641  -29.160  -47.968  39.013 0.0000000000
81642  -29.318  -47.819  38.506 0.0000000000
81790  -41.075  -42.548  38.776 0.0000000000
86760  -24.393  -58.429  51.019 0.0000000000
86761  -24.251  -58.762  51.236 0.0000000000
86762  -24.208  -58.946  50.600 0.0000000000
86763  -24.380  -60.091  49.411 0.0000000000
86764  -24.198  -59.922  49.867 0.0000000000
86765  -24.345  -60.382  49.694 0.0000000000
86766  -24.235  -60.692  49.934 0.0000000000
86767  -24.487  -60.805  49.554 0.0000000000
86768  -25.393  -60.679  47.946 0.0000000000
86769  -25.146  -60.524  48.309 0.0000000000
86770  -25.330  -60.908  48.275 0.0000000000
86771  -25.254  -61.912  48.800 0.0000000000
86772  -25.165  -61.477  48.856 0.0000000000
86773  -25.037  -61.701  49.152 0.0000000000
86774  -24.807  -61.520  49.509 0.0000000000
86775  -24.944  -61.944  49.498 0.0000000000
86776  -24.814  -62.185  49.857 0.0000000000
86777  -24.984  -62.344  49.498 0.0000000000
86783  -26.617  -62.738  44.596 0.0000000000
86784  -26.575  -62.567  45.058 0.0000000000
86785  -26.378  -62.716  44.671 0.0000000000
86786  -25.334  -62.423  44.300 0.0000000000
86792  -23.824  -61.051  42.157 0.0000000000
86895  -27.702  -51.892  37.792 0.0000000000
86896  -27.460  -52.019  38.330 0.0000000000
86897  -27.697  -52.450  37.807 0.0000000000
86904  -29.589  -55.244  36.675 0.0000000000
86905  -29.708  -55.756  36.908 0.0000000000
86906  -29.046  -56.303  37.615 0.0000000000
86907  -28.963  -55.824  37.494 0.0000000000
86908  -28.542  -55.816  37.877 0.0000000000
86909  -28.067  -55.349  38.148 0.0000000000
86910  -28.185  -55.891  38.232 0.0000000000
86911  -27.851  -55.973  38.626 0.0000000000
86912  -28.331  -56.432  38.331 0.0000000000
86913  -29.187  -57.894  38.231 0.0000000000
86914  -28.714  -57.427  38.460 0.0000000000
86915  -28.873  -57.964  38.564 0.0000000000
86916  -28.607  -58.029  38.939 0.0000000000
86917  -29.058  -58.483  38.649 0.0000000000
86918  -34.037  -60.166  37.948 0.0000000000
86919  -33.607  -59.532  37.587 0.0000000000
86920  -33.581  -60.127  37.865 0.0000000000
86921  -32.721  -60.662  38.035 0.0000000000
86922  -32.792  -60.094  37.762 0.0000000000
86923  -32.370  -60.050  37.766 0.0000000000
86924  -31.917  -59.487  37.603 0.0000000000
86925  -31.977  -60.087  37.833 0.0000000000
86926  -32.519  -62.793  39.280 0.0000000000
86927  -32.532  -62.279  38.924 0.0000000000
86928  -32.206  -62.244  38.928 0.0000000000
86929  -31.276  -60.943  38.511 0.0000000000
86930  -31.590  -61.037  38.427 0.0000000000
86931  -31.232  -60.433  38.268 0.0000000000
86932  -31.191  -59.939  38.051 0.0000000000
86933  -30.842  -59.858  38.102 0.0000000000
86934  -30.451  -59.340  38.031 0.0000000000
86935  -30.549  -59.858  38.328 0.0000000000
86936  -30.134  -60.349  39.074 0.0000000000
86937  -30.078  -59.852  38.761 0.0000000000
86938  -29.833  -59.890  39.032 0.0000000000
86939  -29.516  -59.480  39.108 0.0000000000
86940  -29.647  -59.925  39.369 0.0000000000
86941  -29.515  -59.974  39.825 0.0000000000
86942  -29.753  -60.438  39.690 0.0000000000
86943  -29.951  -61.773  39.866 0.0000000000
86944  -29.765  -61.359  39.990 0.0000000000
86945  -29.703  -61.829  40.103 0.0000000000
86946  -29.433  -61.979  40.376 0.0000000000
86947  -29.596  -62.359  40.263 0.0000000000
86948  -30.513  -64.025  40.171 0.0000000000
86949  -30.470  -63.439  39.987 0.0000000000
86950  -30.295  -64.027  40.175 0.0000000000
86951  -29.456  -64.594  40.349 0.0000000000
86952  -29.711  -63.995  40.280 0.0000000000
86953  -29.415  -64.023  40.358 0.0000000000
86954  -29.365  -63.489  40.434 0.0000000000
86955  -29.169  -64.073  40.388 0.0000000000
86956  -28.894  -64.114  40.385 0.0000000000
86957  -28.933  -64.609  40.257 0.0000000000
86959  -28.398  -65.394  39.597 0.0000000000
86961  -28.013  -65.207  38.493 0.0000000000
92398  -26.902  -51.056  41.596 0.0000000000
92399  -26.797  -51.574  41.477 0.0000000000
92400  -26.873  -51.419  40.898 0.0000000000
93236  -23.866  -59.144  53.262 0.0000000000
93237  -24.083  -58.849  53.047 0.0000000000
93238  -23.962  -59.120  52.348 0.0000000000
93239  -23.877  -59.356  51.679 0.0000000000
93240  -27.134  -63.200  38.069 0.0000000000
93241  -26.840  -62.842  37.780 0.0000000000
93242  -26.975  -63.171  37.320 0.0000000000
93243  -26.861  -63.159  36.530 0.0000000000
94315  -26.827  -55.033  49.351 0.0000000000
94316  -26.435  -55.417  49.060 0.0000000000
94317  -26.504  -55.203  48.698 0.0000000000
94318  -26.189  -55.410  47.987 0.0000000000
94319  -25.986  -55.585  47.333 0.0000000000
94320  -27.210  -57.694  40.887 0.0000000000
94321  -27.079  -57.875  41.247 0.0000000000
94322  -27.503  -58.173  40.992 0.0000000000
94323  -27.820  -58.669  41.150 0.0000000000
94324  -28.123  -59.139  41.365 0.0000000000
94325  -28.464  -59.706  41.514 0.0000000000
94326  -28.555  -59.515  41.086 0.0000000000
94327  -28.903  -59.848  40.874 0.0000000000
94328  -29.215  -60.172  40.679 0.0000000000
95767  -34.609  -50.901  53.735 0.0000000000
95768  -33.983  -51.011  53.629 0.0000000000
95769  -33.854  -50.865  53.057 0.0000000000
95770  -33.138  -50.820  52.306 0.0000000000
95771  -32.428  -50.826  51.562 0.0000000000
95772  -31.824  -50.840  50.896 0.0000000000
95773  -32.342  -50.703  51.023 0.0000000000
95774  -32.223  -50.557  50.443 0.0000000000
95775  -32.087  -50.446  49.878 0.0000000000
95809  -33.888  -47.093  45.907 0.0000000000
96840  -26.313  -60.610  46.321 0.0000000000
96841  -26.189  -60.754  46.687 0.0000000000
96842  -26.408  -61.015  46.336 0.0000000000
96843  -26.423  -61.482  46.207 0.0000000000
96844  -26.342  -62.009  46.010 0.0000000000
96867  -32.750  -56.707  36.255 0.0000000000
96868  -32.224  -56.725  36.334 0.0000000000
96869  -32.673  -57.248  36.519 0.0000000000
96870  -32.612  -57.800  36.772 0.0000000000
96871  -32.656  -58.338  36.993 0.0000000000
96875  -31.943  -65.373  40.961 0.0000000000
96876  -31.620  -65.303  40.832 0.0000000000
96877  -31.264  -65.284  40.741 0.0000000000
96878  -31.306  -65.862  41.124 0.0000000000
98635  -26.894  -52.846  45.927 0.0000000000
98636  -26.743  -53.342  45.706 0.0000000000
98637  -26.723  -53.069  45.267 0.0000000000
98638  -26.630  -53.306  44.585 0.0000000000
98639  -26.560  -53.577  43.911 0.0000000000
98645  -26.482  -55.578  40.649 0.0000000000
98647  -26.870  -55.806  39.859 0.0000000000
98648  -27.223  -56.184  39.506 0.0000000000
99936  -43.665  -39.698  39.783 0.0000000000
99937  -43.634  -39.429  39.964 0.0000000000
100090  -37.248  -49.994  58.077 0.0000000000
100091  -37.291  -50.425  57.405 0.0000000000
100092  -37.073  -50.736  56.674 0.0000000000
100093  -37.329  -50.290  56.929 0.0000000000
100094  -37.419  -50.189  56.291 0.0000000000
100095  -37.402  -50.201  55.585 0.0000000000
100130  -34.505  -44.036  46.925 0.0000000000
100131  -34.997  -44.423  46.895 0.0000000000
100132  -35.327  -44.894  46.778 0.0000000000
100134  -35.318  -45.141  46.136 0.0000000000
100163  -39.840  -40.775  38.155 0.0000000000
100164  -40.311  -41.065  38.300 0.0000000000
100165  -40.203  -40.663  38.216 0.0000000000
100166  -40.570  -40.568  38.284 0.0000000000
100167  -40.987  -40.501  38.411 0.0000000000
100172  -42.734  -40.203  39.005 0.0000000000
100173  -43.189  -40.502  39.166 0.0000000000
100174  -43.067  -40.141  39.187 0.0000000000
100175  -43.409  -40.048  39.419 0.0000000000
101151  -23.403  -61.365  51.565 0.0000000000
101152  -23.309  -61.583  51.786 0.0000000000
101153  -23.576  -61.750  51.401 0.0000000000
101154  -23.716  -62.093  51.326 0.0000000000
101155  -23.838  -62.360  51.359 0.0000000000
101157  -24.083  -62.453  51.095 0.0000000000
101160  -27.284  -62.896  43.167 0.0000000000
101161  -26.986  -62.938  43.187 0.0000000000
101162  -26.845  -62.866  42.507 0.0000000000
101163  -26.408  -62.594  41.725 0.0000000000
101164  -26.064  -62.203  40.905 0.0000000000
104386  -25.913  -56.813  51.735 0.0000000000
104387  -25.387  -57.113  51.389 0.0000000000
104388  -25.581  -56.965  51.068 0.0000000000
104389  -25.304  -57.142  50.374 0.0000000000
104390  -25.107  -57.345  49.729 0.0000000000
104391  -25.333  -57.154  47.643 0.0000000000
104392  -25.233  -57.451  47.879 0.0000000000
104393  -25.290  -57.580  47.314 0.0000000000
104394  -25.246  -58.052  47.011 0.0000000000
104395  -25.286  -58.484  46.756 0.0000000000
104396  -25.436  -58.943  46.521 0.0000000000
104397  -25.470  -58.755  46.264 0.0000000000
104398  -25.751  -59.087  45.803 0.0000000000
104399  -26.084  -59.381  45.432 0.0000000000
104400  -26.127  -55.261  44.784 0.0000000000
104401  -26.057  -55.467  45.230 0.0000000000
104402  -25.977  -55.684  44.607 0.0000000000
104403  -25.874  -56.149  44.423 0.0000000000
104404  -25.882  -56.680  44.255 0.0000000000
104405  -26.964  -58.627  42.866 0.0000000000
104406  -26.656  -58.305  43.153 0.0000000000
104407  -26.960  -58.845  43.252 0.0000000000
104408  -26.948  -59.069  43.626 0.0000000000
104409  -26.926  -59.270  43.959 0.0000000000
104410  -26.854  -59.487  44.289 0.0000000000
104411  -27.182  -59.779  44.069 0.0000000000
104412  -27.469  -60.277  44.122 0.0000000000
104413  -27.648  -60.778  44.123 0.0000000000
104414  -27.793  -61.303  44.087 0.0000000000
104415  -27.877  -61.116  43.826 0.0000000000
104416  -28.092  -61.506  43.521 0.0000000000
104417  -28.185  -61.804  43.219 0.0000000000
104418  -28.792  -61.730  41.874 0.0000000000
104419  -28.642  -61.948  42.106 0.0000000000
104420  -28.689  -62.228  41.768 0.0000000000
104421  -28.587  -62.748  41.657 0.0000000000
104422  -28.352  -63.121  41.385 0.0000000000
104423  -28.049  -63.348  40.950 0.0000000000
104424  -28.351  -63.384  40.982 0.0000000000
104425  -28.290  -63.654  40.585 0.0000000000
104426  -28.331  -63.941  40.182 0.0000000000
106816  -28.282  -50.388  37.029 0.0000000000
106817  -28.216  -50.858  36.932 0.0000000000
106818  -28.491  -50.810  36.451 0.0000000000
106820  -29.202  -51.795  35.456 0.0000000000
106827  -32.539  -54.863  34.884 0.0000000000
106828  -33.163  -55.264  35.109 0.0000000000
106829  -33.763  -55.715  35.437 0.0000000000
106843  -35.903  -58.519  37.715 0.0000000000
106844  -35.912  -59.139  38.040 0.0000000000
106845  -36.255  -59.149  38.233 0.0000000000
106846  -36.570  -59.704  38.724 0.0000000000
108721  -27.780  -56.435  55.744 0.0000000000
108722  -27.485  -56.441  55.131 0.0000000000
108723  -27.217  -56.506  54.478 0.0000000000
108724  -27.687  -56.313  54.885 0.0000000000
108727  -30.012  -54.794  54.786 0.0000000000
108734  -28.824  -54.282  52.118 0.0000000000
108735  -28.892  -54.008  51.812 0.0000000000
108741  -31.788  -51.665  52.725 0.0000000000
108742  -31.896  -51.884  53.261 0.0000000000
108743  -31.290  -51.815  52.492 0.0000000000
108744  -30.775  -52.000  52.214 0.0000000000
108745  -30.233  -52.253  51.926 0.0000000000
108746  -29.736  -52.614  51.702 0.0000000000
108747  -29.693  -52.285  51.279 0.0000000000
108748  -29.213  -52.315  50.605 0.0000000000
108749  -28.715  -52.481  49.847 0.0000000000
108750  -28.224  -52.473  49.077 0.0000000000
108751  -28.606  -52.152  49.377 0.0000000000
108752  -28.528  -51.819  48.894 0.0000000000
108753  -28.463  -51.511  48.392 0.0000000000
108754  -29.598  -50.458  47.907 0.0000000000
108755  -29.172  -50.581  47.687 0.0000000000
108756  -29.029  -50.364  47.119 0.0000000000
108757  -28.544  -50.312  46.348 0.0000000000
108758  -28.155  -50.320  45.621 0.0000000000
108759  -27.768  -50.352  44.871 0.0000000000
108760  -28.110  -50.143  45.032 0.0000000000
108761  -28.074  -49.973  44.455 0.0000000000
108762  -28.085  -49.799  43.862 0.0000000000
108851  -37.411  -47.119  54.965 0.0000000000
108852  -37.690  -47.799  54.847 0.0000000000
108853  -37.689  -48.356  54.750 0.0000000000
108854  -37.564  -48.937  54.568 0.0000000000
108855  -37.516  -48.767  53.988 0.0000000000
108856  -37.106  -49.162  53.195 0.0000000000
108857  -36.484  -49.417  52.366 0.0000000000
108858  -35.923  -45.323  50.536 0.0000000000
108859  -36.127  -45.492  51.048 0.0000000000
108860  -36.244  -45.765  50.522 0.0000000000
108861  -36.533  -46.351  50.391 0.0000000000
108862  -36.588  -46.963  50.233 0.0000000000
108863  -34.123  -48.139  47.925 0.0000000000
108864  -34.799  -48.199  48.614 0.0000000000
108865  -34.255  -48.451  48.369 0.0000000000
108866  -34.420  -48.723  48.862 0.0000000000
108867  -34.516  -49.000  49.319 0.0000000000
108868  -34.709  -49.248  49.811 0.0000000000
108869  -34.084  -49.164  49.090 0.0000000000
108870  -33.634  -49.327  48.867 0.0000000000
108871  -33.169  -49.518  48.710 0.0000000000
108872  -32.694  -49.718  48.607 0.0000000000
108873  -32.593  -49.421  48.023 0.0000000000
108874  -31.973  -49.309  47.328 0.0000000000
108875  -31.395  -49.159  46.584 0.0000000000
108876  -30.182  -48.175  43.274 0.0000000000
108877  -30.210  -48.405  43.880 0.0000000000
108878  -29.774  -48.360  43.100 0.0000000000
108879  -29.397  -48.519  42.909 0.0000000000
108880  -29.034  -48.723  42.764 0.0000000000
108881  -28.704  -48.939  42.641 0.0000000000
108882  -28.721  -48.752  41.960 0.0000000000
108883  -28.534  -48.845  41.138 0.0000000000
108884  -28.379  -48.970  40.316 0.0000000000
108885  -28.213  -49.147  39.595 0.0000000000
108886  -28.434  -48.837  39.766 0.0000000000
108887  -28.555  -48.704  39.214 0.0000000000
108888  -28.694  -48.596  38.660 0.0000000000
108979  -41.819  -42.355  38.934 0.0000000000
111960  -24.331  -58.915  49.703 0.0000000000
111961  -24.212  -59.175  49.956 0.0000000000
111962  -24.328  -59.352  49.405 0.0000000000
111963  -24.430  -59.805  49.174 0.0000000000
111964  -24.599  -60.254  49.019 0.0000000000
111965  -25.667  -61.581  47.882 0.0000000000
111966  -25.514  -61.363  48.246 0.0000000000
111967  -25.541  -61.835  48.149 0.0000000000
111968  -25.428  -62.166  48.446 0.0000000000
111969  -25.308  -62.353  48.722 0.0000000000
111974  -25.834  -62.467  43.363 0.0000000000
111975  -25.995  -62.665  44.199 0.0000000000
111976  -25.545  -62.306  43.447 0.0000000000
111977  -25.198  -62.160  43.517 0.0000000000
111978  -24.834  -61.984  43.573 0.0000000000
112041  -28.354  -52.859  36.762 0.0000000000
112043  -28.403  -53.395  36.855 0.0000000000
112044  -28.491  -53.870  36.963 0.0000000000
112045  -28.604  -54.325  37.088 0.0000000000
112046  -30.366  -56.833  36.928 0.0000000000
112047  -29.852  -56.292  37.054 0.0000000000
112048  -29.940  -56.828  37.144 0.0000000000
112049  -29.569  -56.808  37.429 0.0000000000
112050  -29.193  -56.765  37.720 0.0000000000
112051  -28.821  -56.856  38.037 0.0000000000
112052  -29.342  -57.309  37.808 0.0000000000
112053  -29.510  -57.848  37.932 0.0000000000
112054  -29.630  -58.385  38.097 0.0000000000
112055  -33.846  -61.346  38.524 0.0000000000
112056  -33.498  -60.722  38.173 0.0000000000
112057  -33.448  -61.312  38.452 0.0000000000
112058  -33.056  -61.261  38.360 0.0000000000
112059  -32.647  -61.248  38.313 0.0000000000
112060  -31.762  -62.685  39.292 0.0000000000
112061  -31.871  -62.150  38.979 0.0000000000
112062  -31.519  -62.069  39.031 0.0000000000
112063  -31.274  -61.438  38.797 0.0000000000
112064  -30.972  -60.847  38.692 0.0000000000
112065  -30.639  -60.332  38.622 0.0000000000
112066  -30.682  -60.782  38.910 0.0000000000
112067  -30.413  -60.783  39.134 0.0000000000
112068  -30.183  -60.816  39.380 0.0000000000
112069  -29.990  -60.837  39.627 0.0000000000
112070  -30.213  -61.274  39.615 0.0000000000
112071  -30.169  -61.783  39.706 0.0000000000
112072  -30.117  -62.286  39.847 0.0000000000
112073  -29.985  -65.230  40.441 0.0000000000
112074  -30.022  -64.663  40.332 0.0000000000
112075  -29.672  -65.233  40.432 0.0000000000
112076  -29.412  -65.187  40.429 0.0000000000
112077  -29.123  -65.181  40.365 0.0000000000
112078  -28.863  -65.169  40.269 0.0000000000
115756  -26.853  -51.832  43.914 0.0000000000
115757  -26.722  -52.335  43.733 0.0000000000
115758  -26.691  -52.107  43.212 0.0000000000
115759  -26.627  -52.440  42.498 0.0000000000
115760  -26.567  -52.787  41.826 0.0000000000
115761  -26.698  -52.081  41.382 0.0000000000
116925  -34.435  -44.035  45.205 0.0000000000
117712  -23.288  -60.436  53.012 0.0000000000
117713  -23.346  -60.708  52.376 0.0000000000
117714  -23.630  -59.743  52.764 0.0000000000
117715  -23.468  -60.358  52.260 0.0000000000
117716  -23.420  -60.915  51.830 0.0000000000
117717  -23.570  -61.087  51.331 0.0000000000
117718  -23.818  -61.208  50.888 0.0000000000
117719  -24.068  -61.293  50.506 0.0000000000
117720  -26.912  -62.747  40.626 0.0000000000
117721  -26.627  -62.545  40.464 0.0000000000
117722  -26.639  -62.475  39.802 0.0000000000
117723  -26.393  -62.194  38.928 0.0000000000
117724  -26.218  -61.974  38.068 0.0000000000
117725  -26.584  -62.509  37.593 0.0000000000
120229  -26.472  -55.993  50.529 0.0000000000
120230  -26.084  -56.400  50.193 0.0000000000
120231  -26.176  -56.169  49.910 0.0000000000
120232  -25.867  -56.336  49.309 0.0000000000
120233  -25.609  -56.511  48.667 0.0000000000
120234  -26.043  -55.826  48.722 0.0000000000
120235  -25.708  -56.280  48.393 0.0000000000
120236  -25.481  -56.712  48.021 0.0000000000
120237  -25.445  -56.921  47.352 0.0000000000
120238  -25.475  -57.121  46.766 0.0000000000
120239  -25.551  -57.345  46.200 0.0000000000
120240  -26.174  -56.314  42.503 0.0000000000
120241  -26.110  -56.552  42.960 0.0000000000
120242  -26.273  -56.859  42.408 0.0000000000
120243  -26.468  -57.404  42.412 0.0000000000
120244  -26.705  -57.936  42.426 0.0000000000
120245  -27.023  -58.069  41.653 0.0000000000
120246  -27.033  -58.266  42.105 0.0000000000
120247  -26.940  -58.445  42.489 0.0000000000
120248  -27.323  -58.934  42.650 0.0000000000
120249  -27.648  -59.460  42.803 0.0000000000
120250  -27.957  -59.974  42.949 0.0000000000
120251  -28.214  -60.532  43.042 0.0000000000
120252  -28.279  -60.330  42.718 0.0000000000
120253  -28.522  -60.647  42.473 0.0000000000
120254  -28.726  -60.975  42.208 0.0000000000
120255  -28.691  -60.233  41.737 0.0000000000
120256  -28.847  -60.756  41.893 0.0000000000
120257  -28.884  -61.240  41.926 0.0000000000
120258  -28.941  -61.551  41.588 0.0000000000
120259  -28.989  -61.868  41.257 0.0000000000
120260  -29.047  -62.234  40.958 0.0000000000
122140  -37.103  -58.306  38.376 0.0000000000
122141  -37.108  -58.944  38.794 0.0000000000
122142  -37.377  -58.858  38.963 0.0000000000
122143  -37.616  -59.374  39.558 0.0000000000
122144  -37.869  -59.885  40.155 0.0000000000
123603  -29.382  -55.704  56.000 0.0000000000
123604  -30.068  -55.577  56.275 0.0000000000
123605  -30.191  -55.388  55.979 0.0000000000
123606  -30.350  -55.113  55.676 0.0000000000
123609  -30.529  -54.819  55.381 0.0000000000
123610  -30.677  -54.528  55.087 0.0000000000
123611  -30.814  -54.194  54.814 0.0000000000
123612  -30.831  -53.933  54.433 0.0000000000
123615  -34.300  -51.686  55.229 0.0000000000
123616  -33.631  -51.559  54.493 0.0000000000
123617  -32.960  -51.543  53.719 0.0000000000
123618  -33.376  -51.162  53.383 0.0000000000
123619  -32.825  -51.329  53.179 0.0000000000
123620  -32.293  -51.515  52.951 0.0000000000
123621  -31.671  -51.476  52.231 0.0000000000
123622  -31.085  -51.411  51.530 0.0000000000
123623  -30.535  -51.303  50.823 0.0000000000
123624  -29.984  -51.329  50.110 0.0000000000
123625  -30.427  -51.160  50.311 0.0000000000
123626  -30.341  -51.003  49.799 0.0000000000
123627  -30.240  -50.831  49.278 0.0000000000
123628  -31.238  -50.808  50.201 0.0000000000
123629  -30.659  -50.742  49.475 0.0000000000
123630  -30.124  -50.625  48.722 0.0000000000
123631  -30.023  -50.369  48.130 0.0000000000
123632  -29.882  -50.175  47.503 0.0000000000
123633  -29.769  -49.939  46.922 0.0000000000
123706  -37.285  -46.876  53.710 0.0000000000
123707  -37.393  -47.243  53.087 0.0000000000
123708  -35.915  -46.523  48.194 0.0000000000
123709  -36.020  -46.755  48.671 0.0000000000
123710  -35.688  -47.018  48.004 0.0000000000
123711  -35.136  -47.351  47.757 0.0000000000
123712  -34.541  -47.647  47.519 0.0000000000
123713  -33.870  -47.285  46.376 0.0000000000
123714  -33.909  -47.565  46.888 0.0000000000
123715  -34.017  -47.838  47.411 0.0000000000
123716  -33.533  -48.003  47.213 0.0000000000
123717  -33.042  -48.170  46.949 0.0000000000
123718  -32.624  -48.333  46.595 0.0000000000
123719  -32.176  -48.521  46.330 0.0000000000
123720  -32.063  -48.257  45.819 0.0000000000
123721  -31.569  -48.142  45.097 0.0000000000
123722  -31.089  -48.076  44.290 0.0000000000
123723  -31.439  -47.568  44.031 0.0000000000
123724  -31.047  -47.782  43.718 0.0000000000
123725  -30.609  -47.979  43.455 0.0000000000
123726  -30.180  -47.940  42.667 0.0000000000
123727  -29.772  -47.910  41.808 0.0000000000
123728  -29.469  -47.902  41.019 0.0000000000
123729  -29.237  -47.985  40.321 0.0000000000
123730  -29.536  -47.748  40.525 0.0000000000
123731  -29.645  -47.564  40.021 0.0000000000
123734  -30.145  -47.081  39.873 0.0000000000
126120  -25.054  -59.668  47.768 0.0000000000
126121  -25.003  -59.875  48.085 0.0000000000
126122  -25.271  -60.088  47.704 0.0000000000
126123  -25.475  -60.499  47.642 0.0000000000
126124  -25.684  -60.858  47.620 0.0000000000
126125  -26.039  -60.939  46.971 0.0000000000
126126  -25.911  -61.103  47.271 0.0000000000
126127  -25.782  -61.318  47.585 0.0000000000
126128  -25.799  -61.860  47.491 0.0000000000
126129  -25.747  -62.360  47.338 0.0000000000
126132  -24.066  -60.932  41.152 0.0000000000
126188  -31.707  -56.768  36.438 0.0000000000
126189  -31.193  -56.813  36.522 0.0000000000
126190  -30.717  -56.825  36.705 0.0000000000
126191  -30.835  -57.368  36.891 0.0000000000
126192  -30.976  -57.908  37.068 0.0000000000
126193  -31.012  -58.406  37.304 0.0000000000
126195  -33.267  -62.936  39.372 0.0000000000
126196  -33.205  -63.399  39.738 0.0000000000
126197  -32.877  -63.369  39.655 0.0000000000
126198  -32.515  -63.284  39.619 0.0000000000
126200  -32.290  -63.836  39.852 0.0000000000
126201  -31.998  -63.293  39.574 0.0000000000
126202  -31.625  -63.203  39.533 0.0000000000
126203  -31.322  -63.073  39.525 0.0000000000
126204  -31.063  -63.031  39.549 0.0000000000
126205  -30.823  -62.993  39.625 0.0000000000
126206  -30.914  -63.611  39.818 0.0000000000
126207  -30.744  -64.109  40.121 0.0000000000
126208  -30.567  -64.625  40.407 0.0000000000
126209  -30.903  -65.299  40.697 0.0000000000
126210  -30.575  -65.296  40.629 0.0000000000
126211  -30.281  -65.249  40.496 0.0000000000
126212  -29.952  -65.823  40.674 0.0000000000
130150  -26.982  -53.901  47.730 0.0000000000
130151  -26.671  -54.345  47.460 0.0000000000
130152  -26.708  -54.066  47.033 0.0000000000
130153  -26.526  -54.321  46.313 0.0000000000
130154  -26.409  -54.563  45.654 0.0000000000
130155  -26.607  -53.797  45.491 0.0000000000
130156  -26.493  -54.282  45.262 0.0000000000
130157  -26.329  -54.831  44.990 0.0000000000
130158  -26.221  -55.064  44.350 0.0000000000
130159  -26.148  -55.306  43.723 0.0000000000
130160  -26.095  -55.566  43.118 0.0000000000
130161  -26.630  -52.843  43.569 0.0000000000
130162  -26.541  -53.360  43.419 0.0000000000
130163  -26.465  -53.875  43.227 0.0000000000
130165  -26.437  -54.146  42.555 0.0000000000
130166  -26.388  -54.376  43.010 0.0000000000
130167  -26.277  -54.903  42.799 0.0000000000
130168  -26.177  -55.360  42.684 0.0000000000
130169  -26.141  -55.820  42.573 0.0000000000
130170  -26.238  -56.109  42.006 0.0000000000
130171  -26.420  -56.448  41.475 0.0000000000
130172  -26.671  -56.824  41.118 0.0000000000
130173  -26.596  -56.111  40.624 0.0000000000
130174  -26.762  -56.665  40.685 0.0000000000
130175  -26.980  -57.208  40.789 0.0000000000
130176  -27.342  -57.547  40.505 0.0000000000
130177  -27.745  -57.883  40.178 0.0000000000
130178  -28.179  -58.270  39.882 0.0000000000
133216  -36.933  -50.229  59.014 0.0000000000
133217  -36.900  -50.788  58.923 0.0000000000
133224  -35.390  -51.140  54.960 0.0000000000
133225  -36.620  -50.905  55.886 0.0000000000
133226  -35.999  -50.971  55.162 0.0000000000
133227  -35.311  -50.950  54.421 0.0000000000
133228  -35.151  -50.784  53.874 0.0000000000
133229  -34.918  -50.643  53.280 0.0000000000
133230  -34.733  -50.503  52.681 0.0000000000
133297  -35.862  -45.370  49.637 0.0000000000
133298  -36.039  -45.662  49.033 0.0000000000
133305  -35.430  -44.935  48.701 0.0000000000
133306  -35.816  -45.485  48.580 0.0000000000
133307  -35.961  -45.981  48.389 0.0000000000
133308  -35.793  -46.225  47.758 0.0000000000
133309  -35.499  -46.432  47.148 0.0000000000
133310  -35.082  -46.586  46.437 0.0000000000
133312  -35.154  -46.343  45.962 0.0000000000
133313  -34.640  -46.638  45.724 0.0000000000
133327  -34.672  -44.310  44.700 0.0000000000
133373  -40.078  -42.242  38.393 0.0000000000
133375  -40.399  -42.190  38.485 0.0000000000
133376  -40.729  -42.143  38.550 0.0000000000
133377  -41.092  -42.022  38.656 0.0000000000
133378  -40.721  -41.336  38.395 0.0000000000
133380  -41.478  -41.939  38.737 0.0000000000
133381  -41.871  -41.887  38.807 0.0000000000
133382  -42.245  -41.814  38.893 0.0000000000
133383  -42.602  -41.747  38.964 0.0000000000
133388  -41.689  -40.360  38.634 0.0000000000
133389  -41.772  -40.696  38.590 0.0000000000
133390  -42.187  -41.016  38.705 0.0000000000
133391  -42.588  -41.331  38.843 0.0000000000
133392  -42.942  -41.680  39.075 0.0000000000
133393  -43.292  -41.584  39.181 0.0000000000
135462  -22.987  -61.082  53.312 0.0000000000
135465  -23.237  -61.848  52.024 0.0000000000
135480  -27.113  -61.893  44.929 0.0000000000
135481  -26.914  -62.015  45.138 0.0000000000
135482  -26.992  -62.347  44.717 0.0000000000
135483  -26.848  -62.748  44.467 0.0000000000
135484  -26.542  -62.766  44.030 0.0000000000
135485  -26.696  -62.841  43.253 0.0000000000
135486  -26.414  -62.697  43.271 0.0000000000
135487  -26.131  -62.558  43.289 0.0000000000
135488  -25.654  -62.219  42.503 0.0000000000
135489  -25.160  -61.693  41.716 0.0000000000
135490  -24.762  -61.290  40.990 0.0000000000
135491  -26.340  -62.297  40.267 0.0000000000
135492  -26.045  -62.023  40.077 0.0000000000
135493  -25.761  -61.816  40.103 0.0000000000
135497  -25.073  -61.304  40.050 0.0000000000
135498  -24.705  -61.104  40.112 0.0000000000
135537  -34.558  -59.001  37.493 0.0000000000
135538  -34.126  -58.973  37.434 0.0000000000
135539  -34.541  -59.611  37.780 0.0000000000
135540  -34.508  -60.178  38.035 0.0000000000
135541  -34.365  -60.767  38.344 0.0000000000
135545  -34.234  -61.935  38.871 0.0000000000
142132  -25.233  -57.594  52.715 0.0000000000
142133  -24.750  -58.018  52.328 0.0000000000
142134  -24.936  -57.762  52.083 0.0000000000
142135  -24.673  -57.897  51.453 0.0000000000
142136  -24.499  -58.165  50.791 0.0000000000
142137  -24.939  -57.484  50.924 0.0000000000
142138  -24.607  -57.952  50.535 0.0000000000
142139  -24.388  -58.463  50.117 0.0000000000
142140  -24.446  -58.654  49.463 0.0000000000
142141  -24.532  -58.831  48.887 0.0000000000
142142  -24.632  -59.040  48.348 0.0000000000
142143  -25.660  -56.813  49.836 0.0000000000
142144  -25.256  -57.212  49.463 0.0000000000
142145  -25.012  -57.593  49.057 0.0000000000
142146  -25.103  -57.633  48.114 0.0000000000
142147  -24.980  -57.813  48.398 0.0000000000
142148  -24.868  -57.983  48.711 0.0000000000
142149  -24.817  -58.387  48.424 0.0000000000
142150  -24.822  -58.818  48.124 0.0000000000
142151  -24.895  -59.220  47.896 0.0000000000
142152  -25.162  -59.417  47.459 0.0000000000
142153  -25.444  -59.700  47.091 0.0000000000
142154  -25.780  -59.966  46.744 0.0000000000
142155  -25.645  -59.380  46.416 0.0000000000
142156  -25.882  -59.816  46.403 0.0000000000
142157  -26.095  -60.246  46.382 0.0000000000
142158  -26.401  -60.496  46.009 0.0000000000
142159  -26.685  -60.755  45.714 0.0000000000
142160  -26.948  -61.041  45.408 0.0000000000
142161  -26.392  -54.862  47.166 0.0000000000
142162  -26.096  -55.340  46.909 0.0000000000
142163  -25.849  -55.756  46.679 0.0000000000
142164  -25.960  -55.699  45.651 0.0000000000
142165  -25.821  -55.928  46.027 0.0000000000
142166  -25.696  -56.156  46.436 0.0000000000
142167  -25.627  -56.590  46.177 0.0000000000
142168  -25.622  -57.090  45.910 0.0000000000
142169  -25.699  -57.638  45.649 0.0000000000
142170  -26.032  -56.767  43.325 0.0000000000
142171  -25.992  -56.978  43.711 0.0000000000
142172  -25.961  -57.191  44.074 0.0000000000
142173  -26.361  -58.036  43.476 0.0000000000
142174  -26.137  -57.737  43.923 0.0000000000
142175  -25.940  -57.411  44.417 0.0000000000
142176  -25.912  -57.607  44.788 0.0000000000
142177  -25.859  -57.889  45.111 0.0000000000
142178  -25.775  -58.136  45.423 0.0000000000
142179  -25.935  -58.663  45.276 0.0000000000
142180  -26.163  -59.171  45.148 0.0000000000
142181  -26.433  -59.605  45.151 0.0000000000
142182  -26.816  -59.693  44.581 0.0000000000
142183  -26.763  -59.877  44.895 0.0000000000
142184  -26.685  -60.051  45.208 0.0000000000
142185  -26.928  -60.520  45.176 0.0000000000
142186  -27.072  -60.963  45.116 0.0000000000
142187  -27.141  -61.412  45.067 0.0000000000
142188  -27.306  -61.778  44.722 0.0000000000
142189  -27.461  -62.137  44.352 0.0000000000
142190  -27.523  -62.425  43.979 0.0000000000
142191  -27.788  -61.827  43.971 0.0000000000
142192  -27.721  -62.279  43.814 0.0000000000
142193  -27.544  -62.659  43.552 0.0000000000
142194  -27.537  -62.881  43.066 0.0000000000
142195  -27.470  -62.998  42.452 0.0000000000
142196  -27.362  -63.008  41.901 0.0000000000
142197  -28.325  -61.080  43.076 0.0000000000
142198  -28.329  -61.604  42.984 0.0000000000
142199  -28.259  -62.074  42.859 0.0000000000
142200  -28.499  -62.197  42.300 0.0000000000
142201  -28.334  -62.374  42.489 0.0000000000
142202  -28.149  -62.492  42.664 0.0000000000
142203  -27.932  -62.789  42.356 0.0000000000
142204  -27.622  -62.972  41.929 0.0000000000
142205  -27.236  -62.960  41.357 0.0000000000
142206  -27.200  -62.877  40.700 0.0000000000
142207  -27.182  -62.912  40.076 0.0000000000
142208  -27.246  -63.013  39.461 0.0000000000
142209  -27.742  -63.361  40.364 0.0000000000
142210  -27.492  -63.298  39.649 0.0000000000
142211  -27.317  -63.245  38.866 0.0000000000
147049  -27.448  -50.605  39.244 0.0000000000
147050  -27.339  -51.076  39.056 0.0000000000
147051  -27.532  -50.977  38.531 0.0000000000
147052  -27.697  -51.402  37.871 0.0000000000
147053  -27.984  -51.849  37.241 0.0000000000
147054  -28.185  -51.357  36.831 0.0000000000
147055  -28.231  -51.845  36.749 0.0000000000
147056  -28.298  -52.352  36.750 0.0000000000
147057  -28.707  -52.844  36.333 0.0000000000
147072  -32.322  -55.238  35.297 0.0000000000
147073  -32.482  -55.675  35.670 0.0000000000
147074  -32.672  -56.169  36.012 0.0000000000
147075  -33.187  -56.688  36.239 0.0000000000
147085  -33.675  -53.774  34.021 0.0000000000
147086  -33.770  -54.323  34.375 0.0000000000
147091  -35.671  -55.266  35.137 0.0000000000
147094  -34.334  -54.805  34.680 0.0000000000
147095  -33.873  -54.848  34.719 0.0000000000
147096  -33.990  -55.302  35.015 0.0000000000
147097  -34.174  -55.760  35.412 0.0000000000
147098  -34.347  -56.174  35.825 0.0000000000
147101  -34.494  -56.665  36.266 0.0000000000
147104  -34.523  -58.348  37.194 0.0000000000
147105  -34.941  -59.037  37.572 0.0000000000
147106  -35.318  -59.710  38.024 0.0000000000
147108  -35.945  -59.735  38.341 0.0000000000
147114  -37.075  -59.562  39.168 0.0000000000
150792  -24.560  -58.495  54.399 0.0000000000
150793  -24.846  -58.231  54.173 0.0000000000
150794  -25.093  -57.977  53.951 0.0000000000
150795  -25.353  -57.730  53.686 0.0000000000
150873  -26.287  -57.279  55.397 0.0000000000
150874  -26.118  -57.303  54.843 0.0000000000
150875  -25.874  -57.406  54.130 0.0000000000
150876  -25.595  -57.495  53.419 0.0000000000
150877  -25.779  -57.287  53.175 0.0000000000
150878  -25.933  -57.089  52.925 0.0000000000
150879  -26.059  -56.951  52.689 0.0000000000
150880  -26.851  -56.574  53.827 0.0000000000
150881  -26.520  -56.662  53.145 0.0000000000
150882  -26.205  -56.729  52.465 0.0000000000
150883  -26.365  -56.565  52.206 0.0000000000
150884  -26.513  -56.400  51.901 0.0000000000
150885  -26.624  -56.187  51.590 0.0000000000
150886  -28.923  -55.696  55.393 0.0000000000
150892  -27.336  -55.746  52.855 0.0000000000
150893  -26.992  -55.836  52.082 0.0000000000
150894  -26.701  -55.895  51.330 0.0000000000
150895  -26.769  -55.685  51.003 0.0000000000
150896  -26.892  -55.445  50.714 0.0000000000
150897  -26.967  -55.200  50.435 0.0000000000
150899  -27.404  -54.924  50.810 0.0000000000
150900  -27.057  -54.952  50.103 0.0000000000
150901  -27.202  -54.689  49.693 0.0000000000
150902  -27.229  -54.433  49.279 0.0000000000
150903  -27.219  -54.212  48.891 0.0000000000
150910  -31.987  -53.702  55.487 0.0000000000
150911  -31.439  -53.617  54.774 0.0000000000
150912  -30.878  -53.563  54.155 0.0000000000
150914  -33.184  -52.320  55.176 0.0000000000
150915  -32.605  -52.555  54.827 0.0000000000
150916  -31.900  -52.169  53.612 0.0000000000
150917  -32.018  -52.468  54.071 0.0000000000
150918  -32.044  -52.824  54.456 0.0000000000
150919  -31.451  -53.006  54.084 0.0000000000
150920  -30.854  -53.247  53.770 0.0000000000
150921  -30.312  -53.533  53.487 0.0000000000
150922  -29.823  -53.527  52.829 0.0000000000
150923  -29.348  -53.644  52.163 0.0000000000
150924  -28.917  -53.707  51.473 0.0000000000
150925  -29.297  -52.990  51.446 0.0000000000
150926  -28.921  -53.361  51.093 0.0000000000
150927  -28.539  -53.742  50.691 0.0000000000
150928  -28.062  -53.798  49.957 0.0000000000
150929  -27.613  -53.843  49.235 0.0000000000
150930  -27.250  -53.875  48.473 0.0000000000
150931  -27.257  -53.549  48.061 0.0000000000
150932  -27.236  -53.252  47.643 0.0000000000
150933  -27.192  -52.965  47.192 0.0000000000
150934  -27.804  -52.506  48.342 0.0000000000
150935  -27.440  -52.546  47.533 0.0000000000
150936  -27.114  -52.685  46.717 0.0000000000
150937  -27.094  -52.399  46.273 0.0000000000
150938  -27.068  -52.124  45.788 0.0000000000
150939  -27.041  -51.876  45.259 0.0000000000
150940  -29.482  -51.273  49.427 0.0000000000
150941  -28.906  -51.229  48.637 0.0000000000
150942  -28.423  -51.224  47.917 0.0000000000
150943  -28.726  -50.735  47.481 0.0000000000
150944  -28.287  -50.958  47.325 0.0000000000
150945  -27.921  -51.253  47.154 0.0000000000
150946  -27.531  -51.358  46.358 0.0000000000
150947  -27.248  -51.479  45.528 0.0000000000
150948  -27.023  -51.639  44.723 0.0000000000
150949  -27.025  -51.375  44.236 0.0000000000
150950  -26.993  -51.177  43.641 0.0000000000
150951  -27.028  -50.979  43.048 0.0000000000
150952  -27.469  -50.437  44.098 0.0000000000
150953  -27.241  -50.589  43.300 0.0000000000
150954  -27.037  -50.807  42.460 0.0000000000
150955  -27.081  -50.663  41.854 0.0000000000
150956  -27.171  -50.536  41.238 0.0000000000
150957  -27.275  -50.425  40.605 0.0000000000
151140  -37.284  -49.991  54.960 0.0000000000
151141  -37.393  -49.492  54.361 0.0000000000
151142  -37.079  -49.936  54.249 0.0000000000
151143  -36.645  -50.233  54.176 0.0000000000
151144  -35.922  -50.351  53.409 0.0000000000
151145  -35.228  -50.342  52.668 0.0000000000
151146  -34.572  -50.326  51.993 0.0000000000
151150  -36.290  -45.664  51.518 0.0000000000
151151  -36.415  -45.913  52.033 0.0000000000
151153  -36.949  -46.518  52.631 0.0000000000
151154  -37.222  -47.040  52.536 0.0000000000
151155  -37.268  -47.635  52.411 0.0000000000
151156  -36.139  -47.024  49.059 0.0000000000
151157  -36.313  -47.324  49.567 0.0000000000
151158  -36.448  -47.558  50.001 0.0000000000
151159  -35.463  -48.184  49.283 0.0000000000
151160  -36.086  -48.021  49.894 0.0000000000
151161  -36.627  -47.722  50.544 0.0000000000
151162  -36.769  -47.947  51.082 0.0000000000
151163  -36.932  -48.089  51.643 0.0000000000
151164  -37.134  -48.238  52.210 0.0000000000
151165  -36.751  -48.797  52.012 0.0000000000
151166  -36.290  -49.256  51.798 0.0000000000
151167  -35.852  -49.588  51.602 0.0000000000
151168  -34.922  -49.486  50.257 0.0000000000
151169  -35.130  -49.680  50.819 0.0000000000
151170  -35.338  -49.855  51.431 0.0000000000
151171  -34.843  -50.066  51.323 0.0000000000
151172  -34.369  -50.196  51.291 0.0000000000
151173  -33.918  -50.313  51.279 0.0000000000
151174  -33.195  -50.311  50.643 0.0000000000
151175  -32.543  -50.291  49.955 0.0000000000
151176  -31.942  -50.213  49.216 0.0000000000
151177  -32.204  -49.873  48.552 0.0000000000
151178  -31.765  -49.972  48.546 0.0000000000
151179  -31.311  -50.101  48.507 0.0000000000
151180  -30.714  -49.959  47.813 0.0000000000
151181  -30.166  -49.850  47.071 0.0000000000
151182  -29.665  -49.718  46.307 0.0000000000
151183  -31.722  -48.696  46.113 0.0000000000
151184  -31.254  -48.876  45.881 0.0000000000
151185  -30.817  -49.072  45.826 0.0000000000
151186  -30.237  -48.679  44.441 0.0000000000
151187  -30.299  -48.989  45.084 0.0000000000
151188  -30.405  -49.229  45.778 0.0000000000
151189  -29.933  -49.360  45.709 0.0000000000
151190  -29.514  -49.485  45.577 0.0000000000
151191  -29.214  -49.627  45.508 0.0000000000
151192  -28.853  -49.564  44.770 0.0000000000
151193  -28.452  -49.579  43.921 0.0000000000
151194  -28.114  -49.654  43.117 0.0000000000
151195  -28.381  -49.171  42.511 0.0000000000
151196  -28.103  -49.403  42.435 0.0000000000
151197  -27.807  -49.700  42.339 0.0000000000
151198  -27.600  -49.833  41.545 0.0000000000
151199  -27.494  -50.038  40.699 0.0000000000
151200  -27.457  -50.286  39.920 0.0000000000
151201  -27.604  -50.199  39.367 0.0000000000
151202  -27.814  -50.120  38.756 0.0000000000
151203  -27.993  -50.048  38.166 0.0000000000
151204  -28.152  -49.358  38.959 0.0000000000
151205  -28.142  -49.652  38.269 0.0000000000
151206  -28.182  -50.009  37.603 0.0000000000
151207  -28.403  -49.980  37.058 0.0000000000
151210  -29.068  -48.094  39.613 0.0000000000
151211  -28.908  -48.251  38.846 0.0000000000
157361  -24.345  -58.476  51.965 0.0000000000
157362  -24.044  -59.094  51.429 0.0000000000
157363  -23.942  -59.599  51.044 0.0000000000
157364  -24.125  -59.425  50.232 0.0000000000
157365  -24.082  -59.759  50.480 0.0000000000
157366  -23.899  -60.109  50.655 0.0000000000
157367  -23.975  -60.551  50.379 0.0000000000
157368  -24.148  -60.963  50.236 0.0000000000
157369  -24.295  -61.356  50.154 0.0000000000
157370  -24.944  -60.130  48.386 0.0000000000
157371  -24.880  -60.404  48.662 0.0000000000
157372  -24.805  -60.673  48.933 0.0000000000
157373  -25.263  -61.211  48.585 0.0000000000
157374  -25.000  -61.058  48.895 0.0000000000
157375  -24.704  -60.908  49.180 0.0000000000
157376  -24.673  -61.191  49.480 0.0000000000
157377  -24.571  -61.458  49.801 0.0000000000
157378  -24.456  -61.712  50.135 0.0000000000
157379  -24.561  -62.057  50.168 0.0000000000
157380  -24.628  -62.426  50.158 0.0000000000
157388  -26.707  -62.173  45.347 0.0000000000
157389  -26.478  -62.378  45.545 0.0000000000
157390  -26.235  -62.458  45.786 0.0000000000
157391  -26.071  -62.760  44.901 0.0000000000
157392  -26.049  -62.736  45.500 0.0000000000
157393  -26.017  -62.678  46.008 0.0000000000
157394  -25.791  -62.768  46.261 0.0000000000
157397  -24.178  -61.189  42.021 0.0000000000
157398  -24.333  -61.473  42.830 0.0000000000
157399  -24.484  -61.785  43.641 0.0000000000
157523  -27.246  -51.571  39.025 0.0000000000
157524  -27.193  -52.076  39.011 0.0000000000
157528  -27.182  -53.021  39.017 0.0000000000
157529  -27.203  -53.518  38.972 0.0000000000
157532  -29.444  -54.713  36.386 0.0000000000
157533  -29.108  -54.755  36.827 0.0000000000
157534  -28.668  -54.756  37.180 0.0000000000
157535  -29.312  -55.757  37.192 0.0000000000
157536  -28.818  -55.279  37.379 0.0000000000
157537  -28.339  -54.805  37.633 0.0000000000
157538  -27.957  -54.827  38.038 0.0000000000
157539  -27.632  -54.863  38.497 0.0000000000
157540  -27.367  -55.013  38.929 0.0000000000
157541  -27.415  -55.545  38.977 0.0000000000
157542  -27.528  -56.056  39.032 0.0000000000
157543  -27.685  -56.590  39.131 0.0000000000
157544  -28.534  -56.914  38.377 0.0000000000
157545  -28.191  -56.976  38.775 0.0000000000
157546  -27.886  -57.094  39.206 0.0000000000
157547  -28.136  -57.616  39.264 0.0000000000
157548  -28.382  -58.135  39.383 0.0000000000
157549  -28.671  -58.656  39.501 0.0000000000
157550  -33.648  -58.923  37.359 0.0000000000
157551  -33.159  -58.916  37.295 0.0000000000
157552  -32.727  -58.953  37.276 0.0000000000
157553  -33.190  -60.095  37.813 0.0000000000
157554  -32.772  -59.538  37.536 0.0000000000
157555  -32.296  -58.959  37.275 0.0000000000
157556  -31.896  -58.972  37.331 0.0000000000
157557  -31.430  -58.927  37.447 0.0000000000
157558  -31.045  -58.918  37.543 0.0000000000
157559  -32.908  -62.355  38.972 0.0000000000
157560  -32.571  -61.808  38.597 0.0000000000
157561  -32.277  -61.232  38.309 0.0000000000
157562  -31.947  -61.641  38.632 0.0000000000
157563  -31.947  -61.180  38.315 0.0000000000
157564  -31.953  -60.642  38.081 0.0000000000
157565  -31.560  -60.045  37.939 0.0000000000
157566  -31.110  -59.415  37.788 0.0000000000
157567  -30.703  -58.879  37.661 0.0000000000
157568  -30.388  -58.842  37.800 0.0000000000
157569  -30.063  -58.863  38.038 0.0000000000
157570  -29.797  -58.912  38.260 0.0000000000
157571  -30.315  -59.841  38.535 0.0000000000
157572  -29.960  -59.408  38.435 0.0000000000
157573  -29.532  -58.932  38.533 0.0000000000
157574  -29.303  -58.968  38.884 0.0000000000
157575  -29.116  -59.042  39.285 0.0000000000
157576  -28.916  -59.103  39.751 0.0000000000
157577  -29.152  -59.559  40.027 0.0000000000
157578  -29.320  -60.007  40.274 0.0000000000
157579  -29.413  -60.564  40.420 0.0000000000
157580  -29.797  -60.917  39.884 0.0000000000
157581  -29.589  -60.946  40.171 0.0000000000
157582  -29.423  -61.097  40.510 0.0000000000
157583  -29.371  -61.600  40.568 0.0000000000
157584  -29.210  -62.097  40.676 0.0000000000
157585  -29.109  -62.610  40.742 0.0000000000
157586  -30.571  -62.904  39.754 0.0000000000
157587  -30.309  -62.847  39.896 0.0000000000
157588  -30.041  -62.811  40.032 0.0000000000
157589  -29.986  -64.033  40.289 0.0000000000
157590  -29.895  -63.387  40.212 0.0000000000
157591  -29.748  -62.819  40.189 0.0000000000
157592  -29.492  -62.889  40.407 0.0000000000
157593  -29.227  -63.023  40.593 0.0000000000
157594  -29.022  -63.133  40.711 0.0000000000
157595  -28.867  -63.632  40.634 0.0000000000
157596  -28.602  -64.068  40.323 0.0000000000
157597  -28.383  -64.400  39.874 0.0000000000
157598  -28.632  -65.089  40.057 0.0000000000
157599  -28.397  -64.926  39.720 0.0000000000
157600  -28.125  -64.667  39.340 0.0000000000
157601  -27.934  -64.741  38.683 0.0000000000
157602  -27.807  -64.794  37.968 0.0000000000
