#!ascii label  , from subject fsaverage vox2ras=TkReg
452
120  -53.786  21.350  16.670 0.0000000000
526  -52.441  26.880  6.260 0.0000000000
1150  -52.166  17.617  20.347 0.0000000000
1159  -50.090  31.834  6.698 0.0000000000
1160  -51.058  28.879  3.061 0.0000000000
2221  -49.325  27.773  9.536 0.0000000000
2222  -53.418  23.913  10.554 0.0000000000
3070  -53.159  19.598  18.636 0.0000000000
3071  -54.022  17.639  18.135 0.0000000000
3072  -54.269  19.390  16.365 0.0000000000
3074  -54.248  20.714  14.044 0.0000000000
3078  -50.545  31.264  -0.510 0.0000000000
3079  -51.244  30.596  1.994 0.0000000000
4916  -52.009  29.648  6.489 0.0000000000
4917  -49.651  30.592  8.655 0.0000000000
4918  -51.747  27.778  7.951 0.0000000000
4919  -51.776  25.797  9.766 0.0000000000
4920  -52.864  25.001  7.707 0.0000000000
6695  -51.850  30.401  4.511 0.0000000000
6696  -52.133  28.331  4.933 0.0000000000
7640  -51.490  21.403  17.821 0.0000000000
9221  -52.118  23.560  15.938 0.0000000000
9228  -49.202  25.701  11.707 0.0000000000
9229  -51.947  24.643  13.029 0.0000000000
9230  -53.805  22.887  13.891 0.0000000000
9231  -53.745  22.007  11.269 0.0000000000
10750  -53.496  20.542  17.702 0.0000000000
10751  -54.011  19.606  17.650 0.0000000000
10752  -54.193  20.402  16.604 0.0000000000
10753  -54.273  20.082  15.288 0.0000000000
10754  -54.222  21.077  15.497 0.0000000000
10759  -50.526  30.154  0.081 0.0000000000
12596  -52.371  28.400  6.456 0.0000000000
12597  -51.778  28.928  7.277 0.0000000000
12598  -52.395  27.390  7.034 0.0000000000
12599  -52.403  26.363  7.766 0.0000000000
12600  -52.594  25.876  6.842 0.0000000000
12601  -52.653  24.497  6.965 0.0000000000
12602  -52.257  25.422  6.266 0.0000000000
14970  -51.580  16.696  21.267 0.0000000000
14972  -52.677  16.831  20.004 0.0000000000
14973  -54.078  17.572  16.682 0.0000000000
14984  -50.904  20.236  11.182 0.0000000000
14996  -51.327  29.618  2.487 0.0000000000
14997  -51.558  30.393  3.307 0.0000000000
14998  -51.810  29.496  3.661 0.0000000000
14999  -52.244  29.408  4.762 0.0000000000
15000  -51.632  28.663  4.119 0.0000000000
16783  -51.011  20.288  18.517 0.0000000000
20496  -50.781  23.498  16.617 0.0000000000
20508  -48.479  32.209  7.801 0.0000000000
20509  -49.456  29.235  9.061 0.0000000000
20510  -47.957  30.425  9.443 0.0000000000
20511  -47.843  28.964  9.735 0.0000000000
20512  -46.181  28.598  10.319 0.0000000000
20513  -47.783  27.493  10.242 0.0000000000
20514  -47.738  26.346  11.085 0.0000000000
20515  -49.157  26.567  10.365 0.0000000000
20516  -52.698  24.882  10.192 0.0000000000
20517  -51.814  25.182  11.347 0.0000000000
20518  -52.851  24.415  11.885 0.0000000000
20519  -53.029  23.888  13.516 0.0000000000
20520  -53.631  23.471  12.282 0.0000000000
20521  -54.013  22.457  12.550 0.0000000000
20522  -53.755  22.929  10.878 0.0000000000
23958  -52.726  18.570  19.607 0.0000000000
23959  -53.308  17.741  19.407 0.0000000000
23960  -53.740  18.704  18.643 0.0000000000
23961  -54.190  18.560  17.357 0.0000000000
23962  -54.014  18.441  16.030 0.0000000000
23964  -53.967  19.279  14.958 0.0000000000
23974  -50.859  30.936  0.697 0.0000000000
23975  -50.946  29.816  1.306 0.0000000000
27280  -51.156  30.880  6.684 0.0000000000
27281  -49.830  31.397  7.773 0.0000000000
27282  -50.908  30.274  7.620 0.0000000000
27283  -50.738  29.185  8.249 0.0000000000
27284  -50.598  27.843  8.730 0.0000000000
27285  -50.589  26.660  9.538 0.0000000000
27286  -51.750  26.663  8.672 0.0000000000
27287  -52.555  25.473  8.740 0.0000000000
27288  -53.175  24.350  8.973 0.0000000000
27289  -53.396  23.309  9.322 0.0000000000
27290  -53.027  23.818  7.893 0.0000000000
30947  -53.617  16.833  18.589 0.0000000000
30979  -50.861  31.322  3.018 0.0000000000
30980  -51.121  31.261  4.334 0.0000000000
30981  -51.232  31.207  5.590 0.0000000000
30982  -52.024  30.207  5.663 0.0000000000
30983  -52.509  29.030  5.634 0.0000000000
30984  -52.364  27.733  5.699 0.0000000000
30985  -51.902  26.241  5.741 0.0000000000
33349  -50.230  16.458  22.096 0.0000000000
33350  -50.904  17.356  21.224 0.0000000000
33353  -51.446  18.272  20.210 0.0000000000
33354  -51.953  19.442  19.175 0.0000000000
33355  -52.368  20.477  18.247 0.0000000000
33356  -52.816  21.457  17.444 0.0000000000
33384  -50.294  31.706  -1.609 0.0000000000
37905  -50.483  22.433  17.540 0.0000000000
37906  -51.779  22.558  17.045 0.0000000000
37907  -53.043  22.484  16.438 0.0000000000
37920  -48.158  31.521  8.704 0.0000000000
37929  -50.539  25.827  10.835 0.0000000000
37930  -50.672  25.198  12.359 0.0000000000
37931  -50.912  24.720  14.007 0.0000000000
37932  -52.094  24.175  14.585 0.0000000000
37933  -53.079  23.284  15.044 0.0000000000
37934  -53.805  22.264  15.347 0.0000000000
37935  -54.183  21.826  14.058 0.0000000000
37936  -54.022  21.384  12.689 0.0000000000
37937  -53.157  21.080  11.416 0.0000000000
37938  -53.279  22.481  9.719 0.0000000000
37939  -52.771  21.703  10.122 0.0000000000
37940  -51.842  21.019  10.538 0.0000000000
37941  -50.415  20.893  9.965 0.0000000000
41470  -53.661  20.952  17.197 0.0000000000
41471  -53.911  20.494  17.194 0.0000000000
41472  -54.034  20.867  16.664 0.0000000000
41473  -54.235  20.741  16.074 0.0000000000
41474  -54.080  21.228  16.107 0.0000000000
43316  -52.446  27.679  6.366 0.0000000000
43317  -52.361  27.985  6.800 0.0000000000
43318  -52.509  27.203  6.621 0.0000000000
43319  -52.547  26.628  6.908 0.0000000000
43320  -52.518  26.377  6.523 0.0000000000
43321  -52.487  25.633  6.519 0.0000000000
43322  -52.371  26.089  6.223 0.0000000000
45690  -51.875  17.131  20.837 0.0000000000
45691  -52.147  16.794  20.605 0.0000000000
45692  -52.476  17.221  20.301 0.0000000000
45694  -53.946  17.087  16.184 0.0000000000
45703  -51.120  19.905  11.622 0.0000000000
45716  -51.216  29.217  2.724 0.0000000000
45717  -51.553  29.551  3.075 0.0000000000
45718  -51.476  29.164  3.317 0.0000000000
45719  -51.764  29.101  3.848 0.0000000000
45720  -51.312  28.785  3.615 0.0000000000
51228  -49.316  32.063  7.284 0.0000000000
51229  -49.359  28.483  9.267 0.0000000000
51230  -48.657  29.098  9.414 0.0000000000
51231  -48.585  28.356  9.611 0.0000000000
51232  -47.798  28.239  9.920 0.0000000000
51233  -48.558  27.637  9.896 0.0000000000
51234  -48.473  27.003  10.331 0.0000000000
51235  -49.222  27.113  9.917 0.0000000000
51236  -53.098  24.403  10.419 0.0000000000
51237  -52.760  24.648  11.077 0.0000000000
51238  -53.181  24.171  11.235 0.0000000000
51239  -53.312  23.947  12.080 0.0000000000
51240  -53.529  23.678  11.364 0.0000000000
51241  -53.786  23.189  11.592 0.0000000000
51242  -53.630  23.404  10.679 0.0000000000
55290  -52.983  19.091  19.169 0.0000000000
55291  -53.372  18.662  19.244 0.0000000000
55292  -53.490  19.165  18.689 0.0000000000
55293  -54.209  19.482  17.037 0.0000000000
55294  -54.141  19.086  17.534 0.0000000000
55295  -54.238  18.999  16.875 0.0000000000
55296  -54.210  18.493  16.653 0.0000000000
55297  -54.186  18.913  16.162 0.0000000000
55298  -53.982  18.863  15.509 0.0000000000
55299  -54.193  19.311  15.656 0.0000000000
55300  -54.259  20.384  14.669 0.0000000000
55301  -54.151  19.946  14.493 0.0000000000
55302  -54.131  20.245  13.877 0.0000000000
55315  -50.655  31.075  0.072 0.0000000000
55317  -50.756  29.954  0.669 0.0000000000
60826  -51.623  30.272  6.611 0.0000000000
60827  -51.082  30.591  7.175 0.0000000000
60828  -51.532  29.985  7.059 0.0000000000
60829  -51.750  28.346  7.626 0.0000000000
60830  -51.330  29.043  7.781 0.0000000000
60831  -51.264  28.476  8.079 0.0000000000
60832  -50.645  28.578  8.501 0.0000000000
60833  -51.221  27.894  8.359 0.0000000000
60834  -51.199  27.255  8.658 0.0000000000
60835  -51.758  27.217  8.250 0.0000000000
60836  -52.646  25.662  7.694 0.0000000000
60837  -52.493  25.849  8.192 0.0000000000
60838  -52.769  25.224  8.179 0.0000000000
60839  -52.896  24.877  8.853 0.0000000000
60840  -53.015  24.643  8.262 0.0000000000
60841  -53.168  24.089  8.375 0.0000000000
60842  -53.044  24.376  7.808 0.0000000000
67958  -53.715  17.732  18.780 0.0000000000
67959  -53.491  17.281  19.088 0.0000000000
67960  -53.830  17.234  18.376 0.0000000000
68026  -50.947  31.119  1.816 0.0000000000
68027  -50.696  31.424  2.356 0.0000000000
68028  -51.111  30.978  2.475 0.0000000000
68029  -51.725  30.417  3.886 0.0000000000
68030  -51.424  30.779  3.829 0.0000000000
68031  -51.539  30.832  4.413 0.0000000000
68032  -51.240  31.260  4.946 0.0000000000
68033  -51.612  30.819  5.041 0.0000000000
68034  -51.643  30.702  5.642 0.0000000000
68035  -51.957  30.340  5.105 0.0000000000
68036  -52.224  28.860  4.793 0.0000000000
68037  -52.368  29.251  5.196 0.0000000000
68038  -52.401  28.666  5.227 0.0000000000
68039  -52.475  28.402  5.654 0.0000000000
68040  -52.308  28.072  5.314 0.0000000000
68041  -52.099  27.431  5.414 0.0000000000
68042  -51.936  27.767  5.101 0.0000000000
73377  -49.878  16.781  21.941 0.0000000000
73378  -50.610  17.003  21.737 0.0000000000
73379  -50.257  17.269  21.487 0.0000000000
73386  -50.784  18.123  20.418 0.0000000000
73387  -51.071  18.626  19.884 0.0000000000
73388  -51.707  18.840  19.690 0.0000000000
73389  -51.269  19.226  19.353 0.0000000000
73390  -51.253  20.870  18.134 0.0000000000
73391  -51.675  20.391  18.360 0.0000000000
73392  -51.929  20.935  18.012 0.0000000000
73393  -52.611  20.976  17.862 0.0000000000
73394  -52.189  21.463  17.689 0.0000000000
84528  -51.468  23.529  16.290 0.0000000000
84529  -51.286  23.069  16.864 0.0000000000
84530  -51.966  23.079  16.567 0.0000000000
84531  -52.449  22.556  16.781 0.0000000000
84532  -52.595  23.048  16.243 0.0000000000
84564  -49.726  31.083  8.278 0.0000000000
84565  -49.040  31.519  8.278 0.0000000000
84566  -48.917  31.098  8.739 0.0000000000
84581  -48.488  25.979  11.355 0.0000000000
84582  -47.805  25.843  11.688 0.0000000000
84583  -48.588  25.534  11.996 0.0000000000
84585  -49.370  25.310  12.405 0.0000000000
84586  -51.201  26.202  9.652 0.0000000000
84587  -50.559  26.226  10.115 0.0000000000
84588  -51.166  25.820  10.312 0.0000000000
84589  -51.872  24.910  12.182 0.0000000000
84590  -51.275  25.223  11.878 0.0000000000
84591  -51.341  24.968  12.682 0.0000000000
84592  -50.833  24.933  13.142 0.0000000000
84593  -51.455  24.675  13.502 0.0000000000
84594  -51.521  24.487  14.356 0.0000000000
84595  -52.055  24.404  13.818 0.0000000000
84596  -53.476  23.426  13.756 0.0000000000
84597  -53.069  23.616  14.300 0.0000000000
84598  -53.471  23.130  14.502 0.0000000000
84599  -53.494  22.790  15.234 0.0000000000
84600  -53.825  22.592  14.626 0.0000000000
84601  -54.020  22.083  14.733 0.0000000000
84602  -54.023  22.359  13.991 0.0000000000
84603  -53.974  22.200  11.885 0.0000000000
84604  -54.072  21.935  12.644 0.0000000000
84605  -53.880  21.715  11.989 0.0000000000
84606  -53.681  21.229  12.031 0.0000000000
84607  -53.494  21.531  11.338 0.0000000000
84608  -53.182  23.009  8.756 0.0000000000
84609  -53.395  22.876  9.526 0.0000000000
84610  -53.073  22.621  8.931 0.0000000000
84611  -51.873  21.828  9.058 0.0000000000
84612  -52.501  21.968  9.425 0.0000000000
84614  -52.298  21.404  10.266 0.0000000000
84615  -51.604  21.328  9.899 0.0000000000
84616  -51.156  20.962  10.250 0.0000000000
84624  -51.707  25.577  5.806 0.0000000000
93078  -53.325  20.077  18.156 0.0000000000
93079  -53.639  19.635  18.178 0.0000000000
93080  -53.791  20.097  17.719 0.0000000000
93081  -54.099  20.008  17.131 0.0000000000
93082  -54.268  19.877  16.520 0.0000000000
93083  -54.321  19.767  15.888 0.0000000000
93084  -54.317  20.251  16.005 0.0000000000
93085  -54.317  20.533  15.434 0.0000000000
93086  -54.281  20.877  14.809 0.0000000000
93092  -50.440  30.917  -0.815 0.0000000000
93093  -50.597  30.700  -0.225 0.0000000000
93094  -50.351  30.362  -0.471 0.0000000000
96400  -52.226  29.055  6.463 0.0000000000
96401  -51.887  29.369  6.932 0.0000000000
96402  -52.152  28.705  6.842 0.0000000000
96403  -52.107  28.179  7.157 0.0000000000
96404  -52.120  27.622  7.513 0.0000000000
96405  -52.114  27.073  7.860 0.0000000000
96406  -52.419  26.858  7.402 0.0000000000
96407  -52.553  26.138  7.269 0.0000000000
96408  -52.716  25.418  7.254 0.0000000000
96409  -52.836  24.746  7.316 0.0000000000
96410  -52.675  25.142  6.883 0.0000000000
100674  -51.257  16.277  21.568 0.0000000000
100676  -51.847  16.409  20.884 0.0000000000
100679  -54.107  17.609  17.412 0.0000000000
100680  -54.035  17.171  17.680 0.0000000000
100681  -54.060  17.143  16.945 0.0000000000
100720  -51.366  30.080  2.229 0.0000000000
100721  -51.427  30.472  2.649 0.0000000000
100722  -51.539  29.984  2.863 0.0000000000
100723  -51.744  29.933  3.463 0.0000000000
100724  -51.931  29.881  4.054 0.0000000000
100725  -52.100  29.879  4.631 0.0000000000
100726  -52.033  29.445  4.234 0.0000000000
100727  -52.020  29.007  4.378 0.0000000000
100728  -51.899  28.508  4.518 0.0000000000
100729  -51.718  28.061  4.760 0.0000000000
100730  -51.416  28.244  4.354 0.0000000000
103940  -50.813  21.287  17.950 0.0000000000
110620  -50.066  23.440  17.020 0.0000000000
110623  -51.553  23.928  15.627 0.0000000000
110643  -49.568  29.960  8.900 0.0000000000
110644  -48.873  30.526  9.100 0.0000000000
110645  -48.753  29.851  9.262 0.0000000000
110646  -47.905  29.703  9.608 0.0000000000
110649  -47.038  28.815  9.965 0.0000000000
110650  -47.027  28.068  10.225 0.0000000000
110651  -47.030  27.335  10.584 0.0000000000
110652  -47.025  26.723  10.988 0.0000000000
110653  -47.738  26.884  10.650 0.0000000000
110654  -48.449  26.470  10.779 0.0000000000
110655  -49.171  26.106  10.990 0.0000000000
110656  -52.280  25.375  9.929 0.0000000000
110657  -51.774  25.512  10.471 0.0000000000
110658  -52.282  25.109  10.810 0.0000000000
110659  -52.348  24.827  11.639 0.0000000000
110660  -52.420  24.574  12.464 0.0000000000
110661  -52.518  24.341  13.298 0.0000000000
110662  -52.945  24.167  12.710 0.0000000000
110663  -53.391  23.707  12.950 0.0000000000
110664  -53.713  23.226  13.126 0.0000000000
110665  -53.961  22.677  13.202 0.0000000000
110666  -53.861  22.970  12.440 0.0000000000
110667  -53.927  22.719  11.782 0.0000000000
110668  -53.802  22.470  11.106 0.0000000000
117342  -52.455  18.080  19.998 0.0000000000
117343  -52.780  17.684  19.930 0.0000000000
117344  -53.060  18.163  19.575 0.0000000000
117345  -53.553  18.223  19.066 0.0000000000
117346  -53.921  18.199  18.487 0.0000000000
117347  -53.889  19.173  18.161 0.0000000000
117348  -54.038  18.644  18.040 0.0000000000
117349  -54.105  18.112  17.772 0.0000000000
117350  -54.170  18.043  17.091 0.0000000000
117351  -54.097  18.002  16.374 0.0000000000
117352  -53.828  17.909  15.687 0.0000000000
117357  -54.153  19.674  15.121 0.0000000000
117378  -51.090  30.791  1.361 0.0000000000
117379  -50.782  30.536  0.356 0.0000000000
117380  -50.989  30.354  0.978 0.0000000000
117381  -51.253  30.188  1.584 0.0000000000
117382  -51.170  29.704  1.897 0.0000000000
117383  -50.975  29.302  2.134 0.0000000000
125092  -50.658  31.392  6.693 0.0000000000
125093  -49.989  31.645  7.256 0.0000000000
125094  -50.549  31.197  7.269 0.0000000000
125095  -50.405  30.898  7.738 0.0000000000
125096  -50.331  30.535  8.160 0.0000000000
125097  -51.451  29.557  7.423 0.0000000000
125098  -50.858  29.798  7.975 0.0000000000
125099  -50.262  29.990  8.469 0.0000000000
125100  -50.111  29.277  8.683 0.0000000000
125101  -50.052  28.539  8.886 0.0000000000
125102  -49.989  27.837  9.152 0.0000000000
125103  -49.924  27.195  9.507 0.0000000000
125104  -50.583  27.220  9.084 0.0000000000
125105  -51.213  26.672  9.094 0.0000000000
125106  -51.780  26.171  9.193 0.0000000000
125107  -52.118  26.562  8.211 0.0000000000
125108  -52.193  26.069  8.696 0.0000000000
125109  -52.238  25.694  9.232 0.0000000000
125110  -52.637  25.143  9.415 0.0000000000
125111  -52.994  24.619  9.595 0.0000000000
125112  -53.277  24.108  9.755 0.0000000000
125113  -53.471  23.611  9.917 0.0000000000
125114  -53.313  23.815  9.123 0.0000000000
125115  -53.206  23.532  8.474 0.0000000000
125116  -52.979  23.306  8.043 0.0000000000
125117  -52.857  24.127  7.394 0.0000000000
125118  -52.768  23.571  7.494 0.0000000000
134465  -53.030  17.275  19.714 0.0000000000
134466  -53.226  16.857  19.351 0.0000000000
134468  -53.885  16.773  17.866 0.0000000000
134553  -50.419  31.661  3.580 0.0000000000
134554  -51.266  30.866  3.159 0.0000000000
134555  -51.012  31.271  3.695 0.0000000000
134558  -50.758  31.650  5.493 0.0000000000
134559  -50.756  31.560  6.112 0.0000000000
134560  -51.209  31.080  6.146 0.0000000000
134561  -51.648  30.538  6.136 0.0000000000
134562  -52.031  29.921  6.064 0.0000000000
134563  -52.216  29.818  5.167 0.0000000000
134564  -52.311  29.661  5.634 0.0000000000
134565  -52.298  29.311  6.031 0.0000000000
134566  -52.424  28.724  6.065 0.0000000000
134567  -52.448  28.075  6.051 0.0000000000
134568  -52.400  27.359  6.001 0.0000000000
134569  -52.251  26.546  5.959 0.0000000000
134570  -52.174  27.011  5.732 0.0000000000
134571  -51.739  26.758  5.525 0.0000000000
141203  -50.579  16.110  22.076 0.0000000000
141204  -50.961  16.627  21.760 0.0000000000
141205  -51.264  17.035  21.339 0.0000000000
141206  -51.557  17.462  20.875 0.0000000000
141214  -51.182  17.771  20.712 0.0000000000
141215  -51.822  17.959  20.326 0.0000000000
141216  -52.091  18.445  19.951 0.0000000000
141217  -52.350  18.992  19.491 0.0000000000
141218  -52.595  19.536  18.965 0.0000000000
141219  -51.461  19.835  18.837 0.0000000000
141220  -52.168  19.978  18.680 0.0000000000
141221  -52.792  20.039  18.495 0.0000000000
141222  -52.984  20.521  18.056 0.0000000000
141223  -53.188  20.993  17.586 0.0000000000
141224  -53.372  21.414  17.108 0.0000000000
141304  -50.427  31.457  -1.107 0.0000000000
141305  -50.239  31.075  -1.364 0.0000000000
154679  -50.950  21.891  17.608 0.0000000000
154680  -50.558  23.007  17.133 0.0000000000
154681  -51.062  22.510  17.255 0.0000000000
154682  -51.626  21.988  17.451 0.0000000000
154683  -52.314  22.020  17.256 0.0000000000
154684  -52.927  21.983  16.961 0.0000000000
154685  -53.447  21.918  16.570 0.0000000000
154722  -49.169  31.821  7.786 0.0000000000
154723  -48.301  31.896  8.201 0.0000000000
154725  -48.001  31.057  9.187 0.0000000000
154749  -49.854  26.655  9.999 0.0000000000
154750  -49.875  26.187  10.593 0.0000000000
154751  -49.876  25.790  11.302 0.0000000000
154752  -51.193  25.502  11.073 0.0000000000
154753  -50.577  25.469  11.578 0.0000000000
154754  -49.942  25.419  12.042 0.0000000000
154755  -50.112  25.107  12.847 0.0000000000
154756  -50.202  24.895  13.603 0.0000000000
154759  -51.539  24.243  15.047 0.0000000000
154760  -52.109  23.868  15.283 0.0000000000
154761  -52.600  24.053  14.072 0.0000000000
154762  -52.638  23.769  14.827 0.0000000000
154763  -52.629  23.418  15.539 0.0000000000
154764  -53.083  22.919  15.762 0.0000000000
154765  -53.497  22.422  15.963 0.0000000000
154766  -53.815  21.843  16.030 0.0000000000
154767  -54.036  21.686  15.441 0.0000000000
154768  -54.195  21.493  14.802 0.0000000000
154769  -54.289  21.267  14.070 0.0000000000
154770  -54.106  22.180  13.323 0.0000000000
154771  -54.172  21.595  13.352 0.0000000000
154772  -54.147  21.047  13.353 0.0000000000
154773  -53.874  20.884  12.669 0.0000000000
154774  -53.414  20.755  12.054 0.0000000000
154776  -53.595  23.120  10.076 0.0000000000
154777  -53.608  22.704  10.310 0.0000000000
154778  -53.495  22.256  10.480 0.0000000000
154779  -52.808  22.293  9.189 0.0000000000
154780  -53.034  22.073  9.892 0.0000000000
154781  -53.281  21.823  10.643 0.0000000000
154782  -52.951  21.433  10.775 0.0000000000
154783  -52.524  21.064  10.906 0.0000000000
154785  -51.393  20.626  10.876 0.0000000000
154794  -52.095  25.853  5.998 0.0000000000
