#!ascii label  , from subject fsaverage vox2ras=TkReg
779
258  -8.030  64.385  -2.299 0.0000000000
259  -7.146  59.595  -15.994 0.0000000000
260  -7.191  51.117  -7.891 0.0000000000
382  -8.849  62.276  8.858 0.0000000000
738  -8.792  58.243  0.271 0.0000000000
739  -7.914  58.402  -5.238 0.0000000000
878  -8.414  61.812  15.621 0.0000000000
1136  -5.432  55.509  -19.804 0.0000000000
1618  -6.892  63.094  -8.940 0.0000000000
1619  -6.219  57.541  -12.075 0.0000000000
1620  -7.698  50.722  -14.768 0.0000000000
1852  -9.888  57.913  5.532 0.0000000000
1872  -7.910  62.963  3.604 0.0000000000
2659  -8.832  54.779  -1.138 0.0000000000
3056  -4.683  51.668  -20.955 0.0000000000
3655  -7.441  64.035  -5.749 0.0000000000
3656  -7.199  54.479  -6.579 0.0000000000
3657  -7.113  58.323  -8.496 0.0000000000
3658  -8.743  54.835  -9.259 0.0000000000
3659  -7.643  54.151  -13.646 0.0000000000
3660  -9.424  51.280  -10.577 0.0000000000
3661  -8.808  48.566  -11.784 0.0000000000
4072  -8.722  60.246  6.891 0.0000000000
4074  -9.472  59.680  10.365 0.0000000000
4113  -9.333  64.447  8.216 0.0000000000
4114  -9.558  64.050  5.267 0.0000000000
4115  -7.881  62.957  6.315 0.0000000000
4116  -7.634  60.125  4.387 0.0000000000
4846  -9.273  58.288  -12.704 0.0000000000
5936  -7.820  61.469  -0.892 0.0000000000
5937  -7.187  61.931  -3.829 0.0000000000
5938  -7.931  58.137  -2.347 0.0000000000
5939  -8.795  54.916  -3.866 0.0000000000
6187  -9.922  63.837  10.922 0.0000000000
6188  -9.531  61.597  12.326 0.0000000000
6652  -5.890  58.315  -18.046 0.0000000000
7615  -6.139  61.791  -7.290 0.0000000000
7616  -5.687  60.974  -10.745 0.0000000000
7617  -5.279  59.749  -14.592 0.0000000000
7618  -5.585  56.665  -16.232 0.0000000000
7619  -5.767  53.090  -17.711 0.0000000000
7620  -5.440  49.684  -18.278 0.0000000000
7622  -7.722  47.908  -15.290 0.0000000000
8235  -10.075  63.555  2.242 0.0000000000
8236  -8.336  63.366  0.743 0.0000000000
8237  -7.849  60.509  1.993 0.0000000000
8238  -9.036  57.805  2.866 0.0000000000
10736  -4.446  49.757  -21.051 0.0000000000
10738  -4.624  48.808  -21.993 0.0000000000
11333  -8.916  64.827  -3.176 0.0000000000
11334  -8.618  64.600  -4.956 0.0000000000
11335  -7.802  64.310  -4.104 0.0000000000
11336  -6.973  52.606  -7.293 0.0000000000
11337  -7.844  54.508  -7.784 0.0000000000
11338  -8.116  52.841  -8.353 0.0000000000
11339  -9.312  53.040  -9.776 0.0000000000
11340  -8.308  51.232  -9.030 0.0000000000
11341  -8.548  49.907  -9.642 0.0000000000
11752  -8.623  61.344  7.798 0.0000000000
11753  -9.355  60.115  8.562 0.0000000000
11754  -9.340  60.978  9.490 0.0000000000
11793  -8.827  63.612  8.566 0.0000000000
11794  -8.506  63.768  7.295 0.0000000000
11795  -8.239  62.694  7.560 0.0000000000
11796  -7.928  61.645  6.613 0.0000000000
13733  -8.283  59.673  -0.239 0.0000000000
13734  -7.754  59.894  -1.688 0.0000000000
13735  -8.290  58.136  -1.149 0.0000000000
13736  -9.433  53.155  -1.860 0.0000000000
13737  -8.717  54.702  -2.622 0.0000000000
13738  -9.280  53.205  -3.229 0.0000000000
13739  -8.822  53.180  -4.515 0.0000000000
14153  -10.062  63.486  12.591 0.0000000000
14926  -5.680  57.086  -18.908 0.0000000000
14928  -6.059  56.122  -20.439 0.0000000000
16721  -8.088  63.493  -7.801 0.0000000000
16722  -9.375  62.761  -8.062 0.0000000000
16726  -7.550  60.296  -4.541 0.0000000000
16727  -6.793  61.886  -5.532 0.0000000000
16728  -7.000  60.248  -6.389 0.0000000000
16729  -6.681  58.081  -10.175 0.0000000000
16730  -5.953  59.864  -9.586 0.0000000000
16731  -5.780  59.411  -11.388 0.0000000000
16732  -5.551  60.324  -12.587 0.0000000000
16733  -5.447  58.794  -13.386 0.0000000000
16734  -5.296  58.206  -15.389 0.0000000000
16735  -5.805  56.939  -14.045 0.0000000000
16736  -7.842  52.433  -14.331 0.0000000000
16737  -6.702  53.711  -15.800 0.0000000000
16738  -6.711  51.898  -16.279 0.0000000000
16739  -5.610  51.288  -18.065 0.0000000000
16740  -6.622  50.232  -16.555 0.0000000000
16742  -7.559  49.290  -15.044 0.0000000000
17985  -9.038  61.728  14.068 0.0000000000
17986  -9.322  60.521  13.079 0.0000000000
17987  -8.716  60.675  14.770 0.0000000000
18100  -11.934  63.252  5.385 0.0000000000
18101  -8.590  63.736  4.385 0.0000000000
18102  -9.857  63.698  3.809 0.0000000000
18103  -8.880  63.582  2.990 0.0000000000
18104  -9.141  63.657  1.453 0.0000000000
18105  -8.177  63.072  2.216 0.0000000000
18106  -7.960  62.031  1.469 0.0000000000
18107  -7.533  61.813  2.779 0.0000000000
18108  -8.530  58.935  4.862 0.0000000000
18109  -8.147  58.801  3.571 0.0000000000
18110  -9.328  57.788  4.205 0.0000000000
23216  -9.473  56.795  0.896 0.0000000000
23217  -8.836  56.535  -0.556 0.0000000000
23218  -9.701  55.175  0.149 0.0000000000
23932  -5.059  53.530  -20.483 0.0000000000
23933  -5.605  54.496  -21.304 0.0000000000
23934  -5.244  52.563  -21.880 0.0000000000
25011  -7.097  63.648  -7.213 0.0000000000
25012  -7.788  56.332  -5.911 0.0000000000
25013  -7.481  58.427  -7.011 0.0000000000
25014  -7.905  56.392  -7.285 0.0000000000
25015  -7.990  56.538  -8.863 0.0000000000
25016  -7.663  56.374  -10.792 0.0000000000
25017  -7.071  55.800  -12.828 0.0000000000
25018  -8.557  54.721  -11.464 0.0000000000
25019  -8.990  52.953  -12.139 0.0000000000
25020  -8.852  51.156  -12.828 0.0000000000
25021  -8.649  49.656  -13.248 0.0000000000
25022  -9.164  49.855  -11.279 0.0000000000
25762  -9.149  59.122  6.167 0.0000000000
25764  -9.638  59.171  7.728 0.0000000000
25765  -9.610  58.775  9.589 0.0000000000
25767  -7.808  61.682  17.215 0.0000000000
25768  -7.962  60.628  16.315 0.0000000000
25837  -9.428  64.239  6.745 0.0000000000
25838  -8.398  63.789  5.875 0.0000000000
25839  -7.765  62.998  5.052 0.0000000000
25840  -7.369  61.618  4.094 0.0000000000
25841  -7.628  61.718  5.355 0.0000000000
25842  -8.122  60.392  5.636 0.0000000000
27154  -10.455  57.768  -11.023 0.0000000000
29210  -7.604  63.257  -1.545 0.0000000000
29211  -7.303  63.351  -3.132 0.0000000000
29212  -7.346  61.777  -2.296 0.0000000000
29213  -7.526  60.072  -2.941 0.0000000000
29214  -8.006  58.334  -3.668 0.0000000000
29215  -8.294  56.396  -1.861 0.0000000000
29216  -8.431  56.552  -3.116 0.0000000000
29217  -8.269  56.522  -4.522 0.0000000000
29218  -8.019  54.680  -5.227 0.0000000000
29219  -7.668  52.801  -5.842 0.0000000000
29797  -9.348  63.125  9.944 0.0000000000
29798  -9.520  61.784  10.524 0.0000000000
29799  -9.753  62.712  11.647 0.0000000000
29800  -9.526  62.692  13.329 0.0000000000
29801  -8.871  62.873  14.908 0.0000000000
29804  -8.537  62.705  16.526 0.0000000000
29859  -9.560  64.347  9.581 0.0000000000
33278  -10.819  61.129  -8.143 0.0000000000
33279  -10.650  59.298  -9.424 0.0000000000
33280  -9.295  59.501  -10.857 0.0000000000
33281  -8.001  59.935  -12.548 0.0000000000
33282  -6.801  60.395  -14.150 0.0000000000
33283  -7.080  63.254  -4.810 0.0000000000
33284  -6.601  63.050  -6.439 0.0000000000
33285  -6.120  62.869  -8.223 0.0000000000
33286  -6.368  60.152  -8.004 0.0000000000
33287  -5.716  61.570  -8.952 0.0000000000
33288  -6.061  62.287  -9.949 0.0000000000
33289  -6.070  61.508  -11.638 0.0000000000
33290  -5.891  60.783  -13.512 0.0000000000
33291  -5.893  60.132  -15.492 0.0000000000
33292  -5.471  59.008  -16.451 0.0000000000
33293  -5.466  57.663  -17.309 0.0000000000
33294  -5.516  56.193  -18.088 0.0000000000
33295  -6.332  55.352  -15.038 0.0000000000
33296  -5.819  54.968  -17.040 0.0000000000
33297  -5.384  54.375  -18.848 0.0000000000
33298  -5.060  52.394  -19.378 0.0000000000
33299  -4.755  50.608  -19.651 0.0000000000
33300  -4.649  48.800  -19.802 0.0000000000
33305  -8.280  48.214  -13.381 0.0000000000
33306  -8.059  46.871  -13.584 0.0000000000
34863  -9.562  60.624  11.313 0.0000000000
34866  -8.405  59.562  15.382 0.0000000000
35003  -10.865  63.554  4.582 0.0000000000
35004  -11.151  63.247  2.963 0.0000000000
35006  -10.148  63.743  0.595 0.0000000000
35007  -9.097  64.161  -0.048 0.0000000000
35008  -8.209  64.041  -0.749 0.0000000000
35009  -7.945  62.587  -0.070 0.0000000000
35010  -8.151  60.890  0.618 0.0000000000
35011  -8.376  59.360  1.166 0.0000000000
35012  -7.522  60.175  3.131 0.0000000000
35013  -8.176  59.002  2.385 0.0000000000
35014  -9.012  57.967  1.721 0.0000000000
35015  -9.868  56.690  2.222 0.0000000000
41456  -4.349  48.811  -21.068 0.0000000000
41457  -4.468  49.321  -21.603 0.0000000000
41458  -4.413  48.412  -21.596 0.0000000000
41459  -4.507  47.997  -22.042 0.0000000000
42053  -8.420  64.687  -2.743 0.0000000000
42054  -8.310  64.650  -3.677 0.0000000000
42055  -7.920  64.396  -3.196 0.0000000000
42056  -6.990  51.791  -7.605 0.0000000000
42057  -7.405  52.737  -7.862 0.0000000000
42058  -7.522  51.941  -8.153 0.0000000000
42059  -8.275  52.033  -8.651 0.0000000000
42060  -7.569  51.181  -8.478 0.0000000000
42472  -8.707  61.826  8.286 0.0000000000
42473  -9.022  61.199  8.576 0.0000000000
42474  -9.084  61.637  9.140 0.0000000000
42513  -8.779  62.982  8.699 0.0000000000
42514  -8.538  63.219  8.049 0.0000000000
42515  -8.500  62.529  8.186 0.0000000000
42516  -8.351  62.024  7.695 0.0000000000
43246  -7.603  59.426  -15.283 0.0000000000
43247  -8.464  58.914  -15.490 0.0000000000
44453  -8.505  58.860  -0.003 0.0000000000
44454  -8.298  58.982  -0.728 0.0000000000
44455  -8.579  58.164  -0.462 0.0000000000
44457  -9.308  53.138  -2.594 0.0000000000
44459  -9.576  52.504  -3.507 0.0000000000
45646  -5.566  56.289  -19.373 0.0000000000
45647  -5.842  56.611  -19.717 0.0000000000
45648  -5.604  55.827  -20.211 0.0000000000
47443  -7.350  62.949  -9.225 0.0000000000
47444  -7.367  62.519  -10.071 0.0000000000
47445  -6.826  62.753  -9.838 0.0000000000
47446  -7.748  59.433  -4.937 0.0000000000
47447  -7.334  60.357  -5.505 0.0000000000
47448  -7.530  59.382  -5.879 0.0000000000
47449  -6.424  57.831  -11.119 0.0000000000
47450  -6.067  58.756  -10.824 0.0000000000
47451  -5.948  58.479  -11.742 0.0000000000
47452  -5.641  59.087  -12.376 0.0000000000
47453  -5.752  58.203  -12.719 0.0000000000
47454  -5.561  57.911  -13.717 0.0000000000
47455  -6.029  57.261  -13.060 0.0000000000
47456  -7.770  51.575  -14.621 0.0000000000
47457  -7.266  52.177  -15.312 0.0000000000
47458  -7.215  51.314  -15.539 0.0000000000
47459  -6.668  51.041  -16.432 0.0000000000
47460  -7.181  50.453  -15.648 0.0000000000
47462  -7.583  50.009  -14.922 0.0000000000
48697  -10.342  57.381  5.240 0.0000000000
48705  -8.719  61.806  14.819 0.0000000000
48706  -8.872  61.212  14.396 0.0000000000
48707  -8.511  61.269  15.190 0.0000000000
48821  -8.229  63.390  3.990 0.0000000000
48822  -8.738  63.629  3.690 0.0000000000
48823  -8.326  63.417  3.295 0.0000000000
48824  -8.500  63.395  2.588 0.0000000000
48825  -8.004  62.989  2.920 0.0000000000
48826  -7.793  62.494  2.543 0.0000000000
48827  -7.617  62.418  3.229 0.0000000000
48828  -9.174  58.396  5.176 0.0000000000
48829  -8.903  58.294  4.547 0.0000000000
48830  -9.618  57.824  4.880 0.0000000000
48831  -10.043  57.332  4.582 0.0000000000
54053  -9.943  56.130  1.227 0.0000000000
54054  -9.611  56.002  0.487 0.0000000000
55246  -4.853  52.598  -20.757 0.0000000000
55247  -5.064  53.111  -21.230 0.0000000000
55248  -4.860  52.185  -21.486 0.0000000000
57041  -8.013  64.354  -5.382 0.0000000000
57042  -8.455  64.392  -5.730 0.0000000000
57043  -7.865  64.187  -6.068 0.0000000000
57044  -7.701  63.938  -6.785 0.0000000000
57045  -7.288  63.851  -6.470 0.0000000000
57046  -7.510  55.384  -6.236 0.0000000000
57047  -7.707  56.358  -6.633 0.0000000000
57048  -7.520  55.377  -6.916 0.0000000000
57049  -8.354  54.674  -8.431 0.0000000000
57050  -8.219  55.567  -8.216 0.0000000000
57051  -8.419  55.673  -9.023 0.0000000000
57052  -7.950  56.541  -9.763 0.0000000000
57053  -8.345  55.696  -10.025 0.0000000000
57054  -8.149  55.587  -11.123 0.0000000000
57055  -8.759  54.893  -10.299 0.0000000000
57056  -9.332  52.182  -10.247 0.0000000000
57057  -9.281  53.081  -10.973 0.0000000000
57058  -9.346  52.196  -11.375 0.0000000000
57059  -8.975  52.025  -12.524 0.0000000000
57060  -9.291  51.237  -11.726 0.0000000000
57061  -9.250  50.515  -11.996 0.0000000000
57062  -9.311  50.552  -10.963 0.0000000000
58297  -8.887  59.673  6.492 0.0000000000
58298  -9.402  59.204  6.886 0.0000000000
58299  -9.190  59.729  7.256 0.0000000000
58300  -9.485  59.891  9.499 0.0000000000
58301  -9.581  59.448  9.086 0.0000000000
58302  -9.502  59.244  9.965 0.0000000000
58304  -9.425  59.093  10.792 0.0000000000
58418  -9.900  64.535  7.951 0.0000000000
58419  -9.961  64.409  7.227 0.0000000000
58420  -9.387  64.333  7.483 0.0000000000
58421  -8.155  63.405  6.830 0.0000000000
58422  -8.452  63.775  6.579 0.0000000000
58423  -8.074  63.468  6.136 0.0000000000
58424  -8.044  63.445  5.443 0.0000000000
58425  -7.788  63.020  5.715 0.0000000000
58426  -7.622  62.401  5.257 0.0000000000
58427  -7.700  62.385  5.842 0.0000000000
58428  -8.277  60.930  6.753 0.0000000000
58429  -8.003  61.017  6.120 0.0000000000
58430  -8.408  60.325  6.288 0.0000000000
58431  -8.576  59.750  5.882 0.0000000000
60616  -9.860  57.966  -11.822 0.0000000000
60617  -10.569  57.323  -11.875 0.0000000000
60618  -10.057  57.572  -12.737 0.0000000000
64238  -7.647  62.401  -1.248 0.0000000000
64239  -7.439  62.536  -1.963 0.0000000000
64240  -7.526  61.676  -1.636 0.0000000000
64241  -7.808  58.967  -1.971 0.0000000000
64242  -7.573  59.913  -2.335 0.0000000000
64243  -7.715  59.065  -2.619 0.0000000000
64244  -7.768  59.200  -3.266 0.0000000000
64245  -7.950  58.228  -2.985 0.0000000000
64246  -8.807  55.651  -0.891 0.0000000000
64247  -8.504  56.430  -1.253 0.0000000000
64248  -8.487  55.544  -1.539 0.0000000000
64249  -8.840  54.828  -3.203 0.0000000000
64250  -8.560  55.649  -2.851 0.0000000000
64251  -8.644  55.721  -3.468 0.0000000000
64252  -8.463  56.545  -3.817 0.0000000000
64253  -8.491  55.706  -4.213 0.0000000000
64254  -8.133  55.596  -4.906 0.0000000000
64255  -8.503  54.832  -4.565 0.0000000000
64256  -8.869  52.382  -4.830 0.0000000000
64257  -8.313  53.015  -5.155 0.0000000000
64258  -8.255  52.176  -5.461 0.0000000000
65497  -9.605  63.528  10.465 0.0000000000
65498  -9.614  62.901  10.782 0.0000000000
65499  -9.837  63.294  11.279 0.0000000000
65500  -9.941  63.506  13.373 0.0000000000
65501  -9.829  63.096  12.920 0.0000000000
65502  -9.572  63.186  13.746 0.0000000000
65503  -9.191  62.802  14.135 0.0000000000
65504  -9.154  63.318  14.533 0.0000000000
65513  -8.324  62.476  17.328 0.0000000000
65630  -9.739  64.106  10.253 0.0000000000
65631  -9.391  63.802  9.774 0.0000000000
67819  -6.865  56.909  -20.128 0.0000000000
67821  -7.553  56.811  -20.150 0.0000000000
73205  -10.082  61.983  -8.113 0.0000000000
73207  -10.790  60.296  -8.798 0.0000000000
73209  -9.969  59.356  -10.100 0.0000000000
73210  -9.403  60.353  -10.141 0.0000000000
73211  -7.540  61.318  -11.678 0.0000000000
73212  -8.076  60.594  -11.688 0.0000000000
73213  -7.447  60.707  -12.496 0.0000000000
73214  -7.387  60.169  -13.372 0.0000000000
73215  -6.863  60.736  -13.228 0.0000000000
73216  -7.148  62.674  -3.438 0.0000000000
73217  -7.193  63.354  -3.946 0.0000000000
73218  -7.074  62.673  -4.349 0.0000000000
73219  -6.443  61.855  -6.461 0.0000000000
73220  -6.590  62.524  -5.987 0.0000000000
73221  -6.250  62.470  -6.887 0.0000000000
73222  -6.321  62.975  -7.316 0.0000000000
73223  -6.000  62.416  -7.738 0.0000000000
73224  -7.341  58.364  -7.723 0.0000000000
73225  -6.932  59.353  -7.499 0.0000000000
73226  -6.646  59.273  -8.247 0.0000000000
73227  -5.719  60.498  -10.187 0.0000000000
73228  -5.822  60.726  -9.327 0.0000000000
73229  -5.735  61.274  -9.840 0.0000000000
73230  -5.806  62.066  -9.475 0.0000000000
73231  -5.818  61.656  -10.316 0.0000000000
73232  -6.044  61.903  -10.741 0.0000000000
73233  -5.798  61.305  -11.223 0.0000000000
73234  -5.340  60.077  -13.597 0.0000000000
73235  -5.644  60.622  -13.093 0.0000000000
73236  -5.507  60.307  -14.100 0.0000000000
73237  -5.859  60.436  -14.514 0.0000000000
73238  -5.484  60.005  -15.097 0.0000000000
73239  -5.603  59.665  -16.020 0.0000000000
73240  -5.292  59.444  -15.563 0.0000000000
73241  -5.397  57.463  -15.796 0.0000000000
73242  -5.338  57.951  -16.399 0.0000000000
73243  -5.440  57.224  -16.795 0.0000000000
73244  -5.521  56.965  -17.706 0.0000000000
73245  -5.497  56.505  -17.229 0.0000000000
73246  -7.386  54.975  -13.227 0.0000000000
73247  -6.666  55.532  -13.901 0.0000000000
73248  -6.946  54.724  -14.310 0.0000000000
73249  -6.239  53.414  -16.774 0.0000000000
73250  -6.193  54.310  -16.462 0.0000000000
73251  -5.827  54.032  -17.395 0.0000000000
73252  -5.566  54.700  -17.947 0.0000000000
73253  -5.502  53.726  -18.286 0.0000000000
73254  -5.197  53.349  -19.138 0.0000000000
73255  -5.366  52.734  -18.532 0.0000000000
73256  -5.561  50.451  -18.154 0.0000000000
73257  -5.160  50.955  -18.893 0.0000000000
73258  -5.042  50.129  -18.991 0.0000000000
73259  -4.694  49.672  -19.777 0.0000000000
73260  -5.015  49.224  -19.064 0.0000000000
73262  -5.399  48.935  -18.347 0.0000000000
73265  -7.238  47.724  -16.190 0.0000000000
73267  -7.738  47.237  -15.359 0.0000000000
73268  -8.843  49.119  -12.457 0.0000000000
73269  -8.447  48.934  -13.340 0.0000000000
73270  -8.630  48.418  -12.542 0.0000000000
76995  -9.610  61.674  11.448 0.0000000000
76996  -9.540  61.217  10.911 0.0000000000
76997  -9.587  61.079  11.807 0.0000000000
77003  -7.804  60.032  16.602 0.0000000000
77004  -8.146  60.159  15.833 0.0000000000
77005  -8.019  59.546  16.123 0.0000000000
77332  -9.649  64.597  -1.243 0.0000000000
77341  -10.075  64.100  5.733 0.0000000000
77342  -10.730  63.823  5.362 0.0000000000
77343  -10.197  63.856  4.966 0.0000000000
77344  -9.968  63.644  3.076 0.0000000000
77345  -10.523  63.497  3.430 0.0000000000
77346  -10.621  63.406  2.622 0.0000000000
77347  -11.209  63.197  2.094 0.0000000000
77348  -10.679  63.378  1.760 0.0000000000
77349  -10.669  63.479  0.900 0.0000000000
77350  -10.141  63.556  1.363 0.0000000000
77351  -8.708  63.555  1.084 0.0000000000
77352  -9.125  63.883  0.660 0.0000000000
77353  -8.656  63.877  0.352 0.0000000000
77354  -8.592  64.232  -0.368 0.0000000000
77355  -8.278  63.697  -0.003 0.0000000000
77356  -7.974  63.406  -0.455 0.0000000000
77357  -8.109  62.997  0.367 0.0000000000
77358  -7.853  61.286  1.749 0.0000000000
77359  -8.024  61.448  1.086 0.0000000000
77360  -8.030  60.649  1.360 0.0000000000
77361  -8.261  60.094  0.900 0.0000000000
77362  -8.137  59.888  1.620 0.0000000000
77363  -7.386  60.841  4.214 0.0000000000
77364  -7.356  60.857  3.551 0.0000000000
77365  -7.504  60.077  3.754 0.0000000000
77366  -8.553  58.279  3.219 0.0000000000
77367  -8.110  58.840  2.965 0.0000000000
77368  -8.566  58.395  2.633 0.0000000000
77369  -8.596  58.525  2.050 0.0000000000
77370  -9.005  57.893  2.305 0.0000000000
77371  -9.432  57.297  1.973 0.0000000000
77372  -9.491  57.255  2.518 0.0000000000
93052  -4.514  50.691  -21.019 0.0000000000
93053  -4.716  51.167  -21.559 0.0000000000
93054  -4.587  50.226  -21.562 0.0000000000
93055  -4.794  49.739  -21.932 0.0000000000
94129  -8.794  64.742  -4.102 0.0000000000
94130  -8.176  64.544  -4.574 0.0000000000
94131  -7.654  64.185  -4.970 0.0000000000
94132  -6.959  53.551  -6.948 0.0000000000
94133  -7.361  54.465  -7.225 0.0000000000
94134  -7.273  53.571  -7.583 0.0000000000
94135  -7.932  53.670  -8.059 0.0000000000
94136  -8.650  53.775  -8.611 0.0000000000
94137  -9.023  53.923  -9.505 0.0000000000
94138  -8.834  52.944  -8.949 0.0000000000
94139  -8.982  52.128  -9.306 0.0000000000
94140  -9.010  51.272  -9.699 0.0000000000
94141  -9.042  50.570  -10.012 0.0000000000
94142  -8.409  50.546  -9.316 0.0000000000
94882  -8.630  60.851  7.352 0.0000000000
94883  -9.055  60.306  7.660 0.0000000000
94884  -9.008  60.760  8.117 0.0000000000
94885  -9.331  60.555  8.975 0.0000000000
94886  -9.463  60.314  9.913 0.0000000000
94955  -8.998  64.123  8.440 0.0000000000
94956  -8.919  64.115  7.735 0.0000000000
94957  -8.601  63.720  7.946 0.0000000000
94958  -8.292  63.292  7.439 0.0000000000
94959  -7.958  62.838  6.936 0.0000000000
94960  -7.827  62.330  6.467 0.0000000000
94961  -8.048  62.183  7.083 0.0000000000
94962  -8.281  61.515  7.210 0.0000000000
96274  -8.648  58.653  -13.636 0.0000000000
96275  -9.494  57.970  -13.660 0.0000000000
98447  -8.048  60.546  -0.543 0.0000000000
98448  -7.728  60.723  -1.337 0.0000000000
98449  -8.019  59.840  -0.982 0.0000000000
98450  -8.028  58.998  -1.371 0.0000000000
98451  -8.025  58.095  -1.744 0.0000000000
98452  -8.952  53.917  -1.496 0.0000000000
98453  -8.664  54.679  -1.913 0.0000000000
98454  -8.912  53.877  -2.269 0.0000000000
98455  -9.052  53.936  -2.956 0.0000000000
98456  -9.008  54.006  -3.596 0.0000000000
98457  -8.818  54.023  -4.231 0.0000000000
98458  -9.149  53.237  -3.885 0.0000000000
98459  -9.333  52.508  -4.189 0.0000000000
99203  -10.049  63.617  11.762 0.0000000000
100594  -5.837  57.717  -18.458 0.0000000000
100595  -6.230  57.934  -18.807 0.0000000000
100596  -6.029  57.323  -19.259 0.0000000000
100597  -6.293  56.823  -19.979 0.0000000000
103825  -8.735  63.597  -7.315 0.0000000000
103827  -8.680  63.198  -7.967 0.0000000000
103828  -8.636  62.682  -8.699 0.0000000000
103830  -8.752  61.315  -10.196 0.0000000000
103833  -6.997  61.782  -11.530 0.0000000000
103834  -7.338  61.114  -4.162 0.0000000000
103835  -7.061  61.925  -4.676 0.0000000000
103836  -7.164  61.148  -5.064 0.0000000000
103837  -6.858  61.146  -6.016 0.0000000000
103838  -6.502  61.051  -6.843 0.0000000000
103839  -6.895  58.243  -9.345 0.0000000000
103840  -6.456  59.140  -9.061 0.0000000000
103841  -6.232  58.997  -9.889 0.0000000000
103842  -5.865  59.636  -10.475 0.0000000000
103843  -5.684  60.191  -11.082 0.0000000000
103844  -5.636  60.648  -11.659 0.0000000000
103845  -5.592  59.910  -12.000 0.0000000000
103846  -5.436  59.608  -13.016 0.0000000000
103847  -5.277  59.330  -14.010 0.0000000000
103848  -5.189  59.065  -15.006 0.0000000000
103849  -5.270  58.527  -14.393 0.0000000000
103850  -5.460  57.616  -14.725 0.0000000000
103851  -5.680  56.795  -15.162 0.0000000000
103852  -7.824  53.319  -14.022 0.0000000000
103853  -7.176  53.929  -14.743 0.0000000000
103854  -7.271  53.068  -15.050 0.0000000000
103855  -6.735  52.807  -16.073 0.0000000000
103856  -6.207  52.501  -17.029 0.0000000000
103857  -5.698  52.166  -17.887 0.0000000000
103858  -6.150  51.608  -17.188 0.0000000000
103859  -6.106  50.762  -17.297 0.0000000000
103860  -6.038  49.969  -17.411 0.0000000000
103864  -7.616  48.584  -15.143 0.0000000000
106101  -9.286  61.606  13.191 0.0000000000
106102  -9.406  61.048  12.694 0.0000000000
106103  -9.174  61.109  13.570 0.0000000000
106104  -9.068  60.596  13.939 0.0000000000
106105  -8.955  60.060  14.286 0.0000000000
106308  -12.054  63.020  4.528 0.0000000000
106309  -9.059  63.922  4.826 0.0000000000
106310  -9.692  63.894  4.540 0.0000000000
106311  -9.200  63.793  4.107 0.0000000000
106312  -9.335  63.688  3.399 0.0000000000
106313  -9.466  63.641  2.649 0.0000000000
106314  -9.606  63.626  1.835 0.0000000000
106315  -9.065  63.610  2.237 0.0000000000
106316  -8.664  63.463  1.862 0.0000000000
106317  -8.335  63.126  1.496 0.0000000000
106318  -8.127  62.724  1.136 0.0000000000
106319  -8.000  62.592  1.849 0.0000000000
106320  -7.719  61.942  2.129 0.0000000000
106321  -7.577  61.223  2.352 0.0000000000
106322  -8.014  59.514  4.588 0.0000000000
106323  -7.811  59.402  3.964 0.0000000000
106324  -8.282  58.823  4.190 0.0000000000
106325  -8.686  58.269  3.853 0.0000000000
106326  -9.048  57.773  3.461 0.0000000000
106327  -9.580  57.257  3.159 0.0000000000
106328  -9.742  57.336  3.917 0.0000000000
115610  -9.082  57.518  0.571 0.0000000000
115611  -8.860  57.394  -0.160 0.0000000000
115612  -9.143  56.677  0.155 0.0000000000
115613  -9.227  55.830  -0.211 0.0000000000
115614  -9.272  54.949  -0.505 0.0000000000
115617  -9.396  54.093  -0.733 0.0000000000
117280  -5.263  54.525  -20.148 0.0000000000
117281  -5.474  54.994  -20.589 0.0000000000
117282  -5.252  54.095  -20.924 0.0000000000
117283  -5.445  53.548  -21.565 0.0000000000
119796  -8.840  63.961  -6.663 0.0000000000
119797  -8.178  63.866  -7.105 0.0000000000
119798  -7.565  63.646  -7.543 0.0000000000
119799  -6.944  63.374  -7.996 0.0000000000
119800  -7.923  57.388  -5.589 0.0000000000
119801  -7.664  58.399  -6.152 0.0000000000
119802  -7.766  57.377  -6.375 0.0000000000
119803  -7.705  57.368  -7.138 0.0000000000
119804  -7.692  57.414  -7.880 0.0000000000
119805  -7.817  55.455  -7.561 0.0000000000
119806  -7.960  56.471  -8.038 0.0000000000
119807  -7.605  57.440  -8.668 0.0000000000
119808  -7.398  57.362  -9.522 0.0000000000
119809  -7.128  57.204  -10.481 0.0000000000
119810  -6.901  56.956  -11.472 0.0000000000
119811  -6.658  56.656  -12.445 0.0000000000
119812  -7.395  56.124  -11.839 0.0000000000
119813  -7.849  55.297  -12.191 0.0000000000
119814  -8.147  54.444  -12.582 0.0000000000
119815  -9.100  53.980  -10.617 0.0000000000
119816  -8.871  53.872  -11.777 0.0000000000
119817  -8.379  53.587  -12.904 0.0000000000
119818  -8.526  52.664  -13.249 0.0000000000
119819  -8.374  51.807  -13.607 0.0000000000
119820  -8.280  50.965  -13.829 0.0000000000
119821  -8.169  50.227  -13.998 0.0000000000
119822  -8.758  50.407  -13.050 0.0000000000
119823  -9.044  49.807  -12.278 0.0000000000
119824  -9.048  49.189  -11.560 0.0000000000
119825  -9.022  49.885  -10.339 0.0000000000
121552  -9.486  58.485  5.831 0.0000000000
121553  -10.102  58.052  6.304 0.0000000000
121554  -9.722  58.616  6.581 0.0000000000
121555  -9.859  58.675  7.390 0.0000000000
121556  -9.941  58.556  8.291 0.0000000000
121557  -9.521  59.653  8.111 0.0000000000
121558  -9.740  59.002  8.654 0.0000000000
121559  -9.791  58.326  9.176 0.0000000000
121560  -9.466  58.131  9.994 0.0000000000
121563  -8.098  61.737  16.444 0.0000000000
121564  -8.147  61.220  16.006 0.0000000000
121724  -10.021  64.264  6.476 0.0000000000
121725  -9.480  64.137  6.008 0.0000000000
121726  -8.874  64.098  7.020 0.0000000000
121727  -8.909  64.018  6.284 0.0000000000
121728  -8.943  64.023  5.552 0.0000000000
121729  -8.486  63.756  5.126 0.0000000000
121730  -8.074  63.443  4.704 0.0000000000
121731  -7.814  62.957  4.310 0.0000000000
121732  -7.561  62.351  3.897 0.0000000000
121733  -7.512  62.367  4.631 0.0000000000
121734  -7.434  61.625  4.725 0.0000000000
121735  -7.586  60.918  4.853 0.0000000000
121736  -7.752  61.705  5.975 0.0000000000
121737  -7.777  61.049  5.470 0.0000000000
121738  -7.875  60.265  5.017 0.0000000000
121739  -8.282  59.638  5.233 0.0000000000
121740  -8.807  59.031  5.508 0.0000000000
129752  -7.760  63.902  -1.869 0.0000000000
129753  -7.589  63.944  -2.756 0.0000000000
129754  -7.455  63.304  -2.340 0.0000000000
129755  -7.259  62.634  -2.677 0.0000000000
129756  -7.235  61.842  -2.988 0.0000000000
129757  -7.514  60.821  -2.012 0.0000000000
129758  -7.395  60.902  -2.626 0.0000000000
129759  -7.381  61.094  -3.318 0.0000000000
129760  -7.578  60.193  -3.675 0.0000000000
129761  -7.821  59.305  -4.017 0.0000000000
129762  -8.035  58.419  -4.425 0.0000000000
129763  -8.559  57.291  -0.883 0.0000000000
129764  -8.254  57.244  -1.526 0.0000000000
129765  -8.142  57.271  -2.106 0.0000000000
129766  -8.477  55.556  -2.226 0.0000000000
129767  -8.340  56.464  -2.480 0.0000000000
129768  -8.188  57.364  -2.722 0.0000000000
129769  -8.218  57.417  -3.381 0.0000000000
129770  -8.203  57.424  -4.072 0.0000000000
129771  -8.106  57.420  -4.834 0.0000000000
129772  -8.039  56.412  -5.206 0.0000000000
129773  -7.813  55.464  -5.552 0.0000000000
129774  -7.420  54.540  -5.875 0.0000000000
129775  -8.418  53.910  -4.886 0.0000000000
129776  -7.784  53.719  -5.530 0.0000000000
129777  -7.257  53.592  -6.225 0.0000000000
129778  -7.127  52.621  -6.562 0.0000000000
131347  -9.072  62.724  9.389 0.0000000000
131348  -9.233  62.063  9.702 0.0000000000
131349  -9.442  62.472  10.235 0.0000000000
131350  -9.620  62.278  11.102 0.0000000000
131351  -9.655  62.159  11.970 0.0000000000
131352  -9.924  63.099  12.120 0.0000000000
131353  -9.754  62.595  12.484 0.0000000000
131354  -9.525  62.106  12.848 0.0000000000
131355  -9.257  62.221  13.698 0.0000000000
131356  -8.914  62.331  14.496 0.0000000000
131357  -8.638  62.378  15.264 0.0000000000
131365  -8.676  62.901  15.695 0.0000000000
131366  -8.396  62.343  16.078 0.0000000000
131367  -8.141  62.188  16.887 0.0000000000
131368  -7.930  62.012  17.669 0.0000000000
131369  -7.791  61.777  18.438 0.0000000000
131512  -9.850  64.630  8.664 0.0000000000
131514  -9.853  64.679  9.348 0.0000000000
131515  -9.428  64.429  8.909 0.0000000000
131516  -9.168  64.026  9.089 0.0000000000
131517  -9.030  63.422  9.210 0.0000000000
134295  -5.859  55.323  -20.872 0.0000000000
134296  -6.423  55.488  -20.972 0.0000000000
134297  -7.109  55.441  -20.983 0.0000000000
140993  -10.879  61.950  -7.538 0.0000000000
140997  -11.192  58.392  -9.457 0.0000000000
140998  -10.504  58.449  -10.174 0.0000000000
140999  -9.859  58.591  -10.917 0.0000000000
141000  -9.229  58.746  -11.748 0.0000000000
141001  -8.727  60.445  -10.885 0.0000000000
141002  -8.625  59.667  -11.690 0.0000000000
141003  -8.601  59.091  -12.640 0.0000000000
141004  -7.996  59.435  -13.465 0.0000000000
141005  -7.394  59.749  -14.277 0.0000000000
141007  -7.495  63.913  -3.612 0.0000000000
141008  -7.336  63.868  -4.483 0.0000000000
141009  -7.203  63.696  -5.269 0.0000000000
141010  -6.822  62.631  -5.160 0.0000000000
141011  -6.864  63.141  -5.591 0.0000000000
141012  -6.997  63.580  -6.079 0.0000000000
141013  -6.751  63.495  -6.909 0.0000000000
141014  -6.567  63.276  -7.677 0.0000000000
141015  -6.498  63.079  -8.569 0.0000000000
141016  -7.233  59.361  -6.736 0.0000000000
141017  -6.664  60.222  -7.197 0.0000000000
141018  -6.156  60.993  -7.676 0.0000000000
141019  -6.113  59.994  -8.787 0.0000000000
141020  -5.936  60.876  -8.500 0.0000000000
141021  -5.888  61.704  -8.116 0.0000000000
141022  -5.875  62.260  -8.603 0.0000000000
141023  -6.090  62.621  -9.078 0.0000000000
141024  -6.449  62.774  -9.480 0.0000000000
141025  -6.425  62.382  -10.328 0.0000000000
141026  -6.449  61.980  -11.144 0.0000000000
141027  -6.475  61.517  -12.026 0.0000000000
141028  -5.728  60.981  -12.161 0.0000000000
141029  -6.012  61.161  -12.546 0.0000000000
141030  -6.412  61.077  -12.953 0.0000000000
141031  -6.311  60.774  -13.892 0.0000000000
141032  -6.340  60.332  -14.850 0.0000000000
141033  -6.481  59.923  -15.763 0.0000000000
141035  -5.841  59.298  -16.872 0.0000000000
141036  -5.701  58.659  -17.283 0.0000000000
141037  -5.306  58.666  -15.971 0.0000000000
141038  -5.463  58.349  -16.879 0.0000000000
141039  -5.632  58.051  -17.717 0.0000000000
141040  -5.613  57.375  -18.105 0.0000000000
141041  -5.531  56.640  -18.567 0.0000000000
141042  -5.463  55.870  -18.980 0.0000000000
141043  -6.302  56.300  -13.444 0.0000000000
141044  -6.088  56.138  -14.548 0.0000000000
141045  -5.895  56.004  -15.654 0.0000000000
141046  -6.601  54.560  -15.452 0.0000000000
141047  -6.108  55.207  -16.111 0.0000000000
141048  -5.718  55.862  -16.691 0.0000000000
141049  -5.606  55.633  -17.569 0.0000000000
141050  -5.483  55.363  -18.486 0.0000000000
141051  -5.371  54.984  -19.371 0.0000000000
141052  -5.181  53.898  -19.706 0.0000000000
141053  -4.999  52.961  -19.965 0.0000000000
141054  -4.810  52.043  -20.186 0.0000000000
141055  -5.254  51.819  -18.755 0.0000000000
141056  -4.892  51.478  -19.571 0.0000000000
141057  -4.646  51.123  -20.329 0.0000000000
141058  -4.532  50.188  -20.426 0.0000000000
141059  -4.482  49.251  -20.463 0.0000000000
141071  -8.074  49.472  -14.141 0.0000000000
141072  -8.057  48.743  -14.252 0.0000000000
141073  -8.001  48.035  -14.304 0.0000000000
141074  -8.337  47.732  -12.692 0.0000000000
141076  -8.006  47.362  -14.377 0.0000000000
145611  -9.386  61.398  10.028 0.0000000000
145612  -9.502  60.784  10.396 0.0000000000
145613  -9.556  60.154  10.837 0.0000000000
145615  -9.552  60.014  11.703 0.0000000000
145620  -8.299  60.709  15.563 0.0000000000
145621  -8.548  60.117  15.089 0.0000000000
145622  -8.799  59.509  14.612 0.0000000000
146017  -8.481  64.646  -1.969 0.0000000000
146027  -11.273  63.717  5.773 0.0000000000
146028  -11.399  63.420  4.965 0.0000000000
146029  -11.557  63.242  4.120 0.0000000000
146030  -10.350  63.643  4.228 0.0000000000
146031  -11.040  63.384  3.759 0.0000000000
146032  -11.656  63.099  3.304 0.0000000000
146033  -11.683  63.022  2.472 0.0000000000
146034  -11.779  63.007  1.602 0.0000000000
146037  -10.649  63.737  0.137 0.0000000000
146039  -9.643  63.732  1.029 0.0000000000
146040  -9.653  63.980  0.325 0.0000000000
146041  -9.618  64.299  -0.482 0.0000000000
146042  -9.057  64.468  -0.825 0.0000000000
146043  -8.568  64.461  -1.169 0.0000000000
146044  -8.126  64.259  -1.492 0.0000000000
146045  -7.888  63.680  -1.162 0.0000000000
146046  -7.797  62.928  -0.838 0.0000000000
146047  -7.858  62.064  -0.483 0.0000000000
146048  -8.041  62.216  0.746 0.0000000000
146049  -8.034  61.735  0.295 0.0000000000
146050  -8.042  61.149  -0.116 0.0000000000
146051  -8.227  60.297  0.191 0.0000000000
146052  -8.382  59.510  0.457 0.0000000000
146053  -8.601  58.801  0.737 0.0000000000
146054  -7.347  61.721  3.431 0.0000000000
146055  -7.444  61.025  2.956 0.0000000000
146056  -7.629  60.360  2.559 0.0000000000
146057  -7.720  59.396  3.359 0.0000000000
146058  -7.799  59.541  2.750 0.0000000000
146059  -7.968  59.723  2.217 0.0000000000
146060  -8.316  59.187  1.835 0.0000000000
146061  -8.637  58.681  1.451 0.0000000000
146062  -8.903  58.117  1.032 0.0000000000
146063  -9.264  57.365  1.319 0.0000000000
146064  -9.707  56.722  1.601 0.0000000000
