#!ascii label  , from subject fsaverage vox2ras=TkReg
502
271  -36.250  -28.210  9.224 0.0000000000
536  -32.910  -21.661  8.528 0.0000000000
1178  -32.750  -22.752  12.838 0.0000000000
2246  -30.849  -27.661  11.807 0.0000000000
2247  -32.250  -27.163  6.956 0.0000000000
2248  -34.347  -26.541  2.787 0.0000000000
2251  -36.729  -25.466  -1.121 0.0000000000
3692  -38.174  -27.923  10.601 0.0000000000
3696  -37.265  -27.372  7.266 0.0000000000
4973  -30.717  -27.699  14.525 0.0000000000
4974  -31.423  -25.345  14.659 0.0000000000
4975  -32.816  -22.356  10.608 0.0000000000
4976  -31.438  -25.032  9.519 0.0000000000
4977  -31.798  -24.555  7.198 0.0000000000
4978  -33.204  -26.790  4.821 0.0000000000
4979  -32.349  -24.082  5.080 0.0000000000
4986  -34.084  -23.278  1.010 0.0000000000
5961  -35.233  -29.236  10.952 0.0000000000
6731  -34.737  -19.382  11.916 0.0000000000
9296  -31.154  -29.819  14.622 0.0000000000
9297  -31.829  -29.490  12.131 0.0000000000
9298  -32.755  -29.071  9.857 0.0000000000
9299  -31.249  -25.292  12.017 0.0000000000
9300  -31.394  -27.371  9.276 0.0000000000
9301  -33.947  -28.637  7.672 0.0000000000
9302  -35.140  -28.231  5.646 0.0000000000
9303  -36.450  -27.835  3.648 0.0000000000
9304  -37.800  -27.414  1.695 0.0000000000
9311  -33.132  -23.652  3.027 0.0000000000
9312  -35.609  -26.067  0.800 0.0000000000
11372  -37.188  -27.846  10.001 0.0000000000
11374  -37.663  -27.247  9.134 0.0000000000
11376  -36.731  -27.788  8.286 0.0000000000
12655  -32.858  -22.016  9.560 0.0000000000
12656  -32.009  -23.323  8.857 0.0000000000
12657  -32.169  -23.026  7.799 0.0000000000
12658  -32.014  -24.309  6.184 0.0000000000
12659  -32.304  -22.763  6.783 0.0000000000
13776  -34.596  -29.797  11.800 0.0000000000
16851  -39.012  -26.482  4.391 0.0000000000
20680  -30.728  -27.701  13.159 0.0000000000
20681  -30.923  -28.756  13.213 0.0000000000
20682  -31.168  -28.666  11.886 0.0000000000
20683  -32.275  -29.290  10.951 0.0000000000
20684  -31.481  -28.531  10.615 0.0000000000
20685  -32.744  -22.750  14.021 0.0000000000
20686  -31.916  -24.112  13.640 0.0000000000
20687  -31.847  -24.064  12.339 0.0000000000
20688  -31.537  -26.087  8.099 0.0000000000
20689  -31.248  -26.289  9.279 0.0000000000
20690  -31.752  -27.249  8.107 0.0000000000
20691  -32.408  -28.214  8.322 0.0000000000
20692  -32.957  -28.092  7.211 0.0000000000
20693  -34.499  -28.424  6.666 0.0000000000
20694  -33.476  -27.952  6.121 0.0000000000
20695  -33.805  -26.670  3.788 0.0000000000
20696  -34.710  -27.581  4.082 0.0000000000
20697  -35.320  -27.399  3.090 0.0000000000
20698  -37.111  -27.615  2.694 0.0000000000
20699  -35.944  -27.189  2.113 0.0000000000
20716  -32.753  -22.192  4.667 0.0000000000
20718  -35.281  -24.608  -0.212 0.0000000000
20719  -34.736  -24.863  0.727 0.0000000000
20720  -36.195  -25.788  -0.143 0.0000000000
20721  -37.297  -26.657  0.128 0.0000000000
20722  -37.919  -26.291  -0.846 0.0000000000
23241  -33.382  -30.806  13.693 0.0000000000
25086  -37.823  -27.011  6.312 0.0000000000
27383  -30.889  -27.737  15.838 0.0000000000
27384  -31.175  -26.559  15.836 0.0000000000
27385  -30.971  -26.538  14.548 0.0000000000
27386  -30.887  -26.561  13.209 0.0000000000
27387  -32.822  -22.584  11.685 0.0000000000
27388  -31.890  -23.896  11.102 0.0000000000
27389  -31.955  -23.629  9.967 0.0000000000
27390  -31.612  -24.792  8.328 0.0000000000
27391  -31.876  -25.995  6.927 0.0000000000
27392  -32.691  -27.005  5.864 0.0000000000
27393  -32.200  -25.751  5.885 0.0000000000
27394  -32.631  -25.603  4.797 0.0000000000
27395  -33.082  -25.381  3.774 0.0000000000
27408  -34.589  -23.120  0.102 0.0000000000
27409  -35.807  -24.380  -1.137 0.0000000000
27410  -37.301  -25.138  -2.034 0.0000000000
27411  -36.275  -24.078  -2.049 0.0000000000
29270  -36.708  -28.514  10.851 0.0000000000
29271  -35.852  -28.665  10.082 0.0000000000
31064  -33.576  -21.264  13.341 0.0000000000
31065  -33.695  -21.194  12.275 0.0000000000
31066  -33.802  -20.982  11.244 0.0000000000
31067  -33.870  -20.705  10.239 0.0000000000
38127  -31.871  -30.619  14.742 0.0000000000
38128  -32.336  -30.357  13.478 0.0000000000
38129  -30.775  -28.833  14.563 0.0000000000
38130  -31.428  -29.694  13.357 0.0000000000
38131  -32.883  -30.059  12.324 0.0000000000
38132  -33.373  -29.702  11.279 0.0000000000
38133  -33.967  -29.335  10.303 0.0000000000
38134  -34.515  -29.017  9.353 0.0000000000
38135  -32.030  -24.079  14.903 0.0000000000
38136  -31.310  -25.368  13.327 0.0000000000
38137  -30.913  -26.491  11.813 0.0000000000
38138  -31.307  -25.166  10.745 0.0000000000
38139  -31.015  -26.373  10.533 0.0000000000
38140  -31.094  -27.570  10.517 0.0000000000
38141  -31.950  -28.370  9.421 0.0000000000
38142  -33.362  -28.867  8.760 0.0000000000
38143  -35.032  -28.712  8.340 0.0000000000
38144  -35.637  -28.370  7.386 0.0000000000
38145  -36.251  -28.068  6.436 0.0000000000
38146  -36.858  -27.822  5.496 0.0000000000
38147  -34.043  -27.733  5.081 0.0000000000
38148  -35.820  -28.052  4.657 0.0000000000
38149  -37.527  -27.628  4.468 0.0000000000
38150  -38.222  -27.388  3.478 0.0000000000
38161  -33.955  -20.263  9.338 0.0000000000
38171  -32.518  -22.510  5.699 0.0000000000
38172  -32.723  -23.821  4.034 0.0000000000
38173  -33.577  -25.182  2.712 0.0000000000
38174  -33.609  -23.477  2.002 0.0000000000
38175  -34.156  -25.008  1.713 0.0000000000
38176  -34.962  -26.304  1.780 0.0000000000
38177  -36.603  -26.956  1.142 0.0000000000
38178  -38.553  -27.116  0.711 0.0000000000
42092  -36.721  -27.999  9.624 0.0000000000
42093  -37.419  -27.548  9.551 0.0000000000
42094  -36.928  -27.755  9.204 0.0000000000
42095  -37.181  -27.473  8.721 0.0000000000
42096  -36.498  -28.006  8.754 0.0000000000
43375  -32.884  -21.844  9.056 0.0000000000
43376  -32.442  -22.497  8.640 0.0000000000
43377  -32.510  -22.324  8.156 0.0000000000
43378  -32.247  -22.858  7.320 0.0000000000
43379  -32.537  -22.156  7.640 0.0000000000
44494  -34.799  -30.128  12.517 0.0000000000
44495  -35.062  -29.851  12.113 0.0000000000
44496  -34.313  -30.084  12.276 0.0000000000
47571  -38.683  -26.590  4.878 0.0000000000
51400  -30.787  -27.708  12.451 0.0000000000
51401  -30.847  -28.217  12.458 0.0000000000
51402  -30.962  -28.205  11.807 0.0000000000
51403  -31.332  -28.613  11.248 0.0000000000
51404  -31.099  -28.127  11.195 0.0000000000
51405  -32.768  -22.771  13.463 0.0000000000
51406  -32.272  -23.465  13.158 0.0000000000
51407  -32.284  -23.420  12.581 0.0000000000
51408  -31.836  -26.659  7.473 0.0000000000
51409  -31.612  -26.676  8.040 0.0000000000
51410  -32.022  -27.201  7.522 0.0000000000
51411  -32.299  -27.714  7.611 0.0000000000
51412  -32.557  -27.671  7.050 0.0000000000
51413  -33.225  -28.025  6.675 0.0000000000
51414  -32.820  -27.607  6.511 0.0000000000
51415  -34.068  -26.569  3.302 0.0000000000
51416  -34.519  -27.083  3.410 0.0000000000
51417  -34.804  -27.009  2.915 0.0000000000
51418  -35.648  -27.288  2.602 0.0000000000
51419  -35.129  -26.895  2.416 0.0000000000
51438  -35.982  -25.083  -0.693 0.0000000000
51439  -35.713  -25.240  -0.209 0.0000000000
51440  -36.463  -25.638  -0.637 0.0000000000
51441  -37.007  -26.106  -0.514 0.0000000000
51442  -37.275  -25.919  -1.007 0.0000000000
51444  -37.608  -25.767  -1.476 0.0000000000
57167  -37.688  -26.996  7.748 0.0000000000
57169  -37.913  -26.828  7.252 0.0000000000
57171  -37.519  -27.189  6.794 0.0000000000
61000  -31.500  -25.339  15.330 0.0000000000
61001  -31.273  -25.940  15.278 0.0000000000
61002  -31.180  -25.943  14.627 0.0000000000
61003  -30.922  -26.555  13.886 0.0000000000
61004  -31.119  -25.960  13.948 0.0000000000
61005  -32.799  -22.505  11.137 0.0000000000
61006  -32.327  -23.128  10.806 0.0000000000
61007  -32.373  -22.953  10.289 0.0000000000
61008  -31.841  -23.936  8.004 0.0000000000
61009  -31.758  -24.094  8.531 0.0000000000
61010  -31.697  -24.661  7.756 0.0000000000
61011  -31.650  -25.393  7.601 0.0000000000
61012  -31.787  -25.295  7.044 0.0000000000
61013  -32.010  -25.894  6.400 0.0000000000
61014  -31.919  -25.189  6.493 0.0000000000
61015  -32.187  -24.224  5.629 0.0000000000
61016  -32.260  -24.971  5.448 0.0000000000
61017  -32.431  -24.871  4.887 0.0000000000
61018  -32.849  -25.476  4.271 0.0000000000
61019  -32.610  -24.702  4.374 0.0000000000
61041  -35.131  -23.776  -0.533 0.0000000000
61042  -35.368  -23.682  -1.029 0.0000000000
61043  -36.036  -24.234  -1.587 0.0000000000
64367  -35.666  -29.212  11.334 0.0000000000
64368  -36.394  -28.879  11.254 0.0000000000
64369  -35.957  -28.897  10.898 0.0000000000
64370  -36.227  -28.593  10.461 0.0000000000
64371  -35.522  -28.954  10.522 0.0000000000
68212  -33.879  -20.474  13.540 0.0000000000
68213  -33.629  -21.239  12.798 0.0000000000
68214  -33.967  -20.470  13.028 0.0000000000
68216  -34.199  -20.309  12.107 0.0000000000
68217  -34.277  -20.198  11.594 0.0000000000
68218  -33.844  -20.844  10.752 0.0000000000
68219  -34.348  -20.095  11.091 0.0000000000
85075  -31.119  -29.899  15.301 0.0000000000
85076  -31.367  -30.312  15.379 0.0000000000
85077  -31.486  -30.249  14.657 0.0000000000
85078  -32.099  -30.512  14.092 0.0000000000
85079  -31.664  -30.152  13.996 0.0000000000
85080  -30.760  -27.749  15.189 0.0000000000
85081  -30.744  -28.309  15.199 0.0000000000
85082  -30.708  -28.274  14.544 0.0000000000
85083  -31.266  -29.175  12.629 0.0000000000
85084  -31.121  -29.237  13.281 0.0000000000
85085  -31.625  -29.605  12.726 0.0000000000
85086  -32.068  -29.941  12.775 0.0000000000
85087  -32.347  -29.840  12.182 0.0000000000
85088  -33.147  -29.887  11.797 0.0000000000
85089  -32.566  -29.678  11.631 0.0000000000
85090  -32.495  -29.179  10.409 0.0000000000
85091  -33.068  -29.430  10.560 0.0000000000
85092  -33.327  -29.255  10.056 0.0000000000
85093  -34.224  -29.167  9.825 0.0000000000
85094  -33.599  -29.126  9.546 0.0000000000
85098  -31.535  -24.736  12.844 0.0000000000
85099  -31.591  -24.758  13.482 0.0000000000
85100  -31.250  -25.374  12.689 0.0000000000
85101  -31.040  -25.959  12.536 0.0000000000
85102  -31.048  -25.898  11.908 0.0000000000
85103  -31.583  -24.483  10.296 0.0000000000
85104  -31.555  -24.546  10.868 0.0000000000
85105  -31.362  -25.144  10.091 0.0000000000
85106  -31.287  -26.857  9.254 0.0000000000
85107  -31.130  -26.317  9.893 0.0000000000
85108  -31.119  -26.909  9.851 0.0000000000
85109  -31.008  -26.999  10.503 0.0000000000
85110  -31.187  -27.458  9.908 0.0000000000
85111  -31.428  -27.998  9.887 0.0000000000
85112  -31.623  -27.887  9.320 0.0000000000
85113  -33.152  -28.508  7.934 0.0000000000
85114  -32.859  -28.571  8.506 0.0000000000
85115  -33.637  -28.739  8.202 0.0000000000
85116  -34.156  -28.868  8.510 0.0000000000
85117  -34.460  -28.733  8.000 0.0000000000
85118  -35.352  -28.518  7.864 0.0000000000
85119  -34.769  -28.616  7.508 0.0000000000
85120  -34.832  -28.323  6.147 0.0000000000
85121  -35.358  -28.359  6.514 0.0000000000
85122  -35.689  -28.239  6.013 0.0000000000
85123  -36.557  -27.976  5.934 0.0000000000
85124  -35.975  -28.142  5.523 0.0000000000
85125  -32.901  -26.878  5.344 0.0000000000
85126  -33.303  -27.411  5.428 0.0000000000
85127  -33.579  -27.292  4.926 0.0000000000
85128  -35.564  -27.819  3.826 0.0000000000
85129  -35.264  -27.903  4.334 0.0000000000
85130  -36.156  -27.942  4.145 0.0000000000
85131  -36.696  -27.898  4.549 0.0000000000
85132  -37.026  -27.814  4.030 0.0000000000
85134  -37.383  -27.708  3.538 0.0000000000
85135  -37.452  -27.499  2.196 0.0000000000
85136  -38.041  -27.503  2.576 0.0000000000
85138  -39.311  -27.040  2.032 0.0000000000
85186  -32.665  -21.868  6.609 0.0000000000
85187  -32.753  -21.694  6.087 0.0000000000
85188  -32.859  -22.921  3.799 0.0000000000
85189  -32.692  -23.017  4.312 0.0000000000
85190  -32.912  -23.739  3.521 0.0000000000
85191  -33.063  -24.522  3.306 0.0000000000
85192  -33.308  -24.434  2.819 0.0000000000
85193  -33.717  -22.495  1.816 0.0000000000
85194  -33.467  -22.621  2.256 0.0000000000
85195  -33.854  -23.367  1.520 0.0000000000
85196  -35.147  -25.510  0.728 0.0000000000
85197  -34.445  -24.945  1.210 0.0000000000
85198  -34.841  -25.621  1.197 0.0000000000
85199  -34.530  -25.700  1.699 0.0000000000
85200  -35.295  -26.190  1.280 0.0000000000
85201  -35.767  -26.669  1.430 0.0000000000
85202  -36.090  -26.543  0.934 0.0000000000
85203  -38.241  -26.753  -0.107 0.0000000000
85204  -37.926  -26.942  0.386 0.0000000000
94202  -38.373  -26.810  9.102 0.0000000000
94203  -38.555  -26.536  8.673 0.0000000000
94204  -37.864  -26.948  8.696 0.0000000000
94205  -37.420  -27.249  8.244 0.0000000000
94206  -37.013  -27.550  7.783 0.0000000000
96506  -31.741  -24.741  15.358 0.0000000000
96507  -32.832  -22.188  10.050 0.0000000000
96508  -32.398  -22.806  9.743 0.0000000000
96509  -32.393  -22.652  9.157 0.0000000000
96510  -32.089  -23.209  8.305 0.0000000000
96511  -31.911  -23.805  7.477 0.0000000000
96512  -31.917  -24.424  6.703 0.0000000000
96513  -32.026  -23.640  6.988 0.0000000000
96514  -32.092  -23.547  6.481 0.0000000000
96515  -32.224  -23.436  5.901 0.0000000000
98525  -35.387  -29.535  11.745 0.0000000000
98526  -34.931  -29.529  11.390 0.0000000000
110951  -30.918  -29.413  15.269 0.0000000000
110952  -30.711  -27.700  13.849 0.0000000000
110953  -30.729  -28.250  13.867 0.0000000000
110954  -30.793  -28.238  13.172 0.0000000000
110955  -31.022  -28.733  12.487 0.0000000000
110956  -31.441  -29.094  12.021 0.0000000000
110957  -32.010  -29.389  11.560 0.0000000000
110958  -31.638  -29.028  11.390 0.0000000000
110959  -31.839  -28.951  10.780 0.0000000000
110960  -32.059  -28.836  10.209 0.0000000000
110961  -32.736  -22.724  14.603 0.0000000000
110962  -32.356  -23.426  14.428 0.0000000000
110963  -32.316  -23.466  13.782 0.0000000000
110964  -31.877  -24.091  12.987 0.0000000000
110965  -31.507  -24.689  12.168 0.0000000000
110966  -31.416  -25.580  8.786 0.0000000000
110967  -31.307  -25.687  9.369 0.0000000000
110968  -31.397  -26.206  8.686 0.0000000000
110969  -31.452  -26.790  8.657 0.0000000000
110970  -31.584  -27.328  8.690 0.0000000000
110971  -31.798  -27.813  8.741 0.0000000000
110972  -32.025  -27.775  8.197 0.0000000000
110973  -32.687  -28.164  7.759 0.0000000000
110974  -33.434  -28.418  7.411 0.0000000000
110975  -34.237  -28.565  7.148 0.0000000000
110976  -33.686  -28.350  6.885 0.0000000000
110977  -33.980  -28.273  6.348 0.0000000000
110978  -34.285  -28.146  5.844 0.0000000000
110979  -33.541  -26.770  4.275 0.0000000000
110980  -33.881  -27.246  4.431 0.0000000000
110981  -34.209  -27.151  3.901 0.0000000000
110982  -35.005  -27.488  3.565 0.0000000000
110983  -35.868  -27.687  3.332 0.0000000000
110984  -36.766  -27.781  3.180 0.0000000000
110985  -36.190  -27.589  2.861 0.0000000000
110986  -36.528  -27.461  2.371 0.0000000000
110987  -36.841  -27.347  1.886 0.0000000000
111018  -32.929  -22.062  4.177 0.0000000000
111019  -33.059  -22.822  3.294 0.0000000000
111020  -34.620  -23.986  0.367 0.0000000000
111021  -34.367  -24.109  0.840 0.0000000000
111022  -35.006  -24.729  0.254 0.0000000000
111023  -35.428  -25.388  0.271 0.0000000000
111024  -35.885  -25.948  0.319 0.0000000000
111025  -36.426  -26.432  0.432 0.0000000000
111026  -36.723  -26.265  -0.036 0.0000000000
111027  -37.597  -26.490  -0.364 0.0000000000
111028  -38.593  -26.568  -0.598 0.0000000000
115671  -33.686  -30.571  13.224 0.0000000000
119971  -38.799  -26.230  8.242 0.0000000000
119976  -38.098  -26.853  5.852 0.0000000000
125335  -31.010  -27.152  15.831 0.0000000000
125336  -30.887  -27.145  15.188 0.0000000000
125337  -31.374  -25.946  15.878 0.0000000000
125338  -31.065  -26.541  15.220 0.0000000000
125339  -30.806  -27.124  14.519 0.0000000000
125340  -30.780  -27.134  13.846 0.0000000000
125341  -30.764  -27.159  13.145 0.0000000000
125342  -30.793  -27.160  12.462 0.0000000000
125343  -32.785  -22.687  12.238 0.0000000000
125344  -32.285  -23.353  11.980 0.0000000000
125345  -32.322  -23.235  11.398 0.0000000000
125346  -31.915  -23.763  10.528 0.0000000000
125347  -31.648  -24.335  9.716 0.0000000000
125348  -32.015  -23.473  9.428 0.0000000000
125349  -31.692  -24.204  9.126 0.0000000000
125350  -31.511  -24.906  8.916 0.0000000000
125351  -31.540  -25.452  8.197 0.0000000000
125352  -31.711  -26.094  7.471 0.0000000000
125353  -32.038  -26.624  6.882 0.0000000000
125354  -32.474  -27.104  6.394 0.0000000000
125355  -32.215  -26.525  6.336 0.0000000000
125356  -32.394  -26.392  5.858 0.0000000000
125357  -32.629  -26.291  5.308 0.0000000000
125358  -32.076  -25.064  5.960 0.0000000000
125359  -32.418  -25.663  5.340 0.0000000000
125360  -32.904  -26.232  4.762 0.0000000000
125361  -33.173  -26.180  4.238 0.0000000000
125362  -33.398  -26.043  3.733 0.0000000000
125363  -33.672  -25.975  3.246 0.0000000000
125389  -33.926  -22.457  1.303 0.0000000000
125392  -34.342  -23.200  0.552 0.0000000000
125393  -34.840  -23.878  -0.081 0.0000000000
125394  -35.527  -24.464  -0.652 0.0000000000
125395  -36.232  -24.926  -1.168 0.0000000000
125396  -37.036  -25.323  -1.562 0.0000000000
125397  -36.520  -24.821  -1.601 0.0000000000
125398  -36.783  -24.674  -2.085 0.0000000000
125399  -37.044  -24.474  -2.530 0.0000000000
125401  -36.522  -23.915  -2.498 0.0000000000
129916  -36.916  -28.903  11.559 0.0000000000
129917  -37.176  -28.556  11.149 0.0000000000
129918  -37.438  -28.181  10.750 0.0000000000
129920  -36.496  -28.269  10.050 0.0000000000
129921  -36.056  -28.410  9.665 0.0000000000
134777  -33.150  -22.056  13.689 0.0000000000
134786  -33.186  -22.047  13.067 0.0000000000
134787  -33.239  -21.977  12.531 0.0000000000
134788  -33.308  -21.912  12.020 0.0000000000
134789  -33.290  -21.851  11.458 0.0000000000
134790  -34.080  -20.401  12.558 0.0000000000
134791  -33.768  -21.125  11.757 0.0000000000
134792  -33.310  -21.711  10.896 0.0000000000
134793  -33.326  -21.563  10.383 0.0000000000
134794  -33.351  -21.377  9.917 0.0000000000
134795  -33.342  -21.196  9.367 0.0000000000
155340  -31.766  -30.726  15.387 0.0000000000
155342  -32.560  -30.778  14.194 0.0000000000
155343  -32.845  -30.605  13.597 0.0000000000
155344  -33.096  -30.429  13.049 0.0000000000
155345  -30.828  -28.310  15.840 0.0000000000
155346  -30.794  -28.877  15.232 0.0000000000
155347  -30.908  -29.336  14.606 0.0000000000
155348  -30.826  -28.795  13.890 0.0000000000
155349  -31.009  -29.291  13.942 0.0000000000
155350  -31.290  -29.741  13.973 0.0000000000
155351  -31.861  -30.045  13.355 0.0000000000
155352  -32.563  -30.202  12.863 0.0000000000
155353  -33.429  -30.240  12.546 0.0000000000
155354  -33.718  -30.020  12.028 0.0000000000
155355  -33.993  -29.819  11.521 0.0000000000
155356  -34.322  -29.560  11.058 0.0000000000
155357  -32.791  -29.536  11.110 0.0000000000
155358  -33.681  -29.539  10.784 0.0000000000
155359  -34.616  -29.322  10.608 0.0000000000
155360  -34.942  -29.079  10.147 0.0000000000
155361  -35.230  -28.849  9.710 0.0000000000
155362  -35.401  -28.690  9.264 0.0000000000
155364  -32.047  -24.063  15.556 0.0000000000
155365  -31.705  -24.729  14.754 0.0000000000
155366  -31.983  -24.102  14.270 0.0000000000
155367  -31.648  -24.750  14.116 0.0000000000
155368  -31.356  -25.354  13.970 0.0000000000
155369  -31.075  -25.959  13.242 0.0000000000
155370  -30.848  -26.544  12.498 0.0000000000
155371  -30.844  -27.081  11.775 0.0000000000
155372  -31.859  -23.990  11.701 0.0000000000
155373  -31.528  -24.619  11.525 0.0000000000
155374  -31.277  -25.223  11.379 0.0000000000
155375  -31.212  -25.732  9.973 0.0000000000
155376  -31.135  -25.761  10.618 0.0000000000
155377  -31.083  -25.826  11.257 0.0000000000
155378  -30.942  -26.437  11.179 0.0000000000
155379  -30.925  -27.058  11.109 0.0000000000
155380  -30.963  -27.598  11.163 0.0000000000
155381  -31.247  -28.056  10.567 0.0000000000
155382  -31.715  -28.440  10.010 0.0000000000
155383  -32.314  -28.753  9.631 0.0000000000
155384  -32.180  -28.285  8.859 0.0000000000
155385  -32.593  -28.663  9.072 0.0000000000
155386  -33.058  -28.951  9.303 0.0000000000
155387  -33.894  -29.024  9.020 0.0000000000
155388  -34.753  -28.854  8.863 0.0000000000
155389  -35.652  -28.503  8.783 0.0000000000
155390  -35.935  -28.304  8.286 0.0000000000
155391  -36.207  -28.129  7.832 0.0000000000
155392  -36.489  -27.930  7.331 0.0000000000
155393  -35.056  -28.459  7.011 0.0000000000
155394  -35.959  -28.215  6.917 0.0000000000
155395  -36.777  -27.764  6.861 0.0000000000
155396  -37.065  -27.627  6.404 0.0000000000
155397  -37.354  -27.460  5.917 0.0000000000
155398  -37.656  -27.339  5.441 0.0000000000
155399  -33.075  -27.552  5.943 0.0000000000
155400  -33.759  -27.833  5.600 0.0000000000
155401  -34.562  -28.080  5.335 0.0000000000
155402  -34.396  -27.683  4.558 0.0000000000
155403  -34.896  -27.995  4.850 0.0000000000
155404  -35.421  -28.148  5.171 0.0000000000
155405  -36.334  -28.027  5.057 0.0000000000
155406  -37.183  -27.697  4.992 0.0000000000
155409  -38.642  -27.011  3.944 0.0000000000
155411  -37.695  -27.596  3.065 0.0000000000
155412  -38.583  -27.295  3.010 0.0000000000
155413  -39.393  -26.777  3.006 0.0000000000
155414  -39.751  -26.702  2.498 0.0000000000
155442  -33.918  -20.472  9.791 0.0000000000
155443  -33.385  -20.977  8.909 0.0000000000
155469  -33.409  -20.771  8.433 0.0000000000
155470  -32.944  -21.465  8.050 0.0000000000
155471  -32.609  -21.999  7.133 0.0000000000
155472  -32.399  -22.646  6.207 0.0000000000
155473  -32.384  -23.299  5.351 0.0000000000
155474  -32.636  -22.331  5.183 0.0000000000
155475  -32.522  -23.166  4.821 0.0000000000
155476  -32.501  -23.929  4.545 0.0000000000
155477  -32.846  -24.613  3.853 0.0000000000
155478  -33.336  -25.290  3.243 0.0000000000
155479  -33.938  -25.906  2.715 0.0000000000
155481  -33.269  -22.744  2.745 0.0000000000
155482  -33.366  -23.560  2.499 0.0000000000
155483  -34.106  -24.195  1.333 0.0000000000
155484  -33.841  -24.262  1.826 0.0000000000
155485  -33.555  -24.319  2.314 0.0000000000
155486  -33.833  -25.089  2.193 0.0000000000
155487  -34.200  -25.814  2.199 0.0000000000
155488  -34.652  -26.409  2.271 0.0000000000
155489  -35.446  -26.790  1.908 0.0000000000
155490  -36.281  -27.060  1.623 0.0000000000
155491  -37.182  -27.259  1.359 0.0000000000
155492  -36.982  -26.821  0.637 0.0000000000
155493  -37.581  -27.101  0.896 0.0000000000
155494  -38.175  -27.249  1.215 0.0000000000
155495  -39.114  -27.103  1.103 0.0000000000
155507  -37.896  -25.580  -1.936 0.0000000000
