#!ascii label  , from subject fsaverage vox2ras=TkReg
1154
200  -34.233  13.075  -3.069 0.0000000000
275  -30.314  10.984  8.390 0.0000000000
540  -31.380  12.725  2.239 0.0000000000
755  -31.915  14.951  13.335 0.0000000000
1188  -30.699  11.845  5.278 0.0000000000
1512  -37.241  4.332  -3.409 0.0000000000
1514  -36.055  7.259  -5.670 0.0000000000
1645  -33.222  -0.087  13.185 0.0000000000
1646  -32.885  1.417  10.152 0.0000000000
1647  -33.358  2.232  7.518 0.0000000000
1648  -30.732  9.599  11.103 0.0000000000
1649  -29.530  17.017  11.852 0.0000000000
2258  -34.078  2.420  4.736 0.0000000000
2259  -35.117  2.858  2.083 0.0000000000
2260  -36.485  3.686  -0.673 0.0000000000
2261  -32.867  13.413  -0.460 0.0000000000
2675  -34.905  15.468  12.269 0.0000000000
3480  -34.978  8.685  -2.952 0.0000000000
3481  -36.540  5.946  -4.490 0.0000000000
3482  -35.065  10.117  -4.328 0.0000000000
3703  -32.859  0.681  11.708 0.0000000000
3704  -32.065  4.818  11.809 0.0000000000
3705  -31.738  5.609  10.623 0.0000000000
3706  -31.333  8.690  12.214 0.0000000000
3708  -30.543  16.017  12.875 0.0000000000
3709  -30.813  19.430  12.626 0.0000000000
5002  -31.912  6.897  8.152 0.0000000000
5003  -33.718  2.300  6.169 0.0000000000
5004  -32.346  7.182  6.757 0.0000000000
5005  -31.021  12.200  3.752 0.0000000000
5006  -33.086  7.742  3.922 0.0000000000
5007  -33.251  7.900  2.431 0.0000000000
5008  -35.737  3.266  0.713 0.0000000000
5009  -33.455  8.167  1.074 0.0000000000
5010  -33.886  8.409  -0.297 0.0000000000
5011  -31.966  13.145  0.816 0.0000000000
5832  -33.892  16.946  -3.264 0.0000000000
5833  -35.172  14.422  -4.570 0.0000000000
5967  -31.907  11.387  13.241 0.0000000000
5968  -33.280  13.681  13.239 0.0000000000
6745  -29.154  14.842  8.666 0.0000000000
6746  -30.443  11.408  6.811 0.0000000000
6747  -29.352  15.406  7.015 0.0000000000
6748  -29.700  15.977  5.392 0.0000000000
6749  -30.307  16.450  3.877 0.0000000000
6750  -30.918  16.861  2.483 0.0000000000
7370  -36.854  1.796  -5.256 0.0000000000
7371  -36.756  3.235  -6.215 0.0000000000
7372  -36.575  4.395  -7.369 0.0000000000
7373  -35.573  11.388  -5.852 0.0000000000
7374  -35.796  8.366  -7.108 0.0000000000
7683  -35.633  -1.908  7.231 0.0000000000
7684  -33.119  1.792  8.859 0.0000000000
7685  -31.774  6.199  9.349 0.0000000000
7686  -30.374  10.351  9.770 0.0000000000
7687  -30.706  12.460  12.602 0.0000000000
7688  -29.864  13.386  11.567 0.0000000000
7689  -29.348  14.196  10.189 0.0000000000
7690  -28.863  17.901  10.452 0.0000000000
9332  -36.191  -1.642  5.957 0.0000000000
9333  -36.776  -1.349  4.563 0.0000000000
9334  -37.409  -1.020  3.183 0.0000000000
9335  -32.714  7.483  5.355 0.0000000000
9336  -34.569  2.656  3.452 0.0000000000
9337  -38.149  -0.827  1.583 0.0000000000
9338  -38.185  -0.576  0.023 0.0000000000
9339  -38.038  -0.251  -1.491 0.0000000000
9340  -37.755  0.208  -2.780 0.0000000000
9341  -37.125  4.115  -2.031 0.0000000000
9342  -34.389  8.597  -1.660 0.0000000000
9343  -33.691  13.335  -1.774 0.0000000000
9344  -31.811  17.080  1.173 0.0000000000
9345  -32.770  17.345  -0.254 0.0000000000
9346  -33.416  17.186  -1.769 0.0000000000
10355  -36.308  15.612  11.103 0.0000000000
11160  -34.441  10.998  -2.960 0.0000000000
11161  -35.031  9.533  -3.587 0.0000000000
11162  -34.609  11.662  -3.711 0.0000000000
11385  -31.727  6.828  11.949 0.0000000000
11386  -31.763  8.153  12.602 0.0000000000
12682  -31.098  8.961  8.255 0.0000000000
12683  -32.146  6.997  7.452 0.0000000000
12684  -31.212  9.123  7.506 0.0000000000
12685  -31.204  12.467  3.002 0.0000000000
12686  -32.100  10.229  3.125 0.0000000000
12687  -32.259  10.410  2.381 0.0000000000
12688  -33.352  8.051  1.763 0.0000000000
12689  -32.397  10.608  1.690 0.0000000000
12690  -32.621  10.756  0.986 0.0000000000
12691  -31.629  12.940  1.513 0.0000000000
15082  -28.839  16.784  8.826 0.0000000000
15083  -29.213  15.126  7.820 0.0000000000
15084  -28.886  17.109  7.967 0.0000000000
15086  -29.174  17.766  6.320 0.0000000000
15087  -29.432  18.011  5.483 0.0000000000
15088  -29.969  16.229  4.597 0.0000000000
15089  -29.752  18.251  4.732 0.0000000000
16200  -37.491  2.410  -3.771 0.0000000000
16201  -36.991  1.107  -4.639 0.0000000000
16202  -37.272  3.163  -4.296 0.0000000000
16203  -36.253  6.570  -5.046 0.0000000000
16204  -36.842  4.661  -5.257 0.0000000000
16205  -36.563  5.323  -5.828 0.0000000000
16206  -36.682  3.866  -6.784 0.0000000000
16207  -36.445  5.843  -6.441 0.0000000000
16208  -35.223  14.779  -5.457 0.0000000000
16209  -35.456  12.909  -5.240 0.0000000000
16213  -35.536  8.839  -7.833 0.0000000000
16214  -36.053  6.940  -7.830 0.0000000000
16870  -32.862  1.044  10.917 0.0000000000
16871  -33.607  -0.983  10.891 0.0000000000
16872  -33.695  -0.684  10.108 0.0000000000
16874  -33.796  -0.393  9.350 0.0000000000
16875  -34.003  -0.286  8.681 0.0000000000
16876  -33.003  1.599  9.502 0.0000000000
16877  -31.250  7.561  10.863 0.0000000000
16878  -31.779  5.849  9.994 0.0000000000
16879  -31.125  7.899  10.207 0.0000000000
16880  -31.008  8.348  9.621 0.0000000000
16881  -30.536  9.961  10.442 0.0000000000
16882  -31.835  13.197  13.333 0.0000000000
16883  -31.272  11.880  12.984 0.0000000000
16884  -31.138  13.841  13.149 0.0000000000
16885  -30.007  16.505  12.398 0.0000000000
16886  -30.046  14.771  12.342 0.0000000000
16887  -29.657  15.196  11.765 0.0000000000
16888  -29.566  13.829  10.930 0.0000000000
16889  -29.307  15.603  11.112 0.0000000000
16890  -29.042  16.047  10.382 0.0000000000
16891  -29.154  17.436  11.190 0.0000000000
20468  -41.906  13.347  5.227 0.0000000000
20767  -34.337  -0.056  7.354 0.0000000000
20768  -35.979  -1.821  6.620 0.0000000000
20769  -34.514  0.085  6.678 0.0000000000
20770  -33.863  2.522  5.500 0.0000000000
20771  -34.881  0.223  5.270 0.0000000000
20772  -35.137  0.319  4.554 0.0000000000
20773  -37.068  -1.170  3.819 0.0000000000
20774  -35.415  0.424  3.893 0.0000000000
20775  -30.560  11.669  6.035 0.0000000000
20776  -31.442  9.609  6.078 0.0000000000
20777  -31.633  9.742  5.351 0.0000000000
20778  -34.133  5.274  3.082 0.0000000000
20779  -33.947  5.224  3.795 0.0000000000
20780  -34.779  2.765  2.745 0.0000000000
20781  -36.162  0.654  2.492 0.0000000000
20782  -36.521  0.788  1.764 0.0000000000
20783  -38.265  -0.734  0.762 0.0000000000
20784  -36.870  0.979  1.078 0.0000000000
20785  -36.054  3.426  0.020 0.0000000000
20786  -37.518  1.450  -0.289 0.0000000000
20787  -37.786  1.698  -0.987 0.0000000000
20788  -37.992  -0.063  -2.168 0.0000000000
20789  -37.949  2.039  -1.692 0.0000000000
20790  -37.993  2.201  -2.425 0.0000000000
20791  -36.797  3.942  -1.345 0.0000000000
20792  -33.221  10.972  -0.389 0.0000000000
20793  -34.112  8.428  -0.972 0.0000000000
20794  -33.457  11.117  -1.028 0.0000000000
20795  -33.792  11.097  -1.700 0.0000000000
20796  -33.350  13.436  -1.109 0.0000000000
20798  -31.334  16.987  1.837 0.0000000000
20803  -33.147  17.293  -1.001 0.0000000000
24696  -36.035  6.422  -3.067 0.0000000000
24697  -36.936  5.234  -3.938 0.0000000000
24698  -35.829  7.255  -3.665 0.0000000000
24699  -35.708  7.993  -4.314 0.0000000000
24700  -35.614  8.689  -4.996 0.0000000000
25097  -32.959  0.269  12.485 0.0000000000
25101  -32.364  3.423  10.363 0.0000000000
25102  -31.900  5.185  11.208 0.0000000000
25103  -31.457  7.175  11.435 0.0000000000
25104  -30.994  9.156  11.691 0.0000000000
25105  -32.020  16.470  13.232 0.0000000000
25106  -31.195  15.494  13.180 0.0000000000
25107  -31.296  17.132  13.094 0.0000000000
25108  -30.620  17.708  12.797 0.0000000000
25109  -30.010  18.236  12.382 0.0000000000
25110  -29.539  18.797  11.847 0.0000000000
27436  -32.690  4.544  7.863 0.0000000000
27437  -33.521  2.324  6.868 0.0000000000
27438  -32.893  4.701  7.175 0.0000000000
27439  -33.106  4.934  6.576 0.0000000000
27440  -33.341  4.932  5.872 0.0000000000
27441  -30.860  11.990  4.509 0.0000000000
27442  -31.782  9.886  4.582 0.0000000000
27443  -31.928  10.059  3.848 0.0000000000
27444  -33.205  7.814  3.158 0.0000000000
27445  -34.182  5.401  2.394 0.0000000000
27446  -35.376  3.026  1.399 0.0000000000
27447  -34.309  5.508  1.676 0.0000000000
27448  -34.507  5.604  0.965 0.0000000000
27449  -34.742  5.756  0.308 0.0000000000
27450  -35.053  5.742  -0.381 0.0000000000
27451  -33.685  8.249  0.342 0.0000000000
27452  -32.872  10.883  0.287 0.0000000000
27453  -32.351  13.272  0.174 0.0000000000
28968  -34.426  15.189  -3.128 0.0000000000
28969  -34.707  13.796  -3.813 0.0000000000
28970  -34.615  15.689  -3.913 0.0000000000
28971  -34.483  16.168  -4.819 0.0000000000
29285  -32.541  12.576  13.410 0.0000000000
29286  -32.583  14.306  13.339 0.0000000000
29287  -34.099  14.587  12.840 0.0000000000
29289  -32.745  15.884  13.228 0.0000000000
29290  -32.942  17.443  13.002 0.0000000000
31099  -29.653  12.848  8.475 0.0000000000
31100  -30.399  11.177  7.593 0.0000000000
31101  -29.673  13.194  7.710 0.0000000000
31102  -29.773  13.390  6.881 0.0000000000
31103  -29.922  13.678  6.092 0.0000000000
31104  -28.999  17.454  7.140 0.0000000000
31105  -29.500  15.706  6.196 0.0000000000
31106  -30.059  13.957  5.319 0.0000000000
31107  -30.304  14.130  4.519 0.0000000000
31108  -30.511  14.382  3.764 0.0000000000
31109  -30.745  14.664  3.008 0.0000000000
31110  -31.048  14.937  2.284 0.0000000000
31111  -30.615  16.693  3.141 0.0000000000
32620  -36.514  0.583  -6.258 0.0000000000
32621  -37.078  3.934  -4.808 0.0000000000
32622  -36.775  2.559  -5.713 0.0000000000
32623  -36.513  1.222  -6.765 0.0000000000
32624  -36.605  1.880  -7.284 0.0000000000
32627  -34.972  12.285  -4.491 0.0000000000
32628  -35.302  10.777  -5.099 0.0000000000
32629  -35.632  9.277  -5.751 0.0000000000
32630  -35.533  11.807  -6.742 0.0000000000
32631  -35.634  9.860  -6.476 0.0000000000
32632  -35.939  7.879  -6.363 0.0000000000
32633  -36.203  6.516  -7.065 0.0000000000
32634  -36.458  5.014  -7.994 0.0000000000
33465  -33.563  -1.202  11.682 0.0000000000
33472  -35.383  -1.991  7.922 0.0000000000
33473  -34.175  -0.116  8.033 0.0000000000
33474  -33.228  2.022  8.176 0.0000000000
33475  -32.368  3.795  9.765 0.0000000000
33476  -32.468  4.036  9.097 0.0000000000
33477  -32.574  4.264  8.459 0.0000000000
33478  -31.810  6.588  8.774 0.0000000000
33479  -31.060  8.668  8.953 0.0000000000
33480  -30.267  10.672  9.105 0.0000000000
33481  -31.516  10.043  12.759 0.0000000000
33482  -31.023  10.583  12.376 0.0000000000
33483  -30.595  11.074  11.913 0.0000000000
33484  -30.513  14.328  12.810 0.0000000000
33485  -30.247  13.002  12.185 0.0000000000
33486  -30.239  11.523  11.337 0.0000000000
33487  -29.962  11.933  10.682 0.0000000000
33488  -29.766  12.304  10.007 0.0000000000
33489  -29.670  12.587  9.262 0.0000000000
33490  -29.229  14.507  9.409 0.0000000000
33491  -28.892  16.395  9.591 0.0000000000
33492  -28.659  18.252  9.681 0.0000000000
33493  -29.134  19.236  11.201 0.0000000000
37877  -39.841  13.960  7.261 0.0000000000
37878  -39.278  14.642  7.768 0.0000000000
38237  -34.744  0.088  5.982 0.0000000000
38238  -36.454  -1.501  5.235 0.0000000000
38240  -37.845  -2.847  3.496 0.0000000000
38241  -38.012  -2.753  2.718 0.0000000000
38242  -38.085  -2.658  1.953 0.0000000000
38243  -31.322  9.432  6.800 0.0000000000
38244  -32.494  7.361  6.055 0.0000000000
38245  -33.588  4.956  5.171 0.0000000000
38246  -32.876  7.672  4.661 0.0000000000
38247  -33.747  5.133  4.500 0.0000000000
38248  -34.305  2.595  4.123 0.0000000000
38249  -35.686  0.563  3.193 0.0000000000
38250  -37.774  -0.966  2.371 0.0000000000
38251  -38.069  -2.592  1.104 0.0000000000
38252  -37.938  -2.478  0.292 0.0000000000
38255  -37.196  1.201  0.405 0.0000000000
38256  -38.132  -0.408  -0.735 0.0000000000
38262  -37.757  2.354  -3.094 0.0000000000
38263  -37.309  4.246  -2.766 0.0000000000
38264  -35.213  6.051  -1.011 0.0000000000
38265  -35.517  6.204  -1.715 0.0000000000
38266  -35.737  6.320  -2.398 0.0000000000
38267  -34.668  8.653  -2.297 0.0000000000
38268  -34.136  11.013  -2.360 0.0000000000
38269  -33.965  13.201  -2.407 0.0000000000
38270  -31.425  15.137  1.589 0.0000000000
38271  -31.907  15.313  0.975 0.0000000000
38272  -32.436  15.461  0.327 0.0000000000
38274  -32.332  17.309  0.502 0.0000000000
38275  -32.977  15.516  -0.326 0.0000000000
38276  -33.407  15.486  -0.998 0.0000000000
38277  -33.778  15.350  -1.696 0.0000000000
38278  -34.082  15.252  -2.406 0.0000000000
38279  -33.640  17.059  -2.505 0.0000000000
41880  -34.260  12.055  -3.010 0.0000000000
41881  -34.521  11.329  -3.313 0.0000000000
41882  -34.413  12.368  -3.395 0.0000000000
43402  -30.692  10.005  8.327 0.0000000000
43403  -31.169  9.020  7.861 0.0000000000
43404  -30.720  10.094  7.927 0.0000000000
43405  -31.274  12.593  2.615 0.0000000000
43406  -31.681  11.481  2.683 0.0000000000
43407  -31.766  11.554  2.302 0.0000000000
43408  -32.346  10.483  2.020 0.0000000000
43409  -31.843  11.675  1.928 0.0000000000
43410  -31.955  11.788  1.583 0.0000000000
43411  -31.490  12.835  1.858 0.0000000000
45802  -28.713  17.735  8.860 0.0000000000
45803  -28.851  16.922  8.381 0.0000000000
45804  -28.723  17.920  8.428 0.0000000000
45808  -29.581  18.167  5.111 0.0000000000
46920  -37.548  3.389  -3.638 0.0000000000
46921  -37.465  2.779  -4.066 0.0000000000
46922  -37.367  3.822  -3.859 0.0000000000
46923  -36.141  6.920  -5.342 0.0000000000
46924  -36.469  5.961  -5.444 0.0000000000
46925  -36.302  6.275  -5.721 0.0000000000
46926  -36.461  5.582  -6.138 0.0000000000
46927  -36.238  6.566  -6.040 0.0000000000
47587  -33.504  -0.992  13.178 0.0000000000
47589  -33.386  -0.874  12.793 0.0000000000
47590  -32.869  1.234  10.528 0.0000000000
47591  -33.222  0.174  10.499 0.0000000000
47592  -33.240  0.352  10.123 0.0000000000
47593  -33.733  -0.535  9.710 0.0000000000
47594  -33.256  0.586  9.753 0.0000000000
47595  -33.336  0.623  9.417 0.0000000000
47596  -32.925  1.572  9.842 0.0000000000
47597  -30.991  8.581  10.970 0.0000000000
47598  -31.176  7.769  10.549 0.0000000000
47599  -30.897  8.789  10.664 0.0000000000
47600  -30.848  8.965  10.365 0.0000000000
47601  -30.625  9.775  10.765 0.0000000000
47602  -31.836  14.130  13.345 0.0000000000
47603  -31.475  13.530  13.246 0.0000000000
47604  -31.491  14.409  13.287 0.0000000000
47605  -29.761  16.775  12.136 0.0000000000
47606  -29.785  15.887  12.108 0.0000000000
47607  -29.590  16.093  11.817 0.0000000000
47608  -29.483  15.378  11.456 0.0000000000
47609  -29.383  16.326  11.504 0.0000000000
47610  -29.205  16.519  11.154 0.0000000000
47611  -29.313  17.264  11.535 0.0000000000
51487  -33.791  1.037  7.435 0.0000000000
51488  -34.408  -0.003  7.013 0.0000000000
51489  -33.873  1.146  7.084 0.0000000000
51490  -33.983  2.482  5.132 0.0000000000
51491  -34.364  1.338  4.991 0.0000000000
51492  -34.498  1.323  4.631 0.0000000000
51493  -35.218  0.315  4.202 0.0000000000
51494  -34.619  1.404  4.290 0.0000000000
51495  -30.626  11.754  5.662 0.0000000000
51496  -31.036  10.773  5.704 0.0000000000
51497  -31.130  10.813  5.321 0.0000000000
51498  -34.565  4.051  2.586 0.0000000000
51499  -34.414  4.041  2.943 0.0000000000
51500  -34.960  2.813  2.419 0.0000000000
51501  -35.500  1.609  2.187 0.0000000000
51502  -35.717  1.756  1.890 0.0000000000
51503  -36.687  0.890  1.425 0.0000000000
51504  -35.830  1.865  1.578 0.0000000000
51505  -36.324  3.517  -0.349 0.0000000000
51506  -37.027  2.532  -0.498 0.0000000000
51507  -37.245  2.672  -0.848 0.0000000000
51508  -37.906  1.867  -1.327 0.0000000000
51509  -37.430  2.915  -1.138 0.0000000000
51510  -37.469  2.971  -1.527 0.0000000000
51511  -36.640  3.813  -0.989 0.0000000000
51512  -32.935  12.281  -0.423 0.0000000000
51513  -33.366  11.032  -0.712 0.0000000000
51514  -33.168  12.278  -0.753 0.0000000000
51515  -33.342  12.285  -1.083 0.0000000000
51516  -33.122  13.429  -0.767 0.0000000000
54107  -36.470  16.293  10.961 0.0000000000
54108  -36.060  15.962  11.316 0.0000000000
56520  -35.424  7.550  -2.973 0.0000000000
56521  -35.928  6.885  -3.341 0.0000000000
56522  -35.384  7.946  -3.302 0.0000000000
56523  -35.073  9.852  -3.952 0.0000000000
56524  -35.353  8.761  -3.931 0.0000000000
56525  -35.366  9.105  -4.313 0.0000000000
56526  -35.655  8.335  -4.640 0.0000000000
56527  -35.335  9.399  -4.660 0.0000000000
57196  -31.974  5.035  11.512 0.0000000000
57197  -31.552  7.762  12.052 0.0000000000
57198  -31.576  7.033  11.713 0.0000000000
57199  -31.392  7.965  11.815 0.0000000000
57200  -31.228  8.174  11.558 0.0000000000
57201  -31.142  8.933  11.986 0.0000000000
57202  -32.110  17.308  13.124 0.0000000000
57203  -31.641  16.781  13.202 0.0000000000
57204  -31.752  17.634  13.113 0.0000000000
57205  -31.117  19.121  12.796 0.0000000000
57206  -31.037  18.293  12.905 0.0000000000
57207  -30.704  18.563  12.733 0.0000000000
57208  -30.316  17.974  12.600 0.0000000000
57209  -30.397  18.845  12.561 0.0000000000
57210  -30.096  19.129  12.324 0.0000000000
57211  -30.498  19.754  12.435 0.0000000000
61087  -32.338  5.711  8.024 0.0000000000
61088  -32.798  4.628  7.524 0.0000000000
61089  -32.427  5.800  7.674 0.0000000000
61090  -32.253  7.072  7.102 0.0000000000
61091  -32.645  5.979  7.018 0.0000000000
61092  -32.778  6.038  6.681 0.0000000000
61093  -33.248  4.934  6.233 0.0000000000
61094  -32.899  6.106  6.347 0.0000000000
61095  -30.936  12.127  4.153 0.0000000000
61096  -31.356  11.047  4.183 0.0000000000
61097  -31.411  11.191  3.808 0.0000000000
61098  -32.693  9.070  2.775 0.0000000000
61099  -32.656  8.998  3.138 0.0000000000
61100  -33.210  7.837  2.767 0.0000000000
61101  -33.710  6.687  2.810 0.0000000000
61102  -33.709  6.691  2.435 0.0000000000
61103  -34.235  5.447  2.036 0.0000000000
61104  -33.746  6.741  2.072 0.0000000000
61105  -33.401  8.105  1.418 0.0000000000
61106  -33.879  6.783  1.381 0.0000000000
61107  -33.957  6.844  1.026 0.0000000000
61108  -34.628  5.646  0.609 0.0000000000
61109  -34.031  6.885  0.685 0.0000000000
61110  -34.076  6.997  0.356 0.0000000000
61111  -33.584  8.199  0.698 0.0000000000
61112  -32.238  11.938  0.890 0.0000000000
61113  -32.721  10.821  0.639 0.0000000000
61114  -32.395  12.013  0.537 0.0000000000
61115  -32.570  12.068  0.206 0.0000000000
61116  -32.198  13.206  0.491 0.0000000000
63720  -34.268  16.103  -3.171 0.0000000000
63721  -34.550  15.483  -3.510 0.0000000000
63722  -34.295  16.301  -3.592 0.0000000000
63724  -34.079  16.788  -4.498 0.0000000000
64400  -32.553  13.453  13.381 0.0000000000
64401  -32.921  13.966  13.296 0.0000000000
64402  -34.822  14.713  12.442 0.0000000000
64403  -34.439  14.272  12.728 0.0000000000
64404  -34.495  15.048  12.601 0.0000000000
64408  -33.079  15.585  13.146 0.0000000000
64409  -33.171  16.342  13.052 0.0000000000
64410  -32.827  16.666  13.133 0.0000000000
68287  -29.374  13.811  8.567 0.0000000000
68288  -29.638  13.040  8.104 0.0000000000
68289  -29.389  13.993  8.182 0.0000000000
68290  -29.277  15.247  7.422 0.0000000000
68291  -29.478  14.249  7.360 0.0000000000
68292  -29.548  14.362  6.949 0.0000000000
68293  -29.855  13.519  6.469 0.0000000000
68294  -29.622  14.510  6.538 0.0000000000
68296  -28.794  18.295  7.586 0.0000000000
68298  -29.442  16.881  5.832 0.0000000000
68299  -29.319  16.762  6.249 0.0000000000
68300  -29.593  15.837  5.788 0.0000000000
68301  -29.765  14.823  5.748 0.0000000000
68302  -29.855  14.982  5.358 0.0000000000
68303  -30.177  14.043  4.923 0.0000000000
68304  -29.985  15.073  4.954 0.0000000000
68305  -30.141  16.329  4.247 0.0000000000
68306  -30.251  15.294  4.190 0.0000000000
68307  -30.376  15.440  3.832 0.0000000000
68308  -30.601  14.551  3.404 0.0000000000
68309  -30.523  15.579  3.458 0.0000000000
68310  -30.689  15.650  3.068 0.0000000000
68311  -30.470  16.580  3.505 0.0000000000
71648  -36.743  5.550  -4.219 0.0000000000
71649  -37.153  4.603  -4.366 0.0000000000
71650  -36.941  4.898  -4.657 0.0000000000
71651  -36.828  3.937  -5.728 0.0000000000
71652  -36.904  3.604  -5.477 0.0000000000
71653  -36.773  2.935  -5.952 0.0000000000
71654  -36.601  1.957  -6.194 0.0000000000
71655  -36.650  2.251  -6.459 0.0000000000
71656  -36.561  1.518  -7.019 0.0000000000
71657  -36.646  2.585  -6.692 0.0000000000
71658  -36.624  4.096  -7.093 0.0000000000
71659  -36.647  3.127  -7.301 0.0000000000
71660  -36.631  3.360  -7.599 0.0000000000
71661  -36.626  2.624  -8.153 0.0000000000
71662  -36.598  3.678  -7.873 0.0000000000
71663  -34.935  14.100  -4.200 0.0000000000
71664  -34.835  13.043  -4.162 0.0000000000
71665  -35.095  13.351  -4.552 0.0000000000
71666  -35.532  12.153  -5.561 0.0000000000
71667  -35.319  11.778  -5.188 0.0000000000
71668  -35.428  11.059  -5.501 0.0000000000
71669  -35.466  10.033  -5.425 0.0000000000
71670  -35.528  10.363  -5.827 0.0000000000
71674  -35.642  9.352  -7.191 0.0000000000
71675  -35.622  10.101  -6.893 0.0000000000
71676  -35.717  9.132  -6.800 0.0000000000
71677  -35.750  8.820  -6.413 0.0000000000
71678  -35.858  8.119  -6.722 0.0000000000
71679  -36.069  7.213  -6.698 0.0000000000
71680  -35.975  7.435  -7.048 0.0000000000
71681  -36.176  6.221  -8.247 0.0000000000
71682  -36.270  6.004  -7.874 0.0000000000
71683  -36.406  5.243  -8.352 0.0000000000
71684  -36.536  4.254  -8.524 0.0000000000
73651  -33.174  -0.474  12.093 0.0000000000
73652  -33.160  -0.274  11.701 0.0000000000
73653  -34.139  -1.792  10.503 0.0000000000
73666  -35.269  -2.091  8.260 0.0000000000
73667  -33.495  0.753  8.751 0.0000000000
73668  -34.083  -0.166  8.360 0.0000000000
73669  -33.567  0.862  8.435 0.0000000000
73670  -33.660  0.941  8.089 0.0000000000
73671  -33.163  1.887  8.533 0.0000000000
73672  -32.072  4.496  10.489 0.0000000000
73673  -32.357  3.627  10.066 0.0000000000
73674  -32.045  4.706  10.200 0.0000000000
73675  -31.763  6.012  9.649 0.0000000000
73676  -32.101  4.983  9.542 0.0000000000
73677  -32.121  5.114  9.218 0.0000000000
73678  -32.519  4.119  8.786 0.0000000000
73679  -32.192  5.236  8.938 0.0000000000
73680  -32.215  5.421  8.623 0.0000000000
73681  -31.793  6.397  9.072 0.0000000000
73682  -30.689  9.377  9.685 0.0000000000
73683  -31.022  8.543  9.282 0.0000000000
73684  -30.690  9.529  9.352 0.0000000000
73685  -30.659  9.675  9.028 0.0000000000
73686  -30.332  10.511  9.433 0.0000000000
73688  -31.774  9.797  12.910 0.0000000000
73689  -31.686  10.721  13.021 0.0000000000
73690  -30.958  12.176  12.795 0.0000000000
73691  -31.100  11.283  12.697 0.0000000000
73692  -30.857  11.514  12.482 0.0000000000
73693  -30.805  10.813  12.151 0.0000000000
73694  -30.629  11.777  12.269 0.0000000000
73695  -30.856  15.749  13.029 0.0000000000
73696  -30.818  14.915  13.037 0.0000000000
73697  -30.502  15.157  12.856 0.0000000000
73698  -29.922  14.070  12.006 0.0000000000
73699  -30.119  13.891  12.291 0.0000000000
73700  -30.050  13.182  11.899 0.0000000000
73701  -30.214  12.273  11.784 0.0000000000
73702  -30.032  12.463  11.481 0.0000000000
73703  -30.097  11.750  11.011 0.0000000000
73704  -29.893  12.671  11.130 0.0000000000
73705  -29.445  14.012  10.576 0.0000000000
73706  -29.626  13.062  10.456 0.0000000000
73707  -29.533  13.255  10.109 0.0000000000
73708  -29.704  12.477  9.647 0.0000000000
73709  -29.440  13.446  9.742 0.0000000000
73710  -29.431  13.553  9.333 0.0000000000
73711  -29.275  14.349  9.806 0.0000000000
73712  -28.937  16.937  10.428 0.0000000000
73713  -28.959  16.200  9.964 0.0000000000
73714  -28.846  17.119  10.034 0.0000000000
73715  -28.769  17.302  9.649 0.0000000000
73716  -28.753  18.115  10.061 0.0000000000
73718  -29.324  19.018  11.532 0.0000000000
84445  -41.587  13.638  5.596 0.0000000000
84446  -41.445  13.017  5.643 0.0000000000
84447  -41.130  13.285  6.008 0.0000000000
84449  -40.781  13.578  6.280 0.0000000000
84457  -39.982  14.610  7.136 0.0000000000
84458  -39.557  14.291  7.522 0.0000000000
85345  -36.098  -1.720  6.293 0.0000000000
85347  -36.904  -2.467  5.898 0.0000000000
85349  -37.086  -2.415  5.576 0.0000000000
85350  -33.601  2.286  6.504 0.0000000000
85351  -34.049  1.178  6.392 0.0000000000
85352  -34.133  1.152  6.025 0.0000000000
85353  -35.766  -0.613  4.881 0.0000000000
85354  -35.665  -0.733  5.225 0.0000000000
85355  -36.590  -1.412  4.894 0.0000000000
85356  -37.325  -2.182  4.881 0.0000000000
85357  -37.454  -2.120  4.464 0.0000000000
85359  -37.543  -2.059  4.094 0.0000000000
85360  -37.259  -1.100  3.513 0.0000000000
85361  -37.800  -1.905  3.366 0.0000000000
85362  -37.951  -1.871  3.032 0.0000000000
85363  -38.026  -2.743  2.312 0.0000000000
85364  -38.157  -1.859  2.662 0.0000000000
85365  -30.423  11.279  7.189 0.0000000000
85366  -30.850  10.277  7.177 0.0000000000
85367  -30.863  10.418  6.788 0.0000000000
85368  -32.037  8.599  5.720 0.0000000000
85369  -31.886  8.558  6.078 0.0000000000
85370  -32.563  7.454  5.708 0.0000000000
85371  -33.124  6.202  5.651 0.0000000000
85372  -33.223  6.207  5.300 0.0000000000
85373  -32.427  8.855  4.259 0.0000000000
85374  -32.340  8.772  4.613 0.0000000000
85375  -32.978  7.706  4.277 0.0000000000
85376  -34.234  3.944  3.650 0.0000000000
85377  -33.863  5.173  4.140 0.0000000000
85378  -34.121  3.854  3.980 0.0000000000
85379  -34.016  3.842  4.325 0.0000000000
85380  -34.385  2.607  3.771 0.0000000000
85381  -34.852  1.481  3.642 0.0000000000
85382  -35.046  1.418  3.252 0.0000000000
85383  -37.260  -0.121  2.099 0.0000000000
85384  -37.038  -0.191  2.461 0.0000000000
85385  -37.947  -0.910  1.980 0.0000000000
85386  -38.305  -1.710  1.791 0.0000000000
85387  -38.335  -1.690  1.377 0.0000000000
85389  -38.312  -1.637  0.960 0.0000000000
85390  -38.181  -0.664  0.365 0.0000000000
85391  -38.189  -1.556  0.120 0.0000000000
85392  -38.192  -1.458  -0.248 0.0000000000
85394  -38.114  -1.368  -0.584 0.0000000000
85395  -35.529  3.116  1.043 0.0000000000
85396  -36.222  2.039  0.867 0.0000000000
85397  -36.436  2.123  0.511 0.0000000000
85398  -37.997  0.625  -0.885 0.0000000000
85399  -37.960  0.527  -0.501 0.0000000000
85400  -38.152  -0.364  -1.148 0.0000000000
85401  -38.028  -1.214  -1.321 0.0000000000
85402  -37.884  -1.139  -1.715 0.0000000000
85405  -37.849  0.112  -2.476 0.0000000000
85411  -37.572  0.322  -3.111 0.0000000000
85412  -37.691  3.151  -2.238 0.0000000000
85413  -37.873  2.284  -2.757 0.0000000000
85414  -37.713  3.230  -2.585 0.0000000000
85415  -37.703  3.297  -2.952 0.0000000000
85416  -37.182  4.174  -2.396 0.0000000000
85417  -34.335  7.127  -0.298 0.0000000000
85418  -35.145  5.964  -0.703 0.0000000000
85419  -34.462  7.207  -0.630 0.0000000000
85420  -34.251  8.501  -1.325 0.0000000000
85421  -34.734  7.271  -1.325 0.0000000000
85422  -34.881  7.356  -1.676 0.0000000000
85423  -35.604  6.283  -2.039 0.0000000000
85424  -34.956  7.397  -2.007 0.0000000000
85425  -35.090  7.462  -2.330 0.0000000000
85426  -34.533  8.643  -1.966 0.0000000000
85427  -33.696  12.241  -1.749 0.0000000000
85428  -33.984  11.048  -2.032 0.0000000000
85429  -33.852  12.220  -2.077 0.0000000000
85430  -33.997  12.122  -2.389 0.0000000000
85431  -33.838  13.323  -2.108 0.0000000000
85432  -30.984  15.898  2.398 0.0000000000
85433  -31.214  15.006  1.943 0.0000000000
85434  -31.178  16.019  2.053 0.0000000000
85435  -31.572  17.052  1.516 0.0000000000
85436  -31.664  16.179  1.433 0.0000000000
85437  -31.907  16.247  1.102 0.0000000000
85438  -32.155  15.434  0.663 0.0000000000
85439  -32.188  16.310  0.778 0.0000000000
85445  -32.553  17.317  0.110 0.0000000000
85446  -32.708  16.465  0.080 0.0000000000
85447  -32.934  16.472  -0.253 0.0000000000
85448  -33.193  15.532  -0.659 0.0000000000
85449  -33.135  16.471  -0.614 0.0000000000
85450  -33.338  17.255  -1.354 0.0000000000
85451  -33.530  16.338  -1.336 0.0000000000
85452  -33.705  16.286  -1.711 0.0000000000
85453  -33.907  15.314  -2.060 0.0000000000
85454  -33.837  16.236  -2.068 0.0000000000
85455  -33.967  16.189  -2.418 0.0000000000
85456  -33.548  17.148  -2.126 0.0000000000
92369  -36.701  15.939  10.722 0.0000000000
93816  -34.697  9.895  -2.940 0.0000000000
93817  -35.022  9.191  -3.279 0.0000000000
93818  -34.734  10.304  -3.272 0.0000000000
93819  -34.789  10.594  -3.623 0.0000000000
93820  -34.813  10.914  -4.021 0.0000000000
94220  -32.032  5.578  12.164 0.0000000000
94221  -31.881  5.844  11.898 0.0000000000
94222  -31.881  6.586  12.217 0.0000000000
94223  -31.715  7.520  12.288 0.0000000000
94224  -31.546  8.395  12.380 0.0000000000
94226  -31.890  18.495  13.001 0.0000000000
96556  -31.498  7.929  8.202 0.0000000000
96557  -32.001  6.961  7.782 0.0000000000
96558  -31.561  8.044  7.844 0.0000000000
96559  -31.667  8.073  7.481 0.0000000000
96560  -31.747  8.187  7.128 0.0000000000
96561  -31.127  12.306  3.380 0.0000000000
96562  -31.532  11.246  3.436 0.0000000000
96563  -31.610  11.346  3.079 0.0000000000
96564  -32.164  10.314  2.745 0.0000000000
96565  -32.780  9.113  2.424 0.0000000000
96566  -33.318  7.931  2.091 0.0000000000
96567  -32.846  9.236  2.078 0.0000000000
96568  -32.899  9.365  1.777 0.0000000000
96569  -32.941  9.460  1.406 0.0000000000
96570  -33.044  9.549  1.056 0.0000000000
96571  -32.495  10.703  1.342 0.0000000000
96572  -32.043  11.883  1.218 0.0000000000
96573  -31.777  13.093  1.163 0.0000000000
98137  -33.794  17.147  -3.734 0.0000000000
100876  -28.987  15.823  8.765 0.0000000000
100877  -29.177  14.983  8.260 0.0000000000
100878  -29.003  15.954  8.325 0.0000000000
100879  -29.040  16.106  7.898 0.0000000000
100880  -29.102  16.265  7.494 0.0000000000
100884  -29.300  17.886  5.879 0.0000000000
100885  -29.563  16.987  5.425 0.0000000000
100886  -29.832  16.090  4.989 0.0000000000
100887  -29.705  17.123  5.043 0.0000000000
100888  -29.868  17.254  4.685 0.0000000000
100889  -30.039  17.357  4.314 0.0000000000
100890  -30.201  17.472  3.974 0.0000000000
100891  -29.926  18.333  4.381 0.0000000000
102888  -37.321  1.438  -3.896 0.0000000000
102889  -37.035  0.809  -4.355 0.0000000000
102890  -37.303  1.724  -4.214 0.0000000000
102891  -37.214  2.124  -4.488 0.0000000000
102892  -37.090  2.485  -4.753 0.0000000000
102893  -36.344  6.267  -4.758 0.0000000000
102894  -36.729  5.295  -4.899 0.0000000000
102895  -36.585  5.648  -5.113 0.0000000000
102896  -36.719  4.983  -5.517 0.0000000000
102897  -36.732  4.251  -6.011 0.0000000000
102898  -36.716  3.543  -6.512 0.0000000000
102899  -36.653  4.604  -6.289 0.0000000000
102900  -36.596  4.837  -6.602 0.0000000000
102901  -36.530  5.111  -6.891 0.0000000000
102902  -35.275  14.585  -5.003 0.0000000000
102903  -35.344  13.645  -4.909 0.0000000000
102904  -35.523  13.848  -5.356 0.0000000000
102905  -35.627  13.137  -5.703 0.0000000000
102906  -35.617  12.361  -5.997 0.0000000000
102910  -35.485  9.658  -7.550 0.0000000000
102911  -35.696  8.593  -7.494 0.0000000000
102912  -35.914  7.640  -7.450 0.0000000000
102913  -35.811  7.850  -7.823 0.0000000000
102914  -35.910  7.161  -8.177 0.0000000000
104094  -32.846  0.910  11.346 0.0000000000
104095  -33.122  -0.104  11.290 0.0000000000
104096  -33.199  0.011  10.894 0.0000000000
104097  -33.649  -0.853  10.491 0.0000000000
104098  -34.212  -1.642  10.116 0.0000000000
104100  -34.269  -1.522  9.716 0.0000000000
104101  -34.350  -1.409  9.347 0.0000000000
104102  -34.396  -1.297  8.975 0.0000000000
104103  -34.536  -1.257  8.633 0.0000000000
104104  -33.901  -0.369  9.013 0.0000000000
104105  -33.452  0.596  9.067 0.0000000000
104106  -33.063  1.623  9.159 0.0000000000
104107  -31.503  6.565  10.753 0.0000000000
104108  -31.747  5.746  10.327 0.0000000000
104109  -31.473  6.744  10.450 0.0000000000
104110  -31.444  6.854  10.084 0.0000000000
104111  -31.424  7.048  9.766 0.0000000000
104112  -31.412  7.277  9.487 0.0000000000
104113  -31.090  8.113  9.920 0.0000000000
104114  -30.765  9.159  10.035 0.0000000000
104115  -30.432  10.156  10.115 0.0000000000
104116  -31.865  12.269  13.298 0.0000000000
104117  -31.601  11.622  13.122 0.0000000000
104118  -31.520  12.526  13.195 0.0000000000
104119  -31.181  12.855  13.070 0.0000000000
104120  -30.870  13.137  12.891 0.0000000000
104121  -30.283  16.261  12.642 0.0000000000
104122  -30.245  15.388  12.613 0.0000000000
104123  -30.014  15.634  12.371 0.0000000000
104124  -29.825  14.987  12.102 0.0000000000
104125  -29.746  14.310  11.681 0.0000000000
104126  -29.721  13.599  11.244 0.0000000000
104127  -29.578  14.543  11.364 0.0000000000
104128  -29.417  14.736  11.035 0.0000000000
104129  -29.298  14.921  10.654 0.0000000000
104130  -29.186  15.126  10.267 0.0000000000
104131  -29.169  15.825  10.737 0.0000000000
104132  -29.068  16.722  10.799 0.0000000000
104133  -28.996  17.642  10.839 0.0000000000
111109  -34.961  -1.041  7.283 0.0000000000
111110  -35.849  -1.906  6.898 0.0000000000
111111  -35.067  -1.032  6.939 0.0000000000
111112  -35.211  -0.924  6.639 0.0000000000
111113  -35.286  -0.860  6.313 0.0000000000
111114  -33.772  2.371  5.833 0.0000000000
111115  -34.200  1.198  5.681 0.0000000000
111116  -34.275  1.337  5.360 0.0000000000
111117  -34.996  0.264  4.899 0.0000000000
111118  -35.927  -0.563  4.530 0.0000000000
111119  -36.936  -1.278  4.195 0.0000000000
111120  -36.101  -0.517  4.181 0.0000000000
111121  -36.242  -0.422  3.852 0.0000000000
111122  -36.404  -0.334  3.540 0.0000000000
111123  -30.484  11.534  6.428 0.0000000000
111124  -30.912  10.542  6.426 0.0000000000
111125  -30.984  10.660  6.053 0.0000000000
111126  -31.543  9.682  5.713 0.0000000000
111127  -32.172  8.651  5.356 0.0000000000
111128  -33.678  6.511  3.520 0.0000000000
111129  -33.578  6.519  3.884 0.0000000000
111130  -34.031  5.257  3.445 0.0000000000
111131  -34.339  3.995  3.309 0.0000000000
111132  -34.660  2.721  3.115 0.0000000000
111133  -35.234  1.527  2.924 0.0000000000
111134  -35.360  1.604  2.573 0.0000000000
111135  -36.388  0.714  2.148 0.0000000000
111136  -37.412  -0.033  1.710 0.0000000000
111137  -38.131  -0.783  1.166 0.0000000000
111138  -37.529  0.041  1.320 0.0000000000
111139  -37.652  0.101  0.941 0.0000000000
111140  -37.756  0.193  0.604 0.0000000000
111141  -35.884  3.374  0.362 0.0000000000
111142  -36.633  2.300  0.197 0.0000000000
111143  -36.764  2.400  -0.159 0.0000000000
111144  -37.615  1.586  -0.659 0.0000000000
111145  -38.012  0.733  -1.222 0.0000000000
111146  -38.012  -0.154  -1.826 0.0000000000
111147  -38.073  0.835  -1.556 0.0000000000
111148  -38.113  1.023  -1.891 0.0000000000
111149  -38.016  1.130  -2.246 0.0000000000
111150  -37.995  1.235  -2.597 0.0000000000
111151  -37.952  2.119  -2.061 0.0000000000
111152  -37.601  3.061  -1.902 0.0000000000
111153  -36.931  4.048  -1.674 0.0000000000
111154  -33.530  9.686  -0.332 0.0000000000
111155  -33.992  8.467  -0.627 0.0000000000
111156  -33.694  9.675  -0.657 0.0000000000
111157  -33.775  9.723  -0.996 0.0000000000
111158  -33.895  9.819  -1.328 0.0000000000
111159  -34.042  9.841  -1.665 0.0000000000
111160  -33.634  11.098  -1.371 0.0000000000
111161  -33.500  12.273  -1.444 0.0000000000
111162  -33.517  13.355  -1.461 0.0000000000
111163  -30.831  17.818  2.533 0.0000000000
111164  -31.116  16.943  2.155 0.0000000000
111165  -31.003  17.897  2.194 0.0000000000
111166  -31.219  17.952  1.893 0.0000000000
111167  -31.407  18.025  1.543 0.0000000000
111173  -32.962  17.356  -0.627 0.0000000000
115686  -35.229  15.141  12.081 0.0000000000
119064  -36.714  5.326  -3.227 0.0000000000
119065  -37.060  4.819  -3.670 0.0000000000
119066  -36.553  5.829  -3.500 0.0000000000
119067  -36.404  6.239  -3.760 0.0000000000
119068  -36.249  6.602  -4.076 0.0000000000
119069  -35.352  8.413  -3.595 0.0000000000
119070  -35.752  7.664  -3.974 0.0000000000
119071  -36.118  6.946  -4.371 0.0000000000
119072  -35.992  7.229  -4.659 0.0000000000
119073  -35.917  7.590  -4.978 0.0000000000
119074  -35.873  7.947  -5.321 0.0000000000
119999  -33.074  0.084  12.846 0.0000000000
120005  -32.619  1.671  11.724 0.0000000000
120006  -32.584  1.879  11.363 0.0000000000
120007  -32.562  2.077  10.947 0.0000000000
120008  -32.585  2.267  10.574 0.0000000000
120009  -32.621  2.393  10.248 0.0000000000
120010  -32.336  3.260  10.684 0.0000000000
120011  -32.100  4.293  10.788 0.0000000000
120012  -31.829  5.334  10.897 0.0000000000
120013  -31.757  6.071  11.620 0.0000000000
120014  -31.657  6.231  11.325 0.0000000000
120015  -31.571  6.333  11.021 0.0000000000
120016  -31.328  7.316  11.148 0.0000000000
120017  -31.094  8.352  11.264 0.0000000000
120018  -30.859  9.356  11.399 0.0000000000
120019  -31.962  15.696  13.301 0.0000000000
120020  -31.544  15.233  13.296 0.0000000000
120021  -31.610  16.007  13.274 0.0000000000
120022  -31.246  16.311  13.140 0.0000000000
120023  -30.912  16.624  13.005 0.0000000000
120024  -31.413  17.985  13.033 0.0000000000
120025  -30.965  17.462  12.964 0.0000000000
120026  -30.609  16.891  12.851 0.0000000000
120027  -30.293  17.120  12.630 0.0000000000
120028  -30.005  17.385  12.408 0.0000000000
120029  -29.755  17.655  12.150 0.0000000000
120030  -29.523  17.925  11.863 0.0000000000
120031  -29.764  18.540  12.129 0.0000000000
120032  -29.845  19.406  12.072 0.0000000000
125458  -33.004  3.393  7.679 0.0000000000
125459  -33.442  2.306  7.203 0.0000000000
125460  -33.091  3.461  7.363 0.0000000000
125461  -33.203  3.503  7.016 0.0000000000
125462  -33.337  3.472  6.695 0.0000000000
125463  -32.564  5.835  7.342 0.0000000000
125464  -32.991  4.807  6.884 0.0000000000
125465  -33.406  3.567  6.372 0.0000000000
125466  -33.518  3.681  6.052 0.0000000000
125467  -33.595  3.742  5.709 0.0000000000
125468  -33.705  3.706  5.324 0.0000000000
125469  -30.772  11.937  4.888 0.0000000000
125470  -31.166  10.921  4.944 0.0000000000
125471  -31.268  10.976  4.550 0.0000000000
125472  -31.849  9.971  4.209 0.0000000000
125473  -32.512  8.909  3.896 0.0000000000
125474  -32.030  10.138  3.483 0.0000000000
125475  -32.606  8.940  3.514 0.0000000000
125476  -33.218  7.749  3.545 0.0000000000
125477  -33.713  6.614  3.169 0.0000000000
125478  -34.164  5.366  2.728 0.0000000000
125479  -34.662  4.092  2.246 0.0000000000
125480  -35.246  2.969  1.761 0.0000000000
125481  -34.736  4.170  1.920 0.0000000000
125482  -34.827  4.242  1.577 0.0000000000
125483  -34.952  4.296  1.228 0.0000000000
125484  -33.815  6.768  1.726 0.0000000000
125485  -34.428  5.563  1.354 0.0000000000
125486  -35.087  4.414  0.869 0.0000000000
125487  -35.198  4.475  0.514 0.0000000000
125488  -35.423  4.533  0.196 0.0000000000
125489  -35.590  4.647  -0.135 0.0000000000
125490  -35.742  4.693  -0.503 0.0000000000
125491  -34.838  5.812  -0.038 0.0000000000
125492  -34.222  7.045  0.004 0.0000000000
125493  -33.765  8.289  0.014 0.0000000000
125494  -33.166  9.563  0.676 0.0000000000
125495  -33.254  9.599  0.338 0.0000000000
125496  -33.357  9.635  0.020 0.0000000000
125497  -33.040  10.933  -0.071 0.0000000000
125498  -32.767  12.174  -0.106 0.0000000000
125499  -32.614  13.358  -0.124 0.0000000000
129096  -34.386  14.154  -3.121 0.0000000000
129097  -34.492  13.436  -3.452 0.0000000000
129098  -34.588  14.540  -3.473 0.0000000000
129099  -34.749  14.802  -3.849 0.0000000000
129100  -34.905  15.058  -4.242 0.0000000000
129101  -34.233  16.555  -4.040 0.0000000000
129102  -34.637  15.956  -4.351 0.0000000000
129103  -34.946  15.315  -4.664 0.0000000000
129104  -34.863  15.499  -5.137 0.0000000000
129957  -32.202  12.007  13.365 0.0000000000
129958  -32.190  12.933  13.399 0.0000000000
129959  -32.197  13.841  13.393 0.0000000000
129960  -32.273  14.644  13.357 0.0000000000
129962  -34.048  13.818  12.966 0.0000000000
129963  -33.688  14.161  13.053 0.0000000000
129964  -34.153  15.369  12.731 0.0000000000
129966  -33.325  14.538  13.142 0.0000000000
129967  -32.993  14.798  13.226 0.0000000000
129968  -32.685  15.109  13.293 0.0000000000
129969  -32.339  15.411  13.308 0.0000000000
129970  -32.369  16.147  13.256 0.0000000000
129971  -32.470  16.978  13.133 0.0000000000
129975  -32.718  18.597  12.896 0.0000000000
134881  -29.980  11.934  8.414 0.0000000000
134882  -30.341  11.096  7.987 0.0000000000
134883  -30.005  12.053  8.037 0.0000000000
134884  -30.012  12.193  7.648 0.0000000000
134885  -30.031  12.277  7.245 0.0000000000
134886  -29.423  14.138  7.774 0.0000000000
134887  -29.723  13.253  7.302 0.0000000000
134888  -30.081  12.396  6.840 0.0000000000
134889  -30.137  12.533  6.426 0.0000000000
134890  -30.192  12.664  6.050 0.0000000000
134891  -30.287  12.764  5.667 0.0000000000
134892  -28.746  18.139  8.013 0.0000000000
134893  -28.933  17.314  7.555 0.0000000000
134894  -29.171  16.443  7.078 0.0000000000
134895  -29.073  17.624  6.729 0.0000000000
134896  -29.233  16.611  6.661 0.0000000000
134897  -29.424  15.549  6.605 0.0000000000
134898  -29.699  14.668  6.144 0.0000000000
134899  -30.000  13.804  5.703 0.0000000000
134900  -30.356  12.835  5.266 0.0000000000
134901  -30.454  12.955  4.881 0.0000000000
134902  -30.535  13.082  4.512 0.0000000000
134903  -30.603  13.211  4.127 0.0000000000
134904  -30.124  15.174  4.546 0.0000000000
134905  -30.384  14.251  4.135 0.0000000000
134906  -30.726  13.297  3.729 0.0000000000
134907  -30.814  13.438  3.329 0.0000000000
134908  -30.917  13.586  2.975 0.0000000000
134909  -31.008  13.730  2.591 0.0000000000
134910  -31.134  13.853  2.228 0.0000000000
134911  -30.902  14.768  2.639 0.0000000000
134912  -30.826  15.762  2.722 0.0000000000
134913  -30.746  16.744  2.818 0.0000000000
134914  -30.374  17.626  3.575 0.0000000000
134915  -30.514  17.688  3.204 0.0000000000
134916  -30.665  17.727  2.880 0.0000000000
139091  -37.208  4.220  -4.106 0.0000000000
139092  -37.174  3.547  -4.548 0.0000000000
139093  -37.007  2.836  -5.039 0.0000000000
139094  -36.990  4.253  -5.076 0.0000000000
139095  -36.941  3.240  -5.255 0.0000000000
139096  -36.798  2.191  -5.512 0.0000000000
139097  -36.593  1.569  -5.985 0.0000000000
139098  -36.445  0.910  -6.476 0.0000000000
139103  -36.666  2.842  -7.020 0.0000000000
139109  -34.603  12.693  -3.778 0.0000000000
139110  -34.740  11.955  -4.092 0.0000000000
139111  -34.944  11.220  -4.405 0.0000000000
139112  -35.201  12.529  -4.876 0.0000000000
139113  -35.129  11.528  -4.805 0.0000000000
139114  -35.168  10.489  -4.718 0.0000000000
139115  -35.399  9.766  -5.032 0.0000000000
139116  -35.628  8.993  -5.360 0.0000000000
139117  -35.832  8.254  -5.684 0.0000000000
139120  -35.613  11.592  -6.291 0.0000000000
139121  -35.514  11.061  -7.012 0.0000000000
139122  -35.613  10.846  -6.586 0.0000000000
139123  -35.591  10.613  -6.161 0.0000000000
139124  -35.641  9.555  -6.115 0.0000000000
139125  -35.807  8.533  -6.054 0.0000000000
139126  -36.009  7.551  -6.021 0.0000000000
139127  -36.208  6.895  -6.348 0.0000000000
139128  -36.356  6.204  -6.723 0.0000000000
139129  -36.454  5.490  -7.159 0.0000000000
139130  -36.121  6.740  -7.433 0.0000000000
139131  -36.348  5.770  -7.501 0.0000000000
139132  -36.488  4.752  -7.692 0.0000000000
141537  -33.263  -0.673  12.442 0.0000000000
141538  -33.607  -1.398  12.039 0.0000000000
141540  -33.542  -1.057  11.281 0.0000000000
141558  -35.457  -1.937  7.579 0.0000000000
141559  -34.649  -1.154  8.303 0.0000000000
141560  -34.722  -1.074  7.964 0.0000000000
141561  -34.828  -1.053  7.618 0.0000000000
141562  -34.271  -0.103  7.685 0.0000000000
141563  -33.712  0.960  7.759 0.0000000000
141564  -33.301  2.116  7.851 0.0000000000
141565  -32.649  2.559  9.943 0.0000000000
141566  -32.677  2.699  9.631 0.0000000000
141567  -32.755  2.774  9.313 0.0000000000
141568  -32.094  4.819  9.894 0.0000000000
141569  -32.437  3.906  9.431 0.0000000000
141570  -32.793  2.885  8.982 0.0000000000
141571  -32.827  3.007  8.647 0.0000000000
141572  -32.883  3.131  8.297 0.0000000000
141573  -32.949  3.260  7.983 0.0000000000
141574  -32.621  4.411  8.143 0.0000000000
141575  -32.264  5.609  8.332 0.0000000000
141576  -31.849  6.754  8.487 0.0000000000
141577  -31.384  7.510  9.188 0.0000000000
141578  -31.387  7.727  8.894 0.0000000000
141579  -31.457  7.793  8.565 0.0000000000
141580  -31.083  8.782  8.600 0.0000000000
141581  -30.652  9.880  8.690 0.0000000000
141582  -30.300  10.830  8.752 0.0000000000
141584  -31.641  9.093  12.684 0.0000000000
141585  -31.400  9.354  12.517 0.0000000000
141586  -31.402  10.993  12.884 0.0000000000
141587  -31.252  10.339  12.603 0.0000000000
141588  -31.147  9.627  12.340 0.0000000000
141589  -30.968  9.861  12.068 0.0000000000
141590  -30.786  10.069  11.807 0.0000000000
141591  -30.630  10.336  11.515 0.0000000000
141592  -31.137  14.655  13.213 0.0000000000
141593  -30.823  14.055  12.982 0.0000000000
141594  -30.587  13.407  12.716 0.0000000000
141595  -30.266  14.572  12.596 0.0000000000
141596  -30.335  13.704  12.538 0.0000000000
141597  -30.454  12.775  12.426 0.0000000000
141598  -30.411  12.060  12.048 0.0000000000
141599  -30.413  11.318  11.629 0.0000000000
141600  -30.475  10.570  11.201 0.0000000000
141601  -30.354  10.771  10.871 0.0000000000
141602  -30.231  10.957  10.560 0.0000000000
141603  -30.092  11.114  10.252 0.0000000000
141604  -29.751  12.859  10.794 0.0000000000
141605  -29.835  12.101  10.354 0.0000000000
141606  -30.058  11.323  9.885 0.0000000000
141607  -30.006  11.498  9.544 0.0000000000
141608  -29.957  11.629  9.176 0.0000000000
141609  -29.969  11.776  8.808 0.0000000000
141610  -29.664  12.718  8.867 0.0000000000
141611  -29.401  13.681  8.932 0.0000000000
141612  -29.186  14.696  9.028 0.0000000000
141613  -29.102  15.281  9.879 0.0000000000
141614  -29.035  15.467  9.488 0.0000000000
141615  -28.997  15.692  9.145 0.0000000000
141616  -28.839  16.644  9.251 0.0000000000
141617  -28.722  17.543  9.265 0.0000000000
141619  -29.304  18.128  11.556 0.0000000000
141620  -29.133  18.326  11.211 0.0000000000
141621  -28.969  18.524  10.877 0.0000000000
141624  -28.820  18.860  10.467 0.0000000000
154593  -40.528  13.898  6.600 0.0000000000
154600  -39.104  15.021  8.114 0.0000000000
154601  -38.637  14.745  8.513 0.0000000000
155669  -33.942  1.201  6.737 0.0000000000
155670  -34.617  0.129  6.335 0.0000000000
155671  -35.425  -0.814  5.991 0.0000000000
155672  -34.836  0.154  5.621 0.0000000000
155673  -35.560  -0.771  5.600 0.0000000000
155674  -36.316  -1.589  5.595 0.0000000000
155675  -37.156  -2.318  5.208 0.0000000000
155681  -37.771  -1.912  3.748 0.0000000000
155682  -37.868  -2.775  3.108 0.0000000000
155687  -30.784  10.195  7.566 0.0000000000
155688  -31.284  9.263  7.165 0.0000000000
155689  -31.841  8.340  6.795 0.0000000000
155690  -31.351  9.527  6.434 0.0000000000
155691  -31.843  8.458  6.435 0.0000000000
155692  -32.462  7.258  6.414 0.0000000000
155693  -32.988  6.152  5.988 0.0000000000
155694  -33.449  4.958  5.514 0.0000000000
155695  -33.830  3.733  4.968 0.0000000000
155696  -31.718  9.782  4.978 0.0000000000
155697  -32.263  8.709  4.998 0.0000000000
155698  -32.812  7.554  4.998 0.0000000000
155699  -33.475  6.466  4.237 0.0000000000
155700  -33.425  6.403  4.613 0.0000000000
155701  -33.319  6.305  4.954 0.0000000000
155702  -33.673  5.034  4.854 0.0000000000
155703  -33.933  3.789  4.651 0.0000000000
155704  -34.216  2.567  4.445 0.0000000000
155705  -34.706  1.457  3.974 0.0000000000
155706  -35.528  0.523  3.572 0.0000000000
155707  -36.574  -0.213  3.209 0.0000000000
155708  -35.962  0.596  2.847 0.0000000000
155709  -36.801  -0.218  2.829 0.0000000000
155710  -37.636  -1.006  2.790 0.0000000000
155711  -38.158  -1.789  2.214 0.0000000000
155712  -38.132  -2.597  1.544 0.0000000000
155717  -38.302  -1.634  0.524 0.0000000000
155718  -37.874  -2.436  -0.127 0.0000000000
155723  -36.068  1.950  1.221 0.0000000000
155724  -37.021  1.086  0.736 0.0000000000
155725  -37.831  0.324  0.257 0.0000000000
155726  -37.363  1.325  0.055 0.0000000000
155727  -37.918  0.447  -0.110 0.0000000000
155728  -38.162  -0.487  -0.357 0.0000000000
155729  -38.044  -1.304  -0.944 0.0000000000
155744  -37.792  1.301  -2.933 0.0000000000
155745  -37.634  1.377  -3.244 0.0000000000
155746  -37.473  1.418  -3.562 0.0000000000
155747  -37.599  2.427  -3.416 0.0000000000
155748  -37.577  3.355  -3.292 0.0000000000
155749  -37.236  4.307  -3.087 0.0000000000
155750  -35.943  4.811  -0.843 0.0000000000
155751  -36.064  4.954  -1.168 0.0000000000
155752  -36.172  5.066  -1.488 0.0000000000
155753  -34.555  7.228  -0.968 0.0000000000
155754  -35.417  6.125  -1.373 0.0000000000
155755  -36.330  5.099  -1.841 0.0000000000
155756  -36.420  5.190  -2.192 0.0000000000
155757  -36.563  5.261  -2.523 0.0000000000
155758  -36.618  5.292  -2.872 0.0000000000
155759  -35.793  6.346  -2.728 0.0000000000
155760  -35.215  7.474  -2.670 0.0000000000
155761  -34.818  8.657  -2.633 0.0000000000
155762  -34.216  9.846  -1.990 0.0000000000
155763  -34.371  9.812  -2.321 0.0000000000
155764  -34.536  9.846  -2.623 0.0000000000
155765  -34.305  11.004  -2.646 0.0000000000
155766  -34.122  12.077  -2.687 0.0000000000
155767  -34.099  13.149  -2.725 0.0000000000
155768  -31.290  13.937  1.877 0.0000000000
155769  -31.428  14.059  1.518 0.0000000000
155770  -31.653  14.193  1.188 0.0000000000
155771  -31.404  16.073  1.721 0.0000000000
155772  -31.635  15.229  1.283 0.0000000000
155773  -31.885  14.277  0.847 0.0000000000
155774  -32.137  14.359  0.525 0.0000000000
155775  -32.366  14.416  0.226 0.0000000000
155776  -32.627  14.475  -0.110 0.0000000000
155779  -31.623  18.061  1.203 0.0000000000
155781  -31.849  18.121  0.838 0.0000000000
155782  -32.070  17.212  0.837 0.0000000000
155783  -32.465  16.401  0.433 0.0000000000
155784  -32.745  15.526  -0.009 0.0000000000
155785  -32.917  14.488  -0.415 0.0000000000
155786  -33.183  14.555  -0.740 0.0000000000
155787  -33.390  14.534  -1.082 0.0000000000
155788  -33.562  14.428  -1.409 0.0000000000
155789  -33.358  16.401  -0.969 0.0000000000
155790  -33.587  15.396  -1.358 0.0000000000
155791  -33.729  14.382  -1.752 0.0000000000
155792  -33.876  14.364  -2.086 0.0000000000
155793  -34.010  14.286  -2.406 0.0000000000
155794  -34.185  14.188  -2.761 0.0000000000
155795  -34.250  15.174  -2.779 0.0000000000
155796  -34.167  16.149  -2.789 0.0000000000
155797  -33.768  17.019  -2.884 0.0000000000
