#!ascii label  , from subject fsaverage vox2ras=TkReg
947
64  -49.975  -61.564  36.346 0.0000000000
406  -46.798  -59.024  28.260 0.0000000000
407  -51.297  -54.381  24.924 0.0000000000
412  -43.700  -64.713  42.866 0.0000000000
914  -45.918  -62.565  35.732 0.0000000000
916  -49.170  -61.438  31.922 0.0000000000
921  -56.975  -51.768  26.372 0.0000000000
927  -47.496  -63.339  40.095 0.0000000000
928  -42.645  -63.966  38.527 0.0000000000
1484  -49.188  -57.341  37.615 0.0000000000
1485  -49.354  -57.856  33.608 0.0000000000
1683  -39.136  -69.662  43.292 0.0000000000
1909  -51.054  -58.123  29.583 0.0000000000
1912  -52.632  -53.896  21.569 0.0000000000
1913  -56.486  -53.062  19.818 0.0000000000
1922  -40.892  -66.144  45.222 0.0000000000
1923  -40.878  -67.072  40.539 0.0000000000
2834  -48.593  -62.751  35.945 0.0000000000
2835  -47.676  -62.121  33.758 0.0000000000
2836  -49.871  -61.675  34.115 0.0000000000
2845  -49.446  -60.541  38.586 0.0000000000
2846  -48.448  -61.512  40.432 0.0000000000
2847  -49.092  -62.610  38.220 0.0000000000
2848  -47.178  -63.400  37.893 0.0000000000
3737  -42.373  -66.467  18.708 0.0000000000
3765  -39.587  -69.611  40.301 0.0000000000
4193  -50.187  -57.840  31.560 0.0000000000
4196  -51.201  -56.782  27.251 0.0000000000
4197  -50.966  -56.409  25.509 0.0000000000
4199  -50.520  -55.278  24.178 0.0000000000
4201  -52.019  -53.880  23.308 0.0000000000
4218  -45.438  -63.338  43.515 0.0000000000
4222  -42.115  -65.492  44.077 0.0000000000
4223  -41.102  -67.066  43.114 0.0000000000
4224  -41.912  -65.793  41.951 0.0000000000
5987  -42.657  -66.793  21.123 0.0000000000
6256  -45.020  -61.621  33.394 0.0000000000
6257  -46.665  -61.090  31.571 0.0000000000
6258  -48.004  -60.426  30.095 0.0000000000
6275  -47.407  -60.248  41.837 0.0000000000
6276  -47.099  -62.495  42.081 0.0000000000
6277  -45.733  -63.989  41.533 0.0000000000
6278  -43.432  -64.678  40.828 0.0000000000
6279  -45.417  -63.967  39.611 0.0000000000
6280  -44.275  -63.184  37.299 0.0000000000
7304  -49.637  -59.454  37.004 0.0000000000
7305  -49.919  -59.725  34.933 0.0000000000
7306  -49.038  -57.691  35.636 0.0000000000
7767  -38.547  -68.883  45.729 0.0000000000
7769  -37.592  -71.021  44.495 0.0000000000
8335  -50.479  -59.749  32.830 0.0000000000
8336  -50.432  -59.929  30.785 0.0000000000
8337  -49.856  -59.578  28.810 0.0000000000
8338  -50.471  -56.340  28.971 0.0000000000
8339  -51.191  -58.352  27.814 0.0000000000
8347  -53.815  -53.413  22.431 0.0000000000
8348  -54.743  -53.934  20.766 0.0000000000
8373  -39.945  -67.960  44.509 0.0000000000
8374  -40.297  -68.493  41.791 0.0000000000
10514  -49.537  -62.400  36.042 0.0000000000
10515  -49.341  -62.269  34.997 0.0000000000
10516  -49.948  -61.656  35.195 0.0000000000
10525  -49.770  -61.076  37.528 0.0000000000
10526  -49.428  -61.626  38.443 0.0000000000
10527  -49.694  -62.169  37.222 0.0000000000
10528  -49.004  -62.874  37.041 0.0000000000
11875  -50.961  -54.530  25.752 0.0000000000
11876  -50.986  -55.635  26.089 0.0000000000
11877  -51.032  -55.430  25.267 0.0000000000
11878  -50.728  -55.936  24.861 0.0000000000
11879  -51.104  -54.982  24.516 0.0000000000
11880  -51.289  -54.513  23.744 0.0000000000
11881  -51.665  -54.128  24.147 0.0000000000
11898  -44.634  -64.067  43.234 0.0000000000
11899  -44.364  -63.569  44.073 0.0000000000
11900  -43.638  -64.363  43.856 0.0000000000
11901  -42.760  -64.601  44.420 0.0000000000
11902  -42.829  -65.076  43.476 0.0000000000
11903  -42.040  -65.727  42.976 0.0000000000
11904  -42.741  -65.234  42.428 0.0000000000
14264  -44.447  -62.414  35.308 0.0000000000
14265  -43.996  -61.977  34.143 0.0000000000
14266  -45.462  -62.067  34.562 0.0000000000
14267  -48.474  -61.869  32.756 0.0000000000
14268  -47.236  -61.683  32.603 0.0000000000
14269  -47.842  -61.407  31.726 0.0000000000
14270  -47.317  -60.716  30.775 0.0000000000
14271  -48.520  -60.999  30.993 0.0000000000
14298  -48.138  -62.563  40.300 0.0000000000
14299  -47.898  -61.923  41.332 0.0000000000
14300  -47.451  -62.957  41.154 0.0000000000
14301  -46.576  -63.380  41.891 0.0000000000
14302  -46.643  -63.649  40.896 0.0000000000
14303  -45.655  -64.115  40.618 0.0000000000
14304  -46.561  -63.764  39.851 0.0000000000
14305  -46.714  -63.094  36.837 0.0000000000
14306  -45.830  -63.290  37.750 0.0000000000
14307  -45.169  -62.929  36.580 0.0000000000
14308  -43.717  -62.824  36.015 0.0000000000
16064  -49.393  -58.397  37.304 0.0000000000
16065  -49.445  -58.591  36.343 0.0000000000
16066  -49.138  -57.506  36.622 0.0000000000
16108  -49.422  -58.902  38.024 0.0000000000
17055  -38.859  -69.410  44.581 0.0000000000
17056  -37.985  -70.087  45.188 0.0000000000
17057  -38.427  -70.398  43.929 0.0000000000
18337  -49.648  -58.777  34.293 0.0000000000
18338  -50.154  -59.745  33.842 0.0000000000
18339  -50.045  -58.723  33.190 0.0000000000
18340  -50.737  -57.912  30.535 0.0000000000
18341  -50.792  -58.868  31.178 0.0000000000
18342  -50.956  -58.937  30.131 0.0000000000
18343  -50.207  -59.862  29.724 0.0000000000
18344  -50.895  -59.054  29.096 0.0000000000
18348  -51.025  -57.528  26.579 0.0000000000
18349  -51.335  -57.594  27.553 0.0000000000
18350  -50.676  -58.183  26.906 0.0000000000
18351  -50.045  -58.686  27.324 0.0000000000
18352  -49.298  -58.084  26.494 0.0000000000
18354  -48.482  -57.498  25.699 0.0000000000
18370  -56.110  -52.954  20.635 0.0000000000
18371  -55.210  -53.438  21.152 0.0000000000
18372  -55.681  -53.612  20.313 0.0000000000
18374  -55.973  -53.524  19.370 0.0000000000
18415  -45.335  -60.524  42.285 0.0000000000
18423  -41.284  -65.100  45.340 0.0000000000
18427  -40.210  -66.369  45.692 0.0000000000
18428  -39.770  -67.380  45.621 0.0000000000
18429  -40.473  -67.058  44.926 0.0000000000
18430  -41.074  -67.159  41.837 0.0000000000
18431  -40.684  -67.826  42.450 0.0000000000
18432  -40.638  -67.804  41.174 0.0000000000
18433  -40.330  -68.356  40.373 0.0000000000
18434  -40.557  -67.661  39.740 0.0000000000
18435  -43.127  -64.375  39.779 0.0000000000
18436  -42.325  -64.977  40.305 0.0000000000
23534  -47.381  -62.736  35.901 0.0000000000
23535  -46.873  -62.311  34.793 0.0000000000
23536  -48.223  -62.441  34.925 0.0000000000
23537  -48.920  -62.084  33.888 0.0000000000
23538  -49.664  -61.553  32.981 0.0000000000
23553  -48.973  -59.918  39.683 0.0000000000
23554  -48.541  -60.387  40.525 0.0000000000
23555  -49.036  -61.048  39.487 0.0000000000
23556  -48.835  -62.118  39.334 0.0000000000
23557  -48.290  -63.053  39.192 0.0000000000
23558  -47.479  -63.485  39.021 0.0000000000
23559  -48.307  -63.182  38.052 0.0000000000
23560  -47.942  -63.114  36.966 0.0000000000
24615  -49.045  -56.379  37.116 0.0000000000
25159  -42.894  -67.409  18.950 0.0000000000
25209  -39.398  -69.783  41.762 0.0000000000
25210  -38.715  -70.495  42.385 0.0000000000
25211  -39.008  -70.551  40.952 0.0000000000
25978  -49.105  -56.790  33.108 0.0000000000
25979  -49.716  -57.773  32.535 0.0000000000
25980  -49.479  -56.797  32.072 0.0000000000
25982  -50.443  -56.968  30.149 0.0000000000
25984  -50.555  -55.690  27.831 0.0000000000
25985  -50.920  -55.765  26.938 0.0000000000
25986  -51.235  -56.673  26.376 0.0000000000
25987  -50.591  -57.219  25.743 0.0000000000
25990  -49.747  -55.967  24.496 0.0000000000
25994  -51.396  -54.210  22.862 0.0000000000
25995  -52.368  -53.784  22.507 0.0000000000
26001  -57.394  -52.482  19.263 0.0000000000
26024  -45.957  -62.344  43.350 0.0000000000
26026  -44.946  -62.660  43.896 0.0000000000
26031  -41.995  -64.863  44.956 0.0000000000
26032  -41.480  -65.804  44.725 0.0000000000
26033  -41.053  -66.697  44.252 0.0000000000
26034  -41.503  -66.208  43.619 0.0000000000
26035  -41.463  -66.434  42.495 0.0000000000
26036  -41.314  -66.387  41.259 0.0000000000
29331  -43.308  -67.509  20.120 0.0000000000
29332  -42.443  -66.618  19.965 0.0000000000
29959  -46.422  -61.858  33.567 0.0000000000
29960  -45.927  -61.375  32.431 0.0000000000
29963  -46.812  -60.075  29.777 0.0000000000
29964  -47.528  -59.772  29.145 0.0000000000
29975  -51.372  -53.606  25.351 0.0000000000
29976  -51.980  -53.625  24.571 0.0000000000
30001  -46.811  -60.730  42.267 0.0000000000
30003  -47.424  -61.344  42.062 0.0000000000
30004  -46.680  -61.893  42.651 0.0000000000
30005  -46.329  -62.995  42.769 0.0000000000
30006  -45.666  -63.754  42.585 0.0000000000
30007  -44.718  -64.277  42.219 0.0000000000
30008  -43.624  -64.721  41.845 0.0000000000
30009  -44.667  -64.431  41.177 0.0000000000
30010  -44.509  -64.374  40.248 0.0000000000
30011  -44.073  -63.913  39.211 0.0000000000
30012  -46.342  -63.618  38.755 0.0000000000
30013  -44.925  -63.545  38.513 0.0000000000
30014  -43.483  -63.498  37.981 0.0000000000
32444  -49.882  -60.493  36.642 0.0000000000
32445  -49.974  -60.638  35.576 0.0000000000
32446  -49.744  -59.612  35.997 0.0000000000
32447  -49.495  -58.714  35.301 0.0000000000
32448  -49.142  -57.844  34.688 0.0000000000
32449  -48.890  -56.513  36.110 0.0000000000
32450  -48.855  -56.700  35.106 0.0000000000
32451  -48.858  -56.722  34.097 0.0000000000
32499  -49.259  -59.381  38.865 0.0000000000
32500  -49.595  -59.985  37.799 0.0000000000
33699  -38.132  -68.015  46.059 0.0000000000
33704  -38.066  -71.275  43.019 0.0000000000
35293  -50.162  -60.713  34.494 0.0000000000
35294  -50.290  -60.752  33.399 0.0000000000
35295  -50.259  -60.821  32.367 0.0000000000
35296  -50.406  -58.759  32.153 0.0000000000
35297  -50.593  -59.881  31.786 0.0000000000
35298  -49.881  -60.818  31.375 0.0000000000
35299  -49.336  -60.578  30.398 0.0000000000
35300  -48.812  -60.052  29.403 0.0000000000
35301  -48.218  -59.373  28.465 0.0000000000
35304  -50.938  -57.205  29.233 0.0000000000
35305  -50.929  -56.573  28.146 0.0000000000
35306  -51.280  -57.517  28.340 0.0000000000
35307  -51.218  -58.259  28.670 0.0000000000
35308  -50.636  -58.985  28.162 0.0000000000
35309  -49.093  -59.091  27.838 0.0000000000
35310  -47.565  -58.726  27.662 0.0000000000
35329  -52.497  -53.623  23.724 0.0000000000
35330  -52.913  -53.593  22.853 0.0000000000
35331  -53.381  -53.692  22.022 0.0000000000
35332  -54.652  -53.153  22.000 0.0000000000
35333  -54.293  -53.652  21.583 0.0000000000
35334  -53.656  -53.919  21.123 0.0000000000
35335  -53.872  -54.024  20.226 0.0000000000
35403  -39.013  -67.736  45.965 0.0000000000
35404  -39.286  -68.433  45.211 0.0000000000
35405  -39.530  -68.836  43.854 0.0000000000
35406  -40.614  -67.533  43.715 0.0000000000
35407  -40.126  -68.338  43.114 0.0000000000
35408  -39.797  -69.107  42.482 0.0000000000
35409  -39.875  -69.084  41.101 0.0000000000
35410  -40.012  -68.901  39.677 0.0000000000
35412  -42.555  -65.173  41.383 0.0000000000
35413  -41.671  -65.673  40.835 0.0000000000
35414  -41.002  -66.312  40.037 0.0000000000
38347  -58.489  -51.791  25.365 0.0000000000
41234  -49.830  -62.014  36.189 0.0000000000
41235  -49.788  -62.039  35.614 0.0000000000
41236  -49.954  -61.613  35.768 0.0000000000
41245  -49.927  -61.317  36.881 0.0000000000
41246  -49.822  -61.635  37.386 0.0000000000
41247  -49.863  -61.882  36.769 0.0000000000
41248  -49.661  -62.343  36.615 0.0000000000
42587  -46.577  -59.245  28.511 0.0000000000
42595  -51.095  -54.479  25.346 0.0000000000
42596  -51.008  -55.041  25.505 0.0000000000
42597  -51.111  -54.897  25.108 0.0000000000
42598  -51.092  -55.236  24.881 0.0000000000
42599  -51.240  -54.728  24.705 0.0000000000
42600  -51.353  -54.542  24.328 0.0000000000
42601  -51.477  -54.290  24.532 0.0000000000
42618  -44.178  -64.405  43.069 0.0000000000
42619  -44.124  -64.223  43.544 0.0000000000
42620  -43.700  -64.603  43.382 0.0000000000
42621  -43.246  -64.747  43.706 0.0000000000
42622  -43.256  -64.909  43.176 0.0000000000
42623  -42.809  -65.198  42.950 0.0000000000
42624  -43.218  -64.971  42.669 0.0000000000
44984  -45.150  -62.471  35.568 0.0000000000
44985  -44.968  -62.211  34.971 0.0000000000
44986  -45.697  -62.339  35.143 0.0000000000
44987  -48.841  -61.653  32.265 0.0000000000
44988  -48.172  -61.660  32.208 0.0000000000
44989  -48.508  -61.464  31.789 0.0000000000
44990  -48.161  -61.172  31.301 0.0000000000
44991  -48.857  -61.264  31.448 0.0000000000
45006  -57.154  -51.814  25.850 0.0000000000
45018  -47.869  -62.977  40.204 0.0000000000
45019  -47.799  -62.759  40.751 0.0000000000
45020  -47.478  -63.161  40.604 0.0000000000
45021  -47.100  -63.305  41.019 0.0000000000
45022  -47.068  -63.489  40.518 0.0000000000
45023  -46.607  -63.756  40.385 0.0000000000
45024  -47.052  -63.570  40.015 0.0000000000
45025  -46.362  -62.842  36.312 0.0000000000
45026  -45.965  -63.017  36.743 0.0000000000
45027  -45.563  -62.755  36.168 0.0000000000
45028  -44.797  -62.686  35.974 0.0000000000
46784  -49.268  -57.879  37.458 0.0000000000
46785  -49.286  -57.952  36.973 0.0000000000
46786  -49.188  -57.382  37.119 0.0000000000
46827  -49.249  -57.646  37.953 0.0000000000
46828  -49.348  -58.146  37.817 0.0000000000
47775  -39.015  -69.549  43.903 0.0000000000
47776  -38.615  -69.931  44.275 0.0000000000
47777  -38.794  -70.041  43.599 0.0000000000
49057  -49.474  -58.317  33.940 0.0000000000
49058  -49.808  -58.765  33.735 0.0000000000
49059  -49.664  -58.300  33.401 0.0000000000
49060  -50.948  -58.063  30.066 0.0000000000
49061  -50.966  -58.469  30.341 0.0000000000
49062  -51.053  -58.532  29.826 0.0000000000
49063  -50.983  -58.978  29.596 0.0000000000
49064  -51.161  -58.596  29.304 0.0000000000
49068  -50.530  -57.756  26.229 0.0000000000
49069  -50.832  -57.822  26.707 0.0000000000
49070  -50.316  -57.993  26.424 0.0000000000
49071  -50.052  -58.192  26.670 0.0000000000
49073  -48.879  -57.771  26.047 0.0000000000
49074  -49.258  -57.661  25.785 0.0000000000
49090  -56.298  -53.004  20.216 0.0000000000
49091  -55.884  -53.295  20.474 0.0000000000
49092  -56.080  -53.326  20.039 0.0000000000
49093  -55.882  -53.613  19.839 0.0000000000
49094  -56.297  -53.321  19.587 0.0000000000
49095  -56.434  -53.257  19.106 0.0000000000
49096  -56.717  -53.041  19.343 0.0000000000
49135  -45.761  -60.838  42.589 0.0000000000
49143  -41.102  -65.607  45.311 0.0000000000
49145  -40.774  -65.727  45.519 0.0000000000
49147  -40.557  -66.294  45.463 0.0000000000
49148  -40.362  -66.763  45.378 0.0000000000
49149  -40.687  -66.622  45.054 0.0000000000
49150  -40.994  -67.109  41.235 0.0000000000
49151  -40.864  -67.499  41.526 0.0000000000
49152  -40.778  -67.431  40.837 0.0000000000
49153  -40.571  -67.722  40.472 0.0000000000
49157  -42.234  -64.266  38.816 0.0000000000
54584  -48.017  -62.818  35.947 0.0000000000
54585  -47.824  -62.612  35.435 0.0000000000
54586  -48.450  -62.642  35.470 0.0000000000
54587  -49.656  -61.991  34.550 0.0000000000
54588  -49.177  -62.205  34.443 0.0000000000
54589  -49.469  -61.930  33.960 0.0000000000
54590  -49.292  -61.856  33.405 0.0000000000
54591  -49.771  -61.581  33.548 0.0000000000
54615  -49.194  -60.197  39.137 0.0000000000
54616  -49.028  -60.501  39.575 0.0000000000
54617  -49.275  -60.796  39.027 0.0000000000
54618  -49.336  -62.135  38.331 0.0000000000
54619  -49.147  -61.859  38.898 0.0000000000
54620  -48.972  -62.390  38.802 0.0000000000
54621  -48.609  -62.636  39.254 0.0000000000
54622  -48.692  -62.845  38.715 0.0000000000
54623  -48.357  -63.139  38.620 0.0000000000
54624  -48.814  -62.958  38.130 0.0000000000
54625  -48.807  -62.838  36.480 0.0000000000
54626  -48.480  -63.027  36.995 0.0000000000
54627  -48.278  -62.949  36.443 0.0000000000
54628  -47.693  -62.968  36.431 0.0000000000
57292  -42.679  -66.966  18.822 0.0000000000
57294  -42.515  -66.913  18.235 0.0000000000
57375  -39.503  -69.707  41.072 0.0000000000
57376  -39.178  -70.166  41.335 0.0000000000
57377  -39.340  -70.070  40.613 0.0000000000
58657  -48.959  -56.257  32.861 0.0000000000
58658  -49.293  -56.802  32.598 0.0000000000
58659  -49.127  -56.256  32.372 0.0000000000
58663  -50.244  -56.885  30.601 0.0000000000
58666  -50.611  -55.247  27.152 0.0000000000
58667  -50.715  -55.248  26.757 0.0000000000
58668  -51.078  -56.065  25.799 0.0000000000
58669  -51.146  -56.188  26.236 0.0000000000
58670  -51.094  -56.565  25.902 0.0000000000
58671  -51.022  -57.034  26.011 0.0000000000
58672  -50.823  -56.840  25.616 0.0000000000
58673  -50.384  -56.975  25.390 0.0000000000
58674  -50.662  -56.650  25.260 0.0000000000
58675  -50.613  -55.605  24.525 0.0000000000
58676  -50.310  -56.000  24.664 0.0000000000
58677  -50.153  -55.648  24.355 0.0000000000
58681  -50.478  -54.998  23.782 0.0000000000
58682  -51.664  -54.156  23.548 0.0000000000
58683  -51.345  -54.324  23.325 0.0000000000
58684  -51.763  -54.050  23.104 0.0000000000
58685  -51.913  -53.967  22.694 0.0000000000
58686  -52.207  -53.839  22.900 0.0000000000
58733  -45.731  -62.865  43.463 0.0000000000
58734  -45.507  -62.477  43.655 0.0000000000
58735  -45.227  -63.002  43.771 0.0000000000
58736  -43.841  -63.645  44.315 0.0000000000
58743  -42.444  -65.072  44.274 0.0000000000
58744  -42.372  -64.732  44.710 0.0000000000
58745  -42.106  -65.240  44.555 0.0000000000
58746  -41.736  -65.344  44.856 0.0000000000
58747  -41.805  -65.669  44.388 0.0000000000
58748  -41.505  -66.059  44.158 0.0000000000
58749  -41.745  -65.810  43.889 0.0000000000
58750  -41.998  -65.788  42.464 0.0000000000
58751  -41.730  -66.054  42.734 0.0000000000
58752  -41.689  -66.109  42.202 0.0000000000
58753  -41.411  -66.437  41.874 0.0000000000
58754  -41.617  -66.092  41.641 0.0000000000
64499  -43.038  -67.142  20.621 0.0000000000
64500  -42.874  -67.056  20.050 0.0000000000
64501  -42.567  -66.727  20.539 0.0000000000
65841  -44.784  -61.362  32.856 0.0000000000
65842  -47.283  -62.229  34.285 0.0000000000
65843  -46.609  -62.107  34.186 0.0000000000
65844  -47.049  -62.038  33.660 0.0000000000
65845  -46.923  -61.406  32.081 0.0000000000
65846  -46.605  -61.529  32.514 0.0000000000
65847  -46.278  -61.247  31.991 0.0000000000
65851  -46.375  -60.744  31.038 0.0000000000
65852  -47.654  -60.560  30.446 0.0000000000
65853  -47.039  -60.399  30.270 0.0000000000
65854  -47.427  -60.246  29.935 0.0000000000
65855  -47.204  -59.929  29.463 0.0000000000
65856  -47.808  -60.110  29.631 0.0000000000
65932  -47.113  -60.458  42.032 0.0000000000
65933  -48.533  -60.956  40.506 0.0000000000
65934  -48.313  -60.611  40.969 0.0000000000
65935  -48.268  -61.173  40.953 0.0000000000
65936  -47.513  -62.173  41.713 0.0000000000
65937  -47.682  -61.628  41.746 0.0000000000
65938  -47.332  -61.899  42.101 0.0000000000
65939  -47.065  -61.630  42.384 0.0000000000
65940  -46.966  -62.181  42.437 0.0000000000
65941  -46.556  -62.472  42.742 0.0000000000
65942  -46.732  -62.730  42.411 0.0000000000
65943  -46.186  -63.698  41.737 0.0000000000
65944  -46.130  -63.580  42.247 0.0000000000
65945  -45.730  -63.894  42.052 0.0000000000
65946  -45.208  -64.020  42.395 0.0000000000
65947  -45.233  -64.158  41.854 0.0000000000
65948  -44.709  -64.396  41.646 0.0000000000
65949  -45.236  -64.241  41.331 0.0000000000
65950  -45.547  -64.076  40.100 0.0000000000
65951  -45.082  -64.268  40.449 0.0000000000
65952  -44.942  -64.184  39.937 0.0000000000
65953  -44.302  -64.145  39.750 0.0000000000
65954  -44.768  -63.961  39.440 0.0000000000
65955  -47.412  -63.468  38.436 0.0000000000
65956  -46.965  -63.573  38.861 0.0000000000
65957  -46.776  -63.505  38.359 0.0000000000
65958  -45.054  -63.226  37.562 0.0000000000
65959  -45.373  -63.402  38.133 0.0000000000
65960  -44.613  -63.338  37.927 0.0000000000
65961  -44.193  -63.485  38.304 0.0000000000
65962  -43.880  -63.322  37.636 0.0000000000
65964  -43.528  -63.179  36.966 0.0000000000
65965  -43.434  -62.612  35.366 0.0000000000
71234  -49.754  -60.001  36.837 0.0000000000
71235  -49.827  -60.091  36.297 0.0000000000
71236  -49.685  -59.559  36.508 0.0000000000
71237  -49.240  -58.155  35.985 0.0000000000
71238  -49.483  -58.635  35.844 0.0000000000
71239  -49.240  -58.194  35.454 0.0000000000
71240  -49.294  -58.283  34.968 0.0000000000
71241  -49.108  -57.797  35.185 0.0000000000
71243  -48.937  -56.452  36.578 0.0000000000
71248  -48.798  -56.737  34.585 0.0000000000
71249  -48.692  -56.204  34.304 0.0000000000
71250  -48.766  -56.265  33.837 0.0000000000
71363  -49.116  -59.097  39.407 0.0000000000
71365  -49.533  -59.165  37.550 0.0000000000
71366  -49.506  -59.433  37.933 0.0000000000
71367  -49.640  -59.710  37.419 0.0000000000
71368  -49.746  -60.264  37.255 0.0000000000
74205  -38.343  -68.482  46.006 0.0000000000
74206  -37.850  -68.716  46.060 0.0000000000
74209  -37.507  -70.322  45.432 0.0000000000
74213  -38.511  -70.977  41.883 0.0000000000
74214  -38.387  -70.888  42.662 0.0000000000
78052  -49.987  -60.170  35.243 0.0000000000
78053  -50.057  -60.673  35.033 0.0000000000
78054  -50.079  -60.221  34.704 0.0000000000
78055  -50.334  -59.743  33.320 0.0000000000
78056  -50.289  -60.255  33.622 0.0000000000
78057  -50.425  -60.269  33.106 0.0000000000
78058  -50.346  -60.807  32.883 0.0000000000
78059  -50.511  -60.287  32.620 0.0000000000
78060  -49.960  -57.800  32.063 0.0000000000
78061  -50.087  -58.259  32.366 0.0000000000
78062  -50.338  -58.304  31.884 0.0000000000
78063  -50.755  -59.411  30.987 0.0000000000
78064  -50.674  -59.373  31.481 0.0000000000
78065  -50.535  -59.946  31.306 0.0000000000
78066  -50.356  -60.413  31.598 0.0000000000
78067  -50.140  -60.421  31.101 0.0000000000
78068  -49.608  -60.778  30.904 0.0000000000
78069  -49.981  -60.353  30.582 0.0000000000
78070  -50.019  -59.734  29.239 0.0000000000
78071  -49.556  -60.055  29.547 0.0000000000
78072  -49.320  -59.851  29.075 0.0000000000
78073  -48.545  -59.725  28.926 0.0000000000
78074  -49.020  -59.522  28.619 0.0000000000
78080  -50.243  -56.235  29.389 0.0000000000
78081  -50.528  -56.661  29.553 0.0000000000
78082  -50.799  -56.855  29.107 0.0000000000
78083  -50.924  -56.250  27.596 0.0000000000
78084  -50.731  -56.136  28.018 0.0000000000
78085  -51.087  -56.684  27.720 0.0000000000
78086  -51.279  -58.014  27.673 0.0000000000
78087  -51.297  -57.553  27.947 0.0000000000
78088  -51.295  -57.951  28.069 0.0000000000
78089  -51.264  -57.857  28.484 0.0000000000
78090  -51.216  -58.304  28.229 0.0000000000
78091  -51.061  -58.669  28.414 0.0000000000
78092  -50.987  -58.690  27.968 0.0000000000
78094  -49.558  -58.909  27.559 0.0000000000
78095  -48.695  -58.743  27.389 0.0000000000
78142  -52.318  -53.391  24.366 0.0000000000
78146  -53.149  -53.468  23.077 0.0000000000
78147  -53.361  -53.493  22.627 0.0000000000
78148  -53.126  -53.616  22.422 0.0000000000
78149  -53.614  -53.564  22.222 0.0000000000
78153  -55.003  -53.710  20.990 0.0000000000
78154  -54.723  -53.567  21.397 0.0000000000
78155  -54.511  -53.797  21.197 0.0000000000
78156  -54.011  -53.810  21.377 0.0000000000
78157  -54.201  -53.974  20.972 0.0000000000
78158  -53.787  -54.034  20.677 0.0000000000
78159  -54.366  -54.051  20.477 0.0000000000
78173  -57.643  -52.456  18.830 0.0000000000
78287  -44.906  -61.253  42.977 0.0000000000
78323  -38.843  -67.325  46.026 0.0000000000
78324  -39.285  -67.129  45.963 0.0000000000
78325  -39.856  -67.721  45.118 0.0000000000
78326  -39.521  -67.898  45.430 0.0000000000
78327  -39.621  -68.203  44.865 0.0000000000
78328  -39.397  -68.706  44.552 0.0000000000
78329  -39.744  -68.408  44.177 0.0000000000
78330  -41.074  -66.901  43.718 0.0000000000
78331  -40.820  -67.118  44.019 0.0000000000
78332  -40.907  -67.325  43.366 0.0000000000
78333  -40.484  -68.160  42.127 0.0000000000
78334  -40.403  -68.093  42.771 0.0000000000
78335  -40.232  -68.442  42.448 0.0000000000
78336  -39.960  -68.725  42.808 0.0000000000
78337  -40.060  -68.803  42.133 0.0000000000
78338  -39.815  -69.151  41.828 0.0000000000
78339  -40.044  -68.843  41.452 0.0000000000
78340  -40.343  -68.258  39.693 0.0000000000
78341  -40.166  -68.613  39.996 0.0000000000
78342  -40.211  -68.536  39.330 0.0000000000
78345  -43.568  -64.776  41.377 0.0000000000
78346  -43.060  -64.958  41.656 0.0000000000
78347  -42.978  -64.888  41.124 0.0000000000
78348  -41.780  -65.175  40.012 0.0000000000
78349  -41.957  -65.320  40.596 0.0000000000
78350  -41.499  -65.565  40.274 0.0000000000
78351  -41.302  -65.964  40.449 0.0000000000
78352  -41.157  -65.865  39.841 0.0000000000
85618  -57.532  -51.394  28.012 0.0000000000
85628  -58.358  -51.823  25.953 0.0000000000
85631  -58.998  -51.703  24.770 0.0000000000
92654  -49.112  -62.617  35.960 0.0000000000
92655  -48.989  -62.521  35.462 0.0000000000
92656  -49.441  -62.338  35.526 0.0000000000
92657  -49.730  -62.019  35.093 0.0000000000
92658  -49.930  -61.659  34.681 0.0000000000
92673  -49.610  -60.809  38.093 0.0000000000
92674  -49.466  -61.088  38.514 0.0000000000
92675  -49.657  -61.361  37.993 0.0000000000
92676  -49.623  -61.891  37.861 0.0000000000
92677  -49.452  -62.367  37.694 0.0000000000
92678  -49.153  -62.763  37.574 0.0000000000
92679  -49.428  -62.567  37.080 0.0000000000
92680  -49.294  -62.672  36.516 0.0000000000
95103  -50.757  -54.588  26.133 0.0000000000
95104  -50.804  -55.162  26.331 0.0000000000
95105  -50.906  -55.102  25.938 0.0000000000
95106  -51.026  -55.561  25.672 0.0000000000
95107  -51.016  -55.925  25.433 0.0000000000
95108  -50.850  -56.235  25.166 0.0000000000
95109  -50.975  -55.752  25.049 0.0000000000
95110  -50.896  -55.442  24.709 0.0000000000
95111  -50.873  -55.157  24.350 0.0000000000
95112  -50.901  -54.900  23.957 0.0000000000
95113  -51.171  -54.768  24.129 0.0000000000
95114  -51.493  -54.336  23.947 0.0000000000
95115  -51.868  -53.995  23.746 0.0000000000
95144  -45.056  -63.755  43.398 0.0000000000
95145  -44.916  -63.469  43.787 0.0000000000
95146  -44.537  -63.850  43.677 0.0000000000
95147  -43.992  -63.968  43.977 0.0000000000
95148  -43.547  -64.067  44.244 0.0000000000
95149  -43.098  -64.170  44.499 0.0000000000
95150  -43.204  -64.487  44.160 0.0000000000
95151  -42.834  -64.902  43.996 0.0000000000
95152  -42.449  -65.297  43.773 0.0000000000
95153  -42.076  -65.649  43.545 0.0000000000
95154  -42.433  -65.423  43.240 0.0000000000
95155  -42.369  -65.502  42.700 0.0000000000
95156  -42.288  -65.512  42.191 0.0000000000
98604  -42.225  -66.380  20.983 0.0000000000
99404  -43.750  -62.402  35.032 0.0000000000
99405  -43.526  -62.174  34.456 0.0000000000
99406  -44.229  -62.172  34.730 0.0000000000
99407  -44.736  -62.004  34.375 0.0000000000
99408  -45.243  -61.855  33.944 0.0000000000
99409  -48.076  -61.994  33.236 0.0000000000
99410  -47.476  -61.935  33.150 0.0000000000
99411  -47.829  -61.825  32.669 0.0000000000
99412  -47.522  -61.565  32.156 0.0000000000
99413  -47.250  -61.257  31.651 0.0000000000
99414  -47.017  -60.914  31.129 0.0000000000
99415  -47.568  -61.062  31.230 0.0000000000
99416  -47.890  -60.859  30.858 0.0000000000
99417  -48.240  -60.723  30.565 0.0000000000
99464  -48.338  -62.058  40.333 0.0000000000
99465  -48.205  -61.727  40.908 0.0000000000
99466  -48.028  -62.292  40.847 0.0000000000
99467  -47.715  -62.484  41.275 0.0000000000
99468  -47.303  -62.723  41.625 0.0000000000
99469  -46.879  -62.967  41.988 0.0000000000
99470  -47.065  -63.147  41.490 0.0000000000
99471  -46.665  -63.487  41.390 0.0000000000
99472  -46.200  -63.798  41.227 0.0000000000
99473  -45.712  -64.057  41.031 0.0000000000
99474  -46.161  -63.914  40.732 0.0000000000
99475  -46.115  -63.927  40.209 0.0000000000
99476  -46.020  -63.877  39.721 0.0000000000
99477  -46.959  -63.275  37.343 0.0000000000
99478  -46.527  -63.384  37.825 0.0000000000
99479  -46.307  -63.227  37.272 0.0000000000
99480  -45.505  -63.128  37.171 0.0000000000
99481  -44.715  -63.060  36.983 0.0000000000
99482  -43.968  -63.026  36.656 0.0000000000
99483  -44.396  -62.863  36.328 0.0000000000
99484  -44.091  -62.633  35.670 0.0000000000
102644  -49.524  -58.906  37.151 0.0000000000
102645  -49.562  -59.013  36.662 0.0000000000
102646  -49.436  -58.508  36.806 0.0000000000
102647  -49.283  -58.105  36.519 0.0000000000
102648  -49.010  -57.639  36.110 0.0000000000
102721  -49.311  -58.110  38.725 0.0000000000
102722  -49.318  -58.606  38.566 0.0000000000
102723  -49.369  -58.387  38.180 0.0000000000
102724  -49.444  -58.647  37.664 0.0000000000
104427  -38.699  -69.166  45.197 0.0000000000
104428  -38.258  -69.476  45.440 0.0000000000
104429  -38.432  -69.728  44.903 0.0000000000
104430  -38.190  -70.291  44.618 0.0000000000
106735  -49.804  -59.253  34.625 0.0000000000
106736  -50.015  -59.767  34.407 0.0000000000
106737  -49.945  -59.248  34.084 0.0000000000
106738  -50.124  -59.224  33.502 0.0000000000
106739  -50.300  -59.209  33.012 0.0000000000
106740  -50.490  -57.863  31.026 0.0000000000
106741  -50.577  -58.357  31.360 0.0000000000
106742  -50.783  -58.394  30.830 0.0000000000
106743  -50.929  -58.885  30.661 0.0000000000
106744  -50.805  -59.378  30.471 0.0000000000
106745  -50.403  -59.882  30.267 0.0000000000
106746  -50.761  -59.415  29.934 0.0000000000
106747  -50.615  -59.427  29.405 0.0000000000
106748  -50.469  -59.371  28.935 0.0000000000
106754  -51.238  -57.215  26.915 0.0000000000
106755  -51.303  -57.192  27.393 0.0000000000
106756  -51.168  -57.542  27.056 0.0000000000
106757  -51.068  -57.929  27.210 0.0000000000
106758  -50.929  -58.275  27.369 0.0000000000
106759  -50.711  -58.572  27.548 0.0000000000
106760  -50.422  -58.426  27.096 0.0000000000
106761  -49.669  -58.405  26.900 0.0000000000
106764  -48.487  -57.913  26.303 0.0000000000
106795  -55.407  -53.082  21.289 0.0000000000
106796  -55.678  -53.236  20.900 0.0000000000
106797  -55.485  -53.560  20.748 0.0000000000
106798  -55.243  -53.824  20.560 0.0000000000
106799  -54.905  -54.028  20.269 0.0000000000
106800  -55.421  -53.937  20.134 0.0000000000
106897  -39.818  -66.456  45.840 0.0000000000
106898  -39.608  -66.984  45.872 0.0000000000
106899  -39.992  -66.877  45.660 0.0000000000
106900  -40.154  -67.232  45.322 0.0000000000
106901  -40.185  -67.525  44.773 0.0000000000
106902  -41.100  -67.144  42.469 0.0000000000
106903  -40.914  -67.451  42.766 0.0000000000
106904  -40.931  -67.516  42.126 0.0000000000
106905  -40.696  -67.849  41.815 0.0000000000
106906  -40.510  -68.167  41.470 0.0000000000
106907  -40.332  -68.491  41.110 0.0000000000
106908  -40.460  -68.099  40.807 0.0000000000
106909  -40.452  -67.992  40.092 0.0000000000
106910  -40.472  -67.903  39.378 0.0000000000
106911  -43.307  -64.567  40.298 0.0000000000
106912  -42.853  -64.803  40.572 0.0000000000
106913  -42.704  -64.682  40.043 0.0000000000
116354  -46.706  -62.640  35.839 0.0000000000
116355  -46.462  -62.435  35.266 0.0000000000
116356  -47.180  -62.495  35.369 0.0000000000
116357  -47.593  -62.398  34.887 0.0000000000
116358  -47.917  -62.295  34.409 0.0000000000
116359  -48.852  -62.385  34.914 0.0000000000
116360  -48.576  -62.264  34.400 0.0000000000
116361  -48.279  -62.126  33.836 0.0000000000
116362  -48.709  -62.002  33.345 0.0000000000
116363  -49.136  -61.823  32.844 0.0000000000
116364  -49.505  -61.573  32.394 0.0000000000
116385  -56.816  -51.721  26.880 0.0000000000
116399  -48.765  -60.173  40.101 0.0000000000
116400  -48.821  -60.726  40.050 0.0000000000
116401  -48.764  -61.282  39.961 0.0000000000
116402  -49.258  -61.346  38.947 0.0000000000
116403  -48.959  -61.597  39.391 0.0000000000
116404  -48.652  -61.827  39.835 0.0000000000
116405  -48.501  -62.384  39.774 0.0000000000
116406  -48.243  -62.828  39.730 0.0000000000
116407  -47.911  -63.223  39.617 0.0000000000
116408  -47.495  -63.449  39.560 0.0000000000
116409  -47.922  -63.305  39.100 0.0000000000
116410  -47.902  -63.347  38.550 0.0000000000
116411  -47.795  -63.350  38.006 0.0000000000
116412  -48.663  -63.021  37.542 0.0000000000
116413  -48.141  -63.182  37.491 0.0000000000
116414  -47.566  -63.262  37.431 0.0000000000
116415  -47.352  -63.119  36.920 0.0000000000
116416  -47.061  -62.921  36.390 0.0000000000
118875  -49.125  -56.843  37.361 0.0000000000
118876  -49.160  -56.324  37.652 0.0000000000
120261  -39.275  -69.735  42.531 0.0000000000
120262  -38.920  -70.082  42.858 0.0000000000
120263  -39.061  -70.132  42.088 0.0000000000
120266  -39.139  -70.505  40.200 0.0000000000
122056  -49.186  -57.297  33.338 0.0000000000
122057  -49.507  -57.813  33.082 0.0000000000
122058  -49.381  -57.315  32.809 0.0000000000
122059  -49.607  -57.303  32.295 0.0000000000
122060  -49.836  -57.329  31.795 0.0000000000
122063  -50.136  -57.332  31.291 0.0000000000
122064  -50.436  -57.346  30.772 0.0000000000
122065  -50.630  -57.438  30.314 0.0000000000
122066  -50.829  -57.572  29.854 0.0000000000
122070  -50.776  -55.762  27.389 0.0000000000
122071  -51.068  -56.315  27.108 0.0000000000
122072  -50.961  -55.718  26.512 0.0000000000
122073  -51.134  -56.250  26.671 0.0000000000
122074  -51.237  -56.749  26.823 0.0000000000
122075  -51.181  -57.143  26.480 0.0000000000
122076  -50.823  -57.421  26.148 0.0000000000
122077  -50.279  -57.549  25.853 0.0000000000
122082  -50.466  -56.327  24.958 0.0000000000
122092  -50.915  -54.649  23.551 0.0000000000
122093  -50.915  -54.462  23.127 0.0000000000
122095  -51.482  -54.077  22.495 0.0000000000
122096  -52.009  -53.941  22.268 0.0000000000
122097  -52.515  -53.834  22.036 0.0000000000
122108  -56.710  -52.729  19.965 0.0000000000
122109  -56.913  -52.759  19.541 0.0000000000
122110  -57.126  -52.471  19.718 0.0000000000
122162  -46.066  -61.764  43.052 0.0000000000
122163  -45.737  -61.383  42.979 0.0000000000
122167  -44.668  -63.153  44.024 0.0000000000
122177  -42.640  -64.283  44.755 0.0000000000
122179  -41.837  -64.501  45.146 0.0000000000
122180  -41.610  -64.980  45.163 0.0000000000
122181  -41.408  -65.471  45.097 0.0000000000
122182  -41.210  -65.949  44.978 0.0000000000
122183  -41.003  -66.432  44.775 0.0000000000
122184  -41.265  -66.256  44.468 0.0000000000
122185  -41.289  -66.485  43.946 0.0000000000
122186  -41.292  -66.635  43.403 0.0000000000
122187  -41.753  -65.962  43.286 0.0000000000
122188  -41.481  -66.332  43.034 0.0000000000
122189  -41.260  -66.754  42.798 0.0000000000
122190  -41.253  -66.800  42.165 0.0000000000
122191  -41.194  -66.777  41.544 0.0000000000
122192  -41.081  -66.712  40.905 0.0000000000
122193  -42.353  -63.817  37.876 0.0000000000
122194  -41.991  -64.079  38.143 0.0000000000
130084  -43.104  -67.437  19.549 0.0000000000
130085  -42.726  -66.955  19.480 0.0000000000
130086  -42.374  -66.564  19.355 0.0000000000
131785  -46.173  -62.217  34.678 0.0000000000
131786  -45.971  -61.954  34.049 0.0000000000
131787  -45.753  -61.724  33.470 0.0000000000
131788  -46.862  -61.774  33.080 0.0000000000
131789  -46.210  -61.616  32.997 0.0000000000
131790  -45.548  -61.488  32.904 0.0000000000
131797  -46.718  -60.583  30.624 0.0000000000
131801  -46.914  -59.620  28.940 0.0000000000
131802  -47.144  -59.392  28.655 0.0000000000
131829  -50.882  -54.044  25.937 0.0000000000
131830  -51.106  -54.030  25.554 0.0000000000
131831  -51.338  -53.984  25.129 0.0000000000
131832  -51.594  -53.948  24.741 0.0000000000
131833  -51.705  -53.630  24.957 0.0000000000
131834  -52.041  -53.351  24.765 0.0000000000
131898  -46.432  -60.402  42.184 0.0000000000
131903  -48.015  -61.391  41.387 0.0000000000
131904  -47.752  -61.080  41.744 0.0000000000
131905  -47.459  -60.775  41.989 0.0000000000
131906  -47.116  -61.057  42.256 0.0000000000
131907  -46.764  -61.324  42.503 0.0000000000
131908  -46.408  -61.554  42.738 0.0000000000
131909  -46.319  -62.142  42.979 0.0000000000
131910  -46.166  -62.730  43.107 0.0000000000
131911  -45.903  -63.215  43.142 0.0000000000
131912  -46.463  -63.202  42.365 0.0000000000
131913  -46.043  -63.458  42.742 0.0000000000
131914  -45.556  -63.640  43.090 0.0000000000
131915  -45.142  -63.903  42.911 0.0000000000
131916  -44.679  -64.197  42.734 0.0000000000
131917  -44.163  -64.499  42.539 0.0000000000
131918  -43.665  -64.716  42.350 0.0000000000
131919  -44.177  -64.534  42.001 0.0000000000
131920  -44.155  -64.601  41.495 0.0000000000
131921  -44.086  -64.597  41.056 0.0000000000
131922  -45.168  -64.265  40.890 0.0000000000
131923  -44.601  -64.417  40.708 0.0000000000
131924  -43.990  -64.524  40.538 0.0000000000
131925  -43.822  -64.342  40.049 0.0000000000
131926  -43.598  -64.121  39.497 0.0000000000
131927  -43.332  -63.905  38.904 0.0000000000
131928  -47.013  -63.615  39.463 0.0000000000
131929  -46.506  -63.692  39.311 0.0000000000
131930  -45.885  -63.773  39.189 0.0000000000
131931  -46.096  -63.502  38.263 0.0000000000
131932  -45.655  -63.640  38.627 0.0000000000
131933  -45.218  -63.795  39.081 0.0000000000
131934  -44.496  -63.719  38.899 0.0000000000
131935  -43.759  -63.680  38.625 0.0000000000
131936  -43.027  -63.722  38.280 0.0000000000
138584  -49.959  -61.022  36.466 0.0000000000
138585  -50.020  -61.099  35.937 0.0000000000
138586  -49.937  -60.582  36.110 0.0000000000
138587  -49.885  -60.139  35.779 0.0000000000
138588  -49.823  -59.667  35.472 0.0000000000
138589  -49.590  -59.075  36.194 0.0000000000
138590  -49.658  -59.153  35.660 0.0000000000
138591  -49.737  -59.222  35.130 0.0000000000
138592  -49.537  -58.778  34.783 0.0000000000
138593  -49.349  -58.333  34.473 0.0000000000
138594  -49.217  -57.869  34.166 0.0000000000
138595  -49.067  -56.949  36.815 0.0000000000
138596  -48.971  -57.050  36.298 0.0000000000
138597  -48.949  -57.114  35.862 0.0000000000
138599  -48.893  -56.608  35.621 0.0000000000
138600  -48.988  -57.202  35.402 0.0000000000
138601  -48.950  -57.302  34.893 0.0000000000
138602  -49.001  -57.340  34.374 0.0000000000
138603  -49.081  -57.316  33.879 0.0000000000
138604  -48.944  -56.751  33.620 0.0000000000
138605  -48.836  -56.281  33.350 0.0000000000
138741  -48.971  -59.361  39.794 0.0000000000
138742  -49.150  -59.640  39.276 0.0000000000
138743  -49.328  -59.938  38.721 0.0000000000
138744  -49.353  -59.143  38.440 0.0000000000
138745  -49.426  -59.692  38.316 0.0000000000
138746  -49.531  -60.267  38.173 0.0000000000
138747  -49.692  -60.543  37.673 0.0000000000
138748  -49.844  -60.788  37.072 0.0000000000
142226  -38.583  -70.453  43.142 0.0000000000
142227  -38.248  -70.819  43.498 0.0000000000
146887  -50.015  -61.148  35.384 0.0000000000
146888  -50.073  -61.167  34.837 0.0000000000
146889  -50.087  -61.221  34.300 0.0000000000
146890  -50.167  -60.244  34.182 0.0000000000
146891  -50.212  -60.736  33.943 0.0000000000
146892  -50.098  -61.203  33.743 0.0000000000
146893  -50.085  -61.195  33.206 0.0000000000
146894  -49.989  -61.233  32.649 0.0000000000
146895  -49.827  -61.270  32.099 0.0000000000
146896  -49.871  -58.248  32.909 0.0000000000
146897  -50.204  -58.727  32.691 0.0000000000
146898  -50.455  -59.230  32.513 0.0000000000
146899  -50.613  -58.827  31.671 0.0000000000
146900  -50.611  -59.312  31.974 0.0000000000
146901  -50.596  -59.819  32.295 0.0000000000
146902  -50.464  -60.354  32.091 0.0000000000
146903  -50.169  -60.900  31.843 0.0000000000
146904  -49.549  -61.155  31.635 0.0000000000
146905  -49.280  -61.025  31.171 0.0000000000
146906  -48.917  -60.821  30.713 0.0000000000
146907  -48.650  -60.569  30.242 0.0000000000
146908  -49.801  -60.240  30.038 0.0000000000
146909  -49.108  -60.327  29.883 0.0000000000
146910  -48.393  -60.273  29.738 0.0000000000
146911  -48.140  -59.931  29.266 0.0000000000
146912  -47.812  -59.585  28.782 0.0000000000
146913  -47.482  -59.215  28.359 0.0000000000
146920  -50.207  -56.523  29.980 0.0000000000
146921  -50.716  -57.082  29.692 0.0000000000
146922  -50.990  -57.676  29.392 0.0000000000
146924  -50.510  -56.016  28.397 0.0000000000
146925  -50.721  -56.442  28.574 0.0000000000
146926  -51.219  -57.104  27.843 0.0000000000
146927  -51.108  -57.020  28.259 0.0000000000
146928  -50.999  -56.964  28.668 0.0000000000
146929  -51.152  -57.390  28.778 0.0000000000
146930  -51.168  -57.770  28.932 0.0000000000
146931  -51.156  -58.225  29.111 0.0000000000
146932  -51.092  -58.669  28.857 0.0000000000
146933  -50.760  -59.045  28.602 0.0000000000
146934  -50.251  -59.274  28.450 0.0000000000
146935  -50.363  -58.861  27.753 0.0000000000
146936  -49.873  -59.101  27.968 0.0000000000
146937  -49.493  -59.331  28.323 0.0000000000
146938  -48.693  -59.250  28.171 0.0000000000
146940  -47.131  -58.877  27.926 0.0000000000
146950  -48.901  -57.381  25.453 0.0000000000
146995  -51.847  -53.903  24.355 0.0000000000
146996  -52.068  -53.792  23.959 0.0000000000
146997  -52.291  -53.771  23.528 0.0000000000
146999  -52.731  -53.624  23.296 0.0000000000
147000  -52.500  -53.729  23.106 0.0000000000
147001  -52.674  -53.697  22.690 0.0000000000
147002  -52.886  -53.727  22.279 0.0000000000
147003  -53.040  -53.815  21.807 0.0000000000
147007  -54.929  -53.284  21.584 0.0000000000
147008  -54.473  -53.429  21.809 0.0000000000
147009  -54.042  -53.516  22.011 0.0000000000
147010  -53.835  -53.647  21.776 0.0000000000
147011  -53.517  -53.789  21.564 0.0000000000
147012  -53.147  -53.897  21.341 0.0000000000
147031  -57.174  -52.749  19.083 0.0000000000
147168  -45.346  -61.069  42.788 0.0000000000
147169  -44.942  -60.756  42.477 0.0000000000
147214  -38.580  -67.917  46.078 0.0000000000
147215  -38.763  -68.315  45.879 0.0000000000
147216  -39.398  -67.551  45.819 0.0000000000
147217  -39.161  -68.114  45.686 0.0000000000
147218  -38.926  -68.662  45.507 0.0000000000
147219  -39.069  -68.969  44.902 0.0000000000
147220  -39.200  -69.132  44.219 0.0000000000
147221  -39.328  -69.239  43.552 0.0000000000
147222  -40.780  -66.877  44.577 0.0000000000
147223  -40.532  -67.304  44.391 0.0000000000
147224  -40.290  -67.732  44.110 0.0000000000
147225  -40.689  -67.718  43.055 0.0000000000
147226  -40.373  -67.932  43.406 0.0000000000
147227  -40.077  -68.141  43.791 0.0000000000
147228  -39.859  -68.578  43.500 0.0000000000
147229  -39.654  -68.984  43.186 0.0000000000
147230  -39.440  -69.372  42.940 0.0000000000
147231  -39.564  -69.451  42.175 0.0000000000
147232  -39.656  -69.425  41.489 0.0000000000
147233  -39.748  -69.321  40.740 0.0000000000
147234  -40.116  -68.725  40.727 0.0000000000
147235  -39.948  -68.970  40.372 0.0000000000
147240  -43.160  -64.956  42.148 0.0000000000
147241  -42.625  -65.222  41.901 0.0000000000
147242  -42.202  -65.479  41.655 0.0000000000
147243  -42.463  -65.072  40.856 0.0000000000
147244  -42.087  -65.400  41.104 0.0000000000
147245  -41.855  -65.750  41.400 0.0000000000
147246  -41.471  -66.029  41.043 0.0000000000
147247  -41.170  -66.344  40.654 0.0000000000
147248  -40.933  -66.717  40.305 0.0000000000
147249  -41.625  -64.407  38.425 0.0000000000
147250  -41.322  -64.820  38.692 0.0000000000
147256  -40.819  -66.617  39.625 0.0000000000
147257  -40.768  -67.019  39.889 0.0000000000
155988  -56.827  -51.188  28.360 0.0000000000
155989  -56.976  -51.371  27.912 0.0000000000
155990  -57.183  -51.576  27.448 0.0000000000
156001  -57.764  -51.860  25.917 0.0000000000
156002  -57.958  -51.846  25.392 0.0000000000
