#!ascii label  , from subject fsaverage vox2ras=TkReg
424
126  -36.710  -5.391  6.626 0.0000000000
273  -34.014  -7.895  11.870 0.0000000000
1180  -35.487  -6.666  9.216 0.0000000000
1642  -37.475  -3.159  17.328 0.0000000000
1643  -33.901  -9.049  14.767 0.0000000000
1644  -34.830  -1.624  15.639 0.0000000000
3100  -36.188  -5.959  8.001 0.0000000000
3101  -35.375  -10.772  5.963 0.0000000000
3106  -36.996  -4.983  5.216 0.0000000000
3698  -36.058  -2.329  16.598 0.0000000000
4980  -33.698  -8.526  13.334 0.0000000000
6732  -34.729  -7.280  10.502 0.0000000000
6733  -34.219  -11.914  9.281 0.0000000000
6734  -34.760  -11.403  7.591 0.0000000000
7672  -36.876  -6.428  17.307 0.0000000000
7673  -34.684  -9.411  15.984 0.0000000000
7674  -35.684  -5.914  16.547 0.0000000000
7675  -34.954  -5.295  15.368 0.0000000000
7676  -34.607  -4.430  14.252 0.0000000000
7678  -33.894  -0.883  14.491 0.0000000000
7679  -34.555  -3.694  12.937 0.0000000000
7680  -34.599  -3.012  11.618 0.0000000000
7681  -34.794  -2.556  10.133 0.0000000000
7682  -35.161  -2.163  8.592 0.0000000000
7683  -35.633  -1.908  7.231 0.0000000000
8286  -38.067  -6.931  17.422 0.0000000000
8287  -38.776  -3.782  17.535 0.0000000000
9332  -36.191  -1.642  5.957 0.0000000000
10780  -36.477  -5.662  7.337 0.0000000000
10781  -35.355  -7.899  6.149 0.0000000000
10782  -35.520  -7.484  5.480 0.0000000000
10786  -36.930  -5.137  5.961 0.0000000000
12660  -33.821  -8.224  12.599 0.0000000000
12661  -33.241  -10.409  12.156 0.0000000000
12662  -33.401  -10.199  11.289 0.0000000000
15060  -35.116  -6.947  9.886 0.0000000000
15061  -34.125  -9.335  8.894 0.0000000000
15062  -34.428  -9.044  8.152 0.0000000000
16852  -37.204  -4.729  17.517 0.0000000000
16853  -36.216  -6.188  17.015 0.0000000000
16854  -36.494  -4.436  17.169 0.0000000000
16855  -35.417  -2.004  16.138 0.0000000000
16856  -35.437  -3.758  16.207 0.0000000000
16857  -34.957  -3.388  15.670 0.0000000000
16858  -34.721  -4.893  14.826 0.0000000000
16859  -34.537  -3.019  15.108 0.0000000000
16866  -33.999  -2.275  13.822 0.0000000000
16867  -33.792  -1.865  13.162 0.0000000000
16868  -34.524  -3.312  12.259 0.0000000000
16869  -33.632  -1.573  12.390 0.0000000000
16871  -33.607  -0.983  10.891 0.0000000000
16873  -35.017  -2.375  9.368 0.0000000000
18225  -38.498  -5.313  17.703 0.0000000000
20700  -34.257  -9.259  15.446 0.0000000000
20768  -35.979  -1.821  6.620 0.0000000000
24012  -35.816  -6.363  8.574 0.0000000000
24013  -34.762  -8.682  7.496 0.0000000000
24014  -35.066  -8.227  6.844 0.0000000000
24015  -35.726  -10.352  5.265 0.0000000000
24024  -36.989  -4.804  4.456 0.0000000000
25087  -37.571  -1.560  16.791 0.0000000000
25088  -36.762  -2.729  17.035 0.0000000000
25089  -36.820  -1.184  16.526 0.0000000000
25090  -36.111  -0.744  16.126 0.0000000000
25091  -35.388  -0.375  15.701 0.0000000000
27396  -33.708  -8.788  14.038 0.0000000000
31068  -34.333  -7.594  11.142 0.0000000000
31069  -33.578  -10.017  10.432 0.0000000000
31070  -33.811  -9.637  9.651 0.0000000000
31071  -34.481  -11.708  8.391 0.0000000000
31073  -35.019  -11.127  6.751 0.0000000000
33444  -35.777  -7.925  16.586 0.0000000000
33445  -35.249  -7.654  16.180 0.0000000000
33446  -34.837  -7.395  15.669 0.0000000000
33447  -35.945  -4.118  16.748 0.0000000000
33448  -35.283  -5.578  15.997 0.0000000000
33449  -34.542  -7.145  15.032 0.0000000000
33450  -34.410  -6.873  14.423 0.0000000000
33451  -34.446  -6.441  13.797 0.0000000000
33452  -34.541  -6.086  13.140 0.0000000000
33458  -34.313  -1.253  15.076 0.0000000000
33459  -34.254  -2.603  14.486 0.0000000000
33460  -34.625  -4.043  13.603 0.0000000000
33461  -34.766  -5.694  12.528 0.0000000000
33462  -34.973  -5.326  11.864 0.0000000000
33463  -35.291  -5.062  11.273 0.0000000000
33464  -35.631  -4.734  10.651 0.0000000000
33465  -33.563  -1.202  11.682 0.0000000000
33466  -34.713  -2.808  10.892 0.0000000000
33467  -36.029  -4.536  9.972 0.0000000000
33468  -36.233  -4.253  9.354 0.0000000000
33469  -36.490  -4.048  8.604 0.0000000000
33470  -36.666  -3.751  7.894 0.0000000000
33471  -36.878  -3.649  7.199 0.0000000000
33472  -35.383  -1.991  7.922 0.0000000000
35153  -37.460  -8.662  16.918 0.0000000000
35155  -37.456  -6.646  17.395 0.0000000000
35156  -37.820  -5.029  17.670 0.0000000000
35157  -38.071  -3.459  17.472 0.0000000000
35159  -38.953  -2.310  17.024 0.0000000000
35160  -38.247  -1.971  16.939 0.0000000000
38234  -37.200  -3.469  6.561 0.0000000000
38235  -37.413  -3.343  5.823 0.0000000000
38236  -37.551  -3.161  5.090 0.0000000000
38239  -37.722  -2.958  4.313 0.0000000000
38240  -37.845  -2.847  3.496 0.0000000000
41500  -36.619  -5.526  6.975 0.0000000000
41501  -35.956  -6.514  6.438 0.0000000000
41502  -36.009  -6.313  6.081 0.0000000000
41503  -35.690  -7.231  5.196 0.0000000000
41504  -36.198  -6.121  5.794 0.0000000000
41505  -36.268  -5.962  5.462 0.0000000000
41506  -36.771  -5.269  6.274 0.0000000000
43380  -33.903  -8.071  12.221 0.0000000000
43381  -33.538  -9.194  11.929 0.0000000000
43382  -33.628  -9.083  11.507 0.0000000000
45780  -35.326  -6.824  9.552 0.0000000000
45781  -34.718  -7.937  9.033 0.0000000000
45782  -34.906  -7.828  8.686 0.0000000000
47572  -37.349  -3.956  17.456 0.0000000000
47573  -36.849  -4.604  17.344 0.0000000000
47574  -36.979  -3.769  17.301 0.0000000000
47575  -35.117  -1.815  15.903 0.0000000000
47576  -35.156  -2.697  15.958 0.0000000000
47577  -34.895  -2.502  15.706 0.0000000000
47578  -34.737  -3.190  15.400 0.0000000000
47579  -34.644  -2.326  15.424 0.0000000000
47586  -33.641  -1.137  13.546 0.0000000000
47587  -33.504  -0.992  13.178 0.0000000000
47588  -33.695  -1.738  12.787 0.0000000000
47589  -33.386  -0.874  12.793 0.0000000000
51420  -34.053  -9.187  15.103 0.0000000000
51421  -33.802  -10.015  15.142 0.0000000000
51422  -33.649  -9.951  14.740 0.0000000000
55380  -35.998  -6.164  8.290 0.0000000000
55381  -35.373  -7.258  7.734 0.0000000000
55382  -35.559  -7.035  7.445 0.0000000000
55383  -35.398  -9.058  5.189 0.0000000000
55384  -35.310  -9.182  5.596 0.0000000000
55385  -35.913  -10.226  4.881 0.0000000000
55401  -37.063  -4.865  4.832 0.0000000000
57172  -37.649  -0.770  16.384 0.0000000000
57173  -37.211  -1.372  16.670 0.0000000000
57174  -37.241  -0.593  16.250 0.0000000000
57176  -36.483  -0.214  15.959 0.0000000000
57177  -36.082  0.018  15.723 0.0000000000
57178  -35.741  -0.590  15.897 0.0000000000
57179  -35.724  0.225  15.547 0.0000000000
61020  -33.678  -8.709  13.676 0.0000000000
61021  -33.355  -9.712  13.535 0.0000000000
61022  -33.382  -9.580  13.142 0.0000000000
61023  -33.253  -11.379  11.579 0.0000000000
61024  -33.227  -11.412  12.047 0.0000000000
68220  -34.499  -7.404  10.825 0.0000000000
68221  -34.028  -8.625  10.391 0.0000000000
68222  -34.178  -8.423  10.051 0.0000000000
68223  -34.284  -10.397  8.185 0.0000000000
68224  -34.084  -10.570  8.544 0.0000000000
68225  -34.666  -11.529  8.009 0.0000000000
68228  -34.816  -9.762  6.666 0.0000000000
68229  -34.653  -9.953  7.027 0.0000000000
68230  -35.212  -10.928  6.372 0.0000000000
73600  -35.894  -6.060  16.787 0.0000000000
73601  -35.723  -6.935  16.609 0.0000000000
73602  -35.489  -6.774  16.387 0.0000000000
73603  -35.040  -7.522  15.952 0.0000000000
73604  -35.274  -6.632  16.141 0.0000000000
73605  -36.411  -2.515  16.831 0.0000000000
73606  -36.327  -3.340  16.959 0.0000000000
73607  -36.018  -3.198  16.713 0.0000000000
73608  -35.170  -4.510  15.831 0.0000000000
73609  -35.391  -4.667  16.124 0.0000000000
73610  -35.080  -5.475  15.670 0.0000000000
73611  -34.910  -6.398  15.515 0.0000000000
73612  -34.784  -6.286  15.192 0.0000000000
73613  -34.436  -7.040  14.713 0.0000000000
73614  -34.689  -6.090  14.903 0.0000000000
73615  -34.713  -4.639  14.539 0.0000000000
73616  -34.634  -5.577  14.351 0.0000000000
73617  -34.611  -5.400  14.042 0.0000000000
73618  -34.459  -6.273  13.470 0.0000000000
73619  -34.624  -5.208  13.737 0.0000000000
73634  -34.215  -0.406  14.965 0.0000000000
73635  -34.100  -1.121  14.814 0.0000000000
73636  -34.234  -1.980  14.847 0.0000000000
73637  -34.075  -1.753  14.520 0.0000000000
73638  -34.243  -2.962  13.391 0.0000000000
73639  -34.327  -3.136  13.726 0.0000000000
73640  -34.575  -3.866  13.277 0.0000000000
73641  -34.805  -4.821  13.137 0.0000000000
73642  -34.788  -4.672  12.774 0.0000000000
73643  -34.930  -5.530  12.206 0.0000000000
73644  -34.857  -4.487  12.443 0.0000000000
73645  -34.541  -3.180  11.940 0.0000000000
73646  -34.965  -4.149  11.814 0.0000000000
73647  -35.088  -3.998  11.510 0.0000000000
73648  -35.492  -4.888  10.957 0.0000000000
73649  -35.196  -3.847  11.163 0.0000000000
73653  -34.139  -1.792  10.503 0.0000000000
73654  -34.120  -1.926  10.894 0.0000000000
73655  -34.767  -2.714  10.515 0.0000000000
73656  -35.369  -3.644  10.455 0.0000000000
73657  -35.475  -3.534  10.125 0.0000000000
73658  -36.039  -4.410  9.635 0.0000000000
73659  -35.594  -3.407  9.779 0.0000000000
73660  -35.062  -2.265  8.982 0.0000000000
73661  -35.811  -3.207  9.003 0.0000000000
73662  -35.868  -3.087  8.610 0.0000000000
73663  -36.555  -3.920  8.228 0.0000000000
73664  -35.991  -2.933  8.279 0.0000000000
73665  -36.087  -2.878  7.925 0.0000000000
73666  -35.269  -2.091  8.260 0.0000000000
77716  -37.782  -6.758  17.421 0.0000000000
77717  -38.641  -4.546  17.666 0.0000000000
77718  -38.132  -5.187  17.707 0.0000000000
77719  -38.275  -4.420  17.661 0.0000000000
77720  -37.963  -4.219  17.629 0.0000000000
77721  -38.404  -3.650  17.525 0.0000000000
77728  -38.592  -2.157  17.011 0.0000000000
85163  -33.722  -10.963  9.812 0.0000000000
85164  -33.599  -11.118  10.231 0.0000000000
85165  -34.045  -12.044  9.719 0.0000000000
85342  -36.347  -2.774  7.245 0.0000000000
85343  -37.071  -3.586  6.888 0.0000000000
85344  -36.549  -2.743  6.896 0.0000000000
85345  -36.098  -1.720  6.293 0.0000000000
85346  -36.795  -2.567  6.253 0.0000000000
85347  -36.904  -2.467  5.898 0.0000000000
85348  -37.484  -3.265  5.460 0.0000000000
85349  -37.086  -2.415  5.576 0.0000000000
85356  -37.325  -2.182  4.881 0.0000000000
85357  -37.454  -2.120  4.464 0.0000000000
85358  -37.791  -2.900  3.888 0.0000000000
85359  -37.543  -2.059  4.094 0.0000000000
85362  -37.951  -1.871  3.032 0.0000000000
93132  -36.313  -5.809  7.676 0.0000000000
93133  -35.698  -6.855  7.129 0.0000000000
93134  -35.812  -6.685  6.792 0.0000000000
93135  -35.407  -7.677  5.827 0.0000000000
93136  -35.560  -8.822  4.893 0.0000000000
93143  -36.369  -5.899  5.093 0.0000000000
93144  -36.977  -5.056  5.609 0.0000000000
96516  -33.762  -8.356  12.979 0.0000000000
96517  -33.400  -9.443  12.748 0.0000000000
96518  -33.458  -9.337  12.337 0.0000000000
96519  -33.296  -10.315  11.728 0.0000000000
96520  -33.393  -11.289  11.143 0.0000000000
100836  -34.874  -7.139  10.196 0.0000000000
100837  -34.366  -8.295  9.696 0.0000000000
100838  -34.572  -8.077  9.400 0.0000000000
100839  -34.307  -9.170  8.537 0.0000000000
100840  -34.353  -10.264  7.766 0.0000000000
100841  -36.328  -11.482  5.533 0.0000000000
100842  -36.103  -11.733  5.847 0.0000000000
104062  -37.057  -5.602  17.464 0.0000000000
104063  -36.544  -6.320  17.201 0.0000000000
104064  -36.714  -5.450  17.321 0.0000000000
104065  -36.369  -5.318  17.139 0.0000000000
104066  -36.047  -5.166  16.918 0.0000000000
104067  -35.736  -2.155  16.371 0.0000000000
104068  -35.726  -3.011  16.476 0.0000000000
104069  -35.438  -2.853  16.217 0.0000000000
104070  -35.200  -3.610  15.952 0.0000000000
104071  -34.991  -4.328  15.544 0.0000000000
104072  -34.835  -5.110  15.087 0.0000000000
104073  -34.830  -4.116  15.292 0.0000000000
104074  -34.664  -3.928  14.991 0.0000000000
104075  -34.578  -3.745  14.729 0.0000000000
104086  -33.916  -1.539  14.182 0.0000000000
104087  -33.803  -1.367  13.879 0.0000000000
104088  -33.921  -2.051  13.483 0.0000000000
104089  -34.145  -2.754  13.068 0.0000000000
104090  -34.493  -3.499  12.612 0.0000000000
104091  -34.072  -2.592  12.732 0.0000000000
104092  -34.053  -2.441  12.348 0.0000000000
104093  -34.061  -2.279  12.000 0.0000000000
104098  -34.212  -1.642  10.116 0.0000000000
104099  -34.965  -2.473  9.777 0.0000000000
104100  -34.269  -1.522  9.716 0.0000000000
104101  -34.350  -1.409  9.347 0.0000000000
104103  -34.536  -1.257  8.633 0.0000000000
106531  -38.955  -6.489  17.543 0.0000000000
106532  -38.588  -6.319  17.618 0.0000000000
106533  -38.314  -6.105  17.623 0.0000000000
110988  -34.453  -9.342  15.728 0.0000000000
111110  -35.849  -1.906  6.898 0.0000000000
117468  -35.701  -6.547  8.884 0.0000000000
117469  -35.061  -7.610  8.370 0.0000000000
117470  -35.228  -7.487  8.034 0.0000000000
117471  -34.860  -8.476  7.150 0.0000000000
117472  -34.984  -9.522  6.320 0.0000000000
117473  -35.138  -8.034  6.474 0.0000000000
117474  -35.070  -9.360  5.929 0.0000000000
117475  -35.522  -10.534  5.625 0.0000000000
117498  -36.992  -4.757  4.035 0.0000000000
119977  -37.542  -2.352  17.109 0.0000000000
119978  -37.140  -2.927  17.220 0.0000000000
119979  -37.178  -2.155  17.001 0.0000000000
119980  -36.811  -1.950  16.827 0.0000000000
119981  -36.428  -1.754  16.629 0.0000000000
119983  -36.457  -0.992  16.340 0.0000000000
119984  -36.086  -1.511  16.414 0.0000000000
119985  -35.745  -1.370  16.176 0.0000000000
119986  -35.408  -1.224  15.971 0.0000000000
119987  -35.078  -0.966  15.745 0.0000000000
125364  -33.765  -8.931  14.400 0.0000000000
125365  -33.502  -9.870  14.354 0.0000000000
125366  -33.416  -9.764  13.959 0.0000000000
125369  -33.177  -10.509  12.565 0.0000000000
125370  -33.200  -11.523  12.496 0.0000000000
134796  -34.188  -7.693  11.516 0.0000000000
134797  -33.770  -8.926  11.138 0.0000000000
134798  -33.876  -8.878  10.709 0.0000000000
134799  -33.738  -9.823  10.039 0.0000000000
134800  -33.831  -10.830  9.371 0.0000000000
134801  -34.017  -9.483  9.283 0.0000000000
134802  -33.976  -10.678  8.984 0.0000000000
134803  -34.326  -11.831  8.816 0.0000000000
134807  -34.591  -8.916  7.786 0.0000000000
134808  -34.531  -10.132  7.401 0.0000000000
134809  -34.937  -11.247  7.209 0.0000000000
134810  -35.979  -11.853  6.305 0.0000000000
134811  -35.815  -12.019  6.723 0.0000000000
134812  -35.681  -12.189  7.177 0.0000000000
141472  -36.110  -8.965  16.661 0.0000000000
141474  -35.795  -8.858  16.589 0.0000000000
141475  -35.523  -8.771  16.429 0.0000000000
141476  -35.236  -8.685  16.239 0.0000000000
141477  -36.009  -7.065  16.808 0.0000000000
141478  -35.482  -7.786  16.383 0.0000000000
141479  -34.973  -8.543  16.014 0.0000000000
141480  -34.759  -8.456  15.776 0.0000000000
141481  -34.554  -8.336  15.517 0.0000000000
141482  -34.383  -8.209  15.158 0.0000000000
141483  -36.652  -3.551  17.145 0.0000000000
141484  -36.192  -4.259  16.982 0.0000000000
141485  -35.830  -5.050  16.692 0.0000000000
141486  -35.699  -3.927  16.482 0.0000000000
141487  -35.608  -4.839  16.411 0.0000000000
141488  -35.462  -5.747  16.293 0.0000000000
141489  -35.081  -6.488  15.865 0.0000000000
141490  -34.669  -7.282  15.355 0.0000000000
141491  -34.214  -8.105  14.874 0.0000000000
141492  -34.124  -7.950  14.537 0.0000000000
141493  -34.047  -7.843  14.196 0.0000000000
141494  -34.031  -7.689  13.859 0.0000000000
141495  -34.646  -5.877  14.623 0.0000000000
141496  -34.376  -6.625  14.102 0.0000000000
141497  -34.074  -7.489  13.539 0.0000000000
141498  -34.143  -7.325  13.213 0.0000000000
141499  -34.223  -7.113  12.865 0.0000000000
141500  -34.309  -6.979  12.534 0.0000000000
141508  -35.041  -0.146  15.482 0.0000000000
141509  -34.792  -0.784  15.455 0.0000000000
141517  -34.503  -0.584  15.194 0.0000000000
141518  -34.568  -1.463  15.346 0.0000000000
141519  -34.415  -2.182  15.175 0.0000000000
141520  -34.391  -2.858  14.810 0.0000000000
141521  -34.467  -3.507  14.400 0.0000000000
141522  -34.141  -2.409  14.144 0.0000000000
141523  -34.386  -3.280  14.068 0.0000000000
141524  -34.614  -4.212  13.938 0.0000000000
141525  -34.704  -5.045  13.398 0.0000000000
141526  -34.672  -5.872  12.839 0.0000000000
141527  -34.481  -6.760  12.200 0.0000000000
141528  -34.618  -6.580  11.867 0.0000000000
141529  -34.773  -6.427  11.532 0.0000000000
141530  -35.000  -6.296  11.219 0.0000000000
141531  -34.874  -4.287  12.104 0.0000000000
141532  -35.178  -5.185  11.587 0.0000000000
141533  -35.152  -6.161  10.924 0.0000000000
141534  -35.388  -6.031  10.631 0.0000000000
141535  -35.528  -5.855  10.303 0.0000000000
141536  -35.747  -5.683  10.002 0.0000000000
141538  -33.607  -1.398  12.039 0.0000000000
141539  -34.075  -2.123  11.646 0.0000000000
141540  -33.542  -1.057  11.281 0.0000000000
141541  -34.073  -1.969  11.283 0.0000000000
141542  -34.664  -2.880  11.262 0.0000000000
141543  -35.266  -3.713  10.825 0.0000000000
141544  -35.750  -4.631  10.287 0.0000000000
141545  -35.912  -5.590  9.635 0.0000000000
141546  -36.114  -5.474  9.322 0.0000000000
141547  -36.225  -5.303  9.019 0.0000000000
141548  -36.352  -5.126  8.719 0.0000000000
141549  -35.733  -3.314  9.394 0.0000000000
141550  -36.295  -4.153  8.949 0.0000000000
141551  -36.552  -4.953  8.405 0.0000000000
141552  -36.659  -4.869  8.033 0.0000000000
141553  -36.912  -4.753  7.710 0.0000000000
141554  -36.949  -4.592  7.340 0.0000000000
141555  -37.069  -4.513  7.024 0.0000000000
141556  -36.815  -3.694  7.559 0.0000000000
141557  -36.205  -2.811  7.570 0.0000000000
141558  -35.457  -1.937  7.579 0.0000000000
146474  -37.729  -8.843  16.902 0.0000000000
146481  -37.168  -6.518  17.373 0.0000000000
146482  -38.002  -5.961  17.633 0.0000000000
146483  -37.654  -5.830  17.585 0.0000000000
146484  -37.359  -5.711  17.543 0.0000000000
146485  -37.514  -4.881  17.586 0.0000000000
146486  -37.647  -4.076  17.530 0.0000000000
146487  -37.766  -3.312  17.392 0.0000000000
146493  -38.868  -3.040  17.327 0.0000000000
146494  -38.509  -2.895  17.308 0.0000000000
146495  -38.176  -2.707  17.236 0.0000000000
146496  -37.880  -2.527  17.180 0.0000000000
146497  -37.902  -1.795  16.880 0.0000000000
146498  -37.959  -1.023  16.475 0.0000000000
155444  -33.509  -10.117  10.842 0.0000000000
155445  -33.474  -11.191  10.665 0.0000000000
155660  -37.202  -4.427  6.686 0.0000000000
155661  -37.279  -4.296  6.350 0.0000000000
155662  -37.385  -4.250  5.991 0.0000000000
155663  -36.740  -2.654  6.601 0.0000000000
155664  -37.255  -3.416  6.170 0.0000000000
155665  -37.418  -4.168  5.596 0.0000000000
155666  -37.474  -4.080  5.210 0.0000000000
155667  -37.493  -4.007  4.837 0.0000000000
155668  -37.467  -3.898  4.433 0.0000000000
155675  -37.156  -2.318  5.208 0.0000000000
155676  -37.717  -3.039  4.743 0.0000000000
155677  -37.534  -3.818  4.050 0.0000000000
155681  -37.771  -1.912  3.748 0.0000000000
