#!ascii label  , from subject fsaverage vox2ras=TkReg
100
1182  -38.364  -13.011  4.183 0.0000000000
1184  -37.434  -11.679  0.766 0.0000000000
3103  -38.008  -12.310  2.430 0.0000000000
6735  -38.301  -13.669  6.008 0.0000000000
15065  -38.344  -13.341  5.072 0.0000000000
15066  -37.472  -14.691  4.677 0.0000000000
15067  -37.207  -14.350  3.777 0.0000000000
15069  -36.949  -13.993  2.906 0.0000000000
15070  -37.772  -11.950  1.587 0.0000000000
15071  -36.252  -13.593  0.981 0.0000000000
15072  -36.069  -13.293  0.201 0.0000000000
15076  -36.920  -11.585  -0.081 0.0000000000
24016  -37.758  -11.604  4.387 0.0000000000
24017  -38.283  -12.669  3.286 0.0000000000
24021  -37.889  -10.133  1.310 0.0000000000
27401  -37.668  -15.482  6.576 0.0000000000
27402  -37.701  -15.820  7.538 0.0000000000
31075  -38.101  -14.073  6.917 0.0000000000
31076  -37.713  -15.043  5.640 0.0000000000
31083  -36.578  -13.779  1.915 0.0000000000
31093  -37.759  -10.056  0.340 0.0000000000
31094  -37.377  -9.994  -0.477 0.0000000000
38165  -37.507  -16.151  8.482 0.0000000000
45783  -38.172  -12.492  4.735 0.0000000000
45784  -38.123  -12.672  5.177 0.0000000000
45785  -38.325  -13.187  4.636 0.0000000000
45786  -38.046  -13.883  4.462 0.0000000000
45787  -37.973  -13.668  4.056 0.0000000000
45788  -37.076  -14.139  3.378 0.0000000000
45789  -37.820  -13.505  3.589 0.0000000000
45790  -37.594  -11.806  1.167 0.0000000000
45791  -36.962  -12.580  0.948 0.0000000000
45792  -36.777  -12.511  0.486 0.0000000000
45794  -36.560  -12.377  0.099 0.0000000000
45796  -37.194  -11.649  0.373 0.0000000000
61028  -36.795  -15.820  5.867 0.0000000000
61029  -36.822  -16.000  6.377 0.0000000000
68231  -37.897  -12.994  6.068 0.0000000000
68232  -36.927  -12.573  6.401 0.0000000000
68233  -37.776  -13.207  6.506 0.0000000000
68234  -37.629  -13.382  6.951 0.0000000000
68235  -38.266  -13.845  6.498 0.0000000000
68236  -38.237  -14.625  6.295 0.0000000000
68237  -38.237  -14.393  5.835 0.0000000000
68238  -36.447  -15.123  3.939 0.0000000000
68239  -36.644  -15.274  4.418 0.0000000000
68250  -38.137  -12.462  2.892 0.0000000000
68251  -37.598  -13.168  2.625 0.0000000000
68252  -37.363  -13.027  2.177 0.0000000000
68253  -35.652  -14.290  0.197 0.0000000000
68254  -35.700  -14.411  0.601 0.0000000000
68273  -37.963  -10.086  0.818 0.0000000000
68276  -37.678  -9.202  0.280 0.0000000000
85171  -36.867  -16.411  7.288 0.0000000000
85172  -37.538  -15.978  7.991 0.0000000000
100844  -38.029  -12.827  5.607 0.0000000000
100845  -38.400  -13.447  5.545 0.0000000000
100846  -38.305  -14.236  5.344 0.0000000000
100847  -38.099  -14.059  4.892 0.0000000000
100848  -37.337  -14.566  4.211 0.0000000000
100849  -36.298  -15.021  3.438 0.0000000000
100851  -36.201  -14.861  3.026 0.0000000000
100852  -36.143  -14.729  2.558 0.0000000000
100853  -36.052  -14.617  2.099 0.0000000000
100854  -37.815  -12.146  1.979 0.0000000000
100855  -37.170  -12.921  1.717 0.0000000000
100856  -37.065  -12.750  1.333 0.0000000000
100857  -36.248  -13.379  0.640 0.0000000000
117478  -38.384  -12.291  4.315 0.0000000000
117479  -38.285  -12.837  3.749 0.0000000000
117480  -38.283  -12.125  3.896 0.0000000000
117481  -38.309  -11.919  3.529 0.0000000000
117482  -38.248  -11.701  3.141 0.0000000000
117485  -38.202  -11.558  2.634 0.0000000000
117486  -38.099  -11.358  2.236 0.0000000000
117487  -38.103  -11.138  1.847 0.0000000000
117488  -37.964  -10.959  1.437 0.0000000000
117489  -37.824  -10.909  1.041 0.0000000000
125375  -38.123  -14.983  7.222 0.0000000000
125376  -38.028  -15.137  7.714 0.0000000000
125377  -37.662  -15.637  7.072 0.0000000000
125378  -36.903  -16.183  6.857 0.0000000000
134814  -37.496  -13.556  7.398 0.0000000000
134815  -38.118  -14.229  7.370 0.0000000000
134816  -38.125  -14.820  6.758 0.0000000000
134817  -37.682  -15.268  6.119 0.0000000000
134818  -36.841  -15.602  5.422 0.0000000000
134819  -37.683  -14.854  5.159 0.0000000000
134820  -36.769  -15.391  4.946 0.0000000000
134835  -37.717  -13.325  3.127 0.0000000000
134836  -36.819  -13.838  2.425 0.0000000000
134837  -35.888  -14.593  1.560 0.0000000000
134838  -36.420  -13.696  1.427 0.0000000000
134839  -35.799  -14.508  1.074 0.0000000000
134863  -37.834  -10.911  0.537 0.0000000000
134864  -37.465  -10.836  0.110 0.0000000000
134865  -37.172  -10.767  -0.310 0.0000000000
134866  -37.712  -9.235  0.694 0.0000000000
134867  -37.547  -10.005  -0.060 0.0000000000
155453  -37.897  -15.294  8.178 0.0000000000
