#!ascii label  , from subject fsaverage vox2ras=TkReg
647
16  -57.632  -26.314  27.404 0.0000000000
400  -59.009  -20.000  25.037 0.0000000000
401  -59.060  -27.284  18.872 0.0000000000
758  -62.406  -31.372  30.883 0.0000000000
759  -62.137  -29.205  27.080 0.0000000000
907  -60.504  -16.399  22.856 0.0000000000
908  -56.471  -20.852  23.060 0.0000000000
1201  -55.819  -30.193  20.392 0.0000000000
1895  -59.919  -26.986  23.476 0.0000000000
1896  -58.057  -24.305  22.435 0.0000000000
1897  -55.576  -24.891  20.576 0.0000000000
2272  -61.785  -30.329  22.279 0.0000000000
2678  -60.760  -28.705  28.638 0.0000000000
2679  -59.946  -27.716  27.245 0.0000000000
2827  -61.805  -15.563  20.891 0.0000000000
4162  -57.908  -21.597  25.725 0.0000000000
4163  -57.800  -23.842  24.348 0.0000000000
4164  -58.034  -22.267  24.061 0.0000000000
4166  -55.822  -23.088  22.002 0.0000000000
5040  -60.354  -27.156  20.754 0.0000000000
5041  -61.982  -28.586  22.434 0.0000000000
5042  -60.758  -28.950  20.242 0.0000000000
5973  -61.127  -29.846  30.246 0.0000000000
5974  -62.536  -30.377  28.739 0.0000000000
5975  -62.664  -31.326  26.833 0.0000000000
6241  -59.606  -18.280  24.240 0.0000000000
6242  -57.911  -20.519  23.715 0.0000000000
6243  -58.241  -18.296  22.924 0.0000000000
6769  -57.870  -29.017  18.888 0.0000000000
8297  -58.994  -26.592  25.854 0.0000000000
8298  -57.943  -25.341  24.855 0.0000000000
8299  -58.778  -25.712  22.619 0.0000000000
8300  -58.882  -25.883  20.379 0.0000000000
8301  -57.307  -22.760  22.618 0.0000000000
8302  -57.226  -24.599  20.869 0.0000000000
8303  -57.336  -26.099  19.386 0.0000000000
8756  -60.416  -17.338  25.581 0.0000000000
9376  -61.388  -28.007  25.213 0.0000000000
9377  -62.664  -29.900  24.683 0.0000000000
9378  -61.928  -31.675  24.698 0.0000000000
9379  -59.130  -30.193  21.100 0.0000000000
10358  -59.118  -27.613  27.946 0.0000000000
10359  -58.791  -27.074  27.348 0.0000000000
11842  -58.487  -20.867  25.396 0.0000000000
11843  -58.065  -21.987  24.900 0.0000000000
11844  -58.360  -21.192  24.617 0.0000000000
12720  -59.877  -27.221  19.673 0.0000000000
12721  -60.773  -28.048  20.276 0.0000000000
12722  -59.914  -28.161  19.269 0.0000000000
13795  -61.560  -28.861  28.006 0.0000000000
13796  -61.816  -29.444  28.728 0.0000000000
13797  -62.356  -29.805  27.897 0.0000000000
13798  -62.742  -30.860  27.807 0.0000000000
13799  -62.648  -30.240  26.876 0.0000000000
14242  -60.013  -17.293  23.648 0.0000000000
14243  -58.964  -18.294  23.552 0.0000000000
14244  -59.397  -17.347  22.769 0.0000000000
16905  -62.011  -30.836  31.628 0.0000000000
18248  -57.506  -25.085  25.762 0.0000000000
18249  -57.304  -24.251  25.542 0.0000000000
18250  -58.021  -24.113  23.393 0.0000000000
18251  -58.143  -24.817  23.528 0.0000000000
18252  -58.400  -25.011  22.448 0.0000000000
18253  -59.048  -25.803  21.410 0.0000000000
18254  -58.451  -25.181  21.347 0.0000000000
18255  -57.198  -20.776  23.392 0.0000000000
18256  -57.492  -21.736  23.286 0.0000000000
18257  -56.838  -22.032  22.830 0.0000000000
18259  -56.511  -23.915  21.393 0.0000000000
18260  -56.459  -24.723  20.624 0.0000000000
18261  -57.394  -25.406  20.068 0.0000000000
18262  -56.421  -25.511  19.955 0.0000000000
19346  -60.850  -16.444  25.159 0.0000000000
20880  -59.453  -26.792  24.793 0.0000000000
20881  -60.322  -27.343  25.563 0.0000000000
20882  -60.699  -27.526  24.314 0.0000000000
20883  -62.117  -29.483  22.302 0.0000000000
20884  -62.391  -29.244  23.570 0.0000000000
20885  -62.431  -30.145  23.483 0.0000000000
20886  -62.496  -30.922  24.644 0.0000000000
20887  -61.976  -30.937  23.470 0.0000000000
20888  -56.981  -29.628  19.498 0.0000000000
20889  -58.565  -29.578  20.014 0.0000000000
20890  -57.459  -30.132  20.759 0.0000000000
23253  -59.473  -28.121  28.567 0.0000000000
23254  -60.378  -28.198  27.954 0.0000000000
23255  -61.213  -28.291  27.216 0.0000000000
23521  -61.136  -15.807  21.867 0.0000000000
23522  -60.023  -16.591  21.815 0.0000000000
25119  -62.456  -31.885  30.044 0.0000000000
25924  -57.493  -22.334  25.960 0.0000000000
25925  -57.453  -23.486  25.295 0.0000000000
25926  -57.734  -22.730  25.091 0.0000000000
25927  -57.915  -23.057  24.223 0.0000000000
25928  -57.973  -23.377  23.347 0.0000000000
25930  -56.101  -22.082  22.595 0.0000000000
25931  -55.277  -22.017  22.474 0.0000000000
27504  -60.347  -27.051  22.068 0.0000000000
27505  -61.132  -27.788  22.835 0.0000000000
27506  -61.251  -27.931  21.453 0.0000000000
27507  -61.628  -28.791  21.161 0.0000000000
27508  -61.351  -29.642  21.324 0.0000000000
27509  -54.572  -30.810  21.404 0.0000000000
27510  -56.212  -30.768  21.684 0.0000000000
29296  -61.302  -30.286  31.257 0.0000000000
29297  -62.112  -30.537  30.539 0.0000000000
29298  -60.955  -29.211  29.341 0.0000000000
29299  -61.979  -30.036  29.529 0.0000000000
29300  -62.554  -30.960  29.776 0.0000000000
29301  -62.707  -31.403  28.788 0.0000000000
29302  -62.498  -31.866  27.861 0.0000000000
29923  -59.334  -19.173  24.686 0.0000000000
29924  -58.561  -20.258  24.251 0.0000000000
29925  -58.762  -19.358  24.031 0.0000000000
29926  -57.957  -19.471  23.555 0.0000000000
29927  -57.184  -19.514  23.118 0.0000000000
29929  -57.564  -18.242  22.327 0.0000000000
31153  -58.586  -28.206  18.601 0.0000000000
31162  -50.340  -32.167  23.257 0.0000000000
35182  -57.364  -25.581  26.946 0.0000000000
35183  -58.399  -26.410  26.760 0.0000000000
35184  -57.876  -25.821  26.245 0.0000000000
35185  -58.392  -26.065  25.275 0.0000000000
35186  -58.806  -26.224  24.199 0.0000000000
35187  -57.760  -24.549  24.589 0.0000000000
35188  -58.363  -25.576  23.827 0.0000000000
35189  -59.313  -26.375  22.928 0.0000000000
35190  -59.666  -26.394  21.641 0.0000000000
35191  -59.644  -26.475  20.441 0.0000000000
35192  -59.104  -26.519  19.495 0.0000000000
35193  -58.046  -21.485  23.868 0.0000000000
35194  -57.823  -22.576  23.267 0.0000000000
35195  -57.769  -23.546  22.478 0.0000000000
35196  -56.608  -22.974  22.160 0.0000000000
35197  -57.185  -23.728  21.772 0.0000000000
35198  -57.850  -24.478  21.488 0.0000000000
35199  -58.079  -25.252  20.561 0.0000000000
35200  -58.254  -25.976  19.707 0.0000000000
35201  -58.154  -26.586  18.955 0.0000000000
36500  -56.668  -25.268  27.381 0.0000000000
36518  -59.730  -18.690  25.315 0.0000000000
36519  -60.156  -17.906  24.938 0.0000000000
36520  -60.523  -16.910  24.367 0.0000000000
36521  -60.975  -16.010  23.671 0.0000000000
38368  -59.622  -27.195  26.530 0.0000000000
38369  -60.771  -27.722  26.378 0.0000000000
38370  -61.808  -28.557  26.142 0.0000000000
38371  -61.729  -28.366  23.887 0.0000000000
38372  -62.159  -28.908  24.900 0.0000000000
38373  -62.460  -29.560  25.859 0.0000000000
38374  -62.743  -30.615  25.661 0.0000000000
38375  -62.330  -31.584  25.697 0.0000000000
38377  -59.424  -29.024  19.485 0.0000000000
38378  -60.120  -29.671  20.554 0.0000000000
38379  -60.652  -30.317  21.474 0.0000000000
38380  -57.840  -30.909  21.744 0.0000000000
38381  -59.531  -30.902  22.019 0.0000000000
38382  -60.909  -30.933  22.508 0.0000000000
38383  -60.938  -31.613  23.598 0.0000000000
41078  -58.370  -27.026  27.654 0.0000000000
41079  -58.190  -26.712  27.366 0.0000000000
42562  -58.765  -20.456  25.217 0.0000000000
42563  -58.447  -21.063  24.976 0.0000000000
42564  -58.659  -20.578  24.802 0.0000000000
43440  -59.494  -27.271  19.248 0.0000000000
43441  -59.988  -27.666  19.405 0.0000000000
43442  -59.501  -27.727  18.993 0.0000000000
44515  -61.865  -29.026  27.554 0.0000000000
44516  -61.999  -29.308  27.955 0.0000000000
44517  -62.247  -29.492  27.495 0.0000000000
44518  -62.527  -29.972  27.441 0.0000000000
44519  -62.476  -29.701  26.998 0.0000000000
44962  -60.287  -16.767  23.264 0.0000000000
44963  -59.725  -17.308  23.199 0.0000000000
44964  -59.991  -16.872  22.784 0.0000000000
47625  -62.273  -31.088  31.271 0.0000000000
47626  -62.179  -31.311  31.841 0.0000000000
48970  -58.084  -24.223  22.919 0.0000000000
48971  -58.164  -24.599  22.888 0.0000000000
48972  -58.221  -24.662  22.418 0.0000000000
48973  -58.454  -25.087  21.897 0.0000000000
48974  -58.199  -24.746  21.911 0.0000000000
48975  -56.827  -20.864  23.225 0.0000000000
48976  -56.984  -21.417  23.140 0.0000000000
48977  -56.623  -21.513  23.008 0.0000000000
48978  -55.588  -24.482  20.901 0.0000000000
48979  -56.007  -24.378  20.916 0.0000000000
48980  -56.001  -24.798  20.591 0.0000000000
51600  -59.681  -26.892  24.170 0.0000000000
51601  -60.078  -27.147  24.555 0.0000000000
51602  -60.310  -27.304  23.897 0.0000000000
51603  -61.990  -29.939  22.323 0.0000000000
51604  -62.275  -29.832  22.916 0.0000000000
51605  -62.157  -30.256  22.895 0.0000000000
51606  -62.263  -30.597  23.470 0.0000000000
51607  -61.891  -30.634  22.906 0.0000000000
51608  -56.401  -29.902  19.899 0.0000000000
51609  -57.247  -29.872  20.153 0.0000000000
51610  -56.643  -30.154  20.608 0.0000000000
54113  -59.075  -28.076  28.871 0.0000000000
54115  -59.536  -27.652  27.611 0.0000000000
54116  -59.722  -27.860  27.956 0.0000000000
54117  -60.176  -27.941  27.594 0.0000000000
54118  -60.808  -28.254  27.591 0.0000000000
54119  -60.591  -27.993  27.220 0.0000000000
54562  -61.484  -15.676  21.375 0.0000000000
54563  -61.014  -16.015  21.289 0.0000000000
58567  -57.693  -21.961  25.806 0.0000000000
58568  -57.597  -22.541  25.523 0.0000000000
58569  -57.789  -22.165  25.432 0.0000000000
58570  -58.055  -22.154  24.493 0.0000000000
58571  -57.967  -22.544  24.580 0.0000000000
58572  -57.979  -22.693  24.155 0.0000000000
58573  -57.966  -23.230  23.791 0.0000000000
58574  -57.987  -22.849  23.722 0.0000000000
58576  -55.459  -21.480  22.711 0.0000000000
58581  -54.820  -23.596  21.511 0.0000000000
58582  -54.364  -23.611  21.507 0.0000000000
61200  -60.390  -27.096  21.400 0.0000000000
61201  -60.808  -27.506  21.739 0.0000000000
61202  -60.761  -27.575  21.086 0.0000000000
61203  -60.844  -28.533  20.171 0.0000000000
61204  -61.221  -28.464  20.690 0.0000000000
61205  -61.249  -28.883  20.664 0.0000000000
61206  -61.588  -29.215  21.188 0.0000000000
61207  -61.071  -29.301  20.789 0.0000000000
61208  -53.939  -31.078  21.939 0.0000000000
61209  -54.724  -31.029  22.076 0.0000000000
64422  -61.219  -30.105  30.764 0.0000000000
64423  -61.728  -30.394  30.938 0.0000000000
64424  -61.675  -30.203  30.371 0.0000000000
64425  -60.252  -28.624  28.961 0.0000000000
64426  -60.387  -28.922  29.279 0.0000000000
64427  -60.906  -28.963  28.987 0.0000000000
64428  -62.237  -29.905  28.749 0.0000000000
64429  -61.929  -29.749  29.140 0.0000000000
64430  -62.297  -30.195  29.192 0.0000000000
64431  -62.331  -30.501  29.670 0.0000000000
64432  -62.552  -30.704  29.249 0.0000000000
64433  -62.685  -31.192  29.308 0.0000000000
64434  -62.705  -30.899  28.771 0.0000000000
64435  -62.727  -31.097  27.339 0.0000000000
64436  -62.690  -31.364  27.807 0.0000000000
64437  -62.591  -31.597  27.332 0.0000000000
64439  -62.415  -31.799  26.847 0.0000000000
65767  -59.445  -18.759  24.488 0.0000000000
65768  -59.068  -19.297  24.328 0.0000000000
65769  -59.163  -18.833  24.161 0.0000000000
65770  -58.581  -18.331  23.227 0.0000000000
65771  -58.435  -18.872  23.565 0.0000000000
65772  -58.063  -18.896  23.289 0.0000000000
65773  -57.543  -19.531  23.371 0.0000000000
65774  -57.707  -18.850  23.023 0.0000000000
65776  -59.422  -16.971  21.855 0.0000000000
68421  -51.019  -31.851  22.741 0.0000000000
68422  -50.284  -32.038  22.634 0.0000000000
77782  -57.203  -25.171  26.773 0.0000000000
77783  -57.641  -25.692  26.651 0.0000000000
77784  -57.409  -25.321  26.409 0.0000000000
77785  -57.726  -25.234  25.316 0.0000000000
77786  -57.904  -25.618  25.505 0.0000000000
77787  -58.140  -25.724  25.036 0.0000000000
77788  -58.592  -26.173  24.735 0.0000000000
77789  -58.351  -25.807  24.532 0.0000000000
77790  -57.582  -23.632  24.860 0.0000000000
77791  -57.573  -24.031  24.978 0.0000000000
77792  -57.759  -24.192  24.456 0.0000000000
77793  -58.433  -25.271  23.100 0.0000000000
77794  -58.256  -25.168  23.673 0.0000000000
77795  -58.612  -25.643  23.220 0.0000000000
77796  -58.824  -25.994  23.364 0.0000000000
77797  -59.067  -26.033  22.736 0.0000000000
77798  -59.558  -26.380  22.267 0.0000000000
77799  -59.228  -26.074  22.127 0.0000000000
77800  -59.024  -25.839  20.865 0.0000000000
77801  -59.373  -26.137  20.915 0.0000000000
77802  -59.272  -26.158  20.374 0.0000000000
77803  -59.407  -26.495  19.913 0.0000000000
77804  -59.047  -26.201  19.893 0.0000000000
77805  -58.257  -20.398  23.970 0.0000000000
77806  -58.245  -20.873  24.085 0.0000000000
77807  -57.962  -20.985  23.793 0.0000000000
77808  -57.389  -22.297  22.997 0.0000000000
77809  -57.679  -22.156  23.269 0.0000000000
77810  -57.609  -22.688  22.937 0.0000000000
77811  -57.777  -23.131  22.921 0.0000000000
77812  -57.550  -23.149  22.535 0.0000000000
77813  -55.972  -22.611  22.285 0.0000000000
77814  -56.356  -22.570  22.389 0.0000000000
77815  -56.254  -23.069  22.056 0.0000000000
77816  -56.865  -24.269  21.122 0.0000000000
77817  -56.867  -23.844  21.530 0.0000000000
77818  -57.195  -24.197  21.328 0.0000000000
77819  -57.548  -24.133  21.592 0.0000000000
77820  -57.570  -24.531  21.131 0.0000000000
77821  -57.948  -24.865  21.002 0.0000000000
77822  -57.657  -24.916  20.674 0.0000000000
77823  -57.390  -25.774  19.717 0.0000000000
77824  -57.823  -25.690  19.879 0.0000000000
77825  -57.830  -26.046  19.519 0.0000000000
77826  -58.234  -26.292  19.325 0.0000000000
77827  -57.762  -26.345  19.160 0.0000000000
77828  -57.613  -26.685  18.774 0.0000000000
77829  -57.182  -26.405  19.007 0.0000000000
81069  -59.802  -18.449  25.635 0.0000000000
81070  -60.066  -18.078  25.422 0.0000000000
81071  -59.929  -18.316  25.108 0.0000000000
81072  -60.312  -17.623  25.275 0.0000000000
81074  -60.711  -16.712  24.754 0.0000000000
81075  -60.886  -16.224  24.466 0.0000000000
81076  -60.735  -16.438  24.050 0.0000000000
85680  -58.696  -26.520  26.304 0.0000000000
85681  -58.969  -26.831  26.630 0.0000000000
85682  -59.282  -26.884  26.208 0.0000000000
85683  -60.867  -27.653  25.393 0.0000000000
85684  -60.548  -27.530  25.978 0.0000000000
85685  -61.089  -27.871  25.823 0.0000000000
85686  -61.311  -28.116  26.247 0.0000000000
85687  -61.588  -28.262  25.655 0.0000000000
85688  -61.615  -28.155  22.628 0.0000000000
85689  -61.491  -28.045  23.395 0.0000000000
85690  -61.893  -28.464  23.189 0.0000000000
85691  -62.549  -29.584  24.114 0.0000000000
85692  -62.313  -29.095  24.231 0.0000000000
85693  -62.440  -29.409  24.769 0.0000000000
85694  -62.330  -29.217  25.384 0.0000000000
85695  -62.563  -29.733  25.261 0.0000000000
85696  -62.644  -30.087  25.748 0.0000000000
85697  -62.691  -30.263  25.170 0.0000000000
85698  -62.256  -31.358  24.643 0.0000000000
85699  -62.438  -31.261  25.163 0.0000000000
85700  -62.141  -31.685  25.197 0.0000000000
85701  -61.945  -32.034  25.757 0.0000000000
85702  -61.750  -32.031  25.270 0.0000000000
85703  -58.266  -28.636  18.651 0.0000000000
85704  -59.007  -28.627  19.011 0.0000000000
85705  -58.648  -29.019  19.158 0.0000000000
85706  -58.886  -29.835  20.546 0.0000000000
85707  -59.337  -29.614  20.218 0.0000000000
85708  -59.693  -29.908  20.823 0.0000000000
85709  -60.400  -30.001  21.091 0.0000000000
85710  -59.916  -30.255  21.298 0.0000000000
85711  -56.378  -31.086  22.190 0.0000000000
85712  -57.038  -30.815  21.723 0.0000000000
85717  -60.228  -30.905  22.196 0.0000000000
85718  -60.302  -31.235  22.744 0.0000000000
85719  -60.945  -31.275  23.044 0.0000000000
85720  -60.307  -31.617  23.274 0.0000000000
92371  -58.118  -27.283  28.196 0.0000000000
92372  -58.688  -27.594  28.217 0.0000000000
92373  -58.553  -27.324  27.950 0.0000000000
92374  -58.978  -27.352  27.661 0.0000000000
92375  -59.365  -27.398  27.305 0.0000000000
92642  -61.661  -15.824  20.357 0.0000000000
95044  -58.203  -21.240  25.573 0.0000000000
95045  -58.013  -21.797  25.315 0.0000000000
95046  -58.252  -21.424  25.159 0.0000000000
95047  -58.218  -21.608  24.769 0.0000000000
95048  -58.166  -21.741  24.377 0.0000000000
96624  -60.195  -27.167  20.122 0.0000000000
96625  -60.596  -27.562  20.457 0.0000000000
96626  -60.341  -27.615  19.909 0.0000000000
96627  -60.408  -28.113  19.753 0.0000000000
96628  -60.342  -28.565  19.706 0.0000000000
98558  -60.518  -29.545  30.110 0.0000000000
98559  -61.184  -28.787  28.327 0.0000000000
98560  -61.330  -29.050  28.682 0.0000000000
98561  -61.699  -29.136  28.385 0.0000000000
98562  -62.135  -29.627  28.342 0.0000000000
98563  -62.465  -30.126  28.288 0.0000000000
98564  -62.683  -30.617  28.262 0.0000000000
98565  -62.626  -30.348  27.798 0.0000000000
98566  -62.706  -30.560  27.337 0.0000000000
98567  -62.731  -30.803  26.828 0.0000000000
99364  -59.805  -17.775  23.954 0.0000000000
99365  -59.324  -18.278  23.884 0.0000000000
99366  -59.493  -17.802  23.582 0.0000000000
99367  -59.133  -17.812  23.193 0.0000000000
99368  -58.797  -17.831  22.836 0.0000000000
104157  -61.699  -30.664  31.960 0.0000000000
106573  -56.899  -24.349  26.398 0.0000000000
106574  -57.256  -24.928  26.184 0.0000000000
106575  -57.155  -24.504  26.021 0.0000000000
106576  -57.373  -24.651  25.610 0.0000000000
106577  -57.613  -24.824  25.169 0.0000000000
106578  -57.933  -23.986  23.870 0.0000000000
106579  -57.930  -24.350  23.928 0.0000000000
106580  -58.069  -24.468  23.439 0.0000000000
106581  -58.306  -24.904  22.982 0.0000000000
106582  -58.589  -25.347  22.538 0.0000000000
106583  -58.935  -25.761  22.043 0.0000000000
106584  -58.687  -25.431  21.975 0.0000000000
106585  -58.765  -25.512  21.348 0.0000000000
106586  -58.673  -25.551  20.852 0.0000000000
106587  -57.585  -20.647  23.540 0.0000000000
106588  -57.668  -21.127  23.523 0.0000000000
106589  -57.341  -21.288  23.312 0.0000000000
106590  -57.183  -21.876  23.056 0.0000000000
106591  -57.086  -22.388  22.730 0.0000000000
106592  -55.729  -23.547  21.624 0.0000000000
106593  -56.171  -23.528  21.681 0.0000000000
106594  -56.090  -23.977  21.282 0.0000000000
106595  -56.473  -24.326  21.012 0.0000000000
106596  -56.880  -24.665  20.689 0.0000000000
106597  -57.309  -24.989  20.452 0.0000000000
106599  -56.917  -25.458  19.988 0.0000000000
106600  -56.880  -25.826  19.635 0.0000000000
106602  -56.359  -25.886  19.567 0.0000000000
108549  -60.976  -16.196  25.497 0.0000000000
111312  -59.239  -26.688  25.344 0.0000000000
111313  -59.602  -26.959  25.718 0.0000000000
111314  -59.889  -27.060  25.146 0.0000000000
111315  -60.524  -27.411  24.956 0.0000000000
111316  -61.127  -27.806  24.756 0.0000000000
111317  -62.146  -28.998  22.302 0.0000000000
111318  -62.257  -28.886  23.040 0.0000000000
111319  -62.316  -29.358  22.924 0.0000000000
111320  -62.466  -29.708  23.519 0.0000000000
111321  -62.604  -30.048  24.078 0.0000000000
111322  -62.659  -30.423  24.650 0.0000000000
111323  -62.523  -30.523  24.051 0.0000000000
111324  -62.298  -30.972  24.034 0.0000000000
111325  -61.988  -31.305  24.056 0.0000000000
111326  -57.438  -29.346  19.162 0.0000000000
111327  -58.219  -29.325  19.456 0.0000000000
111328  -57.794  -29.593  19.795 0.0000000000
111329  -58.078  -29.802  20.350 0.0000000000
111330  -58.313  -30.131  20.905 0.0000000000
111336  -59.502  -32.030  23.539 0.0000000000
115696  -59.661  -28.335  28.921 0.0000000000
115697  -60.088  -28.357  28.644 0.0000000000
115698  -59.282  -27.876  28.244 0.0000000000
115699  -59.924  -28.138  28.284 0.0000000000
115700  -60.564  -28.456  28.309 0.0000000000
115701  -60.989  -28.534  27.980 0.0000000000
115702  -61.397  -28.591  27.607 0.0000000000
115703  -61.710  -28.733  27.163 0.0000000000
116323  -60.805  -16.047  22.371 0.0000000000
116324  -60.277  -16.500  22.339 0.0000000000
116325  -60.574  -16.146  21.803 0.0000000000
116326  -60.390  -16.370  21.282 0.0000000000
120051  -62.468  -31.639  30.498 0.0000000000
120052  -62.309  -31.866  31.053 0.0000000000
121931  -57.278  -23.308  25.699 0.0000000000
121932  -57.427  -22.934  25.628 0.0000000000
121933  -57.567  -23.105  25.194 0.0000000000
121934  -57.731  -23.278  24.734 0.0000000000
121935  -57.911  -22.373  25.009 0.0000000000
121936  -57.867  -22.919  24.652 0.0000000000
121937  -57.862  -23.467  24.278 0.0000000000
121938  -57.938  -23.597  23.834 0.0000000000
121939  -57.988  -23.741  23.385 0.0000000000
121940  -57.982  -23.843  22.901 0.0000000000
121941  -56.062  -20.872  22.953 0.0000000000
121942  -56.256  -21.515  22.873 0.0000000000
121943  -55.869  -21.497  22.754 0.0000000000
121944  -55.710  -22.079  22.492 0.0000000000
121945  -55.556  -22.566  22.230 0.0000000000
121947  -55.112  -22.530  22.194 0.0000000000
121948  -55.414  -23.060  21.932 0.0000000000
121949  -55.303  -23.566  21.568 0.0000000000
121951  -55.157  -24.526  20.901 0.0000000000
125616  -60.134  -27.062  22.765 0.0000000000
125617  -60.535  -27.417  23.153 0.0000000000
125618  -60.712  -27.466  22.428 0.0000000000
125619  -61.234  -27.859  22.115 0.0000000000
125620  -61.656  -28.261  21.875 0.0000000000
125621  -61.071  -28.011  20.834 0.0000000000
125622  -61.516  -28.372  21.241 0.0000000000
125623  -61.887  -28.675  21.733 0.0000000000
125624  -61.943  -29.104  21.696 0.0000000000
125625  -61.807  -29.591  21.760 0.0000000000
125626  -61.582  -29.993  21.780 0.0000000000
125627  -55.177  -30.504  20.952 0.0000000000
125628  -56.022  -30.469  21.101 0.0000000000
125629  -55.367  -30.779  21.579 0.0000000000
125630  -55.556  -31.027  22.131 0.0000000000
129987  -61.720  -30.527  31.453 0.0000000000
129988  -62.094  -30.701  31.130 0.0000000000
129989  -62.359  -30.900  30.703 0.0000000000
129991  -60.465  -29.219  29.644 0.0000000000
129992  -61.030  -29.532  29.763 0.0000000000
129993  -61.422  -29.317  29.055 0.0000000000
129994  -61.491  -29.600  29.445 0.0000000000
129995  -61.574  -29.919  29.857 0.0000000000
129996  -62.055  -30.308  29.990 0.0000000000
129997  -62.388  -30.720  30.202 0.0000000000
129998  -62.505  -31.172  30.325 0.0000000000
129999  -62.607  -31.438  29.874 0.0000000000
130000  -62.597  -31.661  29.395 0.0000000000
130001  -62.493  -31.903  28.928 0.0000000000
130002  -62.736  -31.129  28.251 0.0000000000
130003  -62.613  -31.651  28.337 0.0000000000
131689  -59.160  -19.556  24.835 0.0000000000
131690  -58.837  -20.110  24.611 0.0000000000
131691  -58.970  -19.699  24.459 0.0000000000
131692  -58.639  -19.849  24.140 0.0000000000
131693  -58.289  -19.928  23.883 0.0000000000
131694  -58.870  -18.806  23.837 0.0000000000
131695  -58.365  -19.399  23.794 0.0000000000
131696  -57.917  -20.007  23.697 0.0000000000
131697  -57.518  -20.115  23.543 0.0000000000
131698  -57.143  -20.179  23.322 0.0000000000
131699  -56.757  -20.175  23.162 0.0000000000
131700  -59.715  -16.934  22.321 0.0000000000
131701  -59.081  -17.373  22.376 0.0000000000
131702  -58.469  -17.787  22.519 0.0000000000
131705  -57.911  -18.269  22.628 0.0000000000
131706  -57.331  -18.835  22.797 0.0000000000
131707  -56.831  -19.450  22.901 0.0000000000
131708  -56.416  -20.139  22.952 0.0000000000
135024  -58.447  -27.341  18.585 0.0000000000
135025  -58.853  -27.765  18.646 0.0000000000
135026  -58.196  -27.803  18.372 0.0000000000
135031  -57.101  -29.056  18.614 0.0000000000
135032  -56.647  -29.383  18.895 0.0000000000
135033  -56.160  -29.679  19.237 0.0000000000
135034  -55.611  -29.969  19.691 0.0000000000
135043  -55.071  -30.250  20.202 0.0000000000
135044  -54.448  -30.587  20.740 0.0000000000
135051  -51.045  -32.050  23.362 0.0000000000
146560  -57.494  -25.952  27.129 0.0000000000
146561  -58.007  -26.328  27.070 0.0000000000
146562  -57.850  -26.017  26.863 0.0000000000
146563  -58.145  -26.127  26.508 0.0000000000
146564  -58.432  -26.242  26.030 0.0000000000
146565  -57.661  -25.475  25.984 0.0000000000
146566  -58.123  -25.944  25.802 0.0000000000
146567  -58.676  -26.343  25.563 0.0000000000
146568  -58.909  -26.452  25.034 0.0000000000
146569  -59.096  -26.533  24.465 0.0000000000
146570  -59.359  -26.615  23.836 0.0000000000
146571  -57.374  -23.869  25.404 0.0000000000
146572  -57.567  -24.415  25.062 0.0000000000
146573  -57.782  -24.921  24.719 0.0000000000
146574  -57.970  -24.684  24.068 0.0000000000
146575  -58.023  -25.054  24.217 0.0000000000
146576  -58.143  -25.436  24.369 0.0000000000
146577  -58.566  -25.897  23.994 0.0000000000
146578  -59.045  -26.328  23.570 0.0000000000
146579  -59.594  -26.698  23.175 0.0000000000
146580  -59.839  -26.731  22.494 0.0000000000
146581  -60.012  -26.705  21.827 0.0000000000
146582  -60.049  -26.751  21.176 0.0000000000
146583  -59.349  -26.104  21.484 0.0000000000
146584  -59.712  -26.439  21.012 0.0000000000
146585  -60.023  -26.807  20.555 0.0000000000
146586  -59.775  -26.843  20.010 0.0000000000
146587  -59.466  -26.883  19.570 0.0000000000
146588  -59.108  -26.907  19.181 0.0000000000
146589  -58.475  -20.733  24.442 0.0000000000
146590  -58.232  -21.346  24.235 0.0000000000
146591  -58.066  -21.889  23.957 0.0000000000
146592  -57.778  -21.581  23.544 0.0000000000
146593  -57.926  -22.044  23.584 0.0000000000
146594  -57.965  -22.415  23.631 0.0000000000
146595  -57.910  -22.980  23.290 0.0000000000
146596  -57.879  -23.485  22.892 0.0000000000
146597  -57.903  -23.928  22.425 0.0000000000
146598  -56.480  -22.046  22.703 0.0000000000
146599  -56.717  -22.490  22.514 0.0000000000
146600  -56.961  -22.864  22.354 0.0000000000
146601  -56.547  -23.474  21.790 0.0000000000
146602  -56.872  -23.342  21.962 0.0000000000
146603  -57.203  -23.228  22.213 0.0000000000
146604  -57.536  -23.635  22.081 0.0000000000
146605  -57.779  -24.016  21.995 0.0000000000
146606  -57.985  -24.386  21.941 0.0000000000
146607  -58.128  -24.820  21.399 0.0000000000
146608  -58.312  -25.225  20.939 0.0000000000
146609  -58.485  -25.581  20.457 0.0000000000
146610  -57.753  -25.298  20.272 0.0000000000
146611  -58.190  -25.582  20.081 0.0000000000
146612  -58.666  -25.948  19.966 0.0000000000
146613  -58.691  -26.264  19.569 0.0000000000
146614  -58.678  -26.581  19.207 0.0000000000
146615  -58.640  -26.960  18.861 0.0000000000
146616  -58.040  -26.996  18.632 0.0000000000
146617  -57.437  -27.052  18.398 0.0000000000
150470  -57.121  -25.799  27.358 0.0000000000
150471  -57.036  -25.393  27.153 0.0000000000
150490  -57.622  -21.709  26.178 0.0000000000
150491  -57.878  -21.335  26.069 0.0000000000
150495  -58.481  -20.571  25.777 0.0000000000
150496  -58.829  -20.194  25.595 0.0000000000
150523  -59.501  -19.104  25.565 0.0000000000
150524  -59.346  -19.338  25.201 0.0000000000
150525  -59.541  -18.943  25.008 0.0000000000
150526  -59.726  -18.540  24.805 0.0000000000
150527  -59.900  -18.102  24.562 0.0000000000
150528  -60.530  -17.178  25.025 0.0000000000
150529  -60.348  -17.438  24.642 0.0000000000
150530  -60.097  -17.623  24.286 0.0000000000
150531  -60.302  -17.079  23.991 0.0000000000
150532  -60.555  -16.641  23.636 0.0000000000
150533  -60.788  -16.220  23.241 0.0000000000
150542  -61.025  -15.840  22.799 0.0000000000
150543  -61.307  -15.544  22.307 0.0000000000
150544  -61.636  -15.402  21.787 0.0000000000
156064  -58.568  -26.728  26.978 0.0000000000
156065  -59.185  -27.107  26.956 0.0000000000
156066  -59.753  -27.430  26.916 0.0000000000
156067  -59.940  -27.239  26.080 0.0000000000
156068  -60.183  -27.491  26.466 0.0000000000
156069  -60.353  -27.722  26.841 0.0000000000
156070  -61.001  -27.944  26.758 0.0000000000
156071  -61.524  -28.399  26.699 0.0000000000
156072  -61.967  -28.860  26.610 0.0000000000
156073  -60.918  -27.698  23.629 0.0000000000
156074  -61.270  -27.962  24.094 0.0000000000
156075  -61.597  -28.191  24.544 0.0000000000
156076  -62.133  -28.778  23.703 0.0000000000
156077  -62.048  -28.614  24.350 0.0000000000
156078  -61.854  -28.417  25.026 0.0000000000
156079  -62.037  -28.705  25.536 0.0000000000
156080  -62.196  -29.028  26.036 0.0000000000
156081  -62.340  -29.356  26.501 0.0000000000
156082  -62.574  -29.890  26.375 0.0000000000
156083  -62.715  -30.434  26.275 0.0000000000
156084  -62.732  -30.978  26.239 0.0000000000
156085  -62.627  -30.792  25.177 0.0000000000
156086  -62.612  -31.118  25.666 0.0000000000
156087  -62.539  -31.431  26.227 0.0000000000
156088  -62.174  -31.906  26.296 0.0000000000
156091  -59.285  -28.180  18.907 0.0000000000
156092  -59.701  -28.628  19.332 0.0000000000
156093  -60.159  -28.991  19.816 0.0000000000
156094  -58.973  -29.345  19.704 0.0000000000
156095  -59.806  -29.347  19.984 0.0000000000
156096  -60.488  -29.338  20.378 0.0000000000
156097  -60.763  -29.683  20.941 0.0000000000
156098  -61.034  -30.005  21.376 0.0000000000
156099  -61.262  -30.330  21.842 0.0000000000
156100  -56.865  -30.451  21.222 0.0000000000
156101  -57.711  -30.477  21.294 0.0000000000
156102  -58.500  -30.545  21.359 0.0000000000
156104  -58.707  -30.905  21.863 0.0000000000
156105  -59.321  -30.589  21.514 0.0000000000
156106  -60.089  -30.592  21.706 0.0000000000
156107  -60.831  -30.635  21.994 0.0000000000
156108  -61.403  -30.649  22.392 0.0000000000
156109  -61.472  -30.954  22.950 0.0000000000
156110  -61.508  -31.275  23.502 0.0000000000
156111  -61.494  -31.618  24.099 0.0000000000
156112  -60.219  -32.008  23.797 0.0000000000
156113  -60.855  -31.942  24.200 0.0000000000
156114  -61.382  -31.966  24.754 0.0000000000
