#!ascii label  , from subject fsaverage vox2ras=TkReg
123
964  -37.811  -2.705  -16.547 0.0000000000
1973  -37.524  -5.090  -14.155 0.0000000000
2882  -35.447  -5.499  -8.497 0.0000000000
4329  -36.584  -3.289  -10.596 0.0000000000
4330  -37.067  -2.346  -11.766 0.0000000000
6342  -37.174  -1.176  -12.834 0.0000000000
8507  -36.104  -4.347  -9.536 0.0000000000
8510  -37.723  -3.943  -15.357 0.0000000000
10561  -35.075  -5.979  -7.870 0.0000000000
12009  -36.748  -1.113  -10.142 0.0000000000
12010  -36.855  -0.599  -10.694 0.0000000000
18744  -35.874  -3.189  -7.890 0.0000000000
18746  -37.033  -4.365  -12.345 0.0000000000
18747  -36.685  -4.836  -11.710 0.0000000000
18751  -37.498  -2.070  -14.682 0.0000000000
18752  -37.466  -2.666  -14.088 0.0000000000
26223  -36.340  -2.154  -8.978 0.0000000000
26224  -36.568  -1.617  -9.547 0.0000000000
26225  -36.859  -2.861  -11.212 0.0000000000
26226  -37.275  -3.860  -12.949 0.0000000000
30156  -36.882  -0.012  -11.266 0.0000000000
30158  -37.208  -0.590  -13.463 0.0000000000
35790  -35.850  -4.899  -9.078 0.0000000000
35792  -36.338  -3.823  -10.024 0.0000000000
35793  -36.464  -5.382  -11.168 0.0000000000
35798  -37.164  -1.776  -12.292 0.0000000000
35799  -37.361  -3.195  -13.439 0.0000000000
35800  -37.627  -4.563  -14.789 0.0000000000
42729  -36.730  0.120  -9.911 0.0000000000
42730  -36.768  0.386  -10.232 0.0000000000
49466  -37.240  -4.759  -13.190 0.0000000000
49467  -37.121  -5.016  -12.903 0.0000000000
49468  -37.413  -5.389  -13.849 0.0000000000
49471  -37.649  -2.430  -15.623 0.0000000000
49472  -37.639  -2.739  -15.366 0.0000000000
54723  -35.272  -5.718  -8.185 0.0000000000
54727  -35.594  -5.989  -9.312 0.0000000000
59065  -36.570  -0.650  -9.057 0.0000000000
59066  -36.891  -1.779  -10.946 0.0000000000
59067  -36.820  -2.081  -10.706 0.0000000000
59068  -36.999  -2.646  -11.517 0.0000000000
59069  -37.076  -3.394  -12.072 0.0000000000
59070  -37.185  -3.144  -12.339 0.0000000000
66269  -37.386  -1.123  -14.353 0.0000000000
79271  -35.995  -3.789  -8.721 0.0000000000
79272  -35.902  -4.115  -8.493 0.0000000000
79273  -35.980  -4.633  -9.297 0.0000000000
79274  -35.918  -5.468  -9.905 0.0000000000
79275  -36.110  -5.151  -10.097 0.0000000000
79276  -36.445  -2.744  -9.763 0.0000000000
79277  -36.339  -2.994  -9.469 0.0000000000
79278  -36.461  -3.569  -10.310 0.0000000000
79279  -36.886  -5.546  -12.278 0.0000000000
79280  -36.568  -5.080  -11.418 0.0000000000
79281  -36.806  -5.818  -12.023 0.0000000000
79291  -37.018  -0.622  -12.035 0.0000000000
79292  -37.014  -0.927  -11.781 0.0000000000
79293  -37.170  -1.467  -12.595 0.0000000000
79294  -37.603  -3.362  -14.768 0.0000000000
79295  -37.432  -2.944  -13.766 0.0000000000
79296  -37.540  -3.577  -14.347 0.0000000000
79297  -37.482  -3.912  -14.115 0.0000000000
79298  -37.689  -4.236  -15.070 0.0000000000
92736  -34.837  -5.770  -6.900 0.0000000000
92738  -34.983  -5.499  -7.186 0.0000000000
95343  -36.649  -0.403  -9.374 0.0000000000
95344  -36.696  -0.109  -9.626 0.0000000000
95345  -36.781  -0.817  -10.361 0.0000000000
95346  -36.941  -1.487  -11.219 0.0000000000
107468  -36.033  -2.912  -8.156 0.0000000000
107469  -36.107  -3.531  -8.980 0.0000000000
107470  -36.784  -3.829  -11.462 0.0000000000
107471  -36.606  -4.064  -11.149 0.0000000000
107472  -36.851  -4.570  -12.018 0.0000000000
107473  -36.992  -5.248  -12.573 0.0000000000
107479  -37.341  -1.637  -13.730 0.0000000000
107480  -37.325  -1.934  -13.445 0.0000000000
107481  -37.473  -2.354  -14.332 0.0000000000
107482  -37.628  -3.064  -15.057 0.0000000000
107483  -37.792  -3.693  -15.740 0.0000000000
111105  -35.132  -6.293  -5.323 0.0000000000
122627  -36.457  -1.866  -9.257 0.0000000000
122628  -36.572  -2.493  -10.071 0.0000000000
122629  -36.651  -1.432  -9.883 0.0000000000
122630  -36.674  -2.281  -10.367 0.0000000000
122631  -36.734  -3.088  -10.929 0.0000000000
122632  -36.934  -3.615  -11.798 0.0000000000
122633  -37.153  -4.079  -12.640 0.0000000000
122634  -37.365  -4.490  -13.531 0.0000000000
132318  -36.773  0.619  -10.515 0.0000000000
132319  -36.756  0.944  -10.800 0.0000000000
132320  -36.887  0.274  -11.549 0.0000000000
132321  -37.030  -0.373  -12.308 0.0000000000
132323  -37.039  -0.063  -12.653 0.0000000000
132324  -37.193  -0.874  -13.151 0.0000000000
132325  -37.357  -1.346  -14.035 0.0000000000
132326  -37.505  -1.760  -14.901 0.0000000000
132327  -37.623  -2.101  -15.742 0.0000000000
132335  -37.648  -1.801  -16.107 0.0000000000
148357  -35.544  -4.646  -7.956 0.0000000000
148359  -35.746  -4.342  -8.255 0.0000000000
148360  -35.665  -5.196  -8.787 0.0000000000
148361  -35.792  -5.733  -9.622 0.0000000000
148364  -36.246  -2.368  -8.640 0.0000000000
148365  -36.214  -3.230  -9.176 0.0000000000
148366  -36.211  -4.091  -9.784 0.0000000000
148367  -36.486  -4.360  -10.878 0.0000000000
148368  -36.343  -4.587  -10.599 0.0000000000
148369  -36.227  -4.888  -10.357 0.0000000000
148370  -36.324  -5.652  -10.913 0.0000000000
148382  -36.889  -0.307  -10.995 0.0000000000
148383  -37.001  -1.241  -11.492 0.0000000000
148384  -37.112  -2.033  -12.018 0.0000000000
148385  -37.323  -2.241  -13.196 0.0000000000
148386  -37.281  -2.508  -12.833 0.0000000000
148387  -37.208  -2.789  -12.578 0.0000000000
148388  -37.320  -3.550  -13.219 0.0000000000
148389  -37.436  -4.255  -13.850 0.0000000000
148390  -37.605  -4.842  -14.491 0.0000000000
148397  -37.904  -4.819  -15.758 0.0000000000
155654  -34.961  -6.159  -5.741 0.0000000000
155655  -34.836  -6.027  -6.119 0.0000000000
155656  -34.774  -5.864  -6.481 0.0000000000
