#!ascii label  , from subject fsaverage vox2ras=TkReg
1620
66  -55.353  -50.638  30.105 0.0000000000
279  -60.866  -32.868  27.169 0.0000000000
542  -57.724  -46.019  30.160 0.0000000000
543  -54.760  -47.514  22.698 0.0000000000
544  -50.337  -32.704  24.335 0.0000000000
545  -46.197  -42.804  22.073 0.0000000000
1197  -53.350  -43.926  31.009 0.0000000000
1198  -55.879  -47.508  26.625 0.0000000000
1199  -51.138  -45.737  27.202 0.0000000000
1201  -55.819  -30.193  20.392 0.0000000000
1202  -50.101  -31.677  19.054 0.0000000000
1203  -42.186  -40.400  16.066 0.0000000000
1204  -42.852  -39.687  21.880 0.0000000000
1205  -46.459  -41.260  17.150 0.0000000000
1206  -50.713  -42.853  17.709 0.0000000000
1207  -52.701  -39.436  13.749 0.0000000000
1209  -54.204  -36.554  10.081 0.0000000000
1488  -53.318  -48.796  33.463 0.0000000000
2268  -58.627  -49.050  30.485 0.0000000000
2273  -56.122  -33.037  24.638 0.0000000000
2274  -49.930  -36.951  27.339 0.0000000000
2276  -45.597  -38.327  25.748 0.0000000000
2277  -47.721  -42.546  26.695 0.0000000000
2278  -50.053  -45.235  22.305 0.0000000000
2837  -53.007  -50.557  30.283 0.0000000000
3118  -52.130  -44.870  29.230 0.0000000000
3119  -50.528  -43.424  29.225 0.0000000000
3124  -44.271  -40.883  16.530 0.0000000000
3125  -47.034  -40.448  14.265 0.0000000000
3126  -49.264  -40.638  15.247 0.0000000000
3127  -50.246  -39.348  12.691 0.0000000000
3128  -53.509  -38.147  11.743 0.0000000000
5030  -58.451  -45.490  32.201 0.0000000000
5032  -59.146  -47.244  30.357 0.0000000000
5033  -59.450  -49.365  28.642 0.0000000000
5034  -59.049  -47.688  28.385 0.0000000000
5035  -55.179  -47.864  24.703 0.0000000000
5036  -57.980  -48.448  24.668 0.0000000000
5043  -53.304  -31.353  22.427 0.0000000000
5044  -56.552  -31.423  22.740 0.0000000000
5045  -53.354  -32.643  24.505 0.0000000000
5046  -52.776  -34.634  26.212 0.0000000000
5047  -49.942  -34.634  25.989 0.0000000000
5048  -42.351  -35.061  19.302 0.0000000000
5049  -44.850  -34.126  20.196 0.0000000000
5050  -42.349  -35.665  21.923 0.0000000000
5051  -44.469  -41.208  22.004 0.0000000000
5052  -43.894  -39.092  24.126 0.0000000000
5053  -45.248  -41.140  24.305 0.0000000000
5054  -46.515  -40.690  26.195 0.0000000000
5055  -46.724  -43.011  24.488 0.0000000000
5056  -48.413  -44.421  24.681 0.0000000000
5057  -48.120  -44.149  22.047 0.0000000000
6762  -54.744  -43.013  32.476 0.0000000000
6763  -55.317  -45.162  30.603 0.0000000000
6764  -56.717  -46.935  28.498 0.0000000000
6765  -54.242  -46.067  28.784 0.0000000000
6766  -53.349  -46.788  26.885 0.0000000000
6767  -52.737  -47.022  24.808 0.0000000000
6771  -52.870  -30.771  19.782 0.0000000000
6772  -50.200  -32.013  21.956 0.0000000000
6773  -40.622  -39.285  18.774 0.0000000000
6774  -41.399  -38.333  21.370 0.0000000000
6775  -42.334  -40.281  19.124 0.0000000000
6776  -44.209  -41.033  19.526 0.0000000000
6777  -46.104  -42.074  19.722 0.0000000000
6778  -48.106  -43.309  19.768 0.0000000000
6779  -48.569  -41.945  17.653 0.0000000000
6780  -51.584  -41.002  15.924 0.0000000000
6783  -56.025  -38.584  12.716 0.0000000000
6784  -56.916  -36.991  11.005 0.0000000000
6785  -57.728  -35.174  9.597 0.0000000000
7313  -51.968  -49.865  31.906 0.0000000000
7314  -54.326  -49.783  31.805 0.0000000000
7703  -52.620  -38.334  29.438 0.0000000000
7708  -40.283  -35.849  18.640 0.0000000000
7711  -39.342  -38.146  18.172 0.0000000000
7712  -40.351  -39.671  15.835 0.0000000000
9356  -55.289  -48.610  34.116 0.0000000000
9357  -56.143  -49.584  32.325 0.0000000000
9367  -58.283  -50.937  28.674 0.0000000000
9370  -58.641  -48.148  26.489 0.0000000000
9378  -61.928  -31.675  24.698 0.0000000000
9379  -59.130  -30.193  21.100 0.0000000000
9380  -59.581  -31.604  23.056 0.0000000000
9381  -58.905  -32.990  25.292 0.0000000000
9382  -55.330  -34.749  26.819 0.0000000000
9383  -52.412  -36.728  27.856 0.0000000000
9384  -50.274  -38.916  28.673 0.0000000000
9385  -47.451  -32.620  18.405 0.0000000000
9386  -47.512  -33.112  21.260 0.0000000000
9389  -44.857  -35.998  25.007 0.0000000000
9390  -47.424  -35.134  25.680 0.0000000000
9391  -47.712  -37.610  26.699 0.0000000000
9392  -48.280  -39.888  27.518 0.0000000000
9393  -49.247  -41.802  28.433 0.0000000000
9394  -49.250  -44.228  27.125 0.0000000000
9395  -50.383  -45.816  24.781 0.0000000000
9396  -52.284  -46.350  22.582 0.0000000000
9397  -50.194  -44.314  19.909 0.0000000000
9413  -54.815  -34.802  8.690 0.0000000000
10517  -54.159  -50.571  30.174 0.0000000000
10518  -53.301  -50.738  29.223 0.0000000000
10519  -54.526  -50.876  29.183 0.0000000000
10795  -51.787  -40.319  30.518 0.0000000000
10797  -51.329  -41.612  30.455 0.0000000000
10798  -51.192  -42.840  30.007 0.0000000000
10799  -50.669  -42.146  29.714 0.0000000000
10804  -45.842  -40.323  13.847 0.0000000000
10808  -50.527  -38.667  11.755 0.0000000000
11395  -61.585  -32.657  28.018 0.0000000000
11399  -59.235  -33.279  27.689 0.0000000000
12708  -57.106  -45.202  31.238 0.0000000000
12709  -57.673  -44.872  32.121 0.0000000000
12710  -58.226  -45.706  31.097 0.0000000000
12711  -58.887  -46.376  31.227 0.0000000000
12712  -58.704  -46.516  30.185 0.0000000000
12713  -59.219  -47.438  29.306 0.0000000000
12714  -58.426  -46.880  29.276 0.0000000000
12715  -54.942  -47.785  23.687 0.0000000000
12716  -56.296  -48.125  23.728 0.0000000000
12723  -51.851  -31.921  23.439 0.0000000000
12724  -53.458  -31.860  23.555 0.0000000000
12725  -51.862  -32.639  24.410 0.0000000000
12726  -51.572  -33.559  25.273 0.0000000000
12727  -50.182  -33.546  25.226 0.0000000000
12728  -41.248  -35.862  20.061 0.0000000000
12729  -42.355  -35.291  20.584 0.0000000000
12731  -45.319  -41.990  22.070 0.0000000000
12732  -44.742  -41.220  23.221 0.0000000000
12733  -45.571  -42.183  23.266 0.0000000000
12734  -45.947  -42.108  24.422 0.0000000000
12735  -46.418  -42.987  23.352 0.0000000000
12736  -47.261  -43.715  23.311 0.0000000000
12737  -47.155  -43.502  22.026 0.0000000000
15110  -53.985  -43.456  31.801 0.0000000000
15111  -54.858  -44.216  31.706 0.0000000000
15112  -54.270  -44.621  30.848 0.0000000000
15113  -54.750  -45.598  29.703 0.0000000000
15114  -53.713  -45.017  29.942 0.0000000000
15115  -51.604  -45.365  28.308 0.0000000000
15116  -52.625  -45.957  28.063 0.0000000000
15117  -52.155  -46.354  27.082 0.0000000000
15118  -52.968  -46.946  25.902 0.0000000000
15119  -51.816  -46.527  26.012 0.0000000000
15125  -51.506  -31.211  19.425 0.0000000000
15126  -51.552  -31.465  20.792 0.0000000000
15127  -50.195  -31.981  20.443 0.0000000000
15128  -41.266  -40.050  17.451 0.0000000000
15129  -41.407  -39.840  18.999 0.0000000000
15130  -42.211  -40.421  17.605 0.0000000000
15131  -45.321  -41.079  16.882 0.0000000000
15132  -44.241  -40.962  18.049 0.0000000000
15133  -45.196  -41.295  18.286 0.0000000000
15134  -45.181  -41.499  19.604 0.0000000000
15135  -46.218  -41.641  18.507 0.0000000000
15136  -47.235  -42.105  18.665 0.0000000000
15137  -47.529  -41.519  17.427 0.0000000000
15138  -50.980  -40.063  14.437 0.0000000000
15139  -50.467  -40.730  15.644 0.0000000000
15140  -52.131  -40.156  14.903 0.0000000000
15142  -53.914  -39.610  14.121 0.0000000000
15144  -54.329  -39.023  13.253 0.0000000000
15145  -53.842  -37.411  10.891 0.0000000000
15146  -55.169  -37.632  11.337 0.0000000000
15147  -55.581  -36.749  10.523 0.0000000000
15148  -57.423  -36.048  10.278 0.0000000000
15149  -55.943  -35.861  9.755 0.0000000000
16084  -52.577  -49.339  32.556 0.0000000000
16085  -53.059  -49.755  31.792 0.0000000000
16086  -53.792  -49.208  32.600 0.0000000000
16934  -38.878  -37.498  17.976 0.0000000000
16936  -39.665  -39.102  17.112 0.0000000000
16937  -39.452  -39.175  15.781 0.0000000000
20833  -55.729  -49.089  33.197 0.0000000000
20834  -56.543  -48.776  33.498 0.0000000000
20853  -58.616  -47.997  31.606 0.0000000000
20855  -58.121  -48.807  31.641 0.0000000000
20856  -57.488  -49.506  31.600 0.0000000000
20857  -58.064  -49.881  30.495 0.0000000000
20865  -56.314  -47.186  27.574 0.0000000000
20866  -57.636  -47.495  27.503 0.0000000000
20867  -57.304  -47.809  26.580 0.0000000000
20887  -61.976  -30.937  23.470 0.0000000000
20888  -56.981  -29.628  19.498 0.0000000000
20890  -57.459  -30.132  20.759 0.0000000000
20891  -56.504  -32.156  23.716 0.0000000000
20892  -58.172  -31.534  22.767 0.0000000000
20893  -57.893  -32.382  23.753 0.0000000000
20894  -59.359  -32.442  24.024 0.0000000000
20895  -57.581  -33.126  24.857 0.0000000000
20897  -55.751  -33.909  25.712 0.0000000000
20898  -51.203  -35.708  26.885 0.0000000000
20899  -52.486  -35.797  27.071 0.0000000000
20900  -51.164  -36.791  27.617 0.0000000000
20901  -51.233  -37.707  28.267 0.0000000000
20902  -50.057  -38.011  27.945 0.0000000000
20905  -46.069  -32.887  18.043 0.0000000000
20907  -46.138  -33.665  20.726 0.0000000000
20908  -46.100  -33.702  22.189 0.0000000000
20910  -46.042  -33.945  23.579 0.0000000000
20911  -42.100  -38.998  21.690 0.0000000000
20912  -42.053  -37.725  22.536 0.0000000000
20913  -42.604  -38.547  22.855 0.0000000000
20914  -44.650  -38.702  25.044 0.0000000000
20915  -44.125  -37.559  24.788 0.0000000000
20916  -45.181  -37.130  25.411 0.0000000000
20917  -46.121  -35.518  25.453 0.0000000000
20918  -46.330  -36.728  25.930 0.0000000000
20919  -47.530  -36.400  26.205 0.0000000000
20920  -46.631  -37.967  26.295 0.0000000000
20921  -47.058  -41.721  26.490 0.0000000000
20922  -47.336  -40.337  26.902 0.0000000000
20923  -47.812  -41.323  27.336 0.0000000000
20924  -48.733  -40.910  28.006 0.0000000000
20925  -48.407  -42.195  27.645 0.0000000000
20926  -49.124  -43.080  27.939 0.0000000000
20927  -48.467  -43.408  26.959 0.0000000000
20928  -49.140  -44.982  23.420 0.0000000000
20929  -49.398  -45.124  24.706 0.0000000000
20930  -50.192  -45.594  23.471 0.0000000000
20931  -51.267  -46.205  23.615 0.0000000000
20932  -51.166  -45.804  22.475 0.0000000000
20933  -49.364  -43.212  18.743 0.0000000000
20934  -49.105  -43.865  19.790 0.0000000000
20935  -50.437  -43.672  18.762 0.0000000000
20939  -53.506  -45.758  20.500 0.0000000000
20965  -65.043  -34.653  8.815 0.0000000000
24041  -53.042  -40.645  31.543 0.0000000000
24042  -52.586  -41.822  31.483 0.0000000000
24043  -52.516  -43.134  30.987 0.0000000000
24044  -52.735  -44.371  30.141 0.0000000000
24045  -51.907  -43.662  30.121 0.0000000000
24046  -51.276  -44.189  29.276 0.0000000000
24047  -50.705  -44.665  28.400 0.0000000000
24054  -43.232  -40.671  16.243 0.0000000000
24056  -45.550  -40.770  15.316 0.0000000000
24057  -46.773  -40.867  15.707 0.0000000000
24058  -47.866  -41.022  16.102 0.0000000000
24059  -48.155  -40.532  14.711 0.0000000000
24060  -49.790  -40.016  13.896 0.0000000000
24061  -51.465  -39.387  13.198 0.0000000000
24062  -53.145  -38.829  12.736 0.0000000000
24063  -51.817  -38.762  12.227 0.0000000000
24064  -52.149  -38.048  11.370 0.0000000000
24065  -52.453  -37.229  10.519 0.0000000000
27489  -58.944  -47.149  31.459 0.0000000000
27490  -59.053  -48.136  30.486 0.0000000000
27491  -59.105  -49.243  29.584 0.0000000000
27492  -59.325  -48.282  29.474 0.0000000000
27493  -59.514  -48.399  28.504 0.0000000000
27495  -55.506  -47.826  25.692 0.0000000000
27496  -56.918  -48.091  25.651 0.0000000000
27497  -56.599  -48.155  24.705 0.0000000000
27498  -57.653  -48.436  23.651 0.0000000000
27509  -54.572  -30.810  21.404 0.0000000000
27510  -56.212  -30.768  21.684 0.0000000000
27511  -54.906  -31.267  22.600 0.0000000000
27512  -54.981  -31.933  23.705 0.0000000000
27513  -54.729  -32.792  24.520 0.0000000000
27514  -54.382  -33.791  25.407 0.0000000000
27515  -52.980  -33.641  25.324 0.0000000000
27516  -51.317  -34.626  26.120 0.0000000000
27517  -49.891  -35.803  26.718 0.0000000000
27518  -43.497  -34.320  18.475 0.0000000000
27519  -44.836  -33.927  18.822 0.0000000000
27520  -43.612  -34.590  19.654 0.0000000000
27521  -43.463  -34.718  21.220 0.0000000000
27522  -43.430  -35.034  22.556 0.0000000000
27523  -43.633  -40.441  21.945 0.0000000000
27524  -43.279  -39.414  23.057 0.0000000000
27525  -44.003  -40.318  23.177 0.0000000000
27526  -44.531  -40.113  24.233 0.0000000000
27527  -45.208  -39.834  25.172 0.0000000000
27528  -46.048  -39.519  25.992 0.0000000000
27529  -45.843  -40.981  25.280 0.0000000000
27530  -46.436  -41.983  25.517 0.0000000000
27531  -47.164  -42.879  25.664 0.0000000000
27532  -47.956  -43.670  25.828 0.0000000000
27533  -47.559  -43.773  24.655 0.0000000000
27534  -48.194  -44.356  23.401 0.0000000000
27535  -49.025  -44.718  22.150 0.0000000000
27536  -52.265  -42.431  16.759 0.0000000000
27555  -64.164  -35.185  9.965 0.0000000000
29302  -62.498  -31.866  27.861 0.0000000000
29303  -61.993  -32.217  26.916 0.0000000000
31140  -55.913  -44.768  31.523 0.0000000000
31141  -56.462  -45.628  30.307 0.0000000000
31142  -57.201  -46.497  29.286 0.0000000000
31143  -55.931  -46.108  29.413 0.0000000000
31144  -55.405  -46.573  28.565 0.0000000000
31145  -54.992  -46.894  27.748 0.0000000000
31146  -53.146  -45.502  29.057 0.0000000000
31147  -53.824  -46.503  27.836 0.0000000000
31148  -54.597  -47.191  26.715 0.0000000000
31149  -54.243  -47.416  25.718 0.0000000000
31150  -53.882  -47.510  24.727 0.0000000000
31151  -53.650  -47.353  23.714 0.0000000000
31156  -55.357  -29.757  19.046 0.0000000000
31159  -54.303  -30.413  20.089 0.0000000000
31160  -53.063  -31.050  21.081 0.0000000000
31161  -51.697  -31.598  22.192 0.0000000000
31162  -50.340  -32.167  23.257 0.0000000000
31164  -40.901  -37.641  20.902 0.0000000000
31166  -41.698  -39.481  20.370 0.0000000000
31167  -42.518  -39.988  20.570 0.0000000000
31168  -43.224  -40.705  17.802 0.0000000000
31169  -43.244  -40.652  19.337 0.0000000000
31170  -43.400  -40.597  20.679 0.0000000000
31171  -44.312  -41.149  20.769 0.0000000000
31172  -45.162  -41.777  20.880 0.0000000000
31173  -46.096  -42.460  20.895 0.0000000000
31174  -47.107  -43.111  20.783 0.0000000000
31175  -47.124  -42.675  19.730 0.0000000000
31176  -48.277  -42.680  18.725 0.0000000000
31177  -49.650  -42.368  17.713 0.0000000000
31178  -48.914  -41.242  16.519 0.0000000000
31179  -50.001  -41.536  16.741 0.0000000000
31180  -51.105  -41.962  16.762 0.0000000000
31181  -52.719  -41.473  15.895 0.0000000000
31188  -54.779  -38.406  12.243 0.0000000000
31189  -56.532  -37.821  11.814 0.0000000000
31190  -58.262  -37.228  11.527 0.0000000000
31191  -58.674  -36.331  10.788 0.0000000000
31192  -59.095  -35.402  10.173 0.0000000000
31193  -59.468  -34.585  9.596 0.0000000000
32470  -52.497  -50.175  31.099 0.0000000000
32471  -53.629  -50.182  31.026 0.0000000000
32472  -54.842  -50.269  30.982 0.0000000000
33526  -52.648  -39.173  30.178 0.0000000000
33527  -51.554  -39.478  29.845 0.0000000000
33537  -41.236  -35.435  18.983 0.0000000000
33538  -40.330  -36.418  19.395 0.0000000000
33545  -39.309  -36.317  18.335 0.0000000000
33546  -39.517  -37.015  18.761 0.0000000000
33547  -39.860  -37.633  19.270 0.0000000000
33549  -40.440  -39.584  17.282 0.0000000000
33550  -41.240  -40.080  15.943 0.0000000000
38310  -54.317  -48.671  33.767 0.0000000000
38311  -54.784  -49.131  32.826 0.0000000000
38312  -55.286  -49.724  32.005 0.0000000000
38313  -55.752  -50.217  31.144 0.0000000000
38339  -56.662  -49.960  31.444 0.0000000000
38340  -56.303  -50.553  30.235 0.0000000000
38341  -56.827  -50.830  29.400 0.0000000000
38350  -58.082  -47.216  28.380 0.0000000000
38351  -58.853  -47.955  27.417 0.0000000000
38353  -58.373  -48.308  25.637 0.0000000000
38375  -62.330  -31.584  25.697 0.0000000000
38376  -61.507  -32.386  25.850 0.0000000000
38378  -60.120  -29.671  20.554 0.0000000000
38379  -60.652  -30.317  21.474 0.0000000000
38380  -57.840  -30.909  21.744 0.0000000000
38381  -59.531  -30.902  22.019 0.0000000000
38382  -60.909  -30.933  22.508 0.0000000000
38383  -60.938  -31.613  23.598 0.0000000000
38384  -60.683  -32.286  24.821 0.0000000000
38385  -60.090  -32.877  26.142 0.0000000000
38389  -54.113  -34.800  26.368 0.0000000000
38390  -53.801  -35.819  27.323 0.0000000000
38391  -53.669  -36.522  28.257 0.0000000000
38392  -52.499  -37.513  28.595 0.0000000000
38393  -51.389  -38.606  29.076 0.0000000000
38394  -50.582  -39.873  29.335 0.0000000000
38398  -46.203  -33.485  19.230 0.0000000000
38399  -47.549  -33.066  19.710 0.0000000000
38400  -48.804  -32.594  20.094 0.0000000000
38401  -48.825  -32.554  21.613 0.0000000000
38402  -48.868  -32.646  23.029 0.0000000000
38403  -48.878  -33.076  24.185 0.0000000000
38406  -43.527  -35.656  23.664 0.0000000000
38407  -43.323  -37.986  23.986 0.0000000000
38408  -43.769  -36.540  24.405 0.0000000000
38410  -46.006  -34.558  24.722 0.0000000000
38411  -47.377  -34.161  24.993 0.0000000000
38413  -48.686  -34.829  25.825 0.0000000000
38414  -48.634  -36.073  26.470 0.0000000000
38415  -48.721  -37.280  27.043 0.0000000000
38416  -47.009  -39.189  26.571 0.0000000000
38417  -47.952  -38.815  26.977 0.0000000000
38418  -48.955  -38.381  27.488 0.0000000000
38419  -49.255  -39.451  28.082 0.0000000000
38420  -49.626  -40.392  28.646 0.0000000000
38421  -50.090  -41.318  29.221 0.0000000000
38422  -49.869  -42.634  28.822 0.0000000000
38423  -49.862  -43.924  28.241 0.0000000000
38424  -50.136  -45.045  27.232 0.0000000000
38425  -48.820  -44.415  25.984 0.0000000000
38426  -49.699  -45.162  25.982 0.0000000000
38427  -50.722  -45.909  25.975 0.0000000000
38428  -51.494  -46.453  24.774 0.0000000000
38429  -52.412  -46.805  23.638 0.0000000000
38430  -53.468  -46.954  22.640 0.0000000000
38431  -48.002  -43.762  20.793 0.0000000000
38432  -49.012  -44.408  20.953 0.0000000000
38433  -50.072  -44.857  21.108 0.0000000000
38434  -51.528  -44.131  18.895 0.0000000000
38435  -51.259  -44.743  20.058 0.0000000000
38436  -51.141  -45.316  21.285 0.0000000000
38437  -52.264  -45.828  21.488 0.0000000000
38438  -53.487  -46.452  21.548 0.0000000000
38439  -54.637  -47.000  21.612 0.0000000000
38481  -54.476  -35.676  9.325 0.0000000000
38482  -56.254  -34.990  9.085 0.0000000000
38483  -58.015  -34.342  9.032 0.0000000000
41237  -54.771  -50.607  30.147 0.0000000000
41238  -54.359  -50.733  29.696 0.0000000000
41239  -54.954  -50.765  29.644 0.0000000000
41241  -55.553  -50.794  29.623 0.0000000000
41515  -51.352  -40.573  30.266 0.0000000000
41516  -51.505  -40.965  30.524 0.0000000000
41517  -51.113  -41.235  30.224 0.0000000000
41518  -50.971  -41.882  30.156 0.0000000000
41519  -50.745  -41.486  29.887 0.0000000000
42115  -61.211  -32.775  27.609 0.0000000000
42116  -60.855  -32.892  28.199 0.0000000000
42117  -60.497  -32.990  27.793 0.0000000000
42118  -59.687  -33.197  28.040 0.0000000000
42119  -60.083  -33.074  27.412 0.0000000000
43428  -57.393  -45.626  30.645 0.0000000000
43429  -57.703  -45.435  31.148 0.0000000000
43430  -58.000  -45.853  30.587 0.0000000000
43431  -58.536  -46.111  30.597 0.0000000000
43432  -58.275  -46.236  30.147 0.0000000000
43433  -58.610  -46.668  29.726 0.0000000000
43434  -58.092  -46.455  29.712 0.0000000000
43435  -54.826  -47.686  23.199 0.0000000000
43436  -55.557  -47.884  23.156 0.0000000000
43437  -55.445  -47.719  22.644 0.0000000000
43439  -55.369  -47.537  22.148 0.0000000000
43443  -51.076  -32.320  23.886 0.0000000000
43444  -51.889  -32.235  23.929 0.0000000000
43445  -51.101  -32.660  24.373 0.0000000000
43446  -51.026  -33.082  24.834 0.0000000000
43447  -50.304  -33.081  24.835 0.0000000000
43448  -40.847  -36.380  20.225 0.0000000000
43451  -45.762  -42.388  22.085 0.0000000000
43452  -45.421  -42.082  22.678 0.0000000000
43453  -45.844  -42.513  22.695 0.0000000000
43454  -45.995  -42.591  23.316 0.0000000000
43455  -46.286  -42.933  22.699 0.0000000000
43456  -46.753  -43.293  22.710 0.0000000000
43457  -46.666  -43.158  22.059 0.0000000000
45828  -53.227  -43.296  31.422 0.0000000000
45829  -53.615  -43.064  31.803 0.0000000000
45830  -53.663  -43.683  31.421 0.0000000000
45831  -54.080  -44.058  31.372 0.0000000000
45832  -53.787  -44.275  30.940 0.0000000000
45833  -53.979  -44.783  30.380 0.0000000000
45834  -53.498  -44.483  30.502 0.0000000000
45835  -51.362  -45.588  27.768 0.0000000000
45836  -51.858  -45.881  27.744 0.0000000000
45837  -51.615  -46.061  27.163 0.0000000000
45838  -51.962  -46.471  26.575 0.0000000000
45839  -51.433  -46.162  26.597 0.0000000000
45845  -50.785  -31.446  19.240 0.0000000000
45846  -50.872  -31.623  19.921 0.0000000000
45847  -50.165  -31.910  19.698 0.0000000000
45848  -41.712  -40.271  16.762 0.0000000000
45849  -41.723  -40.249  17.518 0.0000000000
45850  -42.193  -40.423  16.821 0.0000000000
45851  -45.884  -41.165  17.030 0.0000000000
45852  -45.231  -41.190  17.618 0.0000000000
45853  -45.800  -41.306  17.716 0.0000000000
45854  -45.712  -41.456  18.386 0.0000000000
45855  -46.334  -41.439  17.842 0.0000000000
45856  -46.852  -41.618  17.947 0.0000000000
45857  -46.978  -41.378  17.289 0.0000000000
45858  -51.828  -39.750  14.080 0.0000000000
45859  -51.542  -40.096  14.685 0.0000000000
45860  -52.403  -39.789  14.339 0.0000000000
45861  -53.052  -39.865  14.536 0.0000000000
45862  -53.275  -39.514  13.989 0.0000000000
45863  -54.105  -39.308  13.701 0.0000000000
45864  -53.508  -39.220  13.513 0.0000000000
45865  -54.016  -37.010  10.490 0.0000000000
45866  -54.717  -37.095  10.685 0.0000000000
45867  -54.899  -36.684  10.295 0.0000000000
45868  -55.770  -36.326  10.146 0.0000000000
45869  -55.066  -36.223  9.909 0.0000000000
46802  -52.687  -48.870  33.423 0.0000000000
46803  -52.305  -49.142  32.971 0.0000000000
46804  -52.959  -49.089  32.977 0.0000000000
46805  -53.201  -49.302  32.567 0.0000000000
46806  -53.560  -49.017  33.010 0.0000000000
47656  -39.173  -38.891  16.417 0.0000000000
51553  -56.367  -48.555  33.946 0.0000000000
51573  -58.599  -48.507  31.085 0.0000000000
51574  -58.359  -48.433  31.622 0.0000000000
51575  -58.335  -48.947  31.100 0.0000000000
51576  -58.098  -49.341  31.101 0.0000000000
51577  -58.371  -49.494  30.469 0.0000000000
51578  -58.387  -49.997  30.009 0.0000000000
51579  -58.619  -49.612  29.996 0.0000000000
51585  -56.085  -47.322  27.073 0.0000000000
51586  -56.795  -47.474  27.087 0.0000000000
51587  -56.594  -47.656  26.605 0.0000000000
51608  -56.401  -29.902  19.899 0.0000000000
51609  -57.247  -29.872  20.153 0.0000000000
51610  -56.643  -30.154  20.608 0.0000000000
51611  -56.339  -32.570  24.177 0.0000000000
51612  -57.214  -32.273  23.737 0.0000000000
51613  -57.044  -32.680  24.217 0.0000000000
51614  -57.767  -32.759  24.267 0.0000000000
51615  -56.829  -33.118  24.741 0.0000000000
51616  -56.685  -33.519  25.315 0.0000000000
51617  -55.936  -33.490  25.154 0.0000000000
51618  -50.516  -36.307  27.147 0.0000000000
51619  -51.136  -36.291  27.264 0.0000000000
51620  -50.537  -36.869  27.490 0.0000000000
51621  -50.559  -37.363  27.794 0.0000000000
51622  -49.960  -37.524  27.631 0.0000000000
51629  -46.075  -33.789  22.886 0.0000000000
51631  -42.476  -39.349  21.806 0.0000000000
51632  -42.319  -38.767  22.312 0.0000000000
51633  -42.691  -39.137  22.413 0.0000000000
51634  -45.094  -38.524  25.400 0.0000000000
51635  -44.865  -37.938  25.281 0.0000000000
51636  -45.380  -37.729  25.594 0.0000000000
51637  -45.747  -36.871  25.706 0.0000000000
51638  -45.940  -37.484  25.922 0.0000000000
51639  -46.482  -37.336  26.125 0.0000000000
51640  -46.079  -38.130  26.046 0.0000000000
51641  -47.365  -42.137  26.585 0.0000000000
51642  -47.417  -41.556  26.909 0.0000000000
51643  -47.720  -41.962  27.068 0.0000000000
51644  -48.098  -41.723  27.516 0.0000000000
51645  -48.025  -42.388  27.162 0.0000000000
51646  -48.393  -42.827  27.321 0.0000000000
51647  -48.103  -42.990  26.834 0.0000000000
51648  -49.573  -45.120  22.847 0.0000000000
51649  -49.650  -45.305  23.470 0.0000000000
51650  -50.091  -45.414  22.881 0.0000000000
51651  -50.652  -45.719  22.973 0.0000000000
51652  -50.584  -45.504  22.384 0.0000000000
51653  -50.018  -43.050  18.230 0.0000000000
51654  -49.897  -43.442  18.715 0.0000000000
51655  -50.570  -43.273  18.219 0.0000000000
54594  -52.558  -50.711  29.737 0.0000000000
55431  -52.462  -42.440  31.337 0.0000000000
55432  -52.152  -42.731  30.914 0.0000000000
55433  -52.208  -43.384  30.561 0.0000000000
55434  -51.840  -42.994  30.525 0.0000000000
55435  -50.878  -43.145  29.610 0.0000000000
55436  -51.212  -43.530  29.677 0.0000000000
55437  -50.883  -43.814  29.302 0.0000000000
55438  -50.971  -44.439  28.879 0.0000000000
55439  -50.582  -44.064  28.877 0.0000000000
55451  -46.432  -40.378  14.070 0.0000000000
55452  -45.708  -40.564  14.573 0.0000000000
55453  -46.269  -40.618  14.783 0.0000000000
55454  -46.145  -40.817  15.535 0.0000000000
55455  -46.890  -40.665  14.981 0.0000000000
55456  -47.486  -40.703  15.159 0.0000000000
55457  -47.595  -40.491  14.472 0.0000000000
55458  -49.388  -39.684  13.043 0.0000000000
55459  -49.186  -40.001  13.660 0.0000000000
55460  -50.019  -39.699  13.282 0.0000000000
55461  -50.645  -39.711  13.535 0.0000000000
55462  -50.905  -39.363  12.924 0.0000000000
55463  -51.670  -39.070  12.725 0.0000000000
55464  -51.031  -39.048  12.454 0.0000000000
55465  -50.673  -38.300  11.305 0.0000000000
55466  -51.311  -38.373  11.586 0.0000000000
55467  -51.483  -37.976  11.136 0.0000000000
55468  -52.316  -37.654  10.941 0.0000000000
61166  -58.140  -45.191  32.149 0.0000000000
61173  -59.008  -46.812  30.818 0.0000000000
61174  -58.975  -46.765  31.381 0.0000000000
61175  -59.069  -47.198  30.920 0.0000000000
61176  -58.996  -47.629  30.995 0.0000000000
61177  -59.142  -47.678  30.430 0.0000000000
61178  -59.240  -48.190  29.965 0.0000000000
61179  -59.264  -47.719  29.873 0.0000000000
61180  -59.132  -47.575  28.834 0.0000000000
61181  -59.366  -47.925  28.901 0.0000000000
61182  -59.397  -48.024  28.395 0.0000000000
61184  -59.302  -48.149  27.948 0.0000000000
61185  -55.341  -47.844  25.220 0.0000000000
61186  -56.043  -48.003  25.220 0.0000000000
61187  -55.857  -48.001  24.772 0.0000000000
61188  -56.877  -48.210  23.163 0.0000000000
61189  -56.986  -48.264  23.665 0.0000000000
61190  -57.521  -48.379  23.139 0.0000000000
61191  -58.143  -48.568  23.120 0.0000000000
61208  -53.939  -31.078  21.939 0.0000000000
61209  -54.724  -31.029  22.076 0.0000000000
61210  -54.104  -31.290  22.520 0.0000000000
61211  -53.396  -32.224  24.050 0.0000000000
61212  -54.211  -31.878  23.621 0.0000000000
61213  -54.157  -32.260  24.116 0.0000000000
61214  -54.892  -32.326  24.133 0.0000000000
61215  -54.060  -32.697  24.519 0.0000000000
61216  -53.863  -33.198  24.888 0.0000000000
61217  -53.180  -33.129  24.895 0.0000000000
61218  -50.733  -34.082  25.650 0.0000000000
61219  -51.439  -34.079  25.694 0.0000000000
61220  -50.625  -34.634  26.076 0.0000000000
61221  -50.537  -35.198  26.421 0.0000000000
61222  -49.902  -35.218  26.362 0.0000000000
61223  -42.937  -34.763  18.873 0.0000000000
61224  -43.592  -34.504  18.980 0.0000000000
61225  -42.997  -34.833  19.463 0.0000000000
61226  -42.314  -35.447  21.292 0.0000000000
61227  -42.888  -35.003  20.919 0.0000000000
61228  -42.840  -35.147  21.624 0.0000000000
61229  -43.424  -34.853  21.904 0.0000000000
61231  -44.047  -40.823  21.984 0.0000000000
61232  -43.807  -40.376  22.565 0.0000000000
61233  -44.197  -40.800  22.626 0.0000000000
61234  -44.972  -41.190  23.769 0.0000000000
61235  -44.588  -40.683  23.749 0.0000000000
61236  -44.872  -40.611  24.285 0.0000000000
61237  -44.851  -39.990  24.753 0.0000000000
61238  -45.191  -40.519  24.783 0.0000000000
61239  -45.534  -40.399  25.217 0.0000000000
61240  -45.542  -41.057  24.841 0.0000000000
61241  -46.312  -42.563  24.477 0.0000000000
61242  -46.192  -42.076  24.983 0.0000000000
61243  -46.522  -42.536  25.023 0.0000000000
61244  -46.783  -42.452  25.581 0.0000000000
61245  -46.915  -42.989  25.093 0.0000000000
61246  -47.307  -43.359  25.190 0.0000000000
61247  -47.148  -43.416  24.548 0.0000000000
61248  -47.700  -43.962  22.678 0.0000000000
61249  -47.715  -44.058  23.361 0.0000000000
61250  -48.139  -44.265  22.733 0.0000000000
61251  -48.594  -44.568  22.750 0.0000000000
61252  -48.544  -44.449  22.127 0.0000000000
64437  -62.591  -31.597  27.332 0.0000000000
64438  -62.287  -32.084  27.367 0.0000000000
64439  -62.415  -31.799  26.847 0.0000000000
68368  -54.785  -42.369  32.778 0.0000000000
68370  -55.173  -42.782  32.816 0.0000000000
68373  -55.078  -44.721  31.190 0.0000000000
68375  -55.612  -44.977  31.054 0.0000000000
68376  -56.157  -45.218  30.924 0.0000000000
68377  -55.873  -45.401  30.447 0.0000000000
68378  -56.172  -45.842  29.851 0.0000000000
68379  -55.586  -45.564  30.010 0.0000000000
68380  -54.496  -45.812  29.268 0.0000000000
68381  -55.055  -46.083  29.096 0.0000000000
68382  -54.821  -46.339  28.668 0.0000000000
68383  -55.201  -46.719  28.182 0.0000000000
68384  -54.605  -46.519  28.244 0.0000000000
68385  -52.418  -44.604  29.706 0.0000000000
68386  -52.905  -44.917  29.609 0.0000000000
68387  -52.641  -45.177  29.189 0.0000000000
68388  -52.969  -46.413  27.469 0.0000000000
68389  -53.234  -46.233  27.987 0.0000000000
68390  -53.572  -46.635  27.384 0.0000000000
68391  -54.195  -46.848  27.253 0.0000000000
68392  -53.970  -46.982  26.787 0.0000000000
68393  -54.389  -47.317  26.212 0.0000000000
68394  -53.798  -47.119  26.277 0.0000000000
68395  -52.840  -47.008  25.342 0.0000000000
68396  -53.450  -47.240  25.265 0.0000000000
68397  -53.303  -47.250  24.737 0.0000000000
68398  -53.763  -47.443  24.218 0.0000000000
68399  -53.182  -47.206  24.240 0.0000000000
68406  -55.836  -29.446  18.697 0.0000000000
68407  -55.074  -29.500  18.441 0.0000000000
68411  -52.685  -30.586  19.097 0.0000000000
68413  -53.400  -30.409  19.239 0.0000000000
68414  -54.113  -30.249  19.383 0.0000000000
68415  -53.584  -30.606  19.934 0.0000000000
68416  -53.712  -30.730  20.573 0.0000000000
68417  -52.980  -30.930  20.408 0.0000000000
68418  -50.848  -31.773  21.334 0.0000000000
68419  -51.606  -31.538  21.498 0.0000000000
68420  -50.930  -31.787  22.039 0.0000000000
68421  -51.019  -31.851  22.741 0.0000000000
68422  -50.284  -32.038  22.634 0.0000000000
68426  -41.857  -40.070  19.075 0.0000000000
68427  -41.531  -39.668  19.739 0.0000000000
68428  -41.982  -39.925  19.759 0.0000000000
68429  -42.113  -39.748  20.449 0.0000000000
68430  -42.433  -40.146  19.863 0.0000000000
68431  -43.766  -40.796  16.327 0.0000000000
68432  -43.230  -40.708  16.999 0.0000000000
68433  -43.724  -40.831  17.164 0.0000000000
68434  -44.178  -40.999  18.842 0.0000000000
68435  -43.694  -40.842  18.738 0.0000000000
68436  -43.732  -40.839  19.439 0.0000000000
68437  -43.330  -40.616  20.028 0.0000000000
68438  -43.791  -40.848  20.105 0.0000000000
68439  -43.857  -40.854  20.753 0.0000000000
68440  -44.250  -41.069  20.175 0.0000000000
68441  -45.646  -41.778  19.702 0.0000000000
68442  -45.172  -41.636  20.272 0.0000000000
68443  -45.625  -41.955  20.298 0.0000000000
68444  -45.629  -42.125  20.897 0.0000000000
68445  -46.110  -42.266  20.277 0.0000000000
68446  -46.599  -42.573  20.257 0.0000000000
68447  -46.613  -42.341  19.703 0.0000000000
68448  -47.876  -42.054  18.163 0.0000000000
68449  -47.773  -42.394  18.718 0.0000000000
68450  -48.437  -42.310  18.213 0.0000000000
68451  -48.949  -42.542  18.206 0.0000000000
68452  -49.124  -42.149  17.693 0.0000000000
68453  -48.566  -40.861  15.666 0.0000000000
68454  -48.390  -41.124  16.330 0.0000000000
68455  -49.099  -40.934  15.900 0.0000000000
68456  -51.019  -40.843  15.819 0.0000000000
68457  -50.208  -41.116  16.239 0.0000000000
68458  -50.780  -41.288  16.335 0.0000000000
68459  -50.568  -41.735  16.781 0.0000000000
68460  -51.340  -41.494  16.342 0.0000000000
68461  -51.903  -41.724  16.325 0.0000000000
68462  -52.156  -41.248  15.923 0.0000000000
68470  -55.789  -38.905  13.189 0.0000000000
68472  -56.644  -38.694  13.004 0.0000000000
68474  -56.875  -38.362  12.537 0.0000000000
68475  -53.310  -38.513  12.236 0.0000000000
68476  -53.941  -38.647  12.446 0.0000000000
68477  -54.130  -38.291  11.991 0.0000000000
68478  -56.023  -37.338  11.152 0.0000000000
68479  -55.842  -37.733  11.577 0.0000000000
68480  -56.746  -37.407  11.389 0.0000000000
68481  -57.403  -37.535  11.659 0.0000000000
68482  -57.593  -37.096  11.250 0.0000000000
68484  -57.781  -36.652  10.884 0.0000000000
68485  -57.555  -35.613  9.937 0.0000000000
68486  -58.240  -35.710  10.214 0.0000000000
68487  -58.404  -35.279  9.890 0.0000000000
68488  -59.275  -34.989  9.868 0.0000000000
71294  -51.752  -50.144  31.553 0.0000000000
71296  -52.231  -50.007  31.509 0.0000000000
71297  -53.699  -49.746  31.818 0.0000000000
71298  -53.347  -49.995  31.439 0.0000000000
71299  -53.980  -50.019  31.434 0.0000000000
71300  -54.276  -50.231  30.983 0.0000000000
71301  -54.582  -50.049  31.388 0.0000000000
73795  -53.170  -38.162  29.625 0.0000000000
73798  -52.092  -39.308  30.022 0.0000000000
73799  -52.044  -38.888  29.676 0.0000000000
73818  -40.729  -35.312  18.473 0.0000000000
73819  -41.252  -35.130  18.499 0.0000000000
73820  -40.760  -35.628  18.784 0.0000000000
73821  -40.741  -35.887  19.213 0.0000000000
73822  -40.281  -36.156  18.993 0.0000000000
73841  -39.094  -37.839  18.061 0.0000000000
73842  -39.188  -37.269  18.379 0.0000000000
73843  -39.369  -37.600  18.546 0.0000000000
73844  -39.672  -37.326  19.020 0.0000000000
73845  -39.587  -37.910  18.730 0.0000000000
73846  -39.844  -38.232  18.931 0.0000000000
73848  -39.995  -39.428  16.478 0.0000000000
73849  -40.045  -39.354  17.201 0.0000000000
73850  -40.400  -39.652  16.566 0.0000000000
73851  -40.809  -39.872  16.637 0.0000000000
73852  -40.785  -39.888  15.915 0.0000000000
85537  -54.817  -48.641  33.926 0.0000000000
85538  -54.563  -48.888  33.272 0.0000000000
85539  -55.045  -48.858  33.459 0.0000000000
85540  -55.937  -49.339  32.769 0.0000000000
85541  -55.497  -49.394  32.581 0.0000000000
85542  -55.720  -49.643  32.196 0.0000000000
85543  -55.524  -49.967  31.608 0.0000000000
85544  -55.969  -49.897  31.749 0.0000000000
85608  -57.384  -49.943  31.015 0.0000000000
85609  -57.094  -49.745  31.512 0.0000000000
85611  -56.478  -50.325  30.835 0.0000000000
85613  -56.582  -50.681  29.793 0.0000000000
85614  -57.064  -50.643  29.987 0.0000000000
85615  -58.024  -50.767  29.093 0.0000000000
85616  -57.554  -50.926  29.024 0.0000000000
85620  -59.275  -49.291  29.115 0.0000000000
85621  -59.076  -49.745  29.145 0.0000000000
85622  -59.293  -49.797  28.669 0.0000000000
85635  -56.949  -46.724  28.922 0.0000000000
85636  -57.629  -46.882  28.872 0.0000000000
85637  -57.408  -47.051  28.452 0.0000000000
85638  -58.134  -47.829  26.982 0.0000000000
85639  -58.341  -47.704  27.410 0.0000000000
85640  -58.782  -48.053  26.930 0.0000000000
85641  -59.172  -48.348  26.960 0.0000000000
85643  -57.487  -48.297  25.179 0.0000000000
85644  -57.647  -48.193  25.644 0.0000000000
85645  -58.212  -48.399  25.192 0.0000000000
85698  -62.256  -31.358  24.643 0.0000000000
85699  -62.438  -31.261  25.163 0.0000000000
85700  -62.141  -31.685  25.197 0.0000000000
85701  -61.945  -32.034  25.757 0.0000000000
85702  -61.750  -32.031  25.270 0.0000000000
85706  -58.886  -29.835  20.546 0.0000000000
85708  -59.693  -29.908  20.823 0.0000000000
85709  -60.400  -30.001  21.091 0.0000000000
85710  -59.916  -30.255  21.298 0.0000000000
85711  -56.378  -31.086  22.190 0.0000000000
85712  -57.038  -30.815  21.723 0.0000000000
85713  -57.190  -31.168  22.233 0.0000000000
85714  -58.853  -31.596  22.904 0.0000000000
85715  -58.851  -31.234  22.407 0.0000000000
85716  -59.592  -31.233  22.552 0.0000000000
85717  -60.228  -30.905  22.196 0.0000000000
85718  -60.302  -31.235  22.744 0.0000000000
85719  -60.945  -31.275  23.044 0.0000000000
85720  -60.307  -31.617  23.274 0.0000000000
85721  -59.169  -32.745  24.608 0.0000000000
85722  -60.091  -32.349  24.312 0.0000000000
85723  -59.869  -32.645  24.908 0.0000000000
85724  -60.411  -32.617  25.461 0.0000000000
85725  -59.560  -32.860  25.615 0.0000000000
85726  -59.249  -33.061  26.351 0.0000000000
85727  -58.597  -33.215  26.009 0.0000000000
85728  -56.161  -34.220  26.491 0.0000000000
85733  -53.564  -34.188  25.843 0.0000000000
85734  -54.235  -34.278  25.933 0.0000000000
85735  -53.464  -34.718  26.273 0.0000000000
85736  -52.432  -36.277  27.476 0.0000000000
85737  -53.159  -35.818  27.161 0.0000000000
85738  -53.096  -36.268  27.608 0.0000000000
85739  -53.757  -36.223  27.834 0.0000000000
85740  -53.075  -36.659  28.037 0.0000000000
85741  -53.065  -36.991  28.429 0.0000000000
85742  -52.455  -37.120  28.223 0.0000000000
85743  -50.733  -38.287  28.467 0.0000000000
85744  -51.314  -38.164  28.650 0.0000000000
85745  -50.820  -38.755  28.897 0.0000000000
85746  -50.943  -39.229  29.263 0.0000000000
85747  -50.418  -39.377  29.027 0.0000000000
85753  -47.999  -32.053  18.008 0.0000000000
85754  -48.631  -31.825  18.179 0.0000000000
85755  -48.114  -32.437  18.570 0.0000000000
85756  -44.895  -34.071  19.465 0.0000000000
85757  -45.563  -33.724  19.033 0.0000000000
85758  -45.502  -33.841  19.708 0.0000000000
85759  -46.822  -33.399  20.996 0.0000000000
85760  -46.842  -33.378  20.229 0.0000000000
85761  -47.510  -33.149  20.478 0.0000000000
85762  -48.173  -32.860  19.938 0.0000000000
85763  -48.174  -32.883  20.690 0.0000000000
85764  -48.843  -32.622  20.862 0.0000000000
85765  -48.169  -32.860  21.463 0.0000000000
85769  -48.892  -32.833  23.637 0.0000000000
85771  -41.116  -37.982  21.150 0.0000000000
85774  -42.440  -37.428  23.042 0.0000000000
85778  -43.116  -36.390  23.691 0.0000000000
85779  -43.567  -39.228  23.635 0.0000000000
85780  -43.251  -38.705  23.549 0.0000000000
85781  -43.599  -38.522  24.088 0.0000000000
85782  -44.448  -36.785  24.947 0.0000000000
85783  -43.917  -37.019  24.652 0.0000000000
85784  -44.295  -36.258  24.718 0.0000000000
85785  -44.184  -35.767  24.400 0.0000000000
85786  -44.772  -35.476  24.686 0.0000000000
85789  -46.744  -35.346  25.603 0.0000000000
85790  -46.711  -34.807  25.280 0.0000000000
85791  -47.357  -34.598  25.407 0.0000000000
85792  -48.089  -33.907  25.080 0.0000000000
85793  -48.067  -34.364  25.467 0.0000000000
85795  -48.032  -34.882  25.743 0.0000000000
85796  -47.623  -37.032  26.472 0.0000000000
85797  -48.065  -36.237  26.339 0.0000000000
85798  -48.118  -36.840  26.628 0.0000000000
85799  -48.675  -36.695  26.770 0.0000000000
85800  -48.219  -37.434  26.859 0.0000000000
85801  -46.290  -40.092  26.118 0.0000000000
85802  -46.514  -39.366  26.346 0.0000000000
85803  -46.708  -39.944  26.478 0.0000000000
85804  -47.800  -40.125  27.212 0.0000000000
85805  -47.626  -39.574  26.962 0.0000000000
85806  -48.121  -39.363  27.227 0.0000000000
85807  -48.465  -38.613  27.245 0.0000000000
85808  -48.615  -39.126  27.495 0.0000000000
85809  -49.087  -38.921  27.773 0.0000000000
85810  -48.781  -39.678  27.776 0.0000000000
85811  -48.997  -41.319  28.219 0.0000000000
85812  -49.176  -40.646  28.312 0.0000000000
85813  -49.438  -41.064  28.552 0.0000000000
85814  -49.903  -40.808  28.934 0.0000000000
85815  -49.696  -41.538  28.794 0.0000000000
85816  -49.969  -41.999  29.030 0.0000000000
85817  -49.560  -42.229  28.603 0.0000000000
85818  -49.149  -43.670  27.594 0.0000000000
85819  -49.486  -43.518  28.101 0.0000000000
85820  -49.565  -44.100  27.753 0.0000000000
85821  -49.970  -44.518  27.814 0.0000000000
85822  -49.674  -44.627  27.195 0.0000000000
85823  -48.162  -44.080  25.346 0.0000000000
85824  -48.397  -44.007  25.941 0.0000000000
85825  -48.618  -44.466  25.388 0.0000000000
85826  -49.891  -45.478  24.740 0.0000000000
85827  -49.567  -45.179  25.347 0.0000000000
85828  -50.017  -45.550  25.376 0.0000000000
85829  -50.180  -45.534  26.000 0.0000000000
85830  -50.569  -45.920  25.375 0.0000000000
85831  -51.124  -46.244  25.370 0.0000000000
85832  -50.938  -46.152  24.783 0.0000000000
85833  -51.781  -46.302  23.079 0.0000000000
85834  -51.837  -46.506  23.600 0.0000000000
85835  -52.356  -46.603  23.101 0.0000000000
85836  -52.879  -46.901  23.162 0.0000000000
85837  -52.866  -46.644  22.606 0.0000000000
85838  -47.567  -43.249  20.311 0.0000000000
85839  -47.575  -43.433  20.786 0.0000000000
85840  -48.069  -43.542  20.266 0.0000000000
85841  -49.670  -44.094  19.842 0.0000000000
85842  -49.048  -44.140  20.367 0.0000000000
85843  -49.596  -44.372  20.428 0.0000000000
85844  -49.550  -44.631  21.029 0.0000000000
85845  -50.112  -44.596  20.510 0.0000000000
85847  -51.702  -43.742  18.299 0.0000000000
85850  -51.915  -44.650  19.568 0.0000000000
85851  -51.805  -44.968  20.188 0.0000000000
85852  -51.176  -45.043  20.683 0.0000000000
85853  -51.739  -45.284  20.772 0.0000000000
85854  -51.743  -45.559  21.351 0.0000000000
85855  -52.308  -45.536  20.852 0.0000000000
85857  -53.490  -46.096  21.059 0.0000000000
85859  -54.057  -46.759  21.563 0.0000000000
85964  -53.730  -35.551  9.150 0.0000000000
85965  -54.638  -35.247  8.987 0.0000000000
85966  -55.347  -35.339  9.177 0.0000000000
85967  -55.517  -34.912  8.865 0.0000000000
85969  -57.312  -34.251  8.780 0.0000000000
92659  -53.555  -50.543  30.213 0.0000000000
92660  -53.170  -50.678  29.758 0.0000000000
92661  -53.743  -50.666  29.715 0.0000000000
92662  -53.922  -50.807  29.220 0.0000000000
93159  -52.289  -40.074  30.706 0.0000000000
93164  -51.509  -42.590  30.420 0.0000000000
93165  -51.218  -42.207  30.289 0.0000000000
93166  -50.926  -42.506  29.887 0.0000000000
93167  -50.596  -42.797  29.491 0.0000000000
93178  -47.776  -40.225  13.833 0.0000000000
93181  -49.630  -39.313  12.469 0.0000000000
93182  -50.386  -39.008  12.217 0.0000000000
96603  -57.118  -44.587  32.171 0.0000000000
96604  -57.403  -45.022  31.698 0.0000000000
96605  -57.945  -45.285  31.654 0.0000000000
96606  -58.393  -45.566  31.597 0.0000000000
96607  -58.640  -45.934  31.635 0.0000000000
96608  -58.628  -46.021  31.123 0.0000000000
96609  -58.835  -46.450  30.698 0.0000000000
96610  -59.011  -46.882  30.268 0.0000000000
96611  -59.176  -47.333  29.808 0.0000000000
96612  -58.962  -46.989  29.763 0.0000000000
96613  -58.860  -47.127  29.290 0.0000000000
96614  -58.708  -47.287  28.804 0.0000000000
96615  -55.056  -47.851  24.169 0.0000000000
96616  -55.720  -48.003  24.240 0.0000000000
96617  -55.638  -47.964  23.682 0.0000000000
96618  -56.220  -48.053  23.172 0.0000000000
96629  -52.615  -31.596  22.931 0.0000000000
96630  -53.434  -31.573  22.993 0.0000000000
96631  -52.669  -31.862  23.475 0.0000000000
96632  -52.651  -32.231  23.982 0.0000000000
96633  -52.581  -32.637  24.462 0.0000000000
96634  -52.463  -33.062  24.903 0.0000000000
96635  -51.718  -33.076  24.872 0.0000000000
96636  -50.832  -33.579  25.263 0.0000000000
96637  -50.040  -34.073  25.608 0.0000000000
96638  -41.765  -35.433  19.698 0.0000000000
96639  -42.364  -35.173  19.900 0.0000000000
96643  -44.885  -41.586  22.020 0.0000000000
96644  -44.609  -41.231  22.628 0.0000000000
96645  -45.014  -41.658  22.659 0.0000000000
96646  -45.146  -41.691  23.241 0.0000000000
96647  -45.373  -41.682  23.800 0.0000000000
96648  -45.626  -41.629  24.365 0.0000000000
96649  -45.755  -42.140  23.848 0.0000000000
96650  -46.131  -42.574  23.909 0.0000000000
96651  -46.544  -43.003  23.941 0.0000000000
96652  -46.973  -43.403  23.907 0.0000000000
96653  -46.833  -43.358  23.340 0.0000000000
96654  -47.229  -43.660  22.639 0.0000000000
96655  -47.635  -43.839  22.012 0.0000000000
100925  -53.991  -42.838  32.152 0.0000000000
100926  -54.296  -43.239  32.142 0.0000000000
100927  -54.759  -43.625  32.132 0.0000000000
100928  -54.399  -43.842  31.773 0.0000000000
100929  -54.561  -44.419  31.299 0.0000000000
100930  -54.785  -44.944  30.760 0.0000000000
100931  -55.036  -45.367  30.160 0.0000000000
100932  -54.503  -45.137  30.277 0.0000000000
100933  -54.239  -45.325  29.838 0.0000000000
100934  -54.002  -45.594  29.413 0.0000000000
100935  -51.828  -45.145  28.789 0.0000000000
100936  -52.383  -45.445  28.695 0.0000000000
100937  -52.104  -45.665  28.218 0.0000000000
100938  -52.387  -46.162  27.572 0.0000000000
100939  -52.746  -46.593  26.968 0.0000000000
100940  -53.152  -46.886  26.414 0.0000000000
100941  -52.532  -46.669  26.519 0.0000000000
100942  -52.383  -46.757  25.977 0.0000000000
100943  -52.262  -46.818  25.443 0.0000000000
100953  -52.162  -30.960  19.594 0.0000000000
100954  -52.242  -31.100  20.259 0.0000000000
100955  -51.527  -31.352  20.093 0.0000000000
100956  -50.844  -31.724  20.625 0.0000000000
100957  -50.172  -32.011  21.216 0.0000000000
100958  -40.908  -39.725  18.140 0.0000000000
100959  -41.001  -39.593  18.862 0.0000000000
100960  -41.339  -39.979  18.244 0.0000000000
100961  -41.753  -40.190  18.336 0.0000000000
100962  -42.259  -40.401  18.374 0.0000000000
100963  -44.813  -40.979  16.668 0.0000000000
100964  -44.244  -40.942  17.311 0.0000000000
100965  -44.762  -41.054  17.430 0.0000000000
100966  -44.705  -41.127  18.182 0.0000000000
100967  -44.679  -41.185  18.907 0.0000000000
100968  -44.698  -41.250  19.546 0.0000000000
100969  -45.184  -41.397  18.908 0.0000000000
100970  -45.673  -41.608  19.043 0.0000000000
100971  -46.134  -41.865  19.142 0.0000000000
100972  -46.629  -42.122  19.183 0.0000000000
100973  -46.700  -41.881  18.570 0.0000000000
100974  -47.356  -41.825  18.061 0.0000000000
100975  -48.019  -41.735  17.569 0.0000000000
100976  -50.113  -40.357  14.832 0.0000000000
100977  -49.889  -40.662  15.445 0.0000000000
100978  -50.727  -40.385  15.061 0.0000000000
100979  -51.244  -40.450  15.277 0.0000000000
100980  -51.880  -40.575  15.432 0.0000000000
100981  -52.469  -40.745  15.493 0.0000000000
100982  -52.810  -40.266  15.074 0.0000000000
100983  -53.670  -40.000  14.671 0.0000000000
100984  -54.495  -39.770  14.302 0.0000000000
100986  -54.718  -39.413  13.871 0.0000000000
100987  -54.923  -39.102  13.432 0.0000000000
100988  -55.180  -38.820  12.957 0.0000000000
100989  -53.675  -37.788  11.293 0.0000000000
100990  -54.344  -37.898  11.513 0.0000000000
100991  -54.559  -37.480  11.071 0.0000000000
100992  -55.393  -37.196  10.904 0.0000000000
100993  -56.250  -36.883  10.767 0.0000000000
100994  -57.164  -36.531  10.645 0.0000000000
100995  -56.470  -36.424  10.395 0.0000000000
100996  -56.669  -35.990  10.010 0.0000000000
100997  -56.863  -35.510  9.672 0.0000000000
102680  -52.236  -49.601  32.218 0.0000000000
102681  -52.496  -49.772  31.831 0.0000000000
102682  -52.811  -49.543  32.181 0.0000000000
102683  -53.413  -49.497  32.180 0.0000000000
102684  -54.052  -49.493  32.194 0.0000000000
104183  -53.154  -37.772  29.259 0.0000000000
104210  -38.851  -38.039  17.569 0.0000000000
104211  -39.128  -38.362  17.604 0.0000000000
104212  -39.424  -38.648  17.686 0.0000000000
104213  -39.301  -38.823  17.035 0.0000000000
104214  -39.568  -39.169  16.432 0.0000000000
104215  -39.906  -39.433  15.781 0.0000000000
111227  -55.511  -48.818  33.652 0.0000000000
111228  -55.948  -48.737  33.815 0.0000000000
111229  -56.149  -48.967  33.369 0.0000000000
111230  -56.327  -49.228  32.937 0.0000000000
111263  -58.590  -47.513  32.107 0.0000000000
111265  -58.375  -47.926  32.134 0.0000000000
111266  -58.147  -48.322  32.140 0.0000000000
111267  -57.934  -48.657  32.153 0.0000000000
111268  -57.579  -49.062  32.192 0.0000000000
111270  -57.764  -49.676  31.068 0.0000000000
111275  -58.470  -50.516  29.162 0.0000000000
111285  -56.546  -47.065  28.015 0.0000000000
111286  -57.238  -47.201  27.960 0.0000000000
111287  -57.000  -47.337  27.533 0.0000000000
111288  -57.442  -47.638  27.053 0.0000000000
111289  -57.984  -47.957  26.514 0.0000000000
111290  -58.395  -48.629  24.135 0.0000000000
111291  -58.603  -48.569  24.644 0.0000000000
111324  -62.298  -30.972  24.034 0.0000000000
111325  -61.988  -31.305  24.056 0.0000000000
111326  -57.438  -29.346  19.162 0.0000000000
111328  -57.794  -29.593  19.795 0.0000000000
111329  -58.078  -29.802  20.350 0.0000000000
111330  -58.313  -30.131  20.905 0.0000000000
111331  -56.587  -31.774  23.221 0.0000000000
111332  -57.326  -31.503  22.745 0.0000000000
111333  -57.349  -31.865  23.235 0.0000000000
111334  -58.036  -31.969  23.253 0.0000000000
111335  -58.764  -32.003  23.376 0.0000000000
111336  -59.502  -32.030  23.539 0.0000000000
111337  -58.637  -32.439  23.849 0.0000000000
111338  -58.474  -32.836  24.361 0.0000000000
111339  -58.266  -33.083  25.031 0.0000000000
111340  -57.954  -33.359  25.710 0.0000000000
111341  -57.329  -33.443  25.482 0.0000000000
111342  -56.400  -33.851  25.891 0.0000000000
111343  -55.535  -34.319  26.253 0.0000000000
111344  -51.972  -35.161  26.599 0.0000000000
111345  -52.663  -35.201  26.638 0.0000000000
111346  -51.854  -35.720  26.975 0.0000000000
111347  -51.787  -36.256  27.361 0.0000000000
111348  -51.810  -36.735  27.741 0.0000000000
111349  -51.806  -37.206  28.074 0.0000000000
111350  -51.165  -37.241  27.940 0.0000000000
111351  -50.603  -37.813  28.117 0.0000000000
111352  -50.162  -38.467  28.302 0.0000000000
111357  -46.786  -32.790  18.181 0.0000000000
111358  -44.825  -34.139  20.967 0.0000000000
111359  -45.476  -33.882  20.455 0.0000000000
111360  -45.463  -33.909  21.236 0.0000000000
111361  -46.148  -33.653  21.486 0.0000000000
111362  -46.820  -33.387  21.743 0.0000000000
111363  -47.491  -33.124  21.993 0.0000000000
111364  -46.784  -33.439  22.441 0.0000000000
111365  -46.780  -33.502  23.116 0.0000000000
111366  -46.739  -33.698  23.809 0.0000000000
111369  -41.992  -38.393  22.153 0.0000000000
111370  -42.312  -38.158  22.720 0.0000000000
111371  -42.661  -37.848  23.227 0.0000000000
111372  -44.246  -38.909  24.586 0.0000000000
111373  -43.983  -38.366  24.535 0.0000000000
111374  -44.389  -38.130  24.946 0.0000000000
111375  -44.643  -37.336  25.116 0.0000000000
111376  -45.016  -36.525  25.219 0.0000000000
111377  -45.465  -35.732  25.214 0.0000000000
111378  -45.605  -36.287  25.476 0.0000000000
111379  -46.186  -36.134  25.708 0.0000000000
111380  -46.834  -35.943  25.841 0.0000000000
111381  -47.468  -35.744  25.936 0.0000000000
111382  -46.928  -36.544  26.072 0.0000000000
111383  -47.056  -37.192  26.306 0.0000000000
111384  -47.190  -37.792  26.503 0.0000000000
111385  -46.780  -41.234  26.365 0.0000000000
111386  -46.889  -40.537  26.602 0.0000000000
111387  -47.126  -41.085  26.736 0.0000000000
111388  -47.558  -40.882  27.121 0.0000000000
111389  -47.992  -40.669  27.491 0.0000000000
111390  -48.477  -40.429  27.781 0.0000000000
111391  -48.244  -41.078  27.714 0.0000000000
111392  -48.536  -41.528  27.911 0.0000000000
111393  -48.836  -42.008  28.060 0.0000000000
111394  -49.157  -42.455  28.212 0.0000000000
111395  -48.772  -42.650  27.794 0.0000000000
111396  -48.774  -43.261  27.472 0.0000000000
111397  -48.859  -43.848  27.040 0.0000000000
111398  -48.756  -44.716  24.003 0.0000000000
111399  -48.898  -44.767  24.687 0.0000000000
111400  -49.243  -45.056  24.065 0.0000000000
111401  -49.766  -45.395  24.085 0.0000000000
111402  -50.276  -45.703  24.135 0.0000000000
111403  -50.803  -46.023  24.182 0.0000000000
111404  -50.700  -45.857  23.552 0.0000000000
111405  -51.218  -46.015  23.053 0.0000000000
111406  -51.716  -46.076  22.544 0.0000000000
111407  -48.717  -43.289  19.214 0.0000000000
111408  -48.645  -43.578  19.737 0.0000000000
111409  -49.239  -43.551  19.242 0.0000000000
111410  -49.757  -43.799  19.283 0.0000000000
111411  -50.305  -44.020  19.318 0.0000000000
111417  -52.909  -45.486  20.392 0.0000000000
111484  -55.681  -34.500  8.574 0.0000000000
116370  -52.717  -50.782  29.233 0.0000000000
117536  -52.568  -40.849  31.302 0.0000000000
117537  -52.762  -41.217  31.562 0.0000000000
117539  -52.896  -42.220  31.659 0.0000000000
117540  -52.818  -42.881  31.394 0.0000000000
117541  -52.914  -43.568  31.013 0.0000000000
117542  -53.044  -44.151  30.564 0.0000000000
117543  -52.613  -43.789  30.579 0.0000000000
117544  -52.316  -44.037  30.132 0.0000000000
117545  -51.970  -44.295  29.671 0.0000000000
117546  -51.516  -43.248  30.105 0.0000000000
117547  -51.581  -43.919  29.690 0.0000000000
117548  -51.674  -44.545  29.246 0.0000000000
117549  -51.384  -44.794  28.842 0.0000000000
117550  -51.131  -45.043  28.342 0.0000000000
117551  -50.893  -45.239  27.821 0.0000000000
117561  -50.429  -30.781  18.065 0.0000000000
117563  -42.698  -40.485  15.351 0.0000000000
117564  -42.703  -40.536  16.148 0.0000000000
117565  -43.225  -40.590  15.490 0.0000000000
117566  -43.789  -40.709  15.573 0.0000000000
117567  -44.358  -40.816  15.712 0.0000000000
117568  -45.125  -40.517  14.399 0.0000000000
117569  -45.039  -40.720  15.125 0.0000000000
117570  -44.910  -40.889  15.891 0.0000000000
117571  -45.443  -40.944  16.091 0.0000000000
117572  -45.998  -41.019  16.308 0.0000000000
117573  -46.589  -41.069  16.404 0.0000000000
117574  -47.099  -41.159  16.579 0.0000000000
117575  -47.346  -40.931  15.876 0.0000000000
117576  -48.041  -40.780  15.408 0.0000000000
117577  -48.715  -40.596  14.973 0.0000000000
117578  -48.390  -40.262  14.073 0.0000000000
117579  -48.966  -40.292  14.292 0.0000000000
117580  -49.529  -40.325  14.556 0.0000000000
117581  -50.394  -40.036  14.169 0.0000000000
117582  -51.248  -39.728  13.798 0.0000000000
117583  -52.095  -39.397  13.472 0.0000000000
117584  -52.962  -39.124  13.216 0.0000000000
117585  -52.309  -39.085  13.003 0.0000000000
117586  -52.490  -38.767  12.531 0.0000000000
117587  -52.666  -38.448  12.006 0.0000000000
117588  -51.165  -38.714  12.002 0.0000000000
117589  -51.996  -38.413  11.789 0.0000000000
117590  -52.840  -38.090  11.545 0.0000000000
117591  -52.983  -37.719  11.124 0.0000000000
117592  -53.154  -37.321  10.711 0.0000000000
117593  -53.313  -36.894  10.302 0.0000000000
118905  -53.072  -48.619  33.956 0.0000000000
125579  -58.797  -46.304  31.764 0.0000000000
125580  -58.840  -46.693  31.918 0.0000000000
125581  -58.775  -47.111  32.037 0.0000000000
125582  -58.817  -47.562  31.530 0.0000000000
125583  -58.830  -48.060  31.053 0.0000000000
125584  -58.886  -48.598  30.510 0.0000000000
125585  -58.877  -49.151  30.009 0.0000000000
125586  -59.089  -48.673  30.007 0.0000000000
125587  -59.247  -48.765  29.537 0.0000000000
125588  -59.400  -48.834  29.069 0.0000000000
125589  -59.323  -47.823  29.395 0.0000000000
125590  -59.438  -48.334  28.993 0.0000000000
125591  -59.526  -48.872  28.590 0.0000000000
125592  -59.650  -48.905  28.110 0.0000000000
125595  -55.686  -47.683  26.161 0.0000000000
125596  -56.386  -47.823  26.134 0.0000000000
125597  -56.194  -47.993  25.657 0.0000000000
125598  -56.775  -48.155  25.184 0.0000000000
125599  -57.309  -48.309  24.677 0.0000000000
125600  -56.412  -48.148  24.226 0.0000000000
125601  -57.134  -48.291  24.147 0.0000000000
125602  -57.806  -48.455  24.157 0.0000000000
125603  -58.270  -48.646  23.652 0.0000000000
125627  -55.177  -30.504  20.952 0.0000000000
125628  -56.022  -30.469  21.101 0.0000000000
125629  -55.367  -30.779  21.579 0.0000000000
125630  -55.556  -31.027  22.131 0.0000000000
125631  -55.730  -31.326  22.683 0.0000000000
125632  -54.207  -31.551  23.067 0.0000000000
125633  -55.025  -31.566  23.147 0.0000000000
125634  -55.810  -31.677  23.223 0.0000000000
125635  -55.754  -32.045  23.707 0.0000000000
125636  -55.606  -32.449  24.150 0.0000000000
125637  -55.417  -32.915  24.571 0.0000000000
125638  -55.216  -33.419  24.941 0.0000000000
125639  -54.553  -33.300  24.918 0.0000000000
125640  -53.688  -33.721  25.336 0.0000000000
125641  -52.852  -34.135  25.778 0.0000000000
125642  -52.286  -33.566  25.278 0.0000000000
125643  -52.124  -34.096  25.749 0.0000000000
125644  -52.029  -34.634  26.190 0.0000000000
125645  -51.228  -35.179  26.504 0.0000000000
125646  -50.510  -35.738  26.776 0.0000000000
125647  -49.883  -36.326  27.034 0.0000000000
125650  -44.163  -34.147  18.596 0.0000000000
125651  -44.257  -34.289  19.185 0.0000000000
125652  -44.222  -34.359  19.943 0.0000000000
125653  -42.964  -34.916  20.167 0.0000000000
125654  -43.539  -34.657  20.461 0.0000000000
125659  -43.245  -40.077  21.912 0.0000000000
125660  -43.073  -39.551  22.472 0.0000000000
125661  -43.438  -39.984  22.517 0.0000000000
125662  -43.645  -39.877  23.146 0.0000000000
125663  -43.906  -39.764  23.677 0.0000000000
125664  -44.362  -40.762  23.190 0.0000000000
125665  -44.253  -40.227  23.705 0.0000000000
125666  -44.208  -39.616  24.175 0.0000000000
125667  -44.530  -39.449  24.669 0.0000000000
125668  -44.913  -39.271  25.110 0.0000000000
125669  -45.360  -39.101  25.508 0.0000000000
125670  -45.818  -38.926  25.872 0.0000000000
125671  -45.630  -39.673  25.592 0.0000000000
125672  -45.899  -40.257  25.678 0.0000000000
125673  -46.171  -40.828  25.780 0.0000000000
125674  -45.878  -41.583  24.919 0.0000000000
125675  -46.144  -41.496  25.430 0.0000000000
125676  -46.446  -41.373  25.901 0.0000000000
125677  -46.733  -41.866  26.034 0.0000000000
125678  -47.062  -42.326  26.096 0.0000000000
125679  -47.431  -42.716  26.205 0.0000000000
125680  -47.817  -43.143  26.297 0.0000000000
125681  -47.552  -43.260  25.777 0.0000000000
125682  -47.723  -43.712  25.270 0.0000000000
125683  -47.955  -44.072  24.680 0.0000000000
125684  -47.408  -43.776  23.983 0.0000000000
125685  -47.833  -44.087  24.034 0.0000000000
125686  -48.282  -44.391  24.024 0.0000000000
125687  -48.676  -44.657  23.349 0.0000000000
125688  -49.085  -44.833  22.750 0.0000000000
125689  -49.533  -44.977  22.214 0.0000000000
125690  -51.457  -42.641  17.180 0.0000000000
125691  -51.289  -43.073  17.708 0.0000000000
125737  -64.353  -34.799  9.680 0.0000000000
130005  -62.144  -32.305  27.887 0.0000000000
130006  -61.813  -32.459  27.457 0.0000000000
130007  -61.494  -32.583  27.013 0.0000000000
134993  -56.489  -44.993  31.387 0.0000000000
134994  -56.776  -45.419  30.767 0.0000000000
134995  -57.078  -45.828  30.204 0.0000000000
134996  -57.456  -46.249  29.731 0.0000000000
134997  -56.805  -46.053  29.773 0.0000000000
134998  -56.565  -46.320  29.356 0.0000000000
134999  -56.298  -46.575  28.962 0.0000000000
135000  -55.317  -45.856  29.511 0.0000000000
135001  -55.659  -46.352  28.970 0.0000000000
135002  -56.046  -46.778  28.531 0.0000000000
135003  -55.839  -46.902  28.101 0.0000000000
135004  -55.626  -47.043  27.646 0.0000000000
135005  -55.431  -47.219  27.144 0.0000000000
135006  -53.207  -44.705  30.055 0.0000000000
135007  -53.435  -45.241  29.465 0.0000000000
135008  -53.690  -45.799  28.924 0.0000000000
135009  -52.903  -45.745  28.602 0.0000000000
135010  -53.444  -46.030  28.485 0.0000000000
135011  -54.015  -46.287  28.298 0.0000000000
135012  -54.408  -46.717  27.758 0.0000000000
135013  -54.801  -47.066  27.223 0.0000000000
135014  -55.218  -47.398  26.684 0.0000000000
135015  -55.024  -47.520  26.189 0.0000000000
135016  -54.857  -47.620  25.699 0.0000000000
135017  -54.693  -47.675  25.191 0.0000000000
135018  -53.626  -47.197  25.778 0.0000000000
135019  -54.071  -47.480  25.215 0.0000000000
135020  -54.514  -47.709  24.699 0.0000000000
135021  -54.369  -47.664  24.211 0.0000000000
135022  -54.254  -47.583  23.718 0.0000000000
135023  -54.201  -47.455  23.221 0.0000000000
135032  -56.647  -29.383  18.895 0.0000000000
135033  -56.160  -29.679  19.237 0.0000000000
135034  -55.611  -29.969  19.691 0.0000000000
135041  -54.595  -29.840  18.786 0.0000000000
135042  -54.837  -30.093  19.540 0.0000000000
135043  -55.071  -30.250  20.202 0.0000000000
135044  -54.448  -30.587  20.740 0.0000000000
135045  -53.822  -30.896  21.231 0.0000000000
135046  -53.170  -31.173  21.788 0.0000000000
135047  -52.293  -31.259  20.963 0.0000000000
135048  -52.370  -31.329  21.662 0.0000000000
135049  -52.493  -31.439  22.329 0.0000000000
135050  -51.797  -31.711  22.855 0.0000000000
135051  -51.045  -32.050  23.362 0.0000000000
135052  -50.304  -32.434  23.838 0.0000000000
135054  -40.707  -37.354  20.576 0.0000000000
135056  -40.858  -38.267  20.564 0.0000000000
135057  -41.136  -38.601  20.774 0.0000000000
135059  -41.292  -39.190  20.284 0.0000000000
135060  -41.489  -38.935  20.929 0.0000000000
135061  -41.894  -39.241  21.040 0.0000000000
135062  -42.297  -39.541  21.155 0.0000000000
135063  -42.682  -39.850  21.243 0.0000000000
135064  -42.714  -40.573  16.928 0.0000000000
135065  -42.721  -40.570  17.694 0.0000000000
135066  -42.738  -40.530  18.453 0.0000000000
135067  -43.708  -40.870  17.998 0.0000000000
135068  -43.214  -40.683  18.594 0.0000000000
135069  -42.811  -40.462  19.222 0.0000000000
135070  -42.875  -40.376  19.952 0.0000000000
135071  -43.008  -40.289  20.641 0.0000000000
135072  -43.079  -40.174  21.302 0.0000000000
135073  -43.492  -40.506  21.340 0.0000000000
135074  -43.922  -40.840  21.366 0.0000000000
135075  -44.377  -41.200  21.365 0.0000000000
135076  -44.729  -41.333  20.165 0.0000000000
135077  -44.742  -41.464  20.798 0.0000000000
135078  -44.778  -41.515  21.400 0.0000000000
135079  -45.225  -41.882  21.453 0.0000000000
135080  -45.686  -42.256  21.481 0.0000000000
135081  -46.154  -42.636  21.465 0.0000000000
135082  -46.609  -42.995  21.421 0.0000000000
135083  -46.596  -42.787  20.804 0.0000000000
135084  -47.102  -42.910  20.250 0.0000000000
135085  -47.607  -43.008  19.769 0.0000000000
135086  -47.162  -42.403  19.203 0.0000000000
135087  -47.677  -42.742  19.255 0.0000000000
135088  -48.171  -43.035  19.235 0.0000000000
135089  -48.789  -42.950  18.720 0.0000000000
135090  -49.475  -42.807  18.233 0.0000000000
135091  -50.152  -42.642  17.749 0.0000000000
135092  -47.653  -41.249  16.748 0.0000000000
135093  -48.202  -41.396  16.926 0.0000000000
135094  -48.721  -41.601  17.093 0.0000000000
135095  -49.666  -40.997  16.077 0.0000000000
135096  -49.448  -41.374  16.655 0.0000000000
135097  -49.268  -41.759  17.160 0.0000000000
135098  -49.815  -41.940  17.180 0.0000000000
135099  -50.346  -42.176  17.219 0.0000000000
135100  -50.884  -42.419  17.220 0.0000000000
135101  -51.674  -42.191  16.763 0.0000000000
135102  -52.483  -41.957  16.324 0.0000000000
135120  -53.755  -38.925  12.985 0.0000000000
135121  -54.592  -38.745  12.744 0.0000000000
135122  -55.431  -38.489  12.482 0.0000000000
135123  -54.948  -38.060  11.822 0.0000000000
135124  -55.630  -38.121  12.004 0.0000000000
135125  -56.286  -38.231  12.251 0.0000000000
135126  -57.162  -37.953  12.087 0.0000000000
135127  -57.995  -37.686  11.958 0.0000000000
135130  -59.327  -36.499  11.060 0.0000000000
135132  -58.047  -36.175  10.532 0.0000000000
135133  -58.899  -35.845  10.478 0.0000000000
138660  -52.754  -50.358  30.695 0.0000000000
138661  -52.749  -49.980  31.444 0.0000000000
138662  -53.042  -50.156  31.074 0.0000000000
138663  -53.320  -50.350  30.662 0.0000000000
138664  -53.905  -50.381  30.585 0.0000000000
138665  -54.561  -50.438  30.561 0.0000000000
138666  -55.079  -50.465  30.567 0.0000000000
141716  -52.712  -39.529  30.548 0.0000000000
141717  -52.154  -39.727  30.357 0.0000000000
141718  -51.659  -39.935  30.203 0.0000000000
141741  -42.881  -34.476  18.333 0.0000000000
141742  -42.344  -34.883  18.762 0.0000000000
141744  -41.778  -35.022  18.629 0.0000000000
141745  -41.785  -35.266  19.157 0.0000000000
141746  -41.232  -35.665  19.522 0.0000000000
141769  -39.787  -36.063  18.506 0.0000000000
141770  -39.034  -36.917  18.217 0.0000000000
141771  -39.403  -36.685  18.524 0.0000000000
141772  -39.836  -36.419  18.783 0.0000000000
141773  -39.903  -36.734  19.093 0.0000000000
141774  -40.034  -36.984  19.401 0.0000000000
141777  -40.143  -38.503  19.136 0.0000000000
141778  -40.293  -39.015  18.632 0.0000000000
141779  -39.762  -38.974  17.797 0.0000000000
141780  -40.145  -39.228  17.906 0.0000000000
141781  -40.517  -39.473  18.027 0.0000000000
141782  -40.836  -39.830  17.384 0.0000000000
141783  -41.246  -40.083  16.697 0.0000000000
141784  -41.707  -40.261  16.021 0.0000000000
141789  -40.712  -39.739  14.471 0.0000000000
141790  -40.713  -39.849  15.199 0.0000000000
141793  -42.169  -40.349  15.311 0.0000000000
155883  -53.586  -48.532  34.140 0.0000000000
155892  -53.801  -48.711  33.641 0.0000000000
155893  -54.055  -48.916  33.172 0.0000000000
155894  -54.304  -49.163  32.713 0.0000000000
155895  -54.586  -49.458  32.324 0.0000000000
155896  -55.260  -49.109  32.992 0.0000000000
155897  -55.045  -49.439  32.409 0.0000000000
155898  -54.825  -49.750  31.908 0.0000000000
155899  -55.052  -50.005  31.532 0.0000000000
155900  -55.283  -50.233  31.102 0.0000000000
155901  -55.507  -50.456  30.642 0.0000000000
155977  -57.185  -49.364  32.130 0.0000000000
155978  -56.787  -49.602  32.016 0.0000000000
155979  -56.394  -49.817  31.900 0.0000000000
155980  -56.214  -50.119  31.326 0.0000000000
155981  -55.975  -50.423  30.719 0.0000000000
155982  -55.827  -50.625  30.152 0.0000000000
155983  -56.079  -50.747  29.695 0.0000000000
155984  -56.326  -50.870  29.249 0.0000000000
155985  -56.580  -51.009  28.812 0.0000000000
155986  -57.314  -50.763  29.511 0.0000000000
155987  -57.094  -51.003  28.954 0.0000000000
155992  -58.850  -49.716  29.563 0.0000000000
156010  -57.883  -46.683  29.270 0.0000000000
156011  -58.256  -47.059  28.822 0.0000000000
156012  -58.604  -47.422  28.370 0.0000000000
156013  -57.885  -47.365  27.921 0.0000000000
156014  -58.491  -47.560  27.898 0.0000000000
156015  -58.969  -47.804  27.923 0.0000000000
156016  -59.223  -48.262  27.478 0.0000000000
156019  -57.117  -47.948  26.122 0.0000000000
156020  -57.818  -48.076  26.094 0.0000000000
156021  -58.472  -48.242  26.063 0.0000000000
156023  -58.900  -48.558  25.580 0.0000000000
156024  -59.021  -48.475  26.040 0.0000000000
156087  -62.539  -31.431  26.227 0.0000000000
156088  -62.174  -31.906  26.296 0.0000000000
156089  -61.729  -32.312  26.383 0.0000000000
156090  -61.218  -32.681  26.486 0.0000000000
156099  -61.262  -30.330  21.842 0.0000000000
156100  -56.865  -30.451  21.222 0.0000000000
156101  -57.711  -30.477  21.294 0.0000000000
156102  -58.500  -30.545  21.359 0.0000000000
156103  -57.998  -31.225  22.261 0.0000000000
156104  -58.707  -30.905  21.863 0.0000000000
156105  -59.321  -30.589  21.514 0.0000000000
156106  -60.089  -30.592  21.706 0.0000000000
156107  -60.831  -30.635  21.994 0.0000000000
156108  -61.403  -30.649  22.392 0.0000000000
156109  -61.472  -30.954  22.950 0.0000000000
156110  -61.508  -31.275  23.502 0.0000000000
156111  -61.494  -31.618  24.099 0.0000000000
156112  -60.219  -32.008  23.797 0.0000000000
156113  -60.855  -31.942  24.200 0.0000000000
156114  -61.382  -31.966  24.754 0.0000000000
156115  -61.157  -32.329  25.339 0.0000000000
156116  -60.855  -32.683  25.967 0.0000000000
156117  -60.539  -32.890  26.658 0.0000000000
156118  -59.725  -33.081  26.897 0.0000000000
156127  -55.006  -33.871  25.553 0.0000000000
156128  -54.900  -34.344  26.055 0.0000000000
156129  -54.717  -34.814  26.576 0.0000000000
156130  -53.303  -35.292  26.712 0.0000000000
156131  -53.932  -35.342  26.834 0.0000000000
156132  -54.521  -35.321  27.120 0.0000000000
156133  -54.405  -35.760  27.633 0.0000000000
156136  -53.605  -36.818  28.691 0.0000000000
156137  -53.070  -37.356  28.826 0.0000000000
156138  -52.556  -37.910  28.996 0.0000000000
156139  -51.861  -37.637  28.386 0.0000000000
156140  -51.938  -38.014  28.776 0.0000000000
156141  -51.958  -38.442  29.235 0.0000000000
156142  -51.476  -39.048  29.477 0.0000000000
156143  -51.068  -39.658  29.595 0.0000000000
156144  -50.759  -40.290  29.636 0.0000000000
156153  -49.413  -31.951  18.897 0.0000000000
156154  -45.487  -33.489  18.370 0.0000000000
156155  -46.166  -33.264  18.570 0.0000000000
156156  -46.830  -33.081  18.778 0.0000000000
156157  -46.171  -33.615  19.961 0.0000000000
156158  -46.866  -33.269  19.477 0.0000000000
156159  -47.489  -32.893  19.013 0.0000000000
156160  -48.162  -32.725  19.232 0.0000000000
156161  -48.809  -32.488  19.403 0.0000000000
156162  -49.458  -32.181  19.557 0.0000000000
156163  -49.488  -32.298  20.266 0.0000000000
156164  -49.515  -32.312  21.030 0.0000000000
156165  -49.479  -32.259  21.784 0.0000000000
156166  -48.174  -32.824  22.191 0.0000000000
156167  -48.834  -32.545  22.347 0.0000000000
156168  -49.540  -32.263  22.498 0.0000000000
156169  -49.600  -32.395  23.141 0.0000000000
156170  -49.598  -32.617  23.730 0.0000000000
156171  -49.559  -32.898  24.266 0.0000000000
156172  -41.072  -37.002  21.098 0.0000000000
156174  -41.933  -36.288  22.027 0.0000000000
156176  -42.024  -36.622  22.425 0.0000000000
156179  -43.458  -35.306  23.140 0.0000000000
156181  -42.938  -38.914  22.965 0.0000000000
156182  -42.941  -38.249  23.405 0.0000000000
156183  -43.057  -37.553  23.744 0.0000000000
156184  -43.729  -37.810  24.452 0.0000000000
156185  -43.500  -37.285  24.261 0.0000000000
156186  -43.299  -36.821  23.987 0.0000000000
156187  -43.635  -36.072  24.101 0.0000000000
156188  -44.102  -35.348  23.995 0.0000000000
156191  -45.998  -34.204  24.215 0.0000000000
156192  -46.706  -33.992  24.384 0.0000000000
156193  -46.044  -34.956  25.136 0.0000000000
156194  -46.704  -34.355  24.867 0.0000000000
156195  -47.427  -33.783  24.525 0.0000000000
156197  -48.787  -33.381  24.699 0.0000000000
156198  -49.519  -33.227  24.786 0.0000000000
156199  -49.467  -33.638  25.241 0.0000000000
156200  -49.373  -34.171  25.588 0.0000000000
156201  -49.319  -34.715  25.883 0.0000000000
156202  -48.089  -35.565  26.029 0.0000000000
156203  -48.661  -35.440  26.131 0.0000000000
156204  -49.244  -35.318  26.259 0.0000000000
156205  -49.250  -35.944  26.597 0.0000000000
156206  -49.248  -36.528  26.915 0.0000000000
156207  -49.299  -37.088  27.203 0.0000000000
156208  -46.291  -38.777  26.202 0.0000000000
156209  -46.820  -38.585  26.442 0.0000000000
156210  -47.320  -38.408  26.643 0.0000000000
156211  -47.153  -39.779  26.716 0.0000000000
156212  -47.463  -39.009  26.778 0.0000000000
156213  -47.793  -38.235  26.828 0.0000000000
156214  -48.336  -38.043  27.047 0.0000000000
156215  -48.842  -37.841  27.266 0.0000000000
156216  -49.388  -37.649  27.460 0.0000000000
156217  -49.466  -38.208  27.721 0.0000000000
156218  -49.584  -38.720  28.053 0.0000000000
156219  -49.759  -39.243  28.376 0.0000000000
156220  -48.961  -40.161  28.069 0.0000000000
156221  -49.432  -39.938  28.372 0.0000000000
156222  -49.899  -39.674  28.695 0.0000000000
156223  -50.120  -40.139  29.022 0.0000000000
156224  -50.314  -40.592  29.338 0.0000000000
156225  -50.499  -41.052  29.619 0.0000000000
156226  -50.368  -41.747  29.448 0.0000000000
156227  -50.282  -42.404  29.252 0.0000000000
156228  -50.174  -43.038  29.033 0.0000000000
156229  -49.487  -42.892  28.382 0.0000000000
156230  -49.812  -43.315  28.561 0.0000000000
156231  -50.167  -43.680  28.735 0.0000000000
156232  -50.264  -44.302  28.339 0.0000000000
156233  -50.414  -44.873  27.821 0.0000000000
156234  -50.596  -45.380  27.223 0.0000000000
156235  -48.219  -43.537  26.410 0.0000000000
156236  -48.619  -43.927  26.505 0.0000000000
156237  -49.024  -44.363  26.551 0.0000000000
156238  -49.081  -44.825  25.373 0.0000000000
156239  -49.249  -44.798  25.986 0.0000000000
156240  -49.425  -44.710  26.582 0.0000000000
156241  -49.897  -45.116  26.615 0.0000000000
156242  -50.383  -45.489  26.607 0.0000000000
156243  -50.892  -45.836  26.585 0.0000000000
156244  -51.233  -46.227  25.964 0.0000000000
156245  -51.644  -46.527  25.380 0.0000000000
156246  -52.111  -46.753  24.791 0.0000000000
156247  -51.358  -46.344  24.191 0.0000000000
156248  -51.944  -46.645  24.177 0.0000000000
156249  -52.569  -46.950  24.228 0.0000000000
156250  -53.011  -47.094  23.697 0.0000000000
156251  -53.544  -47.181  23.178 0.0000000000
156252  -54.112  -47.239  22.680 0.0000000000
156253  -47.108  -43.314  21.398 0.0000000000
156254  -47.570  -43.643  21.388 0.0000000000
156255  -48.054  -43.990  21.410 0.0000000000
156256  -48.543  -43.856  20.304 0.0000000000
156257  -48.485  -44.139  20.945 0.0000000000
156258  -48.535  -44.304  21.469 0.0000000000
156259  -49.002  -44.573  21.553 0.0000000000
156260  -49.507  -44.830  21.600 0.0000000000
156261  -50.041  -45.067  21.693 0.0000000000
156262  -51.121  -43.495  18.251 0.0000000000
156263  -50.986  -43.901  18.818 0.0000000000
156264  -50.827  -44.235  19.400 0.0000000000
156266  -51.364  -44.445  19.472 0.0000000000
156267  -50.713  -44.529  19.979 0.0000000000
156268  -50.639  -44.814  20.568 0.0000000000
156269  -50.593  -45.092  21.179 0.0000000000
156270  -50.575  -45.301  21.801 0.0000000000
156271  -51.138  -45.560  21.880 0.0000000000
156272  -51.697  -45.829  21.957 0.0000000000
156273  -52.235  -46.102  22.063 0.0000000000
156274  -52.861  -45.812  21.016 0.0000000000
156275  -52.860  -46.129  21.545 0.0000000000
156276  -52.841  -46.374  22.069 0.0000000000
156277  -53.464  -46.698  22.080 0.0000000000
156278  -54.063  -46.995  22.134 0.0000000000
156279  -54.694  -47.271  22.150 0.0000000000
156280  -55.305  -47.281  21.599 0.0000000000
156395  -52.545  -36.810  10.129 0.0000000000
156396  -53.444  -36.458  9.920 0.0000000000
156404  -53.582  -36.029  9.544 0.0000000000
156405  -54.344  -36.099  9.698 0.0000000000
156406  -55.210  -35.763  9.539 0.0000000000
156407  -56.119  -35.408  9.416 0.0000000000
156408  -57.032  -35.052  9.343 0.0000000000
156409  -56.414  -34.578  8.823 0.0000000000
156410  -57.134  -34.633  9.057 0.0000000000
156411  -57.861  -34.761  9.300 0.0000000000
