#!ascii label  , from subject fsaverage vox2ras=TkReg
1238
62  -62.601  -15.008  18.966 0.0000000000
63  -48.559  -28.224  19.329 0.0000000000
401  -59.060  -27.284  18.872 0.0000000000
402  -53.279  -20.340  21.848 0.0000000000
403  -45.711  -20.723  19.403 0.0000000000
908  -56.471  -20.852  23.060 0.0000000000
909  -58.080  -17.375  19.265 0.0000000000
911  -50.192  -18.057  15.270 0.0000000000
913  -41.323  -22.454  19.116 0.0000000000
1200  -53.585  -27.666  17.849 0.0000000000
1202  -50.101  -31.677  19.054 0.0000000000
1481  -59.944  -16.536  15.334 0.0000000000
1656  -44.255  -29.025  21.072 0.0000000000
1657  -44.605  -33.147  17.911 0.0000000000
1897  -55.576  -24.891  20.576 0.0000000000
1898  -51.460  -25.136  21.556 0.0000000000
1899  -54.593  -17.719  16.929 0.0000000000
1900  -50.084  -19.859  20.550 0.0000000000
1901  -47.290  -24.719  22.245 0.0000000000
1902  -42.776  -25.408  22.296 0.0000000000
2828  -59.492  -16.846  20.858 0.0000000000
2829  -60.906  -16.570  18.754 0.0000000000
3120  -50.929  -27.892  18.460 0.0000000000
3121  -51.995  -29.502  17.416 0.0000000000
3122  -49.322  -29.950  17.745 0.0000000000
3720  -41.936  -29.623  21.933 0.0000000000
3721  -42.215  -31.416  19.811 0.0000000000
3722  -39.898  -32.286  20.534 0.0000000000
4165  -54.907  -20.662  22.531 0.0000000000
4166  -55.822  -23.088  22.002 0.0000000000
4167  -54.064  -23.030  21.762 0.0000000000
4168  -53.657  -25.136  20.867 0.0000000000
4169  -52.252  -22.888  21.838 0.0000000000
4171  -57.356  -17.323  15.755 0.0000000000
4172  -55.064  -17.181  14.773 0.0000000000
4173  -47.721  -19.248  17.058 0.0000000000
4174  -50.112  -18.554  17.828 0.0000000000
4175  -48.052  -20.029  20.130 0.0000000000
4176  -48.687  -22.187  21.905 0.0000000000
4177  -46.448  -22.361  21.807 0.0000000000
4178  -45.069  -24.922  22.257 0.0000000000
4179  -44.132  -22.831  21.507 0.0000000000
6244  -56.803  -18.358  21.804 0.0000000000
6245  -55.275  -18.321  20.713 0.0000000000
6249  -47.571  -18.208  15.076 0.0000000000
6250  -45.197  -20.064  16.531 0.0000000000
6251  -43.441  -21.658  19.059 0.0000000000
6252  -42.904  -20.519  16.865 0.0000000000
6768  -56.431  -27.426  17.987 0.0000000000
6769  -57.870  -29.017  18.888 0.0000000000
6770  -54.819  -29.203  17.927 0.0000000000
6771  -52.870  -30.771  19.782 0.0000000000
6772  -50.200  -32.013  21.956 0.0000000000
7295  -61.715  -16.205  16.751 0.0000000000
7296  -62.007  -15.028  15.303 0.0000000000
7704  -46.517  -28.550  20.161 0.0000000000
7705  -46.716  -30.325  18.164 0.0000000000
7706  -44.418  -30.842  18.793 0.0000000000
7707  -42.128  -33.634  18.005 0.0000000000
8302  -57.226  -24.599  20.869 0.0000000000
8303  -57.336  -26.099  19.386 0.0000000000
8304  -54.995  -26.364  19.205 0.0000000000
8305  -52.565  -26.748  19.714 0.0000000000
8306  -50.165  -26.750  20.484 0.0000000000
8307  -59.296  -17.142  16.985 0.0000000000
8308  -56.503  -17.625  18.007 0.0000000000
8309  -53.858  -18.375  19.438 0.0000000000
8310  -52.503  -17.868  15.903 0.0000000000
8311  -52.132  -18.351  18.678 0.0000000000
8312  -51.816  -19.997  21.030 0.0000000000
8313  -50.564  -22.491  21.896 0.0000000000
8314  -49.428  -24.854  21.917 0.0000000000
8315  -48.043  -26.727  20.980 0.0000000000
8316  -45.889  -27.019  21.571 0.0000000000
8317  -43.565  -27.375  22.271 0.0000000000
8319  -41.929  -23.743  21.189 0.0000000000
9385  -47.451  -32.620  18.405 0.0000000000
9386  -47.512  -33.112  21.260 0.0000000000
10507  -62.212  -15.273  19.996 0.0000000000
10508  -61.467  -16.120  19.781 0.0000000000
10509  -61.897  -15.958  18.857 0.0000000000
10800  -49.695  -28.033  18.884 0.0000000000
10801  -50.100  -28.751  17.910 0.0000000000
10802  -48.850  -29.041  18.347 0.0000000000
11845  -54.108  -20.406  22.200 0.0000000000
11846  -54.416  -21.860  22.253 0.0000000000
11847  -53.536  -21.692  22.096 0.0000000000
11848  -53.200  -22.944  21.793 0.0000000000
11849  -52.731  -21.575  21.987 0.0000000000
11853  -46.673  -19.904  18.136 0.0000000000
11854  -47.849  -19.456  18.586 0.0000000000
11855  -46.909  -20.325  19.715 0.0000000000
11856  -47.218  -21.100  20.972 0.0000000000
11857  -46.066  -21.376  20.832 0.0000000000
11858  -45.297  -22.518  21.669 0.0000000000
11859  -44.906  -21.661  20.662 0.0000000000
14244  -59.397  -17.347  22.769 0.0000000000
14245  -58.855  -17.127  20.062 0.0000000000
14246  -58.105  -17.473  21.226 0.0000000000
14247  -57.378  -17.625  20.553 0.0000000000
14248  -56.069  -18.322  21.235 0.0000000000
14249  -56.607  -17.745  19.931 0.0000000000
14256  -46.348  -19.144  15.663 0.0000000000
14257  -45.086  -19.292  15.840 0.0000000000
14258  -44.038  -20.363  16.574 0.0000000000
14259  -44.078  -19.231  16.252 0.0000000000
15120  -54.987  -27.576  17.821 0.0000000000
15121  -55.704  -28.390  17.734 0.0000000000
15122  -54.213  -28.426  17.479 0.0000000000
15123  -51.116  -30.607  18.124 0.0000000000
15124  -52.459  -30.317  18.400 0.0000000000
15125  -51.506  -31.211  19.425 0.0000000000
15126  -51.552  -31.465  20.792 0.0000000000
15127  -50.195  -31.981  20.443 0.0000000000
16043  -62.766  -14.730  16.045 0.0000000000
16920  -45.333  -28.782  20.536 0.0000000000
16921  -45.461  -29.655  19.490 0.0000000000
16922  -44.357  -29.878  19.971 0.0000000000
16923  -41.080  -32.864  19.167 0.0000000000
16924  -42.210  -32.465  18.747 0.0000000000
16926  -41.151  -34.798  18.221 0.0000000000
16935  -38.963  -38.537  17.010 0.0000000000
18255  -57.198  -20.776  23.392 0.0000000000
18257  -56.838  -22.032  22.830 0.0000000000
18258  -55.614  -24.011  21.218 0.0000000000
18259  -56.511  -23.915  21.393 0.0000000000
18260  -56.459  -24.723  20.624 0.0000000000
18261  -57.394  -25.406  20.068 0.0000000000
18262  -56.421  -25.511  19.955 0.0000000000
18263  -56.192  -26.226  19.174 0.0000000000
18264  -55.435  -25.670  19.973 0.0000000000
18265  -52.587  -25.175  21.199 0.0000000000
18266  -53.213  -25.955  20.411 0.0000000000
18267  -52.037  -26.084  20.758 0.0000000000
18268  -51.330  -26.800  20.153 0.0000000000
18269  -50.936  -26.063  21.084 0.0000000000
18270  -60.901  -16.530  15.905 0.0000000000
18271  -60.636  -16.786  16.768 0.0000000000
18272  -59.702  -16.957  16.022 0.0000000000
18273  -55.954  -17.545  16.210 0.0000000000
18274  -56.951  -17.494  16.875 0.0000000000
18275  -55.625  -17.691  17.461 0.0000000000
18276  -55.153  -17.939  18.638 0.0000000000
18277  -54.255  -17.959  18.260 0.0000000000
18278  -51.392  -17.457  14.789 0.0000000000
18279  -52.535  -17.525  14.879 0.0000000000
18280  -51.339  -17.946  15.569 0.0000000000
18281  -50.014  -18.961  19.323 0.0000000000
18282  -51.161  -18.383  18.238 0.0000000000
18283  -51.024  -18.960  19.632 0.0000000000
18284  -51.948  -18.976  19.901 0.0000000000
18285  -51.014  -19.842  20.734 0.0000000000
18286  -51.129  -21.226  21.554 0.0000000000
18287  -50.294  -21.080  21.398 0.0000000000
18288  -48.013  -23.441  22.202 0.0000000000
18289  -49.079  -23.526  22.153 0.0000000000
18290  -48.382  -24.688  22.095 0.0000000000
18291  -48.765  -25.770  21.499 0.0000000000
18292  -47.671  -25.793  21.700 0.0000000000
18293  -47.001  -26.820  21.312 0.0000000000
18294  -46.582  -25.872  21.963 0.0000000000
18295  -43.907  -25.106  22.249 0.0000000000
18296  -44.347  -26.231  22.218 0.0000000000
18297  -43.166  -26.421  22.450 0.0000000000
18298  -42.357  -27.615  22.561 0.0000000000
18300  -42.393  -22.092  19.085 0.0000000000
18301  -42.670  -22.587  20.303 0.0000000000
18302  -41.665  -23.047  20.197 0.0000000000
20888  -56.981  -29.628  19.498 0.0000000000
20903  -45.722  -31.779  17.668 0.0000000000
20904  -47.122  -31.606  17.703 0.0000000000
20905  -46.069  -32.887  18.043 0.0000000000
23523  -60.790  -16.255  20.754 0.0000000000
23524  -60.296  -16.666  19.778 0.0000000000
23525  -59.559  -16.968  18.921 0.0000000000
24048  -52.277  -27.753  18.032 0.0000000000
24049  -52.798  -28.517  17.418 0.0000000000
24050  -51.434  -28.612  17.574 0.0000000000
24051  -50.593  -29.739  17.567 0.0000000000
24052  -49.757  -30.942  17.962 0.0000000000
25128  -43.112  -29.312  21.508 0.0000000000
25129  -43.324  -30.181  20.497 0.0000000000
25130  -42.156  -30.567  20.944 0.0000000000
25131  -41.059  -31.820  20.218 0.0000000000
25132  -39.994  -33.276  19.595 0.0000000000
25929  -55.707  -20.827  22.787 0.0000000000
25930  -56.101  -22.082  22.595 0.0000000000
25931  -55.277  -22.017  22.474 0.0000000000
25932  -54.959  -23.067  21.892 0.0000000000
25933  -54.743  -24.109  21.221 0.0000000000
25934  -54.612  -25.004  20.711 0.0000000000
25935  -53.829  -24.133  21.292 0.0000000000
25936  -52.897  -24.124  21.483 0.0000000000
25937  -51.879  -24.038  21.744 0.0000000000
25938  -58.802  -16.503  14.934 0.0000000000
25939  -58.664  -17.000  15.465 0.0000000000
25940  -57.508  -16.945  15.009 0.0000000000
25941  -56.232  -17.315  15.229 0.0000000000
25942  -54.874  -17.524  15.704 0.0000000000
25943  -48.935  -18.631  16.069 0.0000000000
25944  -50.134  -18.385  16.417 0.0000000000
25945  -48.956  -18.874  17.422 0.0000000000
25946  -48.980  -19.132  18.989 0.0000000000
25947  -49.081  -19.830  20.376 0.0000000000
25948  -49.358  -20.997  21.377 0.0000000000
25949  -48.292  -20.960  21.238 0.0000000000
25950  -47.554  -22.172  21.850 0.0000000000
25951  -46.892  -23.493  22.297 0.0000000000
25952  -46.160  -24.739  22.314 0.0000000000
25953  -45.745  -23.655  22.272 0.0000000000
25954  -44.591  -23.769  22.085 0.0000000000
25955  -43.436  -24.142  21.963 0.0000000000
27518  -43.497  -34.320  18.475 0.0000000000
27519  -44.836  -33.927  18.822 0.0000000000
29927  -57.184  -19.514  23.118 0.0000000000
29928  -58.750  -17.372  22.015 0.0000000000
29929  -57.564  -18.242  22.327 0.0000000000
29930  -56.465  -19.438  22.686 0.0000000000
29931  -55.680  -19.385  22.278 0.0000000000
29932  -54.927  -19.247  21.843 0.0000000000
29933  -54.124  -19.176  21.334 0.0000000000
29938  -50.247  -17.385  14.714 0.0000000000
29941  -48.891  -18.122  15.108 0.0000000000
29942  -47.591  -18.929  15.749 0.0000000000
29943  -46.446  -19.662  16.722 0.0000000000
29944  -45.457  -20.419  17.871 0.0000000000
29945  -44.549  -21.197  19.205 0.0000000000
29946  -44.280  -20.862  17.703 0.0000000000
29947  -43.144  -21.300  17.735 0.0000000000
29948  -42.050  -21.529  17.964 0.0000000000
29950  -41.991  -20.400  17.433 0.0000000000
29951  -41.038  -21.581  18.293 0.0000000000
31152  -57.830  -27.367  18.334 0.0000000000
31153  -58.586  -28.206  18.601 0.0000000000
31154  -57.149  -28.297  18.061 0.0000000000
31155  -56.321  -29.104  18.384 0.0000000000
31156  -55.357  -29.757  19.046 0.0000000000
31157  -53.350  -29.362  17.560 0.0000000000
31158  -53.884  -30.004  18.680 0.0000000000
31159  -54.303  -30.413  20.089 0.0000000000
31160  -53.063  -31.050  21.081 0.0000000000
32417  -62.237  -15.663  17.785 0.0000000000
32418  -62.524  -15.316  16.879 0.0000000000
32419  -61.928  -15.757  16.002 0.0000000000
32420  -61.047  -15.929  15.346 0.0000000000
33528  -47.586  -28.421  19.775 0.0000000000
33529  -47.695  -29.247  18.721 0.0000000000
33530  -46.646  -29.424  19.169 0.0000000000
33531  -45.567  -30.594  18.418 0.0000000000
33532  -44.448  -31.993  17.872 0.0000000000
33533  -43.312  -31.123  19.272 0.0000000000
33534  -43.341  -32.186  18.255 0.0000000000
33535  -43.292  -33.401  17.842 0.0000000000
33536  -42.302  -34.599  18.269 0.0000000000
33545  -39.309  -36.317  18.335 0.0000000000
35196  -56.608  -22.974  22.160 0.0000000000
35197  -57.185  -23.728  21.772 0.0000000000
35200  -58.254  -25.976  19.707 0.0000000000
35201  -58.154  -26.586  18.955 0.0000000000
35202  -56.990  -26.737  18.617 0.0000000000
35203  -55.687  -26.839  18.435 0.0000000000
35204  -54.362  -27.009  18.428 0.0000000000
35205  -54.311  -25.788  20.126 0.0000000000
35206  -53.795  -26.536  19.418 0.0000000000
35207  -53.084  -27.212  18.675 0.0000000000
35208  -51.780  -27.271  19.001 0.0000000000
35209  -50.531  -27.377  19.416 0.0000000000
35210  -49.359  -27.381  19.859 0.0000000000
35211  -61.357  -16.441  17.721 0.0000000000
35212  -60.142  -16.937  17.756 0.0000000000
35213  -58.805  -17.241  18.075 0.0000000000
35214  -58.329  -17.227  16.322 0.0000000000
35215  -57.909  -17.397  17.453 0.0000000000
35216  -57.339  -17.537  18.602 0.0000000000
35217  -55.882  -17.859  19.274 0.0000000000
35218  -54.583  -18.316  20.047 0.0000000000
35219  -53.447  -19.087  20.785 0.0000000000
35220  -53.887  -16.991  14.508 0.0000000000
35221  -53.783  -17.507  15.172 0.0000000000
35222  -53.562  -17.731  16.357 0.0000000000
35223  -51.260  -18.166  16.807 0.0000000000
35224  -52.368  -17.995  17.196 0.0000000000
35225  -53.258  -17.980  17.847 0.0000000000
35226  -53.052  -18.371  19.046 0.0000000000
35227  -52.741  -19.043  20.212 0.0000000000
35228  -52.574  -20.131  21.373 0.0000000000
35229  -51.899  -21.400  21.753 0.0000000000
35230  -51.341  -22.728  21.891 0.0000000000
35231  -50.952  -23.953  21.982 0.0000000000
35232  -49.719  -22.291  21.868 0.0000000000
35233  -50.059  -23.727  22.074 0.0000000000
35234  -50.453  -24.986  21.799 0.0000000000
35235  -49.816  -25.927  21.318 0.0000000000
35236  -49.032  -26.705  20.777 0.0000000000
35237  -48.340  -27.502  20.273 0.0000000000
35238  -47.320  -27.658  20.565 0.0000000000
35239  -46.197  -27.835  20.888 0.0000000000
35240  -45.093  -28.045  21.325 0.0000000000
35241  -45.472  -26.007  22.096 0.0000000000
35242  -44.722  -27.206  21.945 0.0000000000
35243  -43.919  -28.226  21.815 0.0000000000
35244  -42.713  -28.543  22.193 0.0000000000
35245  -41.571  -28.841  22.468 0.0000000000
35247  -43.740  -22.095  20.398 0.0000000000
35248  -43.044  -23.244  21.369 0.0000000000
35249  -42.301  -24.505  21.787 0.0000000000
35250  -40.857  -24.211  21.102 0.0000000000
38395  -48.036  -30.253  17.943 0.0000000000
38396  -48.445  -31.328  17.835 0.0000000000
38397  -48.761  -32.201  18.724 0.0000000000
38398  -46.203  -33.485  19.230 0.0000000000
38399  -47.549  -33.066  19.710 0.0000000000
38400  -48.804  -32.594  20.094 0.0000000000
41227  -62.415  -15.151  19.496 0.0000000000
41228  -62.082  -15.610  19.425 0.0000000000
41229  -62.288  -15.519  18.919 0.0000000000
41520  -49.117  -28.104  19.109 0.0000000000
41521  -49.292  -28.496  18.583 0.0000000000
41522  -48.722  -28.593  18.782 0.0000000000
42565  -53.706  -20.371  21.996 0.0000000000
42566  -53.819  -21.047  22.158 0.0000000000
42567  -53.372  -20.987  22.117 0.0000000000
42568  -53.140  -21.642  22.038 0.0000000000
42569  -52.993  -20.922  21.946 0.0000000000
42573  -46.181  -20.297  18.789 0.0000000000
42574  -46.764  -20.068  18.960 0.0000000000
42575  -46.328  -20.537  19.572 0.0000000000
42576  -46.481  -20.831  20.284 0.0000000000
42577  -45.865  -20.993  20.129 0.0000000000
42578  -45.475  -21.511  20.695 0.0000000000
42579  -45.289  -21.190  20.020 0.0000000000
43442  -59.501  -27.727  18.993 0.0000000000
44965  -58.489  -17.282  19.623 0.0000000000
44966  -58.140  -17.392  20.251 0.0000000000
44967  -57.708  -17.467  19.910 0.0000000000
44968  -56.981  -17.701  20.237 0.0000000000
44969  -57.324  -17.553  19.588 0.0000000000
44976  -45.768  -18.685  15.557 0.0000000000
44977  -45.133  -18.737  15.763 0.0000000000
44978  -44.536  -19.309  16.019 0.0000000000
44979  -44.681  -18.705  16.113 0.0000000000
45840  -54.286  -27.625  17.787 0.0000000000
45841  -54.611  -27.992  17.587 0.0000000000
45842  -53.886  -28.007  17.573 0.0000000000
45843  -50.617  -31.160  18.601 0.0000000000
45844  -51.310  -30.997  18.750 0.0000000000
45845  -50.785  -31.446  19.240 0.0000000000
45846  -50.872  -31.623  19.921 0.0000000000
45847  -50.165  -31.910  19.698 0.0000000000
47640  -44.754  -28.877  20.805 0.0000000000
47641  -44.820  -29.325  20.283 0.0000000000
47642  -44.291  -29.501  20.586 0.0000000000
47643  -40.529  -33.572  18.913 0.0000000000
47644  -41.075  -33.356  18.697 0.0000000000
48975  -56.827  -20.864  23.225 0.0000000000
48976  -56.984  -21.417  23.140 0.0000000000
48977  -56.623  -21.513  23.008 0.0000000000
48978  -55.588  -24.482  20.901 0.0000000000
48979  -56.007  -24.378  20.916 0.0000000000
48980  -56.001  -24.798  20.591 0.0000000000
48981  -56.448  -25.131  20.283 0.0000000000
48982  -55.988  -25.210  20.257 0.0000000000
48983  -55.956  -25.602  19.914 0.0000000000
48984  -55.552  -25.289  20.258 0.0000000000
48985  -52.004  -25.161  21.381 0.0000000000
48986  -52.334  -25.641  20.994 0.0000000000
48987  -51.775  -25.683  21.231 0.0000000000
48988  -51.481  -26.084  20.939 0.0000000000
48989  -51.235  -25.621  21.359 0.0000000000
48990  -60.386  -16.549  15.575 0.0000000000
48991  -60.318  -16.748  15.948 0.0000000000
48992  -59.830  -16.786  15.636 0.0000000000
48993  -55.274  -17.634  16.552 0.0000000000
48994  -55.808  -17.631  16.816 0.0000000000
48995  -55.131  -17.701  17.176 0.0000000000
48996  -54.950  -17.799  17.814 0.0000000000
48997  -54.431  -17.810  17.614 0.0000000000
48998  -50.793  -17.759  15.019 0.0000000000
48999  -51.390  -17.768  15.073 0.0000000000
49000  -50.783  -18.009  15.413 0.0000000000
49001  -50.003  -19.374  19.991 0.0000000000
49002  -50.515  -18.926  19.483 0.0000000000
49003  -50.517  -19.377  20.134 0.0000000000
49004  -50.989  -19.374  20.232 0.0000000000
49005  -50.554  -19.889  20.668 0.0000000000
49006  -50.623  -20.463  21.095 0.0000000000
49007  -50.173  -20.423  20.986 0.0000000000
49008  -47.669  -24.084  22.267 0.0000000000
49009  -48.202  -24.076  22.212 0.0000000000
49010  -47.842  -24.670  22.150 0.0000000000
49011  -48.020  -25.220  21.924 0.0000000000
49012  -47.457  -25.247  22.027 0.0000000000
49013  -47.122  -25.825  21.842 0.0000000000
49014  -46.919  -25.279  22.112 0.0000000000
49015  -43.335  -25.286  22.251 0.0000000000
49016  -43.555  -25.811  22.339 0.0000000000
49017  -42.960  -25.887  22.429 0.0000000000
49018  -42.557  -26.502  22.551 0.0000000000
49019  -42.363  -26.048  22.479 0.0000000000
49020  -41.850  -22.279  19.033 0.0000000000
49021  -42.019  -22.534  19.616 0.0000000000
49022  -41.528  -22.789  19.642 0.0000000000
51623  -45.168  -32.456  17.712 0.0000000000
51624  -45.914  -32.357  17.717 0.0000000000
51625  -45.348  -33.003  17.931 0.0000000000
54564  -61.397  -15.915  20.797 0.0000000000
54565  -61.232  -16.369  19.250 0.0000000000
54566  -60.918  -16.417  19.744 0.0000000000
54567  -60.650  -16.623  19.251 0.0000000000
54568  -59.945  -16.822  19.331 0.0000000000
54569  -60.272  -16.762  18.808 0.0000000000
55440  -51.587  -27.831  18.238 0.0000000000
55441  -51.880  -28.143  17.754 0.0000000000
55442  -51.187  -28.219  17.961 0.0000000000
55443  -49.694  -29.322  17.777 0.0000000000
55444  -50.324  -29.238  17.639 0.0000000000
55445  -49.929  -29.864  17.606 0.0000000000
55446  -50.195  -30.334  17.716 0.0000000000
55447  -49.548  -30.433  17.723 0.0000000000
57240  -42.543  -29.466  21.756 0.0000000000
57241  -42.663  -29.958  21.266 0.0000000000
57242  -42.062  -30.101  21.486 0.0000000000
57244  -40.992  -31.373  20.732 0.0000000000
57245  -40.481  -32.054  20.411 0.0000000000
57246  -40.514  -32.565  19.908 0.0000000000
57247  -39.964  -32.763  20.076 0.0000000000
58575  -55.294  -20.742  22.684 0.0000000000
58576  -55.459  -21.480  22.711 0.0000000000
58577  -55.049  -21.379  22.588 0.0000000000
58578  -54.216  -22.401  22.025 0.0000000000
58579  -54.649  -22.488  22.101 0.0000000000
58580  -54.480  -23.045  21.785 0.0000000000
58581  -54.820  -23.596  21.511 0.0000000000
58582  -54.364  -23.611  21.507 0.0000000000
58583  -54.301  -24.117  21.251 0.0000000000
58584  -53.937  -23.605  21.520 0.0000000000
58585  -52.725  -22.950  21.818 0.0000000000
58586  -53.027  -23.552  21.636 0.0000000000
58587  -52.548  -23.530  21.689 0.0000000000
58588  -52.374  -24.098  21.591 0.0000000000
58589  -52.051  -23.475  21.769 0.0000000000
58591  -58.150  -16.744  14.949 0.0000000000
58592  -57.544  -16.671  14.756 0.0000000000
58593  -55.729  -16.980  14.715 0.0000000000
58594  -56.328  -17.105  14.902 0.0000000000
58595  -55.650  -17.276  14.988 0.0000000000
58596  -55.572  -17.440  15.396 0.0000000000
58597  -54.996  -17.383  15.183 0.0000000000
58598  -48.303  -18.951  16.525 0.0000000000
58599  -48.941  -18.774  16.698 0.0000000000
58600  -48.331  -19.058  17.251 0.0000000000
58601  -47.946  -19.679  19.401 0.0000000000
58602  -48.429  -19.296  18.789 0.0000000000
58603  -48.481  -19.527  19.552 0.0000000000
58604  -49.023  -19.411  19.721 0.0000000000
58605  -48.567  -19.874  20.287 0.0000000000
58606  -48.672  -20.358  20.834 0.0000000000
58607  -48.166  -20.446  20.731 0.0000000000
58608  -46.825  -21.722  21.419 0.0000000000
58609  -47.410  -21.611  21.473 0.0000000000
58610  -47.028  -22.265  21.806 0.0000000000
58611  -47.234  -22.835  22.094 0.0000000000
58612  -46.673  -22.917  22.115 0.0000000000
58613  -46.301  -23.533  22.305 0.0000000000
58614  -46.092  -22.985  22.109 0.0000000000
58615  -44.694  -22.640  21.597 0.0000000000
58616  -44.945  -23.133  21.931 0.0000000000
58617  -44.347  -23.281  21.846 0.0000000000
58618  -44.003  -23.934  22.030 0.0000000000
58619  -43.786  -23.459  21.781 0.0000000000
65775  -59.772  -16.711  21.333 0.0000000000
65776  -59.422  -16.971  21.855 0.0000000000
65777  -59.099  -17.060  21.453 0.0000000000
65778  -57.442  -17.897  21.520 0.0000000000
65779  -57.810  -17.808  21.766 0.0000000000
65780  -57.196  -18.319  22.056 0.0000000000
65781  -56.988  -18.831  22.522 0.0000000000
65782  -56.602  -18.844  22.306 0.0000000000
65783  -56.091  -19.469  22.477 0.0000000000
65784  -56.216  -18.853  22.050 0.0000000000
65785  -55.663  -18.319  21.009 0.0000000000
65786  -55.466  -18.720  21.558 0.0000000000
65787  -55.067  -18.724  21.321 0.0000000000
65788  -54.513  -19.177  21.643 0.0000000000
65789  -54.658  -18.678  21.042 0.0000000000
65804  -48.903  -17.793  14.883 0.0000000000
65805  -48.208  -18.215  15.064 0.0000000000
65806  -48.208  -18.526  15.404 0.0000000000
65807  -47.560  -18.601  15.317 0.0000000000
65808  -45.738  -19.615  16.044 0.0000000000
65809  -46.383  -19.466  16.126 0.0000000000
65810  -45.827  -19.854  16.610 0.0000000000
65811  -45.930  -20.025  17.266 0.0000000000
65812  -45.320  -20.251  17.138 0.0000000000
65813  -44.872  -20.630  17.759 0.0000000000
65814  -44.732  -20.459  17.114 0.0000000000
65815  -43.443  -20.495  16.627 0.0000000000
65816  -43.560  -20.869  17.106 0.0000000000
65817  -42.973  -20.992  17.216 0.0000000000
65818  -42.568  -21.465  17.863 0.0000000000
65819  -42.434  -21.068  17.357 0.0000000000
65826  -41.512  -20.997  17.865 0.0000000000
68400  -57.176  -27.412  18.113 0.0000000000
68401  -57.569  -27.796  18.120 0.0000000000
68402  -56.805  -27.873  17.920 0.0000000000
68403  -55.283  -28.783  17.781 0.0000000000
68404  -56.028  -28.752  17.955 0.0000000000
68405  -55.584  -29.136  18.158 0.0000000000
68406  -55.836  -29.446  18.697 0.0000000000
68407  -55.074  -29.500  18.441 0.0000000000
68408  -52.415  -28.995  17.317 0.0000000000
68409  -53.098  -28.940  17.346 0.0000000000
68410  -52.661  -29.416  17.487 0.0000000000
68411  -52.685  -30.586  19.097 0.0000000000
68412  -53.168  -30.155  18.557 0.0000000000
68413  -53.400  -30.409  19.239 0.0000000000
68414  -54.113  -30.249  19.383 0.0000000000
68415  -53.584  -30.606  19.934 0.0000000000
68416  -53.712  -30.730  20.573 0.0000000000
68417  -52.980  -30.930  20.408 0.0000000000
68418  -50.848  -31.773  21.334 0.0000000000
68420  -50.930  -31.787  22.039 0.0000000000
71168  -62.710  -14.937  17.382 0.0000000000
71169  -62.881  -14.770  16.902 0.0000000000
71170  -62.426  -14.872  15.656 0.0000000000
71171  -62.359  -15.239  16.052 0.0000000000
71172  -61.984  -15.353  15.687 0.0000000000
71173  -61.512  -15.848  15.651 0.0000000000
71174  -61.523  -15.521  15.354 0.0000000000
73800  -47.074  -28.522  19.978 0.0000000000
73801  -47.124  -28.957  19.449 0.0000000000
73802  -46.576  -28.996  19.685 0.0000000000
73803  -44.946  -30.191  19.143 0.0000000000
73804  -45.515  -30.081  18.951 0.0000000000
73805  -44.996  -30.758  18.584 0.0000000000
73806  -45.029  -31.328  18.093 0.0000000000
73807  -44.452  -31.404  18.256 0.0000000000
73808  -42.748  -30.791  20.133 0.0000000000
73809  -43.298  -30.636  19.900 0.0000000000
73810  -42.764  -31.227  19.563 0.0000000000
73811  -42.139  -33.045  18.302 0.0000000000
73812  -42.750  -32.282  18.501 0.0000000000
73813  -42.676  -32.928  18.063 0.0000000000
73814  -43.260  -32.789  17.926 0.0000000000
73815  -42.683  -33.545  17.874 0.0000000000
73816  -42.765  -34.072  17.977 0.0000000000
73817  -42.226  -34.177  17.945 0.0000000000
73818  -40.729  -35.312  18.473 0.0000000000
73819  -41.252  -35.130  18.499 0.0000000000
73840  -38.914  -36.524  18.089 0.0000000000
77813  -55.972  -22.611  22.285 0.0000000000
77814  -56.356  -22.570  22.389 0.0000000000
77815  -56.254  -23.069  22.056 0.0000000000
77816  -56.865  -24.269  21.122 0.0000000000
77817  -56.867  -23.844  21.530 0.0000000000
77818  -57.195  -24.197  21.328 0.0000000000
77823  -57.390  -25.774  19.717 0.0000000000
77824  -57.823  -25.690  19.879 0.0000000000
77825  -57.830  -26.046  19.519 0.0000000000
77826  -58.234  -26.292  19.325 0.0000000000
77827  -57.762  -26.345  19.160 0.0000000000
77828  -57.613  -26.685  18.774 0.0000000000
77829  -57.182  -26.405  19.007 0.0000000000
77830  -55.622  -26.296  19.170 0.0000000000
77831  -55.954  -26.560  18.775 0.0000000000
77832  -55.330  -26.609  18.795 0.0000000000
77833  -55.000  -26.929  18.387 0.0000000000
77834  -54.703  -26.678  18.821 0.0000000000
77835  -54.124  -25.048  20.783 0.0000000000
77836  -54.493  -25.439  20.457 0.0000000000
77837  -53.981  -25.482  20.515 0.0000000000
77838  -52.916  -26.375  20.125 0.0000000000
77839  -53.498  -26.269  19.945 0.0000000000
77840  -53.170  -26.664  19.573 0.0000000000
77841  -53.459  -26.919  19.048 0.0000000000
77842  -52.812  -27.000  19.157 0.0000000000
77843  -52.428  -27.261  18.811 0.0000000000
77844  -52.180  -27.039  19.347 0.0000000000
77845  -50.705  -26.789  20.315 0.0000000000
77846  -50.934  -27.094  19.777 0.0000000000
77847  -50.340  -27.086  19.959 0.0000000000
77848  -49.928  -27.380  19.611 0.0000000000
77849  -49.785  -27.085  20.178 0.0000000000
77850  -62.014  -15.987  17.298 0.0000000000
77851  -61.828  -16.116  17.767 0.0000000000
77852  -61.548  -16.354  17.241 0.0000000000
77853  -59.986  -16.975  16.862 0.0000000000
77854  -60.402  -16.868  17.257 0.0000000000
77855  -59.736  -17.050  17.349 0.0000000000
77856  -59.488  -17.097  17.891 0.0000000000
77857  -59.076  -17.180  17.536 0.0000000000
77858  -58.035  -17.174  15.578 0.0000000000
77859  -58.524  -17.148  15.866 0.0000000000
77860  -57.835  -17.288  16.047 0.0000000000
77861  -56.764  -17.544  17.443 0.0000000000
77862  -57.447  -17.441  17.160 0.0000000000
77863  -57.203  -17.519  17.706 0.0000000000
77864  -57.661  -17.467  17.994 0.0000000000
77865  -56.984  -17.600  18.223 0.0000000000
77866  -56.602  -17.701  18.901 0.0000000000
77867  -56.208  -17.731  18.599 0.0000000000
77868  -54.478  -18.135  19.062 0.0000000000
77869  -54.844  -18.107  19.372 0.0000000000
77870  -54.235  -18.367  19.743 0.0000000000
77871  -53.989  -18.680  20.420 0.0000000000
77872  -53.645  -18.676  20.116 0.0000000000
77875  -53.235  -16.924  14.496 0.0000000000
77876  -52.530  -17.740  15.342 0.0000000000
77877  -53.147  -17.510  15.016 0.0000000000
77878  -53.120  -17.713  15.526 0.0000000000
77879  -53.694  -17.647  15.709 0.0000000000
77880  -53.061  -17.797  16.127 0.0000000000
77881  -50.111  -18.467  17.093 0.0000000000
77882  -50.686  -18.248  16.574 0.0000000000
77883  -50.687  -18.347  17.296 0.0000000000
77884  -51.651  -18.346  18.452 0.0000000000
77885  -51.754  -18.180  17.687 0.0000000000
77886  -52.232  -18.139  17.996 0.0000000000
77887  -52.835  -17.978  17.537 0.0000000000
77888  -52.693  -18.134  18.269 0.0000000000
77889  -53.165  -18.152  18.479 0.0000000000
77890  -52.607  -18.349  18.859 0.0000000000
77891  -51.862  -19.431  20.492 0.0000000000
77892  -52.370  -19.019  20.045 0.0000000000
77893  -52.270  -19.490  20.638 0.0000000000
77894  -52.627  -19.537  20.826 0.0000000000
77895  -52.177  -20.048  21.199 0.0000000000
77896  -52.190  -20.759  21.620 0.0000000000
77897  -51.830  -20.659  21.454 0.0000000000
77898  -50.815  -21.873  21.751 0.0000000000
77899  -51.235  -22.036  21.820 0.0000000000
77900  -50.964  -22.620  21.914 0.0000000000
77901  -51.158  -23.346  21.953 0.0000000000
77902  -50.741  -23.232  22.031 0.0000000000
77903  -49.021  -21.591  21.682 0.0000000000
77904  -49.535  -21.610  21.647 0.0000000000
77905  -49.224  -22.217  21.895 0.0000000000
77906  -49.233  -24.200  22.092 0.0000000000
77907  -49.578  -23.620  22.086 0.0000000000
77908  -49.763  -24.292  22.023 0.0000000000
77909  -50.263  -24.371  21.983 0.0000000000
77910  -49.971  -24.903  21.873 0.0000000000
77911  -50.119  -25.487  21.597 0.0000000000
77912  -49.630  -25.428  21.653 0.0000000000
77913  -48.408  -26.241  21.231 0.0000000000
77914  -48.907  -26.275  21.124 0.0000000000
77915  -48.548  -26.702  20.878 0.0000000000
77916  -48.688  -27.101  20.507 0.0000000000
77917  -48.185  -27.170  20.641 0.0000000000
77918  -47.850  -27.601  20.414 0.0000000000
77919  -47.691  -27.206  20.755 0.0000000000
77920  -46.436  -26.960  21.431 0.0000000000
77921  -46.603  -27.337  21.079 0.0000000000
77922  -46.047  -27.466  21.231 0.0000000000
77923  -45.652  -27.993  21.080 0.0000000000
77924  -45.533  -27.551  21.409 0.0000000000
77925  -45.605  -24.869  22.293 0.0000000000
77926  -45.812  -25.400  22.214 0.0000000000
77927  -45.270  -25.468  22.207 0.0000000000
77928  -43.973  -26.825  22.246 0.0000000000
77929  -44.575  -26.739  22.112 0.0000000000
77930  -44.156  -27.292  22.103 0.0000000000
77931  -44.333  -27.731  21.889 0.0000000000
77932  -43.738  -27.834  22.094 0.0000000000
77933  -43.296  -28.382  21.993 0.0000000000
77934  -43.130  -27.941  22.245 0.0000000000
77935  -41.762  -27.784  22.657 0.0000000000
77936  -41.960  -28.240  22.545 0.0000000000
77937  -41.383  -28.408  22.625 0.0000000000
77940  -43.957  -21.413  19.082 0.0000000000
77941  -44.133  -21.611  19.807 0.0000000000
77942  -43.578  -21.863  19.740 0.0000000000
77943  -42.303  -23.146  20.816 0.0000000000
77944  -42.848  -22.906  20.885 0.0000000000
77945  -42.496  -23.510  21.259 0.0000000000
77946  -42.680  -23.913  21.627 0.0000000000
77949  -40.748  -23.851  20.686 0.0000000000
85703  -58.266  -28.636  18.651 0.0000000000
85748  -47.261  -29.788  18.472 0.0000000000
85749  -47.851  -29.726  18.286 0.0000000000
85750  -47.416  -30.323  18.063 0.0000000000
85751  -47.316  -32.180  17.942 0.0000000000
85752  -47.775  -31.474  17.708 0.0000000000
85753  -47.999  -32.053  18.008 0.0000000000
85754  -48.631  -31.825  18.179 0.0000000000
85755  -48.114  -32.437  18.570 0.0000000000
85756  -44.895  -34.071  19.465 0.0000000000
85757  -45.563  -33.724  19.033 0.0000000000
85760  -46.842  -33.378  20.229 0.0000000000
85761  -47.510  -33.149  20.478 0.0000000000
85762  -48.173  -32.860  19.938 0.0000000000
85763  -48.174  -32.883  20.690 0.0000000000
85764  -48.843  -32.622  20.862 0.0000000000
92642  -61.661  -15.824  20.357 0.0000000000
92643  -61.870  -15.725  19.915 0.0000000000
92644  -61.699  -16.045  19.320 0.0000000000
92645  -61.436  -16.298  18.788 0.0000000000
93168  -50.280  -27.957  18.663 0.0000000000
93169  -50.508  -28.264  18.153 0.0000000000
93170  -49.883  -28.378  18.339 0.0000000000
93171  -49.464  -28.895  18.120 0.0000000000
93172  -49.073  -29.484  17.966 0.0000000000
94249  -41.456  -30.286  21.640 0.0000000000
95049  -54.532  -20.532  22.349 0.0000000000
95050  -54.654  -21.300  22.460 0.0000000000
95051  -54.247  -21.173  22.314 0.0000000000
95052  -53.985  -21.729  22.141 0.0000000000
95053  -53.786  -22.383  21.966 0.0000000000
95054  -53.623  -23.009  21.776 0.0000000000
95055  -53.348  -22.346  21.966 0.0000000000
95056  -52.945  -22.321  21.947 0.0000000000
95057  -52.504  -22.252  21.908 0.0000000000
95062  -55.171  -16.854  14.551 0.0000000000
95063  -47.199  -19.550  17.519 0.0000000000
95064  -47.773  -19.345  17.817 0.0000000000
95065  -47.252  -19.667  18.342 0.0000000000
95066  -47.355  -19.874  19.143 0.0000000000
95067  -47.489  -20.158  19.899 0.0000000000
95068  -47.620  -20.532  20.598 0.0000000000
95069  -47.045  -20.663  20.382 0.0000000000
95070  -46.619  -21.181  20.933 0.0000000000
95071  -46.252  -21.832  21.389 0.0000000000
95072  -45.893  -22.449  21.796 0.0000000000
95073  -45.701  -21.950  21.367 0.0000000000
95074  -45.080  -22.042  21.198 0.0000000000
95075  -44.505  -22.227  21.126 0.0000000000
99367  -59.133  -17.812  23.193 0.0000000000
99368  -58.797  -17.831  22.836 0.0000000000
99369  -59.172  -16.980  20.470 0.0000000000
99370  -58.776  -17.122  21.044 0.0000000000
99371  -58.458  -17.245  20.663 0.0000000000
99372  -57.795  -17.518  20.851 0.0000000000
99373  -57.070  -17.932  21.202 0.0000000000
99374  -56.416  -18.336  21.530 0.0000000000
99375  -56.671  -17.936  20.911 0.0000000000
99376  -56.314  -18.006  20.607 0.0000000000
99377  -55.928  -18.015  20.319 0.0000000000
99388  -46.917  -18.682  15.255 0.0000000000
99389  -46.351  -18.716  15.370 0.0000000000
99390  -45.690  -19.232  15.674 0.0000000000
99391  -45.112  -19.738  16.109 0.0000000000
99392  -44.600  -20.233  16.607 0.0000000000
99393  -44.513  -19.866  16.141 0.0000000000
99394  -44.012  -19.891  16.252 0.0000000000
99395  -43.487  -19.887  16.514 0.0000000000
100944  -55.706  -27.484  17.904 0.0000000000
100945  -56.069  -27.908  17.811 0.0000000000
100946  -55.354  -27.959  17.654 0.0000000000
100947  -54.938  -28.389  17.586 0.0000000000
100948  -54.542  -28.849  17.595 0.0000000000
100949  -51.581  -30.052  17.720 0.0000000000
100950  -52.226  -29.920  17.784 0.0000000000
100951  -51.807  -30.461  18.259 0.0000000000
100952  -52.010  -30.769  18.921 0.0000000000
100953  -52.162  -30.960  19.594 0.0000000000
100954  -52.242  -31.100  20.259 0.0000000000
100955  -51.527  -31.352  20.093 0.0000000000
100956  -50.844  -31.724  20.625 0.0000000000
100957  -50.172  -32.011  21.216 0.0000000000
104184  -45.926  -28.687  20.310 0.0000000000
104185  -45.997  -29.124  19.825 0.0000000000
104186  -45.396  -29.242  20.022 0.0000000000
104187  -44.863  -29.795  19.709 0.0000000000
104188  -44.385  -30.327  19.379 0.0000000000
104189  -41.662  -32.140  19.485 0.0000000000
104190  -42.255  -31.925  19.263 0.0000000000
104191  -41.670  -32.647  18.966 0.0000000000
104192  -41.605  -33.186  18.481 0.0000000000
104193  -41.570  -33.746  18.152 0.0000000000
104194  -41.648  -34.252  18.067 0.0000000000
104208  -38.690  -37.120  17.867 0.0000000000
106587  -57.585  -20.647  23.540 0.0000000000
106589  -57.341  -21.288  23.312 0.0000000000
106590  -57.183  -21.876  23.056 0.0000000000
106591  -57.086  -22.388  22.730 0.0000000000
106592  -55.729  -23.547  21.624 0.0000000000
106593  -56.171  -23.528  21.681 0.0000000000
106594  -56.090  -23.977  21.282 0.0000000000
106595  -56.473  -24.326  21.012 0.0000000000
106596  -56.880  -24.665  20.689 0.0000000000
106597  -57.309  -24.989  20.452 0.0000000000
106598  -56.909  -25.082  20.310 0.0000000000
106599  -56.917  -25.458  19.988 0.0000000000
106600  -56.880  -25.826  19.635 0.0000000000
106601  -56.763  -26.146  19.249 0.0000000000
106602  -56.359  -25.886  19.567 0.0000000000
106603  -55.837  -25.960  19.554 0.0000000000
106604  -55.263  -26.019  19.610 0.0000000000
106605  -53.144  -25.130  21.025 0.0000000000
106606  -53.461  -25.544  20.664 0.0000000000
106607  -52.917  -25.593  20.815 0.0000000000
106608  -52.652  -26.028  20.562 0.0000000000
106609  -52.303  -26.445  20.245 0.0000000000
106610  -51.940  -26.799  19.933 0.0000000000
106611  -51.708  -26.471  20.469 0.0000000000
106612  -51.133  -26.464  20.642 0.0000000000
106613  -50.551  -26.405  20.779 0.0000000000
106614  -61.332  -16.390  16.295 0.0000000000
106615  -61.191  -16.528  16.748 0.0000000000
106616  -60.784  -16.669  16.307 0.0000000000
106617  -60.183  -16.878  16.395 0.0000000000
106618  -59.555  -17.054  16.485 0.0000000000
106619  -56.643  -17.434  15.949 0.0000000000
106620  -57.143  -17.441  16.270 0.0000000000
106621  -56.470  -17.533  16.513 0.0000000000
106622  -56.294  -17.602  17.127 0.0000000000
106623  -56.091  -17.652  17.742 0.0000000000
106624  -55.813  -17.760  18.290 0.0000000000
106625  -55.413  -17.796  18.034 0.0000000000
106626  -54.715  -17.956  18.425 0.0000000000
106627  -54.062  -18.151  18.856 0.0000000000
106628  -52.014  -17.136  14.618 0.0000000000
106629  -52.548  -17.216  14.627 0.0000000000
106630  -51.976  -17.478  14.843 0.0000000000
106631  -51.949  -17.741  15.210 0.0000000000
106632  -51.915  -17.923  15.713 0.0000000000
106633  -50.090  -18.670  18.582 0.0000000000
106634  -50.662  -18.454  18.040 0.0000000000
106635  -50.593  -18.626  18.762 0.0000000000
106636  -51.083  -18.620  18.952 0.0000000000
106637  -51.572  -18.617  19.165 0.0000000000
106638  -52.038  -18.627  19.295 0.0000000000
106639  -51.492  -18.962  19.753 0.0000000000
106640  -51.452  -19.377  20.317 0.0000000000
106641  -51.435  -19.901  20.848 0.0000000000
106642  -51.440  -20.547  21.333 0.0000000000
106643  -51.054  -20.467  21.170 0.0000000000
106644  -50.714  -21.111  21.445 0.0000000000
106645  -50.422  -21.769  21.690 0.0000000000
106646  -48.330  -22.775  22.111 0.0000000000
106647  -48.891  -22.843  22.069 0.0000000000
106648  -48.534  -23.447  22.182 0.0000000000
106649  -48.731  -24.109  22.143 0.0000000000
106650  -48.924  -24.734  22.001 0.0000000000
106651  -49.119  -25.330  21.758 0.0000000000
106652  -48.589  -25.239  21.829 0.0000000000
106653  -48.213  -25.748  21.581 0.0000000000
106654  -47.866  -26.287  21.338 0.0000000000
106655  -47.528  -26.770  21.112 0.0000000000
106656  -47.348  -26.347  21.502 0.0000000000
106657  -46.800  -26.365  21.663 0.0000000000
106658  -46.254  -26.446  21.763 0.0000000000
106659  -44.492  -25.001  22.245 0.0000000000
106660  -44.708  -25.570  22.244 0.0000000000
106661  -44.121  -25.674  22.267 0.0000000000
106662  -43.760  -26.362  22.342 0.0000000000
106663  -43.376  -26.920  22.392 0.0000000000
106664  -42.982  -27.463  22.452 0.0000000000
106665  -42.772  -26.987  22.562 0.0000000000
106667  -41.533  -27.362  22.705 0.0000000000
106668  -42.916  -21.883  19.056 0.0000000000
106669  -43.042  -22.094  19.710 0.0000000000
106670  -42.515  -22.303  19.680 0.0000000000
106671  -42.159  -22.793  20.223 0.0000000000
106672  -41.786  -23.375  20.720 0.0000000000
111353  -46.259  -31.087  17.860 0.0000000000
111354  -46.933  -30.994  17.756 0.0000000000
111355  -46.433  -31.682  17.652 0.0000000000
111356  -46.629  -32.275  17.769 0.0000000000
111357  -46.786  -32.790  18.181 0.0000000000
116326  -60.390  -16.370  21.282 0.0000000000
116327  -60.147  -16.570  20.770 0.0000000000
116328  -61.170  -16.178  20.255 0.0000000000
116329  -60.541  -16.478  20.249 0.0000000000
116330  -59.880  -16.733  20.288 0.0000000000
116331  -59.571  -16.891  19.893 0.0000000000
116332  -59.231  -17.044  19.433 0.0000000000
116333  -58.837  -17.185  19.042 0.0000000000
117552  -52.947  -27.717  17.946 0.0000000000
117553  -53.178  -28.035  17.603 0.0000000000
117554  -52.542  -28.104  17.655 0.0000000000
117555  -52.106  -28.563  17.440 0.0000000000
117556  -51.703  -29.057  17.368 0.0000000000
117557  -50.750  -28.640  17.709 0.0000000000
117558  -50.990  -29.131  17.484 0.0000000000
117559  -51.291  -29.612  17.443 0.0000000000
117560  -50.881  -30.191  17.725 0.0000000000
117561  -50.429  -30.781  18.065 0.0000000000
117562  -49.959  -31.396  18.452 0.0000000000
120072  -43.687  -29.166  21.275 0.0000000000
120073  -43.776  -29.619  20.798 0.0000000000
120074  -43.214  -29.783  21.012 0.0000000000
120075  -42.738  -30.390  20.702 0.0000000000
120076  -42.198  -30.996  20.349 0.0000000000
120077  -41.547  -30.745  21.127 0.0000000000
120078  -41.607  -31.177  20.563 0.0000000000
120079  -41.641  -31.643  20.018 0.0000000000
120080  -41.054  -32.399  19.671 0.0000000000
120081  -40.522  -33.082  19.403 0.0000000000
121941  -56.062  -20.872  22.953 0.0000000000
121942  -56.256  -21.515  22.873 0.0000000000
121943  -55.869  -21.497  22.754 0.0000000000
121944  -55.710  -22.079  22.492 0.0000000000
121945  -55.556  -22.566  22.230 0.0000000000
121946  -54.814  -21.961  22.396 0.0000000000
121947  -55.112  -22.530  22.194 0.0000000000
121948  -55.414  -23.060  21.932 0.0000000000
121949  -55.303  -23.566  21.568 0.0000000000
121950  -55.203  -24.068  21.213 0.0000000000
121951  -55.157  -24.526  20.901 0.0000000000
121952  -55.117  -24.949  20.571 0.0000000000
121953  -54.701  -24.563  20.940 0.0000000000
121954  -54.211  -24.571  21.029 0.0000000000
121955  -53.749  -24.636  21.094 0.0000000000
121956  -53.490  -23.546  21.562 0.0000000000
121957  -53.380  -24.149  21.386 0.0000000000
121958  -53.281  -24.689  21.223 0.0000000000
121959  -52.788  -24.646  21.336 0.0000000000
121960  -52.198  -24.622  21.514 0.0000000000
121961  -51.664  -24.590  21.692 0.0000000000
121962  -59.390  -16.523  15.122 0.0000000000
121963  -59.337  -16.805  15.356 0.0000000000
121964  -58.748  -16.782  15.150 0.0000000000
121965  -58.080  -16.987  15.216 0.0000000000
121966  -57.456  -17.161  15.343 0.0000000000
121967  -56.930  -16.883  14.817 0.0000000000
121968  -56.888  -17.144  15.099 0.0000000000
121969  -56.803  -17.336  15.496 0.0000000000
121970  -56.106  -17.455  15.676 0.0000000000
121971  -55.409  -17.560  15.950 0.0000000000
121972  -54.695  -17.649  16.279 0.0000000000
121973  -49.564  -18.334  15.670 0.0000000000
121974  -50.168  -18.263  15.810 0.0000000000
121975  -49.549  -18.535  16.248 0.0000000000
121976  -49.539  -18.634  16.903 0.0000000000
121977  -49.529  -18.689  17.667 0.0000000000
121978  -48.388  -19.147  18.011 0.0000000000
121979  -48.974  -18.961  18.227 0.0000000000
121980  -49.530  -18.819  18.436 0.0000000000
121981  -49.531  -19.019  19.169 0.0000000000
121982  -49.510  -19.304  19.874 0.0000000000
121983  -49.574  -19.852  20.486 0.0000000000
121984  -49.699  -20.414  20.951 0.0000000000
121985  -49.172  -20.391  20.945 0.0000000000
121986  -48.833  -20.960  21.323 0.0000000000
121987  -48.477  -21.581  21.659 0.0000000000
121988  -47.769  -21.023  21.129 0.0000000000
121989  -47.934  -21.585  21.556 0.0000000000
121990  -48.128  -22.181  21.883 0.0000000000
121991  -47.798  -22.800  22.080 0.0000000000
121992  -47.472  -23.461  22.278 0.0000000000
121993  -47.105  -24.110  22.343 0.0000000000
121994  -46.724  -24.693  22.304 0.0000000000
121995  -46.524  -24.076  22.395 0.0000000000
121996  -45.955  -24.190  22.336 0.0000000000
121997  -45.408  -24.313  22.296 0.0000000000
121998  -45.531  -23.059  22.037 0.0000000000
121999  -45.187  -23.718  22.170 0.0000000000
122000  -44.856  -24.360  22.242 0.0000000000
122001  -44.251  -24.450  22.172 0.0000000000
122002  -43.666  -24.603  22.147 0.0000000000
122003  -43.105  -24.793  22.102 0.0000000000
122004  -40.776  -22.572  19.224 0.0000000000
122005  -40.992  -22.967  19.717 0.0000000000
125648  -44.051  -33.802  18.179 0.0000000000
125649  -44.735  -33.621  18.298 0.0000000000
125650  -44.163  -34.147  18.596 0.0000000000
125651  -44.257  -34.289  19.185 0.0000000000
131698  -57.143  -20.179  23.322 0.0000000000
131699  -56.757  -20.175  23.162 0.0000000000
131701  -59.081  -17.373  22.376 0.0000000000
131702  -58.469  -17.787  22.519 0.0000000000
131703  -58.416  -17.411  21.615 0.0000000000
131704  -58.148  -17.788  22.157 0.0000000000
131705  -57.911  -18.269  22.628 0.0000000000
131706  -57.331  -18.835  22.797 0.0000000000
131707  -56.831  -19.450  22.901 0.0000000000
131708  -56.416  -20.139  22.952 0.0000000000
131709  -56.035  -20.158  22.788 0.0000000000
131710  -55.628  -20.099  22.647 0.0000000000
131711  -55.257  -20.014  22.449 0.0000000000
131712  -55.849  -18.773  21.799 0.0000000000
131713  -55.319  -19.327  22.067 0.0000000000
131714  -54.850  -19.920  22.336 0.0000000000
131715  -54.474  -19.802  22.070 0.0000000000
131716  -54.066  -19.748  21.842 0.0000000000
131717  -53.651  -19.718  21.627 0.0000000000
131726  -51.435  -17.080  14.618 0.0000000000
131727  -50.804  -17.421  14.753 0.0000000000
131728  -50.202  -17.728  14.946 0.0000000000
131735  -49.602  -17.408  14.715 0.0000000000
131736  -49.553  -17.748  14.860 0.0000000000
131737  -49.568  -18.062  15.202 0.0000000000
131738  -48.923  -18.415  15.513 0.0000000000
131739  -48.256  -18.769  15.899 0.0000000000
131740  -47.668  -19.127  16.339 0.0000000000
131741  -46.965  -19.038  15.678 0.0000000000
131742  -47.028  -19.292  16.210 0.0000000000
131743  -47.110  -19.458  16.831 0.0000000000
131744  -46.568  -19.780  17.380 0.0000000000
131745  -46.066  -20.147  17.957 0.0000000000
131746  -45.582  -20.564  18.627 0.0000000000
131747  -45.119  -20.965  19.306 0.0000000000
131748  -45.003  -20.793  18.547 0.0000000000
131749  -44.418  -21.014  18.443 0.0000000000
131750  -43.836  -21.250  18.381 0.0000000000
131751  -44.137  -20.680  17.099 0.0000000000
131752  -43.704  -21.080  17.714 0.0000000000
131753  -43.318  -21.474  18.373 0.0000000000
131754  -42.759  -21.687  18.439 0.0000000000
131755  -42.197  -21.875  18.493 0.0000000000
131756  -41.678  -21.985  18.507 0.0000000000
131759  -43.007  -19.848  16.745 0.0000000000
131761  -42.626  -19.791  17.145 0.0000000000
131762  -42.475  -20.441  17.131 0.0000000000
131763  -41.975  -21.045  17.579 0.0000000000
131764  -41.537  -21.590  18.086 0.0000000000
135024  -58.447  -27.341  18.585 0.0000000000
135025  -58.853  -27.765  18.646 0.0000000000
135026  -58.196  -27.803  18.372 0.0000000000
135027  -57.899  -28.223  18.314 0.0000000000
135028  -57.514  -28.672  18.404 0.0000000000
135029  -56.416  -28.344  17.881 0.0000000000
135030  -56.755  -28.724  18.148 0.0000000000
135031  -57.101  -29.056  18.614 0.0000000000
135032  -56.647  -29.383  18.895 0.0000000000
135033  -56.160  -29.679  19.237 0.0000000000
135034  -55.611  -29.969  19.691 0.0000000000
135035  -53.490  -28.458  17.454 0.0000000000
135036  -53.811  -28.898  17.505 0.0000000000
135037  -54.062  -29.290  17.766 0.0000000000
135038  -52.905  -29.820  17.938 0.0000000000
135039  -53.623  -29.729  18.071 0.0000000000
135040  -54.310  -29.594  18.202 0.0000000000
135041  -54.595  -29.840  18.786 0.0000000000
135042  -54.837  -30.093  19.540 0.0000000000
135043  -55.071  -30.250  20.202 0.0000000000
135045  -53.822  -30.896  21.231 0.0000000000
135046  -53.170  -31.173  21.788 0.0000000000
135047  -52.293  -31.259  20.963 0.0000000000
138503  -62.440  -15.351  18.352 0.0000000000
138504  -62.567  -15.147  17.852 0.0000000000
138505  -62.390  -15.470  17.341 0.0000000000
138506  -62.171  -15.829  16.844 0.0000000000
138507  -62.649  -15.063  16.457 0.0000000000
138508  -62.251  -15.637  16.413 0.0000000000
138509  -61.831  -16.062  16.339 0.0000000000
138510  -61.442  -16.259  15.915 0.0000000000
138511  -60.986  -16.265  15.599 0.0000000000
138512  -60.525  -16.287  15.326 0.0000000000
138521  -59.970  -16.228  15.117 0.0000000000
141720  -48.052  -28.298  19.588 0.0000000000
141721  -48.118  -28.716  19.031 0.0000000000
141722  -47.621  -28.851  19.241 0.0000000000
141723  -47.178  -29.346  18.934 0.0000000000
141724  -46.682  -29.821  18.640 0.0000000000
141725  -46.044  -29.529  19.316 0.0000000000
141726  -46.087  -29.934  18.778 0.0000000000
141727  -46.156  -30.484  18.270 0.0000000000
141728  -45.640  -31.217  17.927 0.0000000000
141729  -45.078  -31.888  17.776 0.0000000000
141730  -44.446  -32.582  17.728 0.0000000000
141731  -43.831  -30.042  20.251 0.0000000000
141732  -43.847  -30.480  19.628 0.0000000000
141733  -43.854  -30.971  19.012 0.0000000000
141734  -42.816  -31.752  18.991 0.0000000000
141735  -43.353  -31.633  18.713 0.0000000000
141736  -43.922  -31.505  18.458 0.0000000000
141737  -43.879  -32.081  18.053 0.0000000000
141738  -43.862  -32.678  17.850 0.0000000000
141739  -43.921  -33.279  17.899 0.0000000000
141740  -43.400  -33.955  18.101 0.0000000000
141741  -42.881  -34.476  18.333 0.0000000000
141743  -41.736  -34.684  18.240 0.0000000000
141754  -39.391  -32.987  20.202 0.0000000000
141755  -39.434  -33.491  19.744 0.0000000000
146598  -56.480  -22.046  22.703 0.0000000000
146599  -56.717  -22.490  22.514 0.0000000000
146600  -56.961  -22.864  22.354 0.0000000000
146601  -56.547  -23.474  21.790 0.0000000000
146602  -56.872  -23.342  21.962 0.0000000000
146603  -57.203  -23.228  22.213 0.0000000000
146615  -58.640  -26.960  18.861 0.0000000000
146616  -58.040  -26.996  18.632 0.0000000000
146617  -57.437  -27.052  18.398 0.0000000000
146618  -56.769  -27.090  18.247 0.0000000000
146619  -56.575  -26.469  18.872 0.0000000000
146620  -56.344  -26.777  18.477 0.0000000000
146621  -56.054  -27.092  18.151 0.0000000000
146622  -55.355  -27.181  18.093 0.0000000000
146623  -54.659  -27.280  18.057 0.0000000000
146624  -53.951  -27.344  18.045 0.0000000000
146625  -55.021  -25.364  20.357 0.0000000000
146626  -54.874  -25.731  20.061 0.0000000000
146627  -54.651  -26.076  19.697 0.0000000000
146628  -53.761  -25.885  20.272 0.0000000000
146629  -54.083  -26.162  19.789 0.0000000000
146630  -54.398  -26.419  19.304 0.0000000000
146631  -54.097  -26.768  18.917 0.0000000000
146632  -53.745  -27.142  18.539 0.0000000000
146633  -53.337  -27.429  18.224 0.0000000000
146634  -52.681  -27.482  18.339 0.0000000000
146635  -52.014  -27.508  18.464 0.0000000000
146636  -51.362  -27.579  18.711 0.0000000000
146637  -51.543  -27.068  19.611 0.0000000000
146638  -51.150  -27.340  19.224 0.0000000000
146639  -50.721  -27.639  18.915 0.0000000000
146640  -50.093  -27.683  19.121 0.0000000000
146641  -49.498  -27.682  19.371 0.0000000000
146642  -48.955  -27.777  19.590 0.0000000000
146643  -62.088  -15.835  18.331 0.0000000000
146644  -61.664  -16.226  18.263 0.0000000000
146645  -61.130  -16.517  18.231 0.0000000000
146646  -61.022  -16.633  17.225 0.0000000000
146647  -60.789  -16.703  17.713 0.0000000000
146648  -60.537  -16.767  18.239 0.0000000000
146649  -59.866  -16.953  18.333 0.0000000000
146650  -59.187  -17.116  18.488 0.0000000000
146651  -58.467  -17.315  18.633 0.0000000000
146652  -59.191  -17.007  15.714 0.0000000000
146653  -59.049  -17.113  16.124 0.0000000000
146654  -58.838  -17.194  16.656 0.0000000000
146655  -57.638  -17.368  16.590 0.0000000000
146656  -58.138  -17.317  16.909 0.0000000000
146657  -58.587  -17.270  17.234 0.0000000000
146658  -58.383  -17.331  17.757 0.0000000000
146659  -58.082  -17.393  18.311 0.0000000000
146660  -57.704  -17.460  18.943 0.0000000000
146661  -56.954  -17.621  19.269 0.0000000000
146662  -56.237  -17.821  19.609 0.0000000000
146663  -55.548  -18.027  19.999 0.0000000000
146664  -55.511  -17.896  18.972 0.0000000000
146665  -55.210  -18.069  19.671 0.0000000000
146666  -54.906  -18.324  20.379 0.0000000000
146667  -54.295  -18.685  20.709 0.0000000000
146668  -53.748  -19.109  21.051 0.0000000000
146669  -53.305  -19.670  21.387 0.0000000000
146672  -54.545  -17.057  14.638 0.0000000000
146673  -53.193  -17.243  14.676 0.0000000000
146674  -53.830  -17.283  14.760 0.0000000000
146675  -54.465  -17.322  14.907 0.0000000000
146676  -54.374  -17.523  15.342 0.0000000000
146677  -54.194  -17.620  15.983 0.0000000000
146678  -54.054  -17.735  16.654 0.0000000000
146679  -50.731  -18.153  15.941 0.0000000000
146680  -51.299  -18.069  16.138 0.0000000000
146681  -51.883  -18.013  16.315 0.0000000000
146682  -51.256  -18.247  17.540 0.0000000000
146683  -51.838  -18.080  16.970 0.0000000000
146684  -52.451  -17.938  16.524 0.0000000000
146685  -52.966  -17.866  16.798 0.0000000000
146686  -53.417  -17.860  17.072 0.0000000000
146687  -53.913  -17.839  17.363 0.0000000000
146688  -53.752  -17.954  18.083 0.0000000000
146689  -53.619  -18.141  18.716 0.0000000000
146690  -53.431  -18.389  19.247 0.0000000000
146691  -52.486  -18.634  19.443 0.0000000000
146692  -52.887  -18.649  19.605 0.0000000000
146693  -53.244  -18.700  19.811 0.0000000000
146694  -53.092  -19.087  20.441 0.0000000000
146695  -52.986  -19.563  21.081 0.0000000000
146696  -52.916  -20.195  21.642 0.0000000000
146697  -52.601  -20.801  21.782 0.0000000000
146698  -52.325  -21.498  21.854 0.0000000000
146699  -52.037  -22.183  21.905 0.0000000000
146700  -51.517  -21.326  21.676 0.0000000000
146701  -51.617  -22.080  21.829 0.0000000000
146702  -51.790  -22.809  21.859 0.0000000000
146703  -51.603  -23.426  21.875 0.0000000000
146704  -51.404  -24.021  21.886 0.0000000000
146705  -51.185  -24.569  21.818 0.0000000000
146706  -49.839  -21.028  21.342 0.0000000000
146707  -49.991  -21.691  21.701 0.0000000000
146708  -50.169  -22.392  21.879 0.0000000000
146709  -49.414  -22.922  22.054 0.0000000000
146710  -49.899  -23.013  22.020 0.0000000000
146711  -50.350  -23.097  22.000 0.0000000000
146712  -50.525  -23.805  22.032 0.0000000000
146713  -50.719  -24.494  21.941 0.0000000000
146714  -50.969  -25.084  21.728 0.0000000000
146715  -50.676  -25.555  21.506 0.0000000000
146716  -50.345  -25.967  21.216 0.0000000000
146717  -49.994  -26.339  20.935 0.0000000000
146718  -49.290  -25.864  21.396 0.0000000000
146719  -49.440  -26.305  21.038 0.0000000000
146720  -49.603  -26.705  20.636 0.0000000000
146721  -49.203  -27.069  20.329 0.0000000000
146722  -48.852  -27.450  20.081 0.0000000000
146723  -48.452  -27.862  19.827 0.0000000000
146724  -47.999  -27.894  20.070 0.0000000000
146725  -47.477  -28.053  20.197 0.0000000000
146726  -46.933  -28.119  20.364 0.0000000000
146727  -47.180  -27.249  20.924 0.0000000000
146728  -46.776  -27.726  20.729 0.0000000000
146729  -46.394  -28.208  20.538 0.0000000000
146730  -45.782  -28.349  20.709 0.0000000000
146731  -45.190  -28.445  20.965 0.0000000000
146732  -44.639  -28.517  21.221 0.0000000000
146733  -46.368  -25.292  22.201 0.0000000000
146734  -46.039  -25.922  22.030 0.0000000000
146735  -45.686  -26.526  21.886 0.0000000000
146736  -44.928  -26.100  22.148 0.0000000000
146737  -45.111  -26.617  21.984 0.0000000000
146738  -45.304  -27.105  21.741 0.0000000000
146739  -44.939  -27.634  21.656 0.0000000000
146740  -44.538  -28.133  21.586 0.0000000000
146741  -44.097  -28.624  21.466 0.0000000000
146742  -43.524  -28.764  21.699 0.0000000000
146743  -42.922  -28.928  21.885 0.0000000000
146744  -42.347  -29.100  22.097 0.0000000000
146745  -42.562  -28.079  22.429 0.0000000000
146746  -42.155  -28.681  22.358 0.0000000000
146747  -41.745  -29.245  22.245 0.0000000000
146751  -44.693  -21.412  19.952 0.0000000000
146752  -44.310  -21.884  20.516 0.0000000000
146753  -43.932  -22.395  21.055 0.0000000000
146754  -43.192  -22.341  20.344 0.0000000000
146755  -43.370  -22.629  20.927 0.0000000000
146756  -43.573  -22.992  21.413 0.0000000000
146757  -43.216  -23.697  21.708 0.0000000000
146758  -42.844  -24.368  21.926 0.0000000000
146759  -42.529  -24.949  22.069 0.0000000000
146761  -41.290  -23.630  20.734 0.0000000000
146762  -41.385  -23.997  21.127 0.0000000000
146765  -41.545  -24.338  21.465 0.0000000000
146766  -41.745  -24.716  21.774 0.0000000000
146767  -41.947  -25.136  22.055 0.0000000000
146768  -42.164  -25.595  22.327 0.0000000000
156145  -48.254  -29.159  18.525 0.0000000000
156146  -48.434  -29.636  18.129 0.0000000000
156147  -48.662  -30.112  17.851 0.0000000000
156148  -47.598  -30.911  17.769 0.0000000000
156149  -48.239  -30.780  17.760 0.0000000000
156150  -48.897  -30.623  17.735 0.0000000000
156151  -49.091  -31.156  17.877 0.0000000000
156152  -49.283  -31.605  18.298 0.0000000000
156153  -49.413  -31.951  18.897 0.0000000000
156154  -45.487  -33.489  18.370 0.0000000000
156155  -46.166  -33.264  18.570 0.0000000000
156156  -46.830  -33.081  18.778 0.0000000000
156157  -46.171  -33.615  19.961 0.0000000000
156158  -46.866  -33.269  19.477 0.0000000000
156159  -47.489  -32.893  19.013 0.0000000000
156160  -48.162  -32.725  19.232 0.0000000000
156161  -48.809  -32.488  19.403 0.0000000000
156162  -49.458  -32.181  19.557 0.0000000000
156163  -49.488  -32.298  20.266 0.0000000000
156164  -49.515  -32.312  21.030 0.0000000000
