#!ascii label  , from subject fsaverage vox2ras=TkReg
704
25  -15.048  27.356  -20.765 0.0000000000
519  -10.284  38.670  -20.379 0.0000000000
1138  -8.875  50.033  -21.339 0.0000000000
1139  -11.748  43.575  -21.186 0.0000000000
1140  -6.343  43.771  -22.258 0.0000000000
1141  -5.474  37.978  -24.394 0.0000000000
2198  -14.077  37.349  -22.293 0.0000000000
2199  -13.667  33.348  -19.706 0.0000000000
2200  -9.508  33.046  -21.049 0.0000000000
2201  -5.353  30.977  -24.879 0.0000000000
3057  -6.512  53.105  -21.971 0.0000000000
3058  -5.702  49.453  -22.054 0.0000000000
3059  -7.566  46.756  -20.934 0.0000000000
3060  -4.839  46.296  -22.638 0.0000000000
3061  -4.526  43.502  -23.471 0.0000000000
4856  -11.164  41.231  -20.133 0.0000000000
4857  -13.067  40.425  -21.734 0.0000000000
4858  -12.788  38.350  -20.230 0.0000000000
4859  -14.066  35.461  -20.820 0.0000000000
4860  -12.041  35.946  -19.931 0.0000000000
4861  -11.606  33.402  -19.900 0.0000000000
4862  -9.811  35.827  -20.930 0.0000000000
4863  -4.085  37.207  -24.942 0.0000000000
4864  -5.431  34.505  -24.944 0.0000000000
4865  -4.127  33.362  -25.364 0.0000000000
4866  -4.337  29.699  -24.650 0.0000000000
6655  -9.503  52.644  -21.788 0.0000000000
6656  -11.146  49.103  -21.856 0.0000000000
6657  -12.159  45.848  -22.149 0.0000000000
6658  -10.463  46.760  -21.094 0.0000000000
6659  -9.391  43.948  -20.270 0.0000000000
6660  -8.435  41.118  -21.105 0.0000000000
6661  -7.821  38.457  -21.898 0.0000000000
6662  -5.776  40.944  -23.325 0.0000000000
6663  -4.269  40.325  -24.171 0.0000000000
8467  -14.409  28.105  -18.647 0.0000000000
9132  -15.251  29.253  -22.373 0.0000000000
9154  -13.542  42.643  -22.238 0.0000000000
9158  -14.882  32.416  -21.692 0.0000000000
9159  -14.674  30.496  -20.020 0.0000000000
9160  -13.195  30.910  -18.897 0.0000000000
9161  -11.268  30.745  -19.291 0.0000000000
9162  -9.339  30.228  -20.679 0.0000000000
9163  -7.305  35.238  -22.673 0.0000000000
9164  -7.026  32.202  -23.017 0.0000000000
9165  -7.272  29.130  -22.704 0.0000000000
10737  -4.937  50.649  -21.950 0.0000000000
10738  -4.624  48.808  -21.993 0.0000000000
10739  -5.182  47.796  -22.277 0.0000000000
12536  -10.721  39.946  -20.129 0.0000000000
12537  -12.009  39.792  -20.115 0.0000000000
12538  -11.603  38.651  -19.997 0.0000000000
12539  -12.454  37.205  -19.937 0.0000000000
12540  -11.156  37.314  -20.142 0.0000000000
12541  -10.949  35.947  -20.328 0.0000000000
12542  -10.011  37.248  -20.679 0.0000000000
12544  -4.124  35.345  -25.234 0.0000000000
14929  -7.709  51.623  -21.772 0.0000000000
14930  -8.056  53.098  -21.874 0.0000000000
14931  -9.272  51.459  -21.923 0.0000000000
14932  -10.469  50.829  -21.832 0.0000000000
14933  -10.209  49.572  -21.761 0.0000000000
14934  -10.791  47.936  -21.927 0.0000000000
14935  -9.766  48.359  -21.147 0.0000000000
14936  -6.836  45.224  -21.526 0.0000000000
14937  -8.466  45.349  -20.533 0.0000000000
14938  -7.881  43.881  -20.975 0.0000000000
14939  -8.908  42.517  -20.543 0.0000000000
14940  -7.359  42.400  -21.626 0.0000000000
14941  -7.048  41.061  -22.158 0.0000000000
14942  -6.044  42.354  -22.821 0.0000000000
14944  -4.363  41.951  -23.805 0.0000000000
14945  -4.019  41.470  -23.452 0.0000000000
14946  -3.893  39.848  -23.837 0.0000000000
18652  -13.707  28.262  -18.155 0.0000000000
20326  -11.853  44.671  -22.022 0.0000000000
20328  -12.500  43.162  -22.178 0.0000000000
20329  -13.604  38.823  -21.993 0.0000000000
20330  -13.782  39.887  -22.365 0.0000000000
20335  -14.634  35.967  -22.380 0.0000000000
20336  -13.940  34.472  -20.204 0.0000000000
20337  -14.517  33.975  -21.263 0.0000000000
20338  -14.470  33.016  -20.445 0.0000000000
20339  -14.841  31.449  -20.867 0.0000000000
20340  -14.262  31.932  -19.751 0.0000000000
20341  -14.083  30.721  -19.237 0.0000000000
20342  -13.439  32.158  -19.287 0.0000000000
20343  -10.587  33.211  -20.366 0.0000000000
20344  -11.434  32.026  -19.622 0.0000000000
20345  -10.447  31.863  -20.178 0.0000000000
20346  -10.375  30.520  -19.894 0.0000000000
20347  -9.393  31.631  -20.896 0.0000000000
20348  -6.509  38.219  -23.229 0.0000000000
20349  -7.533  36.884  -22.341 0.0000000000
20350  -6.369  36.508  -23.630 0.0000000000
20351  -5.323  32.760  -25.155 0.0000000000
20352  -6.131  33.221  -24.169 0.0000000000
20353  -6.077  31.595  -24.171 0.0000000000
20354  -7.136  30.701  -22.900 0.0000000000
20355  -6.194  29.966  -23.970 0.0000000000
20357  -5.555  29.279  -24.514 0.0000000000
20380  -5.532  32.954  -19.940 0.0000000000
23934  -5.244  52.563  -21.880 0.0000000000
23935  -6.130  51.384  -22.025 0.0000000000
23936  -7.240  49.951  -21.431 0.0000000000
23937  -8.246  48.464  -20.896 0.0000000000
23938  -6.644  48.196  -21.492 0.0000000000
23939  -5.955  46.576  -22.031 0.0000000000
23940  -5.465  45.177  -22.739 0.0000000000
23941  -5.299  43.710  -23.197 0.0000000000
23942  -4.664  44.993  -23.055 0.0000000000
27172  -11.547  42.520  -20.485 0.0000000000
27173  -12.434  42.024  -21.420 0.0000000000
27174  -12.351  40.905  -20.614 0.0000000000
27175  -13.047  39.400  -20.862 0.0000000000
27176  -13.636  37.894  -21.188 0.0000000000
27177  -14.058  36.409  -21.591 0.0000000000
27178  -13.512  36.896  -20.397 0.0000000000
27179  -13.247  35.841  -19.987 0.0000000000
27180  -12.912  34.672  -19.732 0.0000000000
27181  -12.646  33.511  -19.560 0.0000000000
27182  -11.824  34.705  -19.952 0.0000000000
27183  -10.755  34.519  -20.456 0.0000000000
27184  -9.632  34.421  -21.085 0.0000000000
27185  -4.670  37.664  -24.899 0.0000000000
27186  -5.434  36.248  -24.666 0.0000000000
27187  -4.697  35.781  -25.131 0.0000000000
27188  -4.738  33.966  -25.439 0.0000000000
27189  -4.661  32.202  -25.352 0.0000000000
27190  -4.775  30.326  -24.921 0.0000000000
27191  -4.165  31.540  -25.079 0.0000000000
27192  -3.817  31.009  -24.640 0.0000000000
30885  -6.874  54.676  -21.425 0.0000000000
30891  -12.739  46.881  -21.472 0.0000000000
30892  -11.651  47.439  -22.027 0.0000000000
30893  -11.311  46.264  -22.001 0.0000000000
30894  -11.087  45.147  -21.120 0.0000000000
30895  -9.178  46.894  -20.551 0.0000000000
30896  -10.001  45.389  -20.415 0.0000000000
30897  -10.761  43.986  -20.350 0.0000000000
30898  -10.262  42.601  -20.144 0.0000000000
30899  -9.841  41.276  -20.334 0.0000000000
30900  -9.391  39.903  -20.715 0.0000000000
30901  -9.077  38.582  -21.006 0.0000000000
30902  -8.103  39.804  -21.553 0.0000000000
30903  -6.774  39.641  -22.671 0.0000000000
30904  -5.614  39.526  -23.835 0.0000000000
30905  -5.119  42.271  -23.624 0.0000000000
30906  -4.854  40.735  -24.037 0.0000000000
30907  -4.717  39.226  -24.592 0.0000000000
30908  -4.132  38.791  -24.652 0.0000000000
30909  -3.680  38.286  -24.317 0.0000000000
35677  -14.880  27.755  -19.601 0.0000000000
37637  -15.536  27.787  -22.314 0.0000000000
37638  -15.087  28.293  -21.758 0.0000000000
37705  -13.180  41.489  -22.354 0.0000000000
37714  -14.529  34.918  -21.951 0.0000000000
37715  -15.000  33.411  -22.286 0.0000000000
37716  -15.372  31.807  -22.596 0.0000000000
37717  -15.025  30.790  -22.216 0.0000000000
37718  -14.972  29.904  -21.415 0.0000000000
37719  -14.896  28.925  -20.425 0.0000000000
37720  -14.556  29.286  -19.349 0.0000000000
37721  -13.890  29.514  -18.706 0.0000000000
37722  -13.002  29.637  -18.479 0.0000000000
37723  -12.445  32.209  -19.321 0.0000000000
37724  -12.246  30.868  -18.978 0.0000000000
37725  -12.084  29.553  -18.554 0.0000000000
37726  -11.180  29.386  -18.929 0.0000000000
37727  -10.298  29.118  -19.547 0.0000000000
37729  -8.804  37.087  -21.383 0.0000000000
37730  -8.572  35.529  -21.654 0.0000000000
37731  -8.364  34.117  -21.835 0.0000000000
37732  -6.274  34.882  -23.970 0.0000000000
37733  -7.143  33.685  -22.886 0.0000000000
37734  -8.270  32.653  -21.898 0.0000000000
37735  -8.215  31.239  -21.816 0.0000000000
37736  -8.218  29.774  -21.673 0.0000000000
41122  -15.091  27.104  -21.336 0.0000000000
41459  -4.507  47.997  -22.042 0.0000000000
43256  -10.494  39.309  -20.247 0.0000000000
43257  -11.148  39.302  -20.061 0.0000000000
43258  -10.917  38.691  -20.124 0.0000000000
43259  -11.397  37.985  -20.049 0.0000000000
43260  -10.732  37.993  -20.268 0.0000000000
43261  -10.610  37.299  -20.384 0.0000000000
43262  -10.157  37.963  -20.518 0.0000000000
45649  -8.336  50.856  -21.519 0.0000000000
45650  -8.536  51.599  -21.801 0.0000000000
45651  -9.118  50.779  -21.637 0.0000000000
45652  -9.763  50.531  -21.865 0.0000000000
45653  -9.604  49.843  -21.525 0.0000000000
45654  -10.028  48.964  -21.499 0.0000000000
45655  -9.389  49.194  -21.206 0.0000000000
45656  -6.560  44.522  -21.901 0.0000000000
45657  -7.335  44.552  -21.238 0.0000000000
45658  -7.094  43.852  -21.568 0.0000000000
45659  -7.628  43.213  -21.233 0.0000000000
45660  -6.855  43.072  -21.929 0.0000000000
45661  -6.694  42.320  -22.235 0.0000000000
45662  -6.212  43.039  -22.560 0.0000000000
49372  -13.276  28.264  -17.974 0.0000000000
51046  -11.798  44.129  -21.625 0.0000000000
51047  -12.152  43.934  -22.072 0.0000000000
51048  -12.095  43.389  -21.726 0.0000000000
51049  -13.818  38.056  -22.190 0.0000000000
51050  -13.911  38.535  -22.327 0.0000000000
51051  -14.172  37.802  -22.432 0.0000000000
51052  -14.648  37.653  -22.345 0.0000000000
51053  -14.468  37.159  -22.421 0.0000000000
51054  -14.742  36.464  -22.427 0.0000000000
51055  -14.338  36.712  -22.389 0.0000000000
51056  -13.867  33.914  -19.922 0.0000000000
51057  -14.252  33.795  -20.326 0.0000000000
51058  -14.124  33.211  -20.005 0.0000000000
51059  -14.390  32.489  -20.063 0.0000000000
51060  -13.986  32.644  -19.697 0.0000000000
51061  -13.876  32.039  -19.451 0.0000000000
51062  -13.548  32.767  -19.501 0.0000000000
51063  -10.078  33.096  -20.675 0.0000000000
51064  -10.505  32.499  -20.305 0.0000000000
51065  -10.014  32.392  -20.630 0.0000000000
51066  -9.948  31.756  -20.501 0.0000000000
51067  -9.495  32.316  -20.967 0.0000000000
51068  -5.948  38.123  -23.859 0.0000000000
51069  -6.407  37.411  -23.471 0.0000000000
51070  -5.907  37.258  -24.059 0.0000000000
51071  -5.297  31.851  -25.087 0.0000000000
51072  -5.685  32.200  -24.756 0.0000000000
51073  -5.703  31.310  -24.587 0.0000000000
51074  -6.071  30.841  -24.147 0.0000000000
51075  -5.759  30.440  -24.479 0.0000000000
51076  -5.867  29.577  -24.307 0.0000000000
51077  -5.443  30.091  -24.676 0.0000000000
51099  -5.514  33.762  -19.954 0.0000000000
55248  -4.860  52.185  -21.486 0.0000000000
55249  -5.292  50.080  -22.093 0.0000000000
55250  -5.450  51.058  -22.179 0.0000000000
55251  -5.922  50.400  -22.017 0.0000000000
55252  -6.667  50.674  -21.787 0.0000000000
55253  -6.394  49.690  -21.795 0.0000000000
55254  -6.933  49.053  -21.435 0.0000000000
55255  -6.160  48.850  -21.796 0.0000000000
55256  -5.019  47.019  -22.406 0.0000000000
55257  -5.609  47.224  -22.168 0.0000000000
55258  -5.321  46.448  -22.505 0.0000000000
55259  -5.696  45.836  -22.369 0.0000000000
55260  -5.141  45.748  -22.743 0.0000000000
55261  -5.034  45.118  -23.030 0.0000000000
55262  -4.745  45.650  -22.838 0.0000000000
60646  -11.363  41.858  -20.263 0.0000000000
60647  -11.936  41.678  -20.533 0.0000000000
60648  -11.808  41.082  -20.242 0.0000000000
60649  -12.404  39.085  -20.178 0.0000000000
60650  -12.599  39.615  -20.388 0.0000000000
60651  -12.939  38.886  -20.491 0.0000000000
60652  -13.355  38.665  -20.991 0.0000000000
60653  -13.272  38.156  -20.607 0.0000000000
60654  -13.600  37.430  -20.773 0.0000000000
60655  -13.184  37.605  -20.263 0.0000000000
60656  -12.230  36.577  -19.907 0.0000000000
60657  -12.864  36.497  -19.943 0.0000000000
60658  -12.673  35.926  -19.865 0.0000000000
60659  -13.090  35.279  -19.821 0.0000000000
60660  -12.501  35.306  -19.826 0.0000000000
60661  -12.392  34.706  -19.792 0.0000000000
60662  -11.946  35.320  -19.938 0.0000000000
60663  -10.386  35.907  -20.612 0.0000000000
60664  -10.851  35.249  -20.406 0.0000000000
60665  -10.297  35.170  -20.675 0.0000000000
60666  -10.200  34.430  -20.749 0.0000000000
60667  -9.730  35.118  -21.014 0.0000000000
60668  -4.351  37.449  -24.961 0.0000000000
60669  -4.673  36.782  -25.023 0.0000000000
60670  -4.379  36.534  -25.097 0.0000000000
60671  -4.146  34.343  -25.325 0.0000000000
60672  -4.415  34.628  -25.368 0.0000000000
60673  -4.402  33.700  -25.500 0.0000000000
60674  -4.700  33.086  -25.469 0.0000000000
60675  -4.402  32.758  -25.377 0.0000000000
60676  -4.417  31.862  -25.209 0.0000000000
60677  -4.148  32.448  -25.215 0.0000000000
67824  -6.004  53.836  -21.727 0.0000000000
67825  -6.207  54.717  -21.386 0.0000000000
67826  -6.691  53.952  -21.746 0.0000000000
67827  -8.815  52.928  -21.841 0.0000000000
67828  -8.191  53.760  -21.612 0.0000000000
67834  -10.849  49.942  -21.784 0.0000000000
67836  -11.357  49.671  -21.565 0.0000000000
67838  -11.657  48.827  -21.688 0.0000000000
67840  -11.423  48.241  -21.954 0.0000000000
67841  -10.601  47.362  -21.563 0.0000000000
67842  -11.008  47.111  -21.953 0.0000000000
67843  -10.885  46.503  -21.549 0.0000000000
67844  -11.186  45.701  -21.571 0.0000000000
67845  -10.756  45.922  -21.101 0.0000000000
67846  -7.877  47.610  -20.823 0.0000000000
67847  -8.734  47.696  -20.642 0.0000000000
67848  -8.395  46.845  -20.615 0.0000000000
67849  -8.934  44.670  -20.380 0.0000000000
67850  -9.259  45.383  -20.359 0.0000000000
67851  -9.705  44.654  -20.255 0.0000000000
67852  -10.376  44.657  -20.363 0.0000000000
67853  -10.118  43.958  -20.180 0.0000000000
67854  -10.512  43.302  -20.194 0.0000000000
67855  -9.833  43.259  -20.176 0.0000000000
67856  -8.686  41.813  -20.809 0.0000000000
67857  -9.378  41.897  -20.429 0.0000000000
67858  -9.171  41.193  -20.657 0.0000000000
67859  -9.610  40.592  -20.531 0.0000000000
67860  -8.928  40.517  -20.886 0.0000000000
67861  -8.771  39.854  -21.080 0.0000000000
67862  -8.267  40.466  -21.338 0.0000000000
67863  -6.366  40.986  -22.779 0.0000000000
67864  -6.899  40.376  -22.435 0.0000000000
67865  -6.277  40.294  -22.996 0.0000000000
67866  -6.175  39.592  -23.274 0.0000000000
67867  -5.695  40.244  -23.584 0.0000000000
67868  -4.894  43.633  -23.406 0.0000000000
67869  -5.209  43.000  -23.499 0.0000000000
67870  -4.813  42.888  -23.649 0.0000000000
67871  -4.311  41.114  -23.935 0.0000000000
67872  -4.601  41.331  -23.935 0.0000000000
67873  -4.504  40.552  -24.157 0.0000000000
67874  -4.795  39.979  -24.279 0.0000000000
67875  -4.464  39.763  -24.421 0.0000000000
67876  -4.409  38.999  -24.671 0.0000000000
67877  -4.210  39.545  -24.433 0.0000000000
67879  -3.797  39.060  -24.064 0.0000000000
78997  -14.705  27.946  -19.062 0.0000000000
78998  -14.853  27.150  -19.025 0.0000000000
78999  -14.620  27.299  -18.585 0.0000000000
83855  -15.391  28.490  -22.352 0.0000000000
83856  -15.253  28.015  -22.119 0.0000000000
83857  -15.124  28.762  -22.116 0.0000000000
84016  -12.416  46.378  -21.916 0.0000000000
84018  -12.727  45.579  -21.912 0.0000000000
84024  -12.774  41.212  -21.577 0.0000000000
84025  -12.777  41.740  -22.000 0.0000000000
84026  -13.080  40.974  -22.128 0.0000000000
84045  -15.587  33.715  -22.438 0.0000000000
84046  -14.087  35.963  -21.181 0.0000000000
84047  -14.268  35.627  -21.809 0.0000000000
84048  -14.299  35.179  -21.414 0.0000000000
84049  -14.739  33.208  -21.459 0.0000000000
84050  -14.712  33.688  -21.850 0.0000000000
84051  -14.894  32.896  -22.043 0.0000000000
84052  -15.231  32.626  -22.438 0.0000000000
84053  -15.072  32.048  -22.256 0.0000000000
84054  -15.161  31.238  -22.484 0.0000000000
84055  -14.975  31.560  -21.975 0.0000000000
84056  -14.783  30.986  -20.429 0.0000000000
84057  -14.927  30.726  -21.188 0.0000000000
84058  -14.879  30.234  -20.701 0.0000000000
84059  -14.945  29.402  -20.938 0.0000000000
84060  -14.844  29.775  -20.201 0.0000000000
84061  -14.772  29.138  -19.850 0.0000000000
84062  -14.630  29.914  -19.673 0.0000000000
84063  -13.694  30.811  -18.987 0.0000000000
84064  -13.978  30.126  -18.952 0.0000000000
84065  -13.578  30.222  -18.782 0.0000000000
84066  -13.456  29.597  -18.555 0.0000000000
84067  -13.110  30.312  -18.708 0.0000000000
84068  -12.112  33.441  -19.721 0.0000000000
84069  -12.543  32.852  -19.465 0.0000000000
84070  -12.004  32.789  -19.614 0.0000000000
84071  -11.347  31.384  -19.482 0.0000000000
84072  -11.845  31.455  -19.279 0.0000000000
84073  -11.751  30.809  -19.122 0.0000000000
84074  -12.132  30.211  -18.786 0.0000000000
84075  -11.678  30.163  -18.922 0.0000000000
84076  -11.639  29.515  -18.718 0.0000000000
84077  -11.236  30.080  -19.113 0.0000000000
84078  -9.877  30.386  -20.264 0.0000000000
84079  -10.332  29.834  -19.722 0.0000000000
84080  -9.833  29.697  -20.095 0.0000000000
84082  -9.308  29.517  -20.541 0.0000000000
84083  -8.444  38.514  -21.409 0.0000000000
84084  -8.944  37.856  -21.185 0.0000000000
84085  -8.305  37.776  -21.612 0.0000000000
84086  -7.398  36.023  -22.497 0.0000000000
84087  -8.035  36.160  -21.946 0.0000000000
84088  -7.921  35.410  -22.101 0.0000000000
84089  -8.476  34.818  -21.764 0.0000000000
84090  -7.814  34.678  -22.213 0.0000000000
84091  -5.424  35.383  -24.826 0.0000000000
84092  -5.838  35.538  -24.385 0.0000000000
84093  -5.799  34.707  -24.543 0.0000000000
84094  -6.559  32.673  -23.593 0.0000000000
84095  -6.640  33.450  -23.488 0.0000000000
84096  -7.097  32.918  -22.954 0.0000000000
84097  -7.678  33.148  -22.376 0.0000000000
84098  -7.640  32.398  -22.410 0.0000000000
84099  -8.234  31.933  -21.881 0.0000000000
84100  -7.640  31.711  -22.399 0.0000000000
84101  -7.233  29.917  -22.794 0.0000000000
84102  -7.712  30.261  -22.257 0.0000000000
84103  -7.747  29.489  -22.216 0.0000000000
84104  -8.269  29.025  -21.550 0.0000000000
84113  -4.541  29.981  -24.799 0.0000000000
84114  -4.899  29.411  -24.696 0.0000000000
92452  -15.338  26.611  -22.108 0.0000000000
93053  -4.716  51.167  -21.559 0.0000000000
93055  -4.794  49.739  -21.932 0.0000000000
93056  -5.064  49.192  -22.107 0.0000000000
93057  -5.456  48.615  -22.083 0.0000000000
93058  -4.876  48.336  -22.192 0.0000000000
93059  -4.720  47.537  -22.306 0.0000000000
93060  -4.582  46.791  -22.367 0.0000000000
96292  -10.944  40.546  -20.127 0.0000000000
96293  -11.603  40.479  -20.106 0.0000000000
96294  -11.358  39.903  -20.031 0.0000000000
96295  -11.798  39.229  -20.034 0.0000000000
96296  -12.234  38.531  -20.036 0.0000000000
96297  -12.633  37.807  -20.027 0.0000000000
96298  -12.040  37.915  -19.963 0.0000000000
96299  -11.811  37.270  -19.959 0.0000000000
96300  -11.565  36.596  -20.039 0.0000000000
96301  -11.489  35.956  -20.053 0.0000000000
96302  -11.024  36.615  -20.250 0.0000000000
96303  -10.479  36.600  -20.527 0.0000000000
96304  -9.877  36.519  -20.863 0.0000000000
96305  -3.875  36.960  -24.810 0.0000000000
96306  -4.099  36.286  -25.054 0.0000000000
96307  -3.873  36.051  -24.928 0.0000000000
96308  -3.907  35.032  -25.073 0.0000000000
96309  -3.915  34.034  -25.156 0.0000000000
96310  -3.913  33.118  -25.162 0.0000000000
100599  -7.075  52.372  -21.963 0.0000000000
100600  -7.272  53.164  -21.938 0.0000000000
100601  -7.882  52.431  -21.924 0.0000000000
100602  -8.723  52.310  -21.996 0.0000000000
100603  -9.406  52.125  -22.023 0.0000000000
100604  -10.033  51.736  -21.866 0.0000000000
100605  -9.892  51.194  -21.997 0.0000000000
100606  -10.325  50.236  -21.901 0.0000000000
100607  -10.708  49.301  -21.897 0.0000000000
100608  -10.983  48.491  -21.979 0.0000000000
100609  -10.535  48.738  -21.816 0.0000000000
100610  -10.343  48.171  -21.502 0.0000000000
100611  -10.102  47.577  -21.116 0.0000000000
100612  -7.182  45.954  -21.188 0.0000000000
100613  -8.024  46.062  -20.672 0.0000000000
100614  -7.646  45.294  -20.943 0.0000000000
100615  -8.186  44.571  -20.687 0.0000000000
100616  -8.640  43.904  -20.547 0.0000000000
100617  -9.112  43.224  -20.382 0.0000000000
100618  -8.376  43.206  -20.744 0.0000000000
100619  -8.145  42.487  -21.000 0.0000000000
100620  -7.904  41.771  -21.309 0.0000000000
100621  -7.749  41.099  -21.591 0.0000000000
100622  -7.211  41.704  -21.895 0.0000000000
100623  -6.532  41.676  -22.499 0.0000000000
100624  -5.929  41.673  -23.056 0.0000000000
100626  -4.474  42.751  -23.654 0.0000000000
100628  -4.172  41.679  -23.681 0.0000000000
100629  -4.122  40.885  -23.827 0.0000000000
100630  -4.064  40.080  -24.063 0.0000000000
100631  -3.994  40.693  -23.589 0.0000000000
107302  -14.076  28.211  -18.380 0.0000000000
110218  -15.407  29.816  -22.596 0.0000000000
110314  -11.974  45.253  -22.210 0.0000000000
110315  -12.493  45.061  -22.176 0.0000000000
110316  -12.315  44.483  -22.217 0.0000000000
110317  -12.635  43.690  -22.305 0.0000000000
110318  -12.999  42.923  -22.357 0.0000000000
110319  -13.314  39.605  -21.936 0.0000000000
110320  -13.377  40.132  -22.183 0.0000000000
110321  -13.657  39.267  -22.250 0.0000000000
110331  -14.957  35.248  -22.398 0.0000000000
110332  -14.025  34.980  -20.473 0.0000000000
110333  -14.310  34.716  -21.045 0.0000000000
110334  -14.274  34.248  -20.676 0.0000000000
110335  -14.540  33.506  -20.806 0.0000000000
110336  -14.717  32.751  -21.036 0.0000000000
110337  -14.865  31.970  -21.298 0.0000000000
110338  -14.698  32.254  -20.604 0.0000000000
110339  -14.622  31.739  -20.243 0.0000000000
110340  -14.495  31.250  -19.851 0.0000000000
110341  -14.407  30.637  -19.573 0.0000000000
110342  -14.175  31.317  -19.504 0.0000000000
110343  -13.780  31.424  -19.245 0.0000000000
110344  -13.322  31.510  -19.097 0.0000000000
110345  -11.104  33.324  -20.108 0.0000000000
110346  -11.513  32.715  -19.771 0.0000000000
110347  -11.004  32.627  -20.006 0.0000000000
110348  -10.940  31.953  -19.888 0.0000000000
110349  -10.874  31.297  -19.732 0.0000000000
110350  -10.834  30.625  -19.550 0.0000000000
110351  -10.405  31.195  -20.028 0.0000000000
110352  -9.900  31.082  -20.387 0.0000000000
110353  -9.346  30.940  -20.808 0.0000000000
110354  -7.158  38.313  -22.540 0.0000000000
110355  -7.663  37.682  -22.143 0.0000000000
110356  -7.033  37.547  -22.772 0.0000000000
110357  -6.931  36.707  -22.987 0.0000000000
110358  -6.822  35.843  -23.156 0.0000000000
110359  -5.337  33.622  -25.167 0.0000000000
110360  -5.777  33.822  -24.631 0.0000000000
110361  -5.708  33.013  -24.738 0.0000000000
110362  -6.072  32.420  -24.235 0.0000000000
110363  -6.508  31.881  -23.650 0.0000000000
110364  -7.070  31.459  -22.973 0.0000000000
110365  -6.546  31.140  -23.578 0.0000000000
110366  -6.624  30.351  -23.480 0.0000000000
110367  -6.742  29.485  -23.319 0.0000000000
110369  -6.342  29.124  -23.776 0.0000000000
110372  -4.185  29.494  -24.479 0.0000000000
110412  -4.964  32.372  -20.681 0.0000000000
117283  -5.445  53.548  -21.565 0.0000000000
117284  -5.819  52.941  -21.961 0.0000000000
117285  -5.096  51.629  -21.973 0.0000000000
117286  -5.653  52.020  -22.110 0.0000000000
117287  -6.331  52.261  -22.046 0.0000000000
117288  -6.898  51.552  -21.868 0.0000000000
117289  -7.497  50.835  -21.583 0.0000000000
117290  -8.071  50.082  -21.290 0.0000000000
117291  -8.582  49.310  -21.034 0.0000000000
117292  -7.777  49.226  -21.130 0.0000000000
117293  -7.441  48.345  -21.114 0.0000000000
117294  -7.110  47.490  -21.203 0.0000000000
117295  -5.875  48.037  -21.949 0.0000000000
117296  -6.321  47.372  -21.722 0.0000000000
117297  -6.744  46.647  -21.449 0.0000000000
117298  -6.387  45.897  -21.789 0.0000000000
117299  -6.113  45.182  -22.150 0.0000000000
117300  -5.890  44.459  -22.516 0.0000000000
117301  -5.762  43.729  -22.816 0.0000000000
117302  -5.395  44.429  -22.924 0.0000000000
117303  -4.963  44.367  -23.198 0.0000000000
117304  -4.587  44.273  -23.271 0.0000000000
124840  -11.659  43.047  -20.797 0.0000000000
124841  -12.092  42.806  -21.284 0.0000000000
124842  -12.063  42.232  -20.878 0.0000000000
124843  -12.410  41.458  -21.001 0.0000000000
124844  -12.771  40.669  -21.143 0.0000000000
124845  -12.249  40.325  -20.293 0.0000000000
124846  -12.759  40.134  -20.720 0.0000000000
124847  -13.108  39.898  -21.289 0.0000000000
124848  -13.354  39.124  -21.469 0.0000000000
124849  -13.640  38.361  -21.645 0.0000000000
124850  -13.849  37.606  -21.833 0.0000000000
124851  -14.031  36.874  -21.986 0.0000000000
124852  -13.860  37.168  -21.425 0.0000000000
124853  -13.846  36.691  -20.958 0.0000000000
124854  -13.832  36.201  -20.515 0.0000000000
124855  -13.027  37.064  -20.065 0.0000000000
124856  -13.387  36.371  -20.143 0.0000000000
124857  -13.733  35.698  -20.305 0.0000000000
124858  -13.635  35.180  -20.064 0.0000000000
124859  -13.494  34.610  -19.870 0.0000000000
124860  -13.317  34.013  -19.707 0.0000000000
124861  -13.184  33.443  -19.568 0.0000000000
124862  -12.766  34.089  -19.689 0.0000000000
124863  -12.231  34.097  -19.788 0.0000000000
124864  -11.720  34.055  -19.964 0.0000000000
124865  -11.389  35.301  -20.133 0.0000000000
124866  -11.289  34.628  -20.194 0.0000000000
124867  -11.198  34.013  -20.180 0.0000000000
124868  -10.679  33.886  -20.427 0.0000000000
124869  -10.144  33.802  -20.720 0.0000000000
124870  -9.562  33.740  -21.071 0.0000000000
124871  -5.059  37.817  -24.764 0.0000000000
124872  -5.462  37.112  -24.535 0.0000000000
124873  -5.053  36.945  -24.864 0.0000000000
124874  -5.050  36.009  -24.964 0.0000000000
124875  -5.096  35.131  -25.087 0.0000000000
124876  -4.382  35.557  -25.214 0.0000000000
124877  -4.724  34.859  -25.279 0.0000000000
124878  -5.089  34.244  -25.238 0.0000000000
124879  -5.031  33.388  -25.420 0.0000000000
124880  -4.979  32.475  -25.368 0.0000000000
124881  -4.966  31.571  -25.177 0.0000000000
124882  -5.033  30.624  -24.968 0.0000000000
124883  -4.686  31.295  -25.146 0.0000000000
124884  -4.447  30.951  -25.050 0.0000000000
124885  -4.190  30.603  -24.872 0.0000000000
124886  -3.917  32.191  -25.076 0.0000000000
124887  -3.954  31.264  -24.912 0.0000000000
124888  -4.059  30.337  -24.673 0.0000000000
134296  -6.423  55.488  -20.972 0.0000000000
134297  -7.109  55.441  -20.983 0.0000000000
134298  -7.413  53.869  -21.736 0.0000000000
134299  -7.600  54.573  -21.365 0.0000000000
134314  -12.485  47.696  -21.443 0.0000000000
134316  -11.913  46.611  -22.087 0.0000000000
134317  -11.194  47.661  -22.086 0.0000000000
134318  -11.427  46.861  -22.132 0.0000000000
134319  -11.694  46.070  -22.185 0.0000000000
134320  -11.580  45.463  -21.987 0.0000000000
134321  -11.484  44.905  -21.604 0.0000000000
134322  -11.420  44.323  -21.153 0.0000000000
134323  -9.054  48.468  -20.911 0.0000000000
134324  -9.463  47.668  -20.802 0.0000000000
134325  -9.874  46.882  -20.726 0.0000000000
134326  -8.840  46.110  -20.442 0.0000000000
134327  -9.596  46.148  -20.469 0.0000000000
134328  -10.249  46.071  -20.708 0.0000000000
134329  -10.610  45.289  -20.668 0.0000000000
134330  -10.945  44.543  -20.702 0.0000000000
134331  -11.304  43.790  -20.732 0.0000000000
134332  -11.127  43.240  -20.420 0.0000000000
134333  -10.929  42.664  -20.195 0.0000000000
134334  -10.734  41.924  -20.164 0.0000000000
134335  -9.584  42.567  -20.268 0.0000000000
134336  -10.065  41.917  -20.214 0.0000000000
134337  -10.533  41.230  -20.165 0.0000000000
134338  -10.292  40.573  -20.282 0.0000000000
134339  -10.066  39.931  -20.383 0.0000000000
134340  -9.840  39.274  -20.549 0.0000000000
134341  -9.701  38.641  -20.667 0.0000000000
134342  -9.244  39.253  -20.865 0.0000000000
134343  -8.613  39.181  -21.228 0.0000000000
134344  -7.941  39.128  -21.756 0.0000000000
134345  -7.563  40.451  -21.895 0.0000000000
134346  -7.407  39.759  -22.123 0.0000000000
134347  -7.283  39.033  -22.337 0.0000000000
134348  -6.660  38.933  -22.937 0.0000000000
134349  -6.059  38.902  -23.557 0.0000000000
134350  -5.492  38.763  -24.171 0.0000000000
134351  -5.657  43.021  -23.110 0.0000000000
134352  -5.559  42.372  -23.311 0.0000000000
134353  -5.427  41.654  -23.533 0.0000000000
134354  -4.719  42.120  -23.781 0.0000000000
134355  -4.989  41.514  -23.823 0.0000000000
134356  -5.270  40.867  -23.752 0.0000000000
134357  -5.206  40.157  -24.001 0.0000000000
134358  -5.119  39.412  -24.287 0.0000000000
134359  -5.054  38.648  -24.572 0.0000000000
134360  -4.683  38.503  -24.779 0.0000000000
134361  -4.340  38.289  -24.841 0.0000000000
134362  -4.070  38.057  -24.820 0.0000000000
134363  -3.975  39.306  -24.321 0.0000000000
134364  -3.885  38.568  -24.537 0.0000000000
134365  -3.874  37.804  -24.674 0.0000000000
134366  -3.701  37.534  -24.433 0.0000000000
148027  -14.990  27.566  -20.173 0.0000000000
153874  -15.340  27.308  -22.090 0.0000000000
153875  -15.149  27.547  -21.779 0.0000000000
153876  -15.034  27.840  -21.325 0.0000000000
154075  -12.432  42.610  -21.858 0.0000000000
154076  -12.834  42.333  -22.344 0.0000000000
154077  -13.329  42.130  -22.401 0.0000000000
154078  -13.465  40.695  -22.413 0.0000000000
154079  -13.667  41.267  -22.376 0.0000000000
154102  -14.286  36.152  -22.103 0.0000000000
154103  -14.545  35.410  -22.221 0.0000000000
154104  -14.843  34.674  -22.313 0.0000000000
154105  -14.497  34.450  -21.656 0.0000000000
154106  -14.741  34.171  -22.150 0.0000000000
154107  -15.145  33.932  -22.423 0.0000000000
154108  -15.414  33.175  -22.509 0.0000000000
154112  -15.252  30.539  -22.593 0.0000000000
154113  -15.114  30.006  -22.325 0.0000000000
154114  -14.941  31.126  -21.591 0.0000000000
154115  -14.982  30.349  -21.843 0.0000000000
154116  -15.055  29.548  -21.981 0.0000000000
154117  -15.013  29.083  -21.609 0.0000000000
154118  -14.977  28.614  -21.142 0.0000000000
154119  -14.970  28.124  -20.609 0.0000000000
154120  -14.895  28.348  -20.016 0.0000000000
154121  -14.736  28.542  -19.467 0.0000000000
154122  -14.480  28.677  -19.013 0.0000000000
154123  -14.322  30.028  -19.246 0.0000000000
154124  -14.249  29.390  -18.952 0.0000000000
154125  -14.158  28.798  -18.679 0.0000000000
154126  -13.791  28.901  -18.449 0.0000000000
154127  -13.368  28.944  -18.276 0.0000000000
154129  -13.066  32.841  -19.419 0.0000000000
154130  -12.967  32.195  -19.230 0.0000000000
154131  -12.826  31.554  -19.066 0.0000000000
154132  -11.936  32.133  -19.442 0.0000000000
154133  -12.339  31.538  -19.148 0.0000000000
154134  -12.724  30.903  -18.891 0.0000000000
154135  -12.651  30.276  -18.666 0.0000000000
154136  -12.542  29.616  -18.474 0.0000000000
154141  -10.786  29.954  -19.381 0.0000000000
154142  -10.746  29.246  -19.211 0.0000000000
154147  -9.544  37.925  -20.816 0.0000000000
154148  -9.406  37.177  -21.015 0.0000000000
154149  -9.272  36.384  -21.213 0.0000000000
154150  -8.151  36.985  -21.781 0.0000000000
154151  -8.666  36.270  -21.536 0.0000000000
154152  -9.213  35.709  -21.292 0.0000000000
154153  -9.117  34.988  -21.376 0.0000000000
154154  -9.032  34.307  -21.412 0.0000000000
154155  -8.943  33.623  -21.462 0.0000000000
154156  -5.848  36.341  -24.212 0.0000000000
154157  -6.322  35.670  -23.801 0.0000000000
154158  -6.755  35.047  -23.317 0.0000000000
154159  -6.226  34.053  -24.071 0.0000000000
154160  -6.696  34.274  -23.461 0.0000000000
154161  -7.208  34.458  -22.812 0.0000000000
154162  -7.722  33.908  -22.330 0.0000000000
154163  -8.308  33.394  -21.881 0.0000000000
154164  -8.897  32.886  -21.449 0.0000000000
154165  -8.844  32.191  -21.378 0.0000000000
154166  -8.797  31.463  -21.344 0.0000000000
154167  -8.777  30.758  -21.256 0.0000000000
154168  -7.664  31.020  -22.316 0.0000000000
154169  -8.224  30.532  -21.739 0.0000000000
154170  -8.758  30.061  -21.183 0.0000000000
154171  -8.778  29.296  -21.029 0.0000000000
154183  -5.152  29.749  -24.744 0.0000000000
