#!ascii label  , from subject fsaverage vox2ras=TkReg
256
255  -43.046  44.135  -11.769 0.0000000000
736  -38.132  46.654  -10.203 0.0000000000
1611  -43.782  38.838  -13.893 0.0000000000
3085  -46.038  33.855  -13.429 0.0000000000
3645  -43.480  41.486  -12.948 0.0000000000
3647  -40.989  42.978  -12.574 0.0000000000
3648  -34.720  47.920  -9.219 0.0000000000
3685  -42.952  42.511  -10.111 0.0000000000
3687  -44.444  40.761  -11.746 0.0000000000
3688  -45.469  38.752  -13.009 0.0000000000
5931  -42.201  45.771  -9.807 0.0000000000
5932  -41.100  45.873  -11.374 0.0000000000
5934  -37.890  49.226  -8.814 0.0000000000
7604  -38.126  44.172  -11.529 0.0000000000
7660  -46.049  36.283  -13.371 0.0000000000
11325  -43.252  42.812  -12.367 0.0000000000
11326  -42.262  42.284  -12.802 0.0000000000
11327  -42.289  43.786  -12.478 0.0000000000
11328  -33.541  48.869  -9.833 0.0000000000
11365  -43.307  43.610  -10.974 0.0000000000
11366  -43.756  41.763  -10.968 0.0000000000
11367  -43.766  42.526  -11.729 0.0000000000
11368  -44.181  41.374  -12.496 0.0000000000
13725  -41.776  46.545  -8.602 0.0000000000
13726  -41.651  46.868  -9.585 0.0000000000
13730  -37.689  50.569  -8.008 0.0000000000
13732  -36.152  51.301  -7.948 0.0000000000
13768  -41.949  44.881  -8.981 0.0000000000
16703  -39.711  46.264  -10.827 0.0000000000
16704  -39.640  45.043  -11.608 0.0000000000
16705  -38.256  45.520  -10.977 0.0000000000
16825  -44.803  38.979  -13.577 0.0000000000
16826  -45.788  37.668  -13.230 0.0000000000
16827  -44.901  37.587  -13.845 0.0000000000
16828  -45.086  36.086  -13.964 0.0000000000
20279  -34.603  53.777  -9.050 0.0000000000
24993  -43.663  40.176  -13.548 0.0000000000
24995  -42.419  40.938  -13.224 0.0000000000
24996  -40.995  41.586  -12.768 0.0000000000
24998  -36.447  47.171  -9.633 0.0000000000
24999  -36.655  45.946  -10.373 0.0000000000
25067  -43.343  40.574  -10.027 0.0000000000
25069  -45.100  39.057  -11.662 0.0000000000
25070  -45.880  38.253  -12.133 0.0000000000
25071  -45.081  39.816  -12.463 0.0000000000
25072  -44.639  40.131  -13.176 0.0000000000
29199  -42.733  45.077  -10.900 0.0000000000
29200  -42.157  45.151  -11.699 0.0000000000
29201  -41.938  46.185  -10.657 0.0000000000
29202  -40.958  46.895  -10.367 0.0000000000
29203  -39.573  47.309  -9.939 0.0000000000
29205  -39.447  48.445  -9.094 0.0000000000
29206  -37.995  47.885  -9.517 0.0000000000
29207  -36.275  48.531  -8.984 0.0000000000
29208  -34.731  49.549  -8.972 0.0000000000
29209  -33.794  50.641  -9.905 0.0000000000
29260  -42.645  44.273  -10.103 0.0000000000
33254  -41.006  44.497  -12.175 0.0000000000
33255  -39.588  43.612  -12.097 0.0000000000
33408  -46.418  37.361  -12.422 0.0000000000
33409  -46.852  36.177  -12.600 0.0000000000
33410  -46.905  35.149  -12.738 0.0000000000
33411  -46.145  34.980  -13.468 0.0000000000
37645  -35.244  52.526  -8.386 0.0000000000
37646  -34.327  52.424  -9.711 0.0000000000
41486  -45.359  32.980  -13.822 0.0000000000
41488  -45.181  32.360  -13.936 0.0000000000
42045  -43.161  43.492  -12.088 0.0000000000
42046  -42.823  43.354  -12.445 0.0000000000
42047  -42.722  44.038  -12.124 0.0000000000
42085  -43.286  43.944  -11.425 0.0000000000
42086  -43.597  43.130  -11.376 0.0000000000
42087  -43.430  43.319  -11.756 0.0000000000
42088  -43.578  42.693  -12.088 0.0000000000
44445  -41.610  46.843  -7.995 0.0000000000
44446  -41.697  47.109  -8.483 0.0000000000
44449  -38.380  50.864  -7.738 0.0000000000
44450  -37.610  51.212  -7.607 0.0000000000
44451  -36.852  50.854  -7.929 0.0000000000
47423  -38.931  46.439  -10.534 0.0000000000
47424  -38.985  45.883  -10.929 0.0000000000
47425  -38.208  46.094  -10.621 0.0000000000
47545  -44.311  38.946  -13.773 0.0000000000
47546  -44.869  38.332  -13.745 0.0000000000
47547  -44.365  38.249  -13.917 0.0000000000
47548  -44.390  37.481  -14.005 0.0000000000
57015  -43.594  40.815  -13.270 0.0000000000
57016  -43.059  40.563  -13.422 0.0000000000
57017  -43.003  41.226  -13.161 0.0000000000
57018  -41.657  42.658  -12.727 0.0000000000
57019  -41.638  41.965  -12.861 0.0000000000
57020  -40.970  42.241  -12.718 0.0000000000
57022  -40.286  42.553  -12.454 0.0000000000
57137  -43.119  41.547  -10.066 0.0000000000
57138  -44.124  41.272  -11.400 0.0000000000
57139  -43.969  40.777  -10.959 0.0000000000
57140  -44.361  40.323  -11.359 0.0000000000
57141  -44.682  39.429  -11.284 0.0000000000
57142  -44.725  39.839  -11.746 0.0000000000
57143  -45.114  39.452  -12.087 0.0000000000
57144  -44.765  40.262  -12.121 0.0000000000
57145  -43.873  41.487  -12.771 0.0000000000
57146  -44.415  40.745  -12.841 0.0000000000
57147  -44.083  40.833  -13.072 0.0000000000
57148  -44.179  40.200  -13.361 0.0000000000
64215  -42.492  45.440  -10.371 0.0000000000
64216  -42.374  45.668  -10.800 0.0000000000
64217  -42.204  46.080  -10.290 0.0000000000
64218  -41.199  47.403  -9.470 0.0000000000
64219  -41.337  46.991  -9.994 0.0000000000
64220  -40.831  47.359  -9.901 0.0000000000
64221  -40.313  47.116  -10.172 0.0000000000
64222  -40.203  47.643  -9.653 0.0000000000
64226  -38.570  49.557  -8.611 0.0000000000
64227  -39.336  49.125  -8.686 0.0000000000
64228  -38.693  48.879  -8.990 0.0000000000
64229  -38.774  48.190  -9.368 0.0000000000
64230  -37.939  48.580  -9.204 0.0000000000
64231  -37.128  48.193  -9.255 0.0000000000
64232  -37.070  48.857  -8.918 0.0000000000
64234  -35.412  49.816  -8.651 0.0000000000
64235  -34.782  50.361  -8.842 0.0000000000
64236  -34.185  50.079  -9.330 0.0000000000
64237  -34.360  50.882  -9.356 0.0000000000
64345  -42.118  45.366  -9.383 0.0000000000
64346  -42.266  44.545  -9.546 0.0000000000
64347  -42.423  45.026  -9.957 0.0000000000
64348  -42.751  44.736  -10.516 0.0000000000
73148  -41.636  45.542  -11.595 0.0000000000
73149  -41.621  44.861  -12.024 0.0000000000
73150  -41.068  45.225  -11.803 0.0000000000
73151  -38.853  44.627  -11.627 0.0000000000
73152  -39.588  44.333  -11.924 0.0000000000
73153  -38.844  43.904  -11.818 0.0000000000
73154  -38.820  43.180  -11.916 0.0000000000
73515  -45.692  38.557  -12.596 0.0000000000
73516  -46.143  37.802  -12.309 0.0000000000
73517  -45.918  38.067  -12.756 0.0000000000
73518  -45.927  36.987  -13.335 0.0000000000
73519  -46.294  36.914  -12.927 0.0000000000
73520  -46.460  36.249  -13.013 0.0000000000
73521  -46.904  35.678  -12.672 0.0000000000
73522  -46.541  35.632  -13.064 0.0000000000
73523  -46.530  35.097  -13.112 0.0000000000
73524  -46.127  35.621  -13.397 0.0000000000
73526  -45.193  35.365  -14.054 0.0000000000
93105  -45.662  33.700  -13.707 0.0000000000
93106  -45.896  33.274  -13.297 0.0000000000
93107  -45.604  33.080  -13.556 0.0000000000
94113  -43.335  42.149  -12.637 0.0000000000
94114  -42.884  41.916  -12.887 0.0000000000
94115  -42.824  42.605  -12.644 0.0000000000
94116  -42.272  43.014  -12.634 0.0000000000
94117  -41.682  43.406  -12.588 0.0000000000
94118  -34.079  48.405  -9.439 0.0000000000
94185  -43.211  43.149  -10.551 0.0000000000
94186  -43.406  42.188  -10.519 0.0000000000
94187  -43.542  42.715  -10.959 0.0000000000
94188  -43.825  42.274  -11.406 0.0000000000
94189  -44.108  41.674  -11.727 0.0000000000
94190  -44.404  41.127  -12.103 0.0000000000
94191  -43.977  41.973  -12.056 0.0000000000
94192  -43.707  42.109  -12.425 0.0000000000
98433  -41.970  46.170  -9.238 0.0000000000
98434  -41.977  46.378  -9.734 0.0000000000
98435  -41.800  46.710  -9.139 0.0000000000
98441  -38.445  50.208  -8.170 0.0000000000
98442  -37.781  49.877  -8.405 0.0000000000
98443  -37.039  49.514  -8.583 0.0000000000
98444  -36.938  50.206  -8.246 0.0000000000
98445  -36.128  50.636  -8.168 0.0000000000
98446  -35.460  51.224  -8.288 0.0000000000
103793  -40.450  46.088  -11.108 0.0000000000
103794  -40.444  45.501  -11.535 0.0000000000
103795  -39.695  45.658  -11.227 0.0000000000
103796  -38.935  45.280  -11.297 0.0000000000
103797  -38.213  44.872  -11.285 0.0000000000
104013  -45.187  38.915  -13.305 0.0000000000
104014  -45.642  38.249  -13.141 0.0000000000
104015  -45.309  38.358  -13.463 0.0000000000
104016  -45.374  37.643  -13.630 0.0000000000
104017  -45.469  36.925  -13.653 0.0000000000
104018  -45.603  36.195  -13.652 0.0000000000
104019  -44.937  36.834  -13.888 0.0000000000
104020  -44.453  36.717  -14.093 0.0000000000
119757  -43.704  39.509  -13.730 0.0000000000
119758  -43.098  39.194  -13.795 0.0000000000
119759  -43.070  39.898  -13.661 0.0000000000
119760  -42.462  40.270  -13.444 0.0000000000
119762  -42.323  41.624  -13.005 0.0000000000
119763  -41.721  41.316  -12.988 0.0000000000
119768  -37.299  46.905  -9.903 0.0000000000
119769  -37.392  46.317  -10.304 0.0000000000
119770  -36.580  46.551  -9.963 0.0000000000
119930  -43.565  41.214  -10.533 0.0000000000
119935  -45.593  38.223  -11.363 0.0000000000
119936  -46.007  37.883  -11.618 0.0000000000
119938  -45.454  39.055  -12.368 0.0000000000
119939  -45.298  39.312  -12.748 0.0000000000
119940  -44.667  40.582  -12.508 0.0000000000
119941  -44.887  40.030  -12.830 0.0000000000
119942  -45.073  39.479  -13.139 0.0000000000
119943  -44.704  39.564  -13.377 0.0000000000
119944  -44.262  39.593  -13.594 0.0000000000
129723  -42.944  44.683  -11.387 0.0000000000
129724  -42.644  44.685  -11.753 0.0000000000
129725  -42.572  45.248  -11.314 0.0000000000
129726  -42.066  45.733  -11.189 0.0000000000
129727  -41.561  46.100  -11.029 0.0000000000
129728  -41.800  46.567  -10.123 0.0000000000
129729  -41.472  46.593  -10.487 0.0000000000
129730  -41.026  46.399  -10.849 0.0000000000
129731  -40.423  46.628  -10.652 0.0000000000
129732  -39.644  46.785  -10.396 0.0000000000
129733  -38.865  46.991  -10.107 0.0000000000
129740  -39.513  47.883  -9.506 0.0000000000
129741  -38.849  47.566  -9.734 0.0000000000
129742  -38.033  47.232  -9.804 0.0000000000
129743  -37.157  47.491  -9.554 0.0000000000
129744  -36.336  47.837  -9.294 0.0000000000
129745  -35.494  48.251  -9.116 0.0000000000
129746  -36.200  49.286  -8.711 0.0000000000
129747  -35.416  49.029  -8.847 0.0000000000
129748  -34.707  48.727  -9.073 0.0000000000
129749  -34.085  49.240  -9.334 0.0000000000
129750  -33.639  49.735  -9.830 0.0000000000
129887  -42.468  42.780  -9.716 0.0000000000
129889  -42.366  43.689  -9.675 0.0000000000
129890  -42.798  43.422  -10.164 0.0000000000
129891  -42.987  43.987  -10.568 0.0000000000
129892  -43.015  44.386  -11.021 0.0000000000
140924  -42.220  44.495  -12.124 0.0000000000
140925  -41.656  44.155  -12.371 0.0000000000
140926  -40.990  43.756  -12.423 0.0000000000
140927  -40.409  44.833  -11.909 0.0000000000
140928  -40.301  44.049  -12.200 0.0000000000
140929  -40.290  43.288  -12.352 0.0000000000
140930  -39.565  42.886  -12.192 0.0000000000
140933  -37.454  45.724  -10.717 0.0000000000
140934  -37.467  45.097  -10.977 0.0000000000
140935  -37.447  44.418  -11.225 0.0000000000
141373  -46.668  37.051  -11.905 0.0000000000
141374  -46.952  36.633  -12.052 0.0000000000
141375  -46.094  37.531  -12.837 0.0000000000
141376  -46.652  36.753  -12.509 0.0000000000
141377  -47.165  36.153  -12.128 0.0000000000
141378  -47.289  35.688  -12.216 0.0000000000
141383  -46.098  34.384  -13.475 0.0000000000
141384  -45.679  35.490  -13.734 0.0000000000
141385  -45.694  34.854  -13.799 0.0000000000
141386  -45.701  34.251  -13.798 0.0000000000
153896  -35.616  51.918  -8.085 0.0000000000
153897  -35.067  51.840  -8.639 0.0000000000
153898  -34.931  53.159  -8.786 0.0000000000
153899  -34.796  52.516  -9.053 0.0000000000
153900  -34.554  51.728  -9.265 0.0000000000
