#!ascii label  , from subject fsaverage vox2ras=TkReg
102
737  -37.494  51.859  -7.162 0.0000000000
2656  -40.162  49.919  -7.364 0.0000000000
5933  -40.690  47.822  -9.336 0.0000000000
9133  -36.452  53.560  -5.071 0.0000000000
9134  -35.133  53.486  -7.570 0.0000000000
9135  -33.631  53.818  -10.333 0.0000000000
13726  -41.651  46.868  -9.585 0.0000000000
13727  -41.375  47.765  -8.456 0.0000000000
13728  -38.903  51.100  -7.371 0.0000000000
13729  -39.185  49.790  -8.278 0.0000000000
20279  -34.603  53.777  -9.050 0.0000000000
20280  -33.348  54.798  -9.236 0.0000000000
20287  -31.059  54.628  -11.312 0.0000000000
23212  -40.987  48.620  -7.396 0.0000000000
23215  -38.506  52.182  -6.389 0.0000000000
29204  -40.429  48.793  -8.341 0.0000000000
29205  -39.447  48.445  -9.094 0.0000000000
37641  -37.133  52.961  -6.151 0.0000000000
37643  -35.797  53.420  -6.239 0.0000000000
37644  -36.182  52.679  -7.133 0.0000000000
37645  -35.244  52.526  -8.386 0.0000000000
37646  -34.327  52.424  -9.711 0.0000000000
37653  -31.659  55.717  -9.144 0.0000000000
37654  -32.407  55.098  -10.456 0.0000000000
37655  -32.302  53.319  -11.255 0.0000000000
44446  -41.697  47.109  -8.483 0.0000000000
44447  -41.485  47.523  -7.927 0.0000000000
44448  -38.240  51.520  -7.293 0.0000000000
44449  -38.380  50.864  -7.738 0.0000000000
44450  -37.610  51.212  -7.607 0.0000000000
44452  -36.829  51.544  -7.537 0.0000000000
50999  -33.701  54.361  -8.670 0.0000000000
51000  -32.881  54.667  -8.630 0.0000000000
54051  -39.130  51.719  -6.404 0.0000000000
64218  -41.199  47.403  -9.470 0.0000000000
64222  -40.203  47.643  -9.653 0.0000000000
64223  -40.587  49.255  -7.408 0.0000000000
64224  -40.769  48.765  -7.907 0.0000000000
64225  -40.300  49.374  -7.893 0.0000000000
64227  -39.336  49.125  -8.686 0.0000000000
83861  -36.687  53.600  -4.464 0.0000000000
83863  -37.084  53.274  -5.032 0.0000000000
83864  -37.449  52.985  -5.630 0.0000000000
83865  -36.813  53.277  -5.616 0.0000000000
83869  -34.856  53.501  -7.151 0.0000000000
83870  -35.147  53.538  -6.433 0.0000000000
83871  -35.490  53.384  -6.869 0.0000000000
83872  -36.066  53.156  -6.687 0.0000000000
83873  -35.628  53.105  -7.313 0.0000000000
83874  -35.681  52.574  -7.723 0.0000000000
83875  -35.261  53.110  -8.027 0.0000000000
83876  -34.158  53.880  -9.782 0.0000000000
83877  -34.525  53.207  -9.459 0.0000000000
83878  -34.032  53.104  -10.105 0.0000000000
83880  -33.475  52.888  -10.643 0.0000000000
83896  -31.297  56.134  -9.770 0.0000000000
83897  -32.154  55.611  -9.831 0.0000000000
83898  -31.642  55.681  -10.442 0.0000000000
83899  -30.956  53.524  -11.454 0.0000000000
83900  -31.731  54.039  -11.347 0.0000000000
98435  -41.800  46.710  -9.139 0.0000000000
98436  -41.499  47.277  -9.019 0.0000000000
98437  -41.079  47.862  -8.884 0.0000000000
98438  -39.546  50.575  -7.397 0.0000000000
98439  -39.724  49.966  -7.884 0.0000000000
98440  -39.031  50.464  -7.845 0.0000000000
110228  -34.577  53.729  -7.822 0.0000000000
110229  -34.839  53.598  -8.306 0.0000000000
110230  -34.345  54.012  -8.516 0.0000000000
110231  -34.055  54.318  -9.205 0.0000000000
110232  -33.651  54.509  -9.894 0.0000000000
110243  -31.039  55.493  -10.897 0.0000000000
115600  -41.282  47.945  -7.374 0.0000000000
115603  -40.333  49.747  -6.851 0.0000000000
115606  -39.913  50.486  -6.877 0.0000000000
115607  -39.374  51.234  -6.926 0.0000000000
115608  -38.725  51.743  -6.894 0.0000000000
115609  -38.082  52.145  -6.835 0.0000000000
129734  -41.207  48.210  -7.914 0.0000000000
129735  -40.938  48.302  -8.394 0.0000000000
129736  -40.564  48.272  -8.795 0.0000000000
129737  -39.903  49.324  -8.316 0.0000000000
129738  -40.002  48.713  -8.737 0.0000000000
129739  -40.119  48.173  -9.175 0.0000000000
153883  -38.113  52.611  -5.727 0.0000000000
153884  -37.781  52.607  -6.213 0.0000000000
153885  -37.406  52.543  -6.676 0.0000000000
153888  -35.734  53.736  -5.134 0.0000000000
153891  -36.152  53.512  -5.629 0.0000000000
153892  -36.466  53.219  -6.145 0.0000000000
153893  -36.733  52.875  -6.565 0.0000000000
153894  -36.809  52.256  -7.075 0.0000000000
153895  -36.172  52.034  -7.526 0.0000000000
153898  -34.931  53.159  -8.786 0.0000000000
153921  -32.034  55.044  -8.611 0.0000000000
153922  -32.531  55.254  -9.192 0.0000000000
153923  -32.929  55.081  -9.864 0.0000000000
153924  -33.084  54.495  -10.437 0.0000000000
153925  -31.768  54.956  -10.958 0.0000000000
153926  -32.454  54.327  -10.939 0.0000000000
153927  -33.031  53.664  -10.845 0.0000000000
153928  -32.793  52.566  -11.065 0.0000000000
