#!ascii label  , from subject fsaverage vox2ras=TkReg
283
257  -32.782  49.744  -10.710 0.0000000000
517  -21.806  56.186  -13.190 0.0000000000
1615  -28.301  45.600  -10.518 0.0000000000
2192  -28.198  54.151  -11.045 0.0000000000
2193  -22.649  49.240  -11.272 0.0000000000
3650  -32.561  46.092  -10.936 0.0000000000
3652  -30.619  47.783  -11.579 0.0000000000
4842  -27.356  57.252  -10.387 0.0000000000
4843  -24.970  54.871  -11.611 0.0000000000
4844  -25.254  51.461  -10.564 0.0000000000
4845  -22.491  52.378  -12.600 0.0000000000
9138  -30.870  52.341  -11.492 0.0000000000
9139  -28.286  50.210  -10.627 0.0000000000
9140  -25.386  47.799  -9.927 0.0000000000
9141  -22.809  45.643  -10.471 0.0000000000
9147  -19.038  54.119  -14.276 0.0000000000
9148  -19.982  50.481  -13.290 0.0000000000
9149  -21.025  47.018  -13.322 0.0000000000
11330  -32.509  47.900  -10.780 0.0000000000
11331  -31.589  46.903  -11.456 0.0000000000
11332  -31.657  48.789  -11.349 0.0000000000
12521  -23.045  57.266  -12.426 0.0000000000
12522  -24.645  56.779  -11.771 0.0000000000
12523  -23.419  55.385  -12.448 0.0000000000
12524  -23.688  53.546  -11.996 0.0000000000
12525  -22.185  54.175  -12.998 0.0000000000
16713  -29.407  44.539  -11.509 0.0000000000
16717  -26.868  44.741  -9.783 0.0000000000
20284  -27.946  56.055  -10.906 0.0000000000
20285  -29.177  56.896  -10.258 0.0000000000
20286  -29.655  55.458  -11.055 0.0000000000
20288  -29.655  53.489  -11.283 0.0000000000
20289  -29.590  51.300  -11.222 0.0000000000
20290  -28.198  52.219  -10.856 0.0000000000
20291  -23.826  50.377  -10.771 0.0000000000
20292  -25.297  49.830  -10.265 0.0000000000
20293  -23.907  48.589  -10.357 0.0000000000
20294  -24.029  46.695  -9.944 0.0000000000
20295  -22.724  47.452  -10.789 0.0000000000
20312  -19.482  52.273  -13.691 0.0000000000
20315  -19.129  47.720  -13.593 0.0000000000
20317  -21.264  45.438  -13.188 0.0000000000
25005  -30.601  45.721  -11.868 0.0000000000
25006  -29.575  46.556  -11.306 0.0000000000
27148  -26.226  56.340  -11.202 0.0000000000
27149  -26.538  54.518  -11.119 0.0000000000
27150  -26.744  52.747  -10.768 0.0000000000
27151  -25.109  53.091  -11.143 0.0000000000
27152  -23.776  51.887  -11.328 0.0000000000
27153  -22.622  50.836  -11.858 0.0000000000
29209  -33.794  50.641  -9.905 0.0000000000
37646  -34.327  52.424  -9.711 0.0000000000
37647  -33.227  51.882  -10.771 0.0000000000
37656  -31.916  50.983  -11.370 0.0000000000
37657  -30.698  50.063  -11.550 0.0000000000
37658  -29.626  49.042  -11.155 0.0000000000
37659  -28.337  47.941  -10.476 0.0000000000
37660  -26.817  50.942  -10.397 0.0000000000
37661  -26.874  48.984  -10.122 0.0000000000
37662  -26.927  46.833  -9.818 0.0000000000
37663  -25.427  45.776  -9.564 0.0000000000
37682  -18.674  56.017  -14.673 0.0000000000
37683  -20.359  55.078  -13.868 0.0000000000
37684  -20.737  53.189  -13.425 0.0000000000
37685  -21.208  51.415  -12.996 0.0000000000
37686  -21.620  49.714  -12.561 0.0000000000
37687  -18.606  49.475  -13.678 0.0000000000
37688  -20.523  48.679  -13.241 0.0000000000
37689  -21.810  48.103  -12.196 0.0000000000
37690  -21.856  46.424  -11.857 0.0000000000
42048  -33.096  49.290  -10.303 0.0000000000
42050  -32.623  48.796  -10.740 0.0000000000
42051  -32.095  48.315  -11.088 0.0000000000
42052  -32.229  49.236  -11.073 0.0000000000
43241  -22.428  56.710  -12.838 0.0000000000
43242  -23.252  56.348  -12.504 0.0000000000
43243  -22.640  55.720  -12.857 0.0000000000
43244  -22.796  54.763  -12.737 0.0000000000
43245  -21.997  55.195  -13.143 0.0000000000
47433  -28.848  45.121  -11.025 0.0000000000
47434  -28.752  44.139  -11.054 0.0000000000
47435  -28.166  44.703  -10.561 0.0000000000
47436  -27.498  44.279  -10.135 0.0000000000
47437  -27.565  45.179  -10.107 0.0000000000
51004  -28.126  55.100  -11.032 0.0000000000
51005  -28.839  55.775  -10.958 0.0000000000
51006  -28.958  54.854  -11.091 0.0000000000
51007  -29.697  54.523  -11.201 0.0000000000
51008  -28.968  53.874  -11.149 0.0000000000
51009  -28.952  52.910  -11.142 0.0000000000
51010  -28.214  53.188  -10.990 0.0000000000
51011  -23.192  49.815  -10.966 0.0000000000
51012  -23.850  49.524  -10.572 0.0000000000
51013  -23.239  48.919  -10.760 0.0000000000
51014  -23.277  47.974  -10.472 0.0000000000
51015  -22.671  48.367  -11.028 0.0000000000
57033  -31.104  47.341  -11.585 0.0000000000
57034  -31.114  46.330  -11.725 0.0000000000
57035  -30.582  46.773  -11.679 0.0000000000
57036  -30.079  46.140  -11.653 0.0000000000
57037  -30.091  47.240  -11.478 0.0000000000
60604  -24.808  55.847  -11.733 0.0000000000
60605  -25.435  56.540  -11.459 0.0000000000
60606  -25.576  55.628  -11.417 0.0000000000
60607  -26.378  55.425  -11.177 0.0000000000
60608  -25.734  54.685  -11.320 0.0000000000
60609  -25.853  53.795  -11.175 0.0000000000
60610  -25.095  53.944  -11.414 0.0000000000
60611  -23.078  52.929  -12.291 0.0000000000
60612  -23.747  52.684  -11.697 0.0000000000
60613  -23.155  52.106  -11.956 0.0000000000
60614  -23.212  51.381  -11.552 0.0000000000
60615  -22.606  51.572  -12.241 0.0000000000
64237  -34.360  50.882  -9.356 0.0000000000
83877  -34.525  53.207  -9.459 0.0000000000
83879  -33.806  52.226  -10.290 0.0000000000
83899  -30.956  53.524  -11.454 0.0000000000
83900  -31.731  54.039  -11.347 0.0000000000
83901  -31.544  52.887  -11.465 0.0000000000
83902  -32.093  52.140  -11.362 0.0000000000
83903  -31.408  51.654  -11.485 0.0000000000
83904  -31.289  50.505  -11.485 0.0000000000
83905  -30.781  51.122  -11.460 0.0000000000
83906  -28.967  50.792  -10.928 0.0000000000
83907  -29.618  50.191  -11.162 0.0000000000
83908  -28.999  49.679  -10.853 0.0000000000
83909  -29.008  48.511  -10.849 0.0000000000
83910  -28.319  49.110  -10.500 0.0000000000
83911  -26.007  52.080  -10.642 0.0000000000
83912  -26.793  51.836  -10.567 0.0000000000
83913  -26.039  51.228  -10.412 0.0000000000
83914  -25.343  48.813  -10.116 0.0000000000
83915  -26.077  49.415  -10.147 0.0000000000
83916  -26.125  48.385  -9.993 0.0000000000
83917  -26.914  47.925  -9.955 0.0000000000
83918  -26.168  47.378  -9.777 0.0000000000
83919  -26.180  46.331  -9.622 0.0000000000
83920  -25.431  46.790  -9.709 0.0000000000
83921  -23.396  46.167  -10.130 0.0000000000
83967  -18.250  54.546  -14.702 0.0000000000
83968  -18.094  55.496  -14.894 0.0000000000
83969  -18.856  55.063  -14.535 0.0000000000
83970  -19.478  55.567  -14.302 0.0000000000
83971  -19.655  54.598  -14.081 0.0000000000
83972  -20.548  54.119  -13.653 0.0000000000
83973  -19.859  53.667  -13.845 0.0000000000
83974  -19.732  51.353  -13.433 0.0000000000
83975  -20.344  51.830  -13.320 0.0000000000
83976  -20.605  50.963  -13.152 0.0000000000
83977  -21.413  50.571  -12.768 0.0000000000
83978  -20.862  50.092  -13.018 0.0000000000
83982  -20.103  47.380  -13.445 0.0000000000
83983  -19.854  48.204  -13.449 0.0000000000
83984  -20.751  47.865  -13.230 0.0000000000
83985  -21.314  48.384  -12.897 0.0000000000
83986  -21.426  47.569  -12.764 0.0000000000
83987  -21.869  47.285  -12.030 0.0000000000
83988  -21.534  46.822  -12.702 0.0000000000
94122  -32.516  46.998  -10.841 0.0000000000
94123  -32.068  46.403  -11.196 0.0000000000
94124  -32.048  47.390  -11.128 0.0000000000
94125  -31.600  47.844  -11.386 0.0000000000
94126  -31.140  48.307  -11.542 0.0000000000
96265  -23.540  57.649  -11.906 0.0000000000
96266  -24.351  57.418  -11.609 0.0000000000
96267  -23.840  57.025  -12.123 0.0000000000
96268  -24.042  56.094  -12.133 0.0000000000
96269  -24.198  55.104  -12.003 0.0000000000
96270  -24.355  54.138  -11.771 0.0000000000
96271  -23.563  54.394  -12.268 0.0000000000
96272  -22.961  53.794  -12.516 0.0000000000
96273  -22.328  53.282  -12.791 0.0000000000
110238  -27.685  56.723  -10.702 0.0000000000
110239  -28.290  57.130  -10.306 0.0000000000
110240  -28.617  56.565  -10.662 0.0000000000
110241  -29.505  56.251  -10.671 0.0000000000
110242  -30.282  55.906  -10.783 0.0000000000
110244  -30.375  55.096  -11.180 0.0000000000
110245  -30.337  54.069  -11.348 0.0000000000
110246  -30.274  52.973  -11.412 0.0000000000
110247  -30.226  51.788  -11.380 0.0000000000
110248  -29.612  52.414  -11.282 0.0000000000
110249  -28.909  51.820  -11.032 0.0000000000
110250  -28.232  51.261  -10.747 0.0000000000
110251  -24.501  50.886  -10.608 0.0000000000
110252  -25.244  50.650  -10.389 0.0000000000
110253  -24.524  50.106  -10.474 0.0000000000
110254  -24.580  49.201  -10.301 0.0000000000
110255  -24.617  48.190  -10.096 0.0000000000
110256  -24.690  47.226  -9.891 0.0000000000
110257  -23.979  47.637  -10.128 0.0000000000
110258  -23.339  47.061  -10.297 0.0000000000
110259  -22.743  46.530  -10.581 0.0000000000
110287  -18.392  53.634  -14.430 0.0000000000
110288  -19.239  53.258  -14.026 0.0000000000
110289  -18.611  52.739  -14.122 0.0000000000
110290  -18.827  51.778  -13.789 0.0000000000
110291  -19.067  50.870  -13.569 0.0000000000
110296  -20.310  46.526  -13.468 0.0000000000
110297  -21.105  46.230  -13.174 0.0000000000
119783  -31.615  45.945  -11.584 0.0000000000
119784  -31.135  45.335  -11.896 0.0000000000
119785  -30.601  44.663  -12.117 0.0000000000
119786  -30.048  45.085  -11.826 0.0000000000
119787  -29.505  45.541  -11.414 0.0000000000
119788  -28.944  46.043  -10.946 0.0000000000
124781  -26.499  57.383  -10.551 0.0000000000
124782  -25.200  57.205  -11.278 0.0000000000
124783  -25.989  57.032  -11.032 0.0000000000
124784  -26.810  56.857  -10.828 0.0000000000
124785  -27.037  56.154  -10.939 0.0000000000
124786  -27.246  55.268  -11.049 0.0000000000
124787  -27.394  54.363  -11.008 0.0000000000
124788  -27.453  53.437  -10.917 0.0000000000
124789  -26.654  53.635  -10.990 0.0000000000
124790  -25.914  52.940  -10.900 0.0000000000
124791  -25.192  52.284  -10.828 0.0000000000
124792  -24.380  53.300  -11.519 0.0000000000
124793  -24.391  52.463  -11.154 0.0000000000
124794  -24.463  51.683  -10.855 0.0000000000
124795  -23.770  51.162  -10.956 0.0000000000
124796  -23.194  50.624  -11.233 0.0000000000
124797  -22.642  50.077  -11.522 0.0000000000
129750  -33.639  49.735  -9.830 0.0000000000
129751  -33.289  50.212  -10.300 0.0000000000
134282  -22.149  57.602  -12.721 0.0000000000
134283  -21.568  57.130  -13.153 0.0000000000
153899  -34.796  52.516  -9.053 0.0000000000
153900  -34.554  51.728  -9.265 0.0000000000
153901  -34.065  51.558  -9.863 0.0000000000
153902  -33.582  51.269  -10.384 0.0000000000
153903  -33.009  50.834  -10.742 0.0000000000
153929  -32.587  51.380  -11.162 0.0000000000
153930  -32.385  50.348  -11.098 0.0000000000
153931  -31.763  49.934  -11.373 0.0000000000
153932  -31.193  49.442  -11.526 0.0000000000
153933  -30.660  48.934  -11.537 0.0000000000
153934  -30.193  50.686  -11.381 0.0000000000
153935  -30.164  49.560  -11.388 0.0000000000
153936  -30.137  48.416  -11.422 0.0000000000
153937  -29.581  47.878  -11.183 0.0000000000
153938  -28.979  47.254  -10.848 0.0000000000
153939  -28.340  46.739  -10.455 0.0000000000
153940  -27.478  52.514  -10.752 0.0000000000
153941  -27.529  51.559  -10.600 0.0000000000
153942  -27.558  50.622  -10.483 0.0000000000
153943  -26.010  50.395  -10.280 0.0000000000
153944  -26.808  50.054  -10.259 0.0000000000
153945  -27.599  49.600  -10.314 0.0000000000
153946  -27.637  48.504  -10.228 0.0000000000
153947  -27.663  47.405  -10.092 0.0000000000
153948  -27.647  46.234  -10.077 0.0000000000
153949  -26.909  45.780  -9.738 0.0000000000
153950  -26.172  45.317  -9.575 0.0000000000
153952  -24.700  46.228  -9.705 0.0000000000
153983  -20.637  57.521  -13.476 0.0000000000
153984  -20.879  56.634  -13.564 0.0000000000
154009  -19.334  56.481  -14.289 0.0000000000
154010  -20.170  56.071  -13.976 0.0000000000
154011  -21.089  55.633  -13.540 0.0000000000
154012  -21.288  54.627  -13.417 0.0000000000
154013  -21.458  53.682  -13.232 0.0000000000
154014  -21.648  52.775  -13.013 0.0000000000
154015  -20.054  52.739  -13.590 0.0000000000
154016  -20.954  52.272  -13.181 0.0000000000
154017  -21.838  51.862  -12.778 0.0000000000
154018  -22.014  51.037  -12.565 0.0000000000
154019  -22.087  50.277  -12.200 0.0000000000
154020  -22.140  49.529  -11.873 0.0000000000
154022  -18.381  50.371  -13.689 0.0000000000
154023  -19.340  49.967  -13.466 0.0000000000
154024  -18.866  48.594  -13.626 0.0000000000
154025  -19.581  49.089  -13.451 0.0000000000
154026  -20.268  49.573  -13.233 0.0000000000
154027  -21.091  49.207  -12.913 0.0000000000
154028  -21.713  48.921  -12.388 0.0000000000
154029  -22.165  48.677  -11.693 0.0000000000
154030  -22.213  47.812  -11.445 0.0000000000
154031  -22.213  46.938  -11.226 0.0000000000
154032  -22.264  46.037  -11.088 0.0000000000
154033  -21.636  45.908  -12.573 0.0000000000
154034  -21.965  45.524  -11.760 0.0000000000
154035  -22.321  45.161  -11.016 0.0000000000
