#!ascii label  , from subject fsaverage vox2ras=TkReg
625
26  -37.551  15.476  9.799 0.0000000000
276  -32.841  21.252  12.182 0.0000000000
524  -46.737  19.204  10.179 0.0000000000
756  -35.618  18.349  11.741 0.0000000000
1893  -39.850  12.617  7.956 0.0000000000
2214  -47.176  13.074  3.400 0.0000000000
2215  -44.094  14.489  5.884 0.0000000000
2216  -42.134  16.987  8.397 0.0000000000
2224  -44.790  21.957  8.112 0.0000000000
2225  -39.731  20.775  10.028 0.0000000000
2675  -34.905  15.468  12.269 0.0000000000
2676  -36.687  16.963  10.876 0.0000000000
3707  -32.250  18.147  13.023 0.0000000000
4901  -46.689  14.780  7.532 0.0000000000
4902  -45.389  16.166  8.904 0.0000000000
4903  -42.953  15.595  7.494 0.0000000000
4904  -44.337  17.907  9.328 0.0000000000
4926  -42.206  21.448  9.013 0.0000000000
4928  -38.382  22.335  9.912 0.0000000000
5969  -33.625  16.797  12.837 0.0000000000
5970  -34.264  19.827  12.172 0.0000000000
9206  -44.260  11.989  3.493 0.0000000000
9207  -48.366  14.065  6.264 0.0000000000
9208  -45.449  13.736  4.542 0.0000000000
9209  -42.573  12.823  4.564 0.0000000000
9210  -41.316  13.911  5.964 0.0000000000
9211  -40.399  15.166  7.253 0.0000000000
9212  -39.667  16.476  8.528 0.0000000000
9233  -48.547  20.987  8.540 0.0000000000
9235  -47.535  22.163  7.474 0.0000000000
9236  -45.799  20.284  8.375 0.0000000000
9237  -43.473  19.552  8.594 0.0000000000
9238  -41.026  18.800  9.338 0.0000000000
9239  -38.689  18.122  10.166 0.0000000000
9240  -37.603  19.724  10.856 0.0000000000
9241  -36.264  21.196  11.082 0.0000000000
9242  -34.795  22.729  10.934 0.0000000000
10354  -36.788  14.863  10.657 0.0000000000
10355  -36.308  15.612  11.103 0.0000000000
10356  -37.140  16.209  10.384 0.0000000000
11387  -32.501  19.777  12.717 0.0000000000
11388  -31.511  18.809  12.912 0.0000000000
11389  -31.734  20.472  12.551 0.0000000000
12581  -46.487  16.687  9.920 0.0000000000
12582  -45.913  17.663  10.074 0.0000000000
12583  -44.797  17.032  9.277 0.0000000000
12584  -45.464  18.526  9.823 0.0000000000
12606  -42.040  23.495  8.067 0.0000000000
13787  -35.203  16.959  11.980 0.0000000000
13788  -34.256  16.129  12.595 0.0000000000
13789  -34.564  17.594  12.335 0.0000000000
13790  -33.933  18.383  12.563 0.0000000000
13791  -34.959  19.121  11.996 0.0000000000
18245  -38.809  12.602  9.469 0.0000000000
18246  -39.214  13.306  8.361 0.0000000000
20457  -46.583  12.260  2.720 0.0000000000
20459  -45.702  12.666  3.264 0.0000000000
20462  -48.707  14.735  8.367 0.0000000000
20463  -45.457  14.596  6.544 0.0000000000
20464  -46.105  14.174  5.802 0.0000000000
20465  -44.637  14.071  5.120 0.0000000000
20466  -43.937  13.413  4.267 0.0000000000
20467  -43.231  13.875  4.876 0.0000000000
20468  -41.906  13.347  5.227 0.0000000000
20469  -42.615  14.325  5.682 0.0000000000
20470  -42.531  16.280  8.104 0.0000000000
20471  -41.660  15.459  7.198 0.0000000000
20472  -41.284  16.075  7.793 0.0000000000
20473  -39.996  15.810  7.844 0.0000000000
20474  -40.935  16.761  8.289 0.0000000000
20527  -49.519  21.623  7.840 0.0000000000
20531  -45.565  22.984  7.680 0.0000000000
20532  -47.004  23.059  7.356 0.0000000000
20533  -46.109  22.123  7.750 0.0000000000
20534  -46.574  21.213  7.760 0.0000000000
20535  -45.169  21.036  8.011 0.0000000000
20536  -44.593  19.855  8.454 0.0000000000
20537  -44.014  20.787  8.362 0.0000000000
20538  -40.949  21.129  9.536 0.0000000000
20539  -41.624  20.170  9.318 0.0000000000
20540  -40.434  19.789  9.764 0.0000000000
20541  -39.822  18.479  9.728 0.0000000000
20542  -39.213  19.456  10.255 0.0000000000
20543  -38.178  18.904  10.548 0.0000000000
20544  -38.615  20.270  10.484 0.0000000000
20545  -37.651  23.066  9.675 0.0000000000
20546  -37.316  21.835  10.486 0.0000000000
20547  -36.557  22.528  10.392 0.0000000000
20548  -35.526  21.949  11.023 0.0000000000
20549  -35.823  23.242  10.257 0.0000000000
23248  -35.547  14.803  11.881 0.0000000000
23249  -35.790  16.304  11.553 0.0000000000
23250  -36.224  17.708  11.356 0.0000000000
25105  -32.020  16.470  13.232 0.0000000000
25923  -40.571  12.075  7.533 0.0000000000
27253  -47.868  15.149  8.831 0.0000000000
27254  -47.140  15.828  9.482 0.0000000000
27255  -46.057  15.312  8.193 0.0000000000
27256  -44.873  15.113  7.381 0.0000000000
27257  -43.558  14.999  6.783 0.0000000000
27258  -44.267  15.739  8.079 0.0000000000
27259  -43.716  16.569  8.615 0.0000000000
27260  -43.283  17.362  8.742 0.0000000000
27298  -43.477  21.730  8.494 0.0000000000
27299  -42.784  22.664  8.422 0.0000000000
27300  -41.483  22.391  8.894 0.0000000000
27301  -40.196  22.104  9.498 0.0000000000
27302  -39.133  21.593  10.034 0.0000000000
29288  -33.394  15.294  13.050 0.0000000000
29289  -32.745  15.884  13.228 0.0000000000
29290  -32.942  17.443  13.002 0.0000000000
29291  -33.225  19.044  12.704 0.0000000000
29292  -33.553  20.530  12.246 0.0000000000
35181  -37.977  14.807  9.250 0.0000000000
37864  -49.243  13.895  5.787 0.0000000000
37865  -47.743  13.635  4.599 0.0000000000
37866  -47.527  14.381  6.917 0.0000000000
37867  -46.891  13.897  5.200 0.0000000000
37868  -46.261  13.384  3.963 0.0000000000
37869  -44.831  13.018  3.785 0.0000000000
37870  -43.383  12.391  3.999 0.0000000000
37871  -42.543  11.615  5.037 0.0000000000
37872  -41.790  12.124  5.625 0.0000000000
37873  -41.089  12.648  6.216 0.0000000000
37874  -40.436  13.257  6.804 0.0000000000
37875  -42.122  14.856  6.517 0.0000000000
37876  -40.799  14.539  6.558 0.0000000000
37877  -39.841  13.960  7.261 0.0000000000
37878  -39.278  14.642  7.768 0.0000000000
37879  -38.901  15.391  8.410 0.0000000000
37880  -38.513  16.032  9.095 0.0000000000
37943  -47.725  20.304  9.409 0.0000000000
37948  -48.443  23.023  7.089 0.0000000000
37949  -48.951  22.165  7.231 0.0000000000
37950  -48.046  21.367  7.655 0.0000000000
37951  -47.181  20.629  8.354 0.0000000000
37952  -46.277  19.795  9.245 0.0000000000
37953  -45.060  19.251  9.104 0.0000000000
37954  -43.961  18.681  8.914 0.0000000000
37955  -42.820  18.274  8.730 0.0000000000
37956  -42.818  20.472  8.809 0.0000000000
37957  -42.230  19.150  8.957 0.0000000000
37958  -41.660  17.910  8.777 0.0000000000
37959  -40.406  17.614  9.021 0.0000000000
37960  -39.197  17.216  9.380 0.0000000000
37961  -38.079  16.881  9.882 0.0000000000
37962  -37.661  17.637  10.484 0.0000000000
37963  -37.185  18.385  10.900 0.0000000000
37964  -36.597  19.094  11.250 0.0000000000
37965  -38.003  21.102  10.545 0.0000000000
37966  -36.956  20.508  11.019 0.0000000000
37967  -35.916  19.828  11.491 0.0000000000
37968  -35.227  20.607  11.595 0.0000000000
37969  -34.467  21.327  11.663 0.0000000000
41074  -37.174  15.179  10.233 0.0000000000
41075  -36.935  15.542  10.462 0.0000000000
41076  -37.343  15.838  10.075 0.0000000000
42107  -32.641  20.528  12.470 0.0000000000
42108  -32.111  20.104  12.643 0.0000000000
43301  -46.501  18.010  10.389 0.0000000000
43302  -46.300  18.466  10.257 0.0000000000
43303  -45.698  18.110  9.953 0.0000000000
43304  -46.107  18.866  10.022 0.0000000000
44507  -35.404  17.696  11.862 0.0000000000
44508  -34.884  17.255  12.168 0.0000000000
44509  -35.083  17.991  12.032 0.0000000000
44510  -34.774  18.382  12.168 0.0000000000
44511  -35.294  18.718  11.883 0.0000000000
48962  -40.052  11.964  8.347 0.0000000000
48963  -39.868  11.641  8.937 0.0000000000
48964  -39.714  12.264  8.549 0.0000000000
48965  -39.363  12.593  8.756 0.0000000000
48966  -39.558  12.915  8.185 0.0000000000
51177  -46.873  12.714  2.960 0.0000000000
51178  -46.141  12.454  3.000 0.0000000000
51179  -46.441  12.875  3.280 0.0000000000
51181  -49.196  14.984  9.165 0.0000000000
51182  -48.792  15.186  9.456 0.0000000000
51183  -44.783  14.533  6.167 0.0000000000
51184  -45.070  14.327  5.792 0.0000000000
51185  -44.358  14.269  5.473 0.0000000000
51186  -43.914  13.993  4.909 0.0000000000
51187  -43.645  14.204  5.301 0.0000000000
51188  -42.933  14.077  5.285 0.0000000000
51189  -43.375  14.426  5.736 0.0000000000
51190  -42.340  16.629  8.264 0.0000000000
51191  -41.925  16.166  7.901 0.0000000000
51192  -41.771  16.486  8.134 0.0000000000
51193  -41.112  16.397  8.037 0.0000000000
51194  -41.575  16.858  8.312 0.0000000000
51247  -50.028  21.947  7.540 0.0000000000
51251  -45.172  22.474  7.934 0.0000000000
51252  -45.856  22.556  7.753 0.0000000000
51253  -45.441  22.053  7.929 0.0000000000
51254  -45.647  21.624  7.865 0.0000000000
51255  -44.994  21.506  8.058 0.0000000000
51256  -44.561  20.910  8.175 0.0000000000
51257  -44.359  21.385  8.228 0.0000000000
51258  -40.331  20.959  9.785 0.0000000000
51259  -40.701  20.473  9.715 0.0000000000
51260  -40.083  20.279  9.938 0.0000000000
51261  -39.820  19.609  10.001 0.0000000000
51262  -39.470  20.125  10.181 0.0000000000
51263  -38.916  19.850  10.409 0.0000000000
51264  -39.154  20.535  10.261 0.0000000000
51265  -37.329  23.429  9.559 0.0000000000
51266  -37.081  22.846  10.043 0.0000000000
51267  -36.761  23.162  9.954 0.0000000000
51268  -36.186  22.890  10.332 0.0000000000
54107  -36.470  16.293  10.961 0.0000000000
54108  -36.060  15.962  11.316 0.0000000000
54109  -36.203  16.654  11.177 0.0000000000
54110  -35.980  17.010  11.449 0.0000000000
54111  -36.453  17.319  11.132 0.0000000000
57202  -32.110  17.308  13.124 0.0000000000
57203  -31.641  16.781  13.202 0.0000000000
57204  -31.752  17.634  13.113 0.0000000000
58566  -40.904  11.777  7.261 0.0000000000
60783  -45.924  16.362  9.443 0.0000000000
60784  -46.264  15.936  9.119 0.0000000000
60785  -45.729  15.709  8.574 0.0000000000
60786  -45.476  15.212  7.767 0.0000000000
60787  -45.174  15.542  8.166 0.0000000000
60788  -44.569  15.412  7.708 0.0000000000
60789  -44.843  15.905  8.451 0.0000000000
60790  -44.535  17.504  9.357 0.0000000000
60791  -44.287  16.750  8.961 0.0000000000
60792  -44.044  17.206  9.032 0.0000000000
60793  -43.490  16.960  8.760 0.0000000000
60794  -43.848  17.605  9.036 0.0000000000
60854  -44.500  23.371  7.707 0.0000000000
60858  -41.368  23.355  8.347 0.0000000000
60859  -41.757  22.965  8.504 0.0000000000
60861  -40.830  22.251  9.174 0.0000000000
60863  -39.832  22.465  9.403 0.0000000000
64402  -34.822  14.713  12.442 0.0000000000
64405  -33.921  16.456  12.744 0.0000000000
64406  -33.822  15.697  12.855 0.0000000000
64407  -33.497  16.026  12.954 0.0000000000
64408  -33.079  15.585  13.146 0.0000000000
64409  -33.171  16.342  13.052 0.0000000000
64410  -32.827  16.666  13.133 0.0000000000
64411  -33.297  17.118  12.925 0.0000000000
64412  -34.092  19.123  12.382 0.0000000000
64413  -33.577  18.717  12.658 0.0000000000
64414  -33.727  19.454  12.449 0.0000000000
64415  -33.391  19.810  12.490 0.0000000000
64416  -33.907  20.168  12.215 0.0000000000
77777  -38.671  13.318  9.101 0.0000000000
77779  -38.348  13.673  9.257 0.0000000000
77780  -38.035  14.058  9.439 0.0000000000
77781  -38.281  14.437  9.001 0.0000000000
84408  -46.664  11.584  2.268 0.0000000000
84415  -44.673  11.758  3.225 0.0000000000
84419  -43.702  11.634  3.855 0.0000000000
84423  -48.982  14.222  6.963 0.0000000000
84424  -49.400  14.145  6.765 0.0000000000
84425  -48.811  13.974  6.037 0.0000000000
84426  -48.515  13.748  5.140 0.0000000000
84427  -48.102  13.838  5.396 0.0000000000
84428  -47.294  14.986  8.204 0.0000000000
84429  -47.726  14.731  7.845 0.0000000000
84430  -47.094  14.588  7.255 0.0000000000
84431  -45.761  13.953  5.058 0.0000000000
84432  -46.509  14.041  5.526 0.0000000000
84433  -46.156  13.811  4.832 0.0000000000
84434  -46.544  13.668  4.513 0.0000000000
84435  -45.823  13.557  4.254 0.0000000000
84436  -45.554  13.231  3.815 0.0000000000
84437  -45.130  13.405  4.115 0.0000000000
84438  -43.191  13.173  4.288 0.0000000000
84439  -43.635  12.942  4.055 0.0000000000
84440  -43.003  12.596  4.295 0.0000000000
84441  -42.922  11.998  4.449 0.0000000000
84442  -42.522  12.198  4.678 0.0000000000
84443  -42.188  11.868  5.336 0.0000000000
84444  -42.149  12.477  5.032 0.0000000000
84445  -41.587  13.638  5.596 0.0000000000
84446  -41.445  13.017  5.643 0.0000000000
84447  -41.130  13.285  6.008 0.0000000000
84448  -40.748  12.922  6.527 0.0000000000
84449  -40.781  13.578  6.280 0.0000000000
84450  -43.256  15.287  7.197 0.0000000000
84451  -42.854  14.930  6.625 0.0000000000
84452  -42.539  15.219  6.972 0.0000000000
84453  -41.010  15.361  7.154 0.0000000000
84454  -41.228  15.049  6.839 0.0000000000
84455  -40.595  14.837  6.925 0.0000000000
84456  -40.278  14.237  6.876 0.0000000000
84457  -39.982  14.610  7.136 0.0000000000
84458  -39.557  14.291  7.522 0.0000000000
84459  -39.813  14.929  7.462 0.0000000000
84460  -39.831  16.136  8.180 0.0000000000
84461  -39.423  15.642  8.071 0.0000000000
84462  -39.256  15.953  8.429 0.0000000000
84463  -38.702  15.718  8.725 0.0000000000
84464  -39.058  16.247  8.792 0.0000000000
84618  -49.247  21.175  8.670 0.0000000000
84630  -49.631  23.445  6.658 0.0000000000
84634  -47.272  22.642  7.464 0.0000000000
84635  -47.741  23.064  7.217 0.0000000000
84636  -48.004  22.604  7.307 0.0000000000
84637  -48.710  22.571  7.187 0.0000000000
84638  -48.264  22.162  7.343 0.0000000000
84639  -48.495  21.773  7.431 0.0000000000
84640  -47.768  21.742  7.528 0.0000000000
84641  -46.180  20.746  8.004 0.0000000000
84642  -46.872  20.854  7.958 0.0000000000
84643  -46.473  20.452  8.321 0.0000000000
84644  -46.713  20.247  8.795 0.0000000000
84645  -46.042  20.024  8.790 0.0000000000
84646  -45.647  19.536  9.220 0.0000000000
84647  -45.431  19.792  8.770 0.0000000000
84648  -44.053  19.713  8.523 0.0000000000
84649  -44.317  19.299  8.705 0.0000000000
84650  -43.736  19.093  8.675 0.0000000000
84651  -43.393  18.462  8.764 0.0000000000
84652  -43.142  18.893  8.686 0.0000000000
84653  -42.829  21.596  8.780 0.0000000000
84654  -43.134  21.110  8.689 0.0000000000
84655  -42.524  20.966  8.947 0.0000000000
84656  -41.315  19.452  9.346 0.0000000000
84657  -41.923  19.636  9.124 0.0000000000
84658  -41.615  18.966  9.137 0.0000000000
84659  -41.948  18.519  8.892 0.0000000000
84660  -41.357  18.349  9.061 0.0000000000
84661  -41.053  17.763  8.897 0.0000000000
84662  -40.733  18.200  9.236 0.0000000000
84663  -39.248  18.296  9.912 0.0000000000
84664  -39.532  17.827  9.571 0.0000000000
84665  -38.948  17.653  9.765 0.0000000000
84666  -38.613  17.045  9.615 0.0000000000
84667  -38.407  17.509  10.011 0.0000000000
84668  -37.885  17.250  10.210 0.0000000000
84669  -38.167  17.887  10.302 0.0000000000
84670  -37.909  19.325  10.732 0.0000000000
84671  -37.690  18.683  10.719 0.0000000000
84672  -37.406  19.047  10.899 0.0000000000
84673  -36.889  18.727  11.087 0.0000000000
84674  -37.097  19.417  11.041 0.0000000000
84675  -38.765  21.973  9.990 0.0000000000
84676  -38.539  21.365  10.297 0.0000000000
84677  -38.216  21.737  10.270 0.0000000000
84678  -36.812  21.537  10.769 0.0000000000
84679  -37.190  21.178  10.782 0.0000000000
84680  -36.641  20.878  11.043 0.0000000000
84681  -36.433  20.191  11.255 0.0000000000
84682  -36.079  20.513  11.321 0.0000000000
84683  -35.570  20.201  11.564 0.0000000000
84684  -35.740  20.882  11.338 0.0000000000
84685  -35.155  22.345  10.989 0.0000000000
84686  -35.006  21.645  11.344 0.0000000000
84687  -34.623  22.044  11.317 0.0000000000
84688  -34.094  21.699  11.636 0.0000000000
84689  -34.246  22.461  11.276 0.0000000000
92367  -36.168  14.882  11.291 0.0000000000
92369  -36.701  15.939  10.722 0.0000000000
92370  -36.919  16.593  10.630 0.0000000000
94225  -32.371  18.978  12.898 0.0000000000
94226  -31.890  18.495  13.001 0.0000000000
94227  -31.997  19.311  12.851 0.0000000000
94228  -31.621  19.633  12.750 0.0000000000
96374  -46.748  17.523  10.524 0.0000000000
96375  -46.183  17.188  10.042 0.0000000000
96376  -45.628  16.872  9.556 0.0000000000
96377  -45.068  16.560  9.161 0.0000000000
96378  -45.351  17.341  9.665 0.0000000000
96379  -45.084  17.788  9.676 0.0000000000
96380  -44.880  18.202  9.535 0.0000000000
96418  -42.717  23.610  7.838 0.0000000000
98545  -35.036  16.210  12.115 0.0000000000
98546  -34.580  15.803  12.448 0.0000000000
98547  -34.714  16.540  12.287 0.0000000000
98548  -34.400  16.866  12.457 0.0000000000
98549  -34.108  17.260  12.600 0.0000000000
98550  -33.787  17.585  12.700 0.0000000000
98551  -34.278  18.027  12.449 0.0000000000
98552  -34.441  18.777  12.289 0.0000000000
98553  -34.613  19.483  12.105 0.0000000000
106571  -38.984  13.001  8.920 0.0000000000
106572  -38.892  13.694  8.565 0.0000000000
110550  -46.936  12.081  2.410 0.0000000000
110551  -46.265  11.757  2.546 0.0000000000
110553  -45.834  11.972  2.804 0.0000000000
110554  -45.378  12.165  3.061 0.0000000000
110555  -44.974  12.350  3.324 0.0000000000
110559  -49.103  14.575  8.052 0.0000000000
110560  -48.558  14.361  7.245 0.0000000000
110561  -46.062  14.639  6.952 0.0000000000
110562  -46.416  14.439  6.619 0.0000000000
110563  -45.760  14.359  6.146 0.0000000000
110564  -45.379  14.127  5.421 0.0000000000
110565  -45.018  13.882  4.825 0.0000000000
110566  -44.693  13.595  4.350 0.0000000000
110567  -44.265  13.794  4.618 0.0000000000
110568  -43.498  13.661  4.504 0.0000000000
110569  -42.859  13.399  4.630 0.0000000000
110570  -42.211  13.086  4.872 0.0000000000
110571  -42.543  13.657  4.953 0.0000000000
110572  -42.204  13.888  5.341 0.0000000000
110573  -41.949  14.154  5.771 0.0000000000
110574  -42.722  15.930  7.826 0.0000000000
110575  -42.305  15.518  7.300 0.0000000000
110576  -42.094  15.840  7.623 0.0000000000
110577  -41.467  15.762  7.518 0.0000000000
110578  -40.828  15.645  7.482 0.0000000000
110579  -40.205  15.499  7.542 0.0000000000
110580  -40.621  15.957  7.765 0.0000000000
110581  -40.429  16.280  8.042 0.0000000000
110582  -40.271  16.630  8.359 0.0000000000
110676  -49.710  21.495  8.336 0.0000000000
110677  -49.012  21.302  8.169 0.0000000000
110683  -45.937  23.469  7.396 0.0000000000
110685  -46.279  23.036  7.509 0.0000000000
110686  -46.562  22.604  7.563 0.0000000000
110687  -46.819  22.149  7.589 0.0000000000
110688  -47.050  21.699  7.617 0.0000000000
110689  -46.361  21.673  7.703 0.0000000000
110690  -45.907  21.169  7.876 0.0000000000
110691  -45.492  20.621  8.121 0.0000000000
110692  -45.180  20.091  8.399 0.0000000000
110693  -44.848  20.426  8.214 0.0000000000
110694  -44.297  20.290  8.350 0.0000000000
110695  -43.738  20.177  8.493 0.0000000000
110696  -41.588  21.272  9.265 0.0000000000
110697  -41.939  20.835  9.214 0.0000000000
110698  -41.316  20.641  9.457 0.0000000000
110699  -41.038  19.994  9.555 0.0000000000
110700  -40.747  19.300  9.564 0.0000000000
110701  -40.415  18.626  9.546 0.0000000000
110702  -40.131  19.126  9.777 0.0000000000
110703  -39.528  18.973  10.018 0.0000000000
110704  -38.958  18.781  10.239 0.0000000000
110705  -38.430  18.517  10.369 0.0000000000
110706  -38.688  19.166  10.400 0.0000000000
110707  -38.402  19.571  10.553 0.0000000000
110708  -38.106  20.007  10.683 0.0000000000
110709  -37.976  22.692  9.807 0.0000000000
110710  -37.825  22.101  10.200 0.0000000000
110711  -37.456  22.464  10.119 0.0000000000
110712  -36.937  22.186  10.439 0.0000000000
110713  -36.397  21.864  10.776 0.0000000000
110714  -35.892  21.552  11.065 0.0000000000
110715  -36.024  22.236  10.732 0.0000000000
110716  -35.651  22.607  10.667 0.0000000000
110717  -35.298  22.995  10.608 0.0000000000
115686  -35.229  15.141  12.081 0.0000000000
115687  -35.921  15.231  11.495 0.0000000000
115688  -35.641  15.583  11.671 0.0000000000
115689  -35.338  15.895  11.902 0.0000000000
115690  -35.502  16.627  11.782 0.0000000000
115691  -35.719  17.364  11.662 0.0000000000
115692  -35.938  18.043  11.559 0.0000000000
120024  -31.413  17.985  13.033 0.0000000000
121928  -40.410  11.688  8.135 0.0000000000
121929  -40.214  12.335  7.750 0.0000000000
125029  -48.411  15.447  9.657 0.0000000000
125030  -48.043  15.791  9.871 0.0000000000
125031  -47.484  15.479  9.175 0.0000000000
125032  -46.933  15.242  8.522 0.0000000000
125033  -46.800  16.199  9.735 0.0000000000
125034  -46.602  15.571  8.823 0.0000000000
125035  -46.346  15.042  7.858 0.0000000000
125036  -45.782  14.899  7.350 0.0000000000
125037  -45.159  14.832  6.976 0.0000000000
125038  -44.505  14.782  6.591 0.0000000000
125039  -43.851  14.733  6.259 0.0000000000
125040  -44.254  15.044  6.963 0.0000000000
125041  -43.939  15.349  7.420 0.0000000000
125042  -43.633  15.685  7.797 0.0000000000
125043  -44.540  16.329  8.728 0.0000000000
125044  -43.982  16.163  8.384 0.0000000000
125045  -43.347  16.012  8.110 0.0000000000
125046  -43.117  16.401  8.333 0.0000000000
125047  -42.910  16.795  8.469 0.0000000000
125048  -42.694  17.150  8.562 0.0000000000
125131  -45.234  23.427  7.532 0.0000000000
125132  -44.875  22.902  7.813 0.0000000000
125134  -44.093  21.832  8.261 0.0000000000
125137  -42.486  22.062  8.750 0.0000000000
125138  -42.418  23.094  8.243 0.0000000000
125139  -42.140  22.549  8.652 0.0000000000
125140  -41.847  21.915  8.999 0.0000000000
125141  -41.212  21.770  9.240 0.0000000000
125142  -40.577  21.623  9.525 0.0000000000
125143  -40.000  21.434  9.836 0.0000000000
125144  -39.426  21.191  10.048 0.0000000000
125145  -39.654  21.838  9.762 0.0000000000
125146  -39.288  22.218  9.694 0.0000000000
129964  -34.153  15.369  12.731 0.0000000000
129965  -33.746  14.938  12.952 0.0000000000
129966  -33.325  14.538  13.142 0.0000000000
129967  -32.993  14.798  13.226 0.0000000000
129971  -32.470  16.978  13.133 0.0000000000
129972  -32.590  17.787  13.018 0.0000000000
129973  -33.436  17.917  12.798 0.0000000000
129974  -33.063  18.247  12.872 0.0000000000
129975  -32.718  18.597  12.896 0.0000000000
129976  -32.884  19.416  12.746 0.0000000000
129977  -33.045  20.185  12.498 0.0000000000
129978  -33.200  20.923  12.224 0.0000000000
146557  -37.818  13.659  9.926 0.0000000000
146558  -37.734  14.402  9.690 0.0000000000
146559  -37.787  15.137  9.544 0.0000000000
154557  -48.947  13.682  4.863 0.0000000000
154558  -48.179  13.520  4.324 0.0000000000
154559  -47.463  13.386  3.955 0.0000000000
154560  -48.279  14.941  8.603 0.0000000000
154561  -48.151  14.534  7.571 0.0000000000
154562  -47.972  14.183  6.598 0.0000000000
154563  -46.851  14.273  6.312 0.0000000000
154564  -47.243  14.111  6.023 0.0000000000
154565  -47.635  13.968  5.680 0.0000000000
154566  -47.312  13.759  4.876 0.0000000000
154567  -47.015  13.526  4.223 0.0000000000
154568  -46.729  13.227  3.673 0.0000000000
154569  -45.985  13.053  3.542 0.0000000000
154570  -45.272  12.844  3.530 0.0000000000
154571  -44.522  12.578  3.544 0.0000000000
154572  -44.402  13.208  4.014 0.0000000000
154573  -44.046  12.734  3.790 0.0000000000
154574  -43.805  12.209  3.742 0.0000000000
154575  -43.308  11.801  4.174 0.0000000000
154577  -42.616  11.067  5.401 0.0000000000
154578  -42.286  11.262  5.708 0.0000000000
154579  -41.893  11.531  5.992 0.0000000000
154580  -41.490  11.788  6.274 0.0000000000
154581  -41.763  12.742  5.311 0.0000000000
154582  -41.431  12.384  5.914 0.0000000000
154583  -41.134  12.053  6.585 0.0000000000
154584  -40.805  12.338  6.873 0.0000000000
154585  -40.466  12.641  7.133 0.0000000000
154586  -40.118  12.951  7.347 0.0000000000
154587  -43.122  14.663  6.202 0.0000000000
154588  -42.386  14.578  6.125 0.0000000000
154589  -41.693  14.464  6.098 0.0000000000
154590  -41.888  15.173  6.861 0.0000000000
154591  -41.443  14.751  6.490 0.0000000000
154592  -41.057  14.216  6.286 0.0000000000
154593  -40.528  13.898  6.600 0.0000000000
154594  -40.106  13.592  7.018 0.0000000000
154595  -39.801  13.282  7.545 0.0000000000
154596  -39.477  13.619  7.726 0.0000000000
154597  -39.198  13.979  7.988 0.0000000000
154598  -38.929  14.362  8.279 0.0000000000
154599  -39.614  15.291  7.742 0.0000000000
154600  -39.104  15.021  8.114 0.0000000000
154601  -38.637  14.745  8.513 0.0000000000
154602  -38.429  15.102  8.811 0.0000000000
154603  -38.223  15.457  9.120 0.0000000000
154604  -38.014  15.795  9.425 0.0000000000
154792  -47.927  20.070  9.942 0.0000000000
154793  -47.225  19.860  9.853 0.0000000000
154802  -50.196  22.588  7.012 0.0000000000
154807  -48.152  23.484  6.939 0.0000000000
154808  -48.885  23.438  6.784 0.0000000000
154809  -49.175  22.986  6.936 0.0000000000
154810  -49.444  22.550  7.042 0.0000000000
154811  -49.761  22.202  7.239 0.0000000000
154812  -49.287  21.847  7.462 0.0000000000
154813  -48.778  21.464  7.709 0.0000000000
154814  -48.292  21.126  8.033 0.0000000000
154815  -47.289  21.279  7.708 0.0000000000
154816  -47.584  20.971  7.914 0.0000000000
154817  -47.870  20.808  8.430 0.0000000000
154819  -47.022  20.087  9.313 0.0000000000
154820  -46.517  19.599  9.774 0.0000000000
154821  -45.869  19.230  9.626 0.0000000000
154822  -45.264  18.924  9.478 0.0000000000
154823  -44.683  18.634  9.314 0.0000000000
154824  -44.861  19.562  8.721 0.0000000000
154825  -44.494  18.979  8.991 0.0000000000
154826  -44.158  18.323  9.115 0.0000000000
154827  -43.615  18.032  8.887 0.0000000000
154828  -43.049  17.829  8.743 0.0000000000
154829  -42.474  17.625  8.624 0.0000000000
154830  -43.763  21.259  8.409 0.0000000000
154831  -43.420  20.658  8.567 0.0000000000
154832  -43.145  20.012  8.661 0.0000000000
154833  -42.229  20.309  9.058 0.0000000000
154834  -42.548  19.811  8.895 0.0000000000
154835  -42.868  19.345  8.741 0.0000000000
154836  -42.568  18.694  8.775 0.0000000000
154837  -42.235  18.069  8.716 0.0000000000
154838  -41.919  17.455  8.583 0.0000000000
154839  -41.332  17.325  8.594 0.0000000000
154840  -40.682  17.196  8.637 0.0000000000
154841  -40.037  17.023  8.752 0.0000000000
154842  -40.112  18.017  9.409 0.0000000000
154843  -39.791  17.416  9.201 0.0000000000
154844  -39.434  16.823  8.979 0.0000000000
154845  -38.828  16.636  9.218 0.0000000000
154846  -38.258  16.451  9.489 0.0000000000
154847  -37.776  16.208  9.796 0.0000000000
154848  -37.563  16.574  10.121 0.0000000000
154849  -37.372  16.938  10.424 0.0000000000
154850  -37.140  17.334  10.665 0.0000000000
154851  -37.926  18.278  10.529 0.0000000000
154852  -37.416  18.025  10.695 0.0000000000
154853  -36.906  17.702  10.904 0.0000000000
154854  -36.674  18.035  11.123 0.0000000000
154855  -36.404  18.396  11.322 0.0000000000
154856  -36.098  18.745  11.496 0.0000000000
154857  -38.844  20.963  10.302 0.0000000000
154858  -38.298  20.715  10.532 0.0000000000
154859  -37.797  20.414  10.743 0.0000000000
154860  -37.684  21.454  10.512 0.0000000000
154861  -37.502  20.784  10.766 0.0000000000
154862  -37.275  20.116  10.963 0.0000000000
154863  -36.777  19.804  11.157 0.0000000000
154864  -36.276  19.465  11.383 0.0000000000
154865  -35.767  19.098  11.627 0.0000000000
154866  -35.420  19.494  11.744 0.0000000000
154867  -35.080  19.887  11.818 0.0000000000
154868  -34.736  20.233  11.881 0.0000000000
154869  -35.411  21.253  11.339 0.0000000000
154870  -34.868  20.954  11.631 0.0000000000
154871  -34.374  20.589  11.928 0.0000000000
154872  -33.994  20.934  11.951 0.0000000000
154873  -33.629  21.312  11.941 0.0000000000
154874  -33.288  21.701  11.913 0.0000000000
154895  -34.940  23.397  10.508 0.0000000000
154898  -34.443  23.127  10.870 0.0000000000
154899  -33.912  22.821  11.205 0.0000000000
154901  -32.929  22.029  11.849 0.0000000000
