#!ascii label  , from subject fsaverage vox2ras=TkReg
692
59  -47.219  -13.788  18.083 0.0000000000
60  -35.763  -9.729  16.924 0.0000000000
397  -40.893  -11.344  18.892 0.0000000000
899  -42.218  -18.059  19.186 0.0000000000
900  -39.571  -17.113  20.950 0.0000000000
901  -44.163  -12.377  18.922 0.0000000000
910  -51.045  -14.307  16.108 0.0000000000
912  -45.374  -18.149  15.975 0.0000000000
1886  -36.557  -16.305  20.530 0.0000000000
1887  -37.931  -10.600  18.126 0.0000000000
2819  -44.910  -16.033  18.969 0.0000000000
2820  -43.616  -15.229  19.821 0.0000000000
2821  -45.773  -13.021  18.689 0.0000000000
2830  -49.164  -13.900  17.006 0.0000000000
2831  -48.289  -16.325  15.925 0.0000000000
2832  -46.556  -16.231  17.508 0.0000000000
2833  -43.811  -18.066  17.652 0.0000000000
3097  -34.851  -12.595  18.155 0.0000000000
3099  -34.004  -12.776  16.657 0.0000000000
4142  -40.488  -14.006  20.605 0.0000000000
4143  -38.056  -16.638  21.012 0.0000000000
4144  -38.826  -13.540  20.584 0.0000000000
4145  -37.281  -13.173  20.094 0.0000000000
4146  -39.346  -10.971  18.651 0.0000000000
4173  -47.721  -19.248  17.058 0.0000000000
4981  -33.312  -12.539  12.953 0.0000000000
4982  -33.611  -12.305  11.055 0.0000000000
6227  -39.679  -20.511  19.666 0.0000000000
6228  -38.492  -20.149  20.640 0.0000000000
6229  -41.032  -17.613  20.263 0.0000000000
6230  -42.064  -14.581  20.356 0.0000000000
6231  -42.574  -11.736  18.996 0.0000000000
6249  -47.571  -18.208  15.076 0.0000000000
6253  -41.225  -20.306  18.213 0.0000000000
6733  -34.219  -11.914  9.281 0.0000000000
6734  -34.760  -11.403  7.591 0.0000000000
7283  -49.047  -11.424  16.462 0.0000000000
7284  -47.460  -10.752  16.349 0.0000000000
7303  -50.988  -11.681  15.874 0.0000000000
7673  -34.684  -9.411  15.984 0.0000000000
8276  -35.960  -12.856  19.263 0.0000000000
8277  -36.786  -10.190  17.537 0.0000000000
8278  -45.675  -10.431  16.216 0.0000000000
8283  -41.088  -9.228  15.574 0.0000000000
9305  -33.482  -12.582  14.859 0.0000000000
10499  -46.063  -14.959  18.651 0.0000000000
10500  -45.446  -14.512  19.058 0.0000000000
10501  -46.524  -13.394  18.438 0.0000000000
10510  -48.160  -13.894  17.560 0.0000000000
10511  -47.859  -15.141  17.304 0.0000000000
10512  -46.990  -15.083  18.015 0.0000000000
10513  -45.810  -16.057  18.280 0.0000000000
10777  -35.230  -11.064  17.627 0.0000000000
10778  -34.394  -12.677  17.431 0.0000000000
10779  -34.637  -11.095  17.035 0.0000000000
11822  -40.784  -12.543  19.992 0.0000000000
11823  -39.631  -13.774  20.646 0.0000000000
11824  -39.893  -12.344  19.954 0.0000000000
11825  -39.086  -12.155  19.827 0.0000000000
11826  -40.083  -11.158  18.765 0.0000000000
11853  -46.673  -19.904  18.136 0.0000000000
12661  -33.241  -10.409  12.156 0.0000000000
14219  -40.949  -19.252  19.341 0.0000000000
14220  -40.324  -19.088  19.941 0.0000000000
14221  -41.647  -17.847  19.783 0.0000000000
14222  -43.996  -13.741  19.578 0.0000000000
14223  -42.831  -14.879  20.122 0.0000000000
14224  -43.197  -13.439  19.758 0.0000000000
14225  -42.413  -13.112  19.920 0.0000000000
14226  -43.373  -12.059  19.032 0.0000000000
14253  -46.858  -17.196  15.838 0.0000000000
14254  -47.857  -17.285  15.194 0.0000000000
14256  -46.348  -19.144  15.663 0.0000000000
14257  -45.086  -19.292  15.840 0.0000000000
14259  -44.078  -19.231  16.252 0.0000000000
14260  -42.985  -18.098  18.461 0.0000000000
14261  -42.438  -19.137  17.787 0.0000000000
14262  -41.667  -19.172  18.625 0.0000000000
14263  -40.493  -20.376  18.953 0.0000000000
16019  -49.713  -10.511  15.386 0.0000000000
16062  -50.731  -10.608  15.105 0.0000000000
16063  -50.006  -11.451  16.088 0.0000000000
18187  -39.001  -18.673  20.864 0.0000000000
18189  -38.260  -18.427  21.051 0.0000000000
18190  -37.283  -16.429  20.843 0.0000000000
18191  -36.771  -18.069  20.908 0.0000000000
18196  -35.955  -16.152  20.108 0.0000000000
18197  -37.557  -11.741  19.369 0.0000000000
18198  -36.581  -13.006  19.712 0.0000000000
18199  -36.884  -11.575  19.001 0.0000000000
18200  -36.263  -11.414  18.585 0.0000000000
18201  -37.310  -10.380  17.828 0.0000000000
18203  -46.560  -10.578  16.369 0.0000000000
20700  -34.257  -9.259  15.446 0.0000000000
20701  -33.769  -10.902  15.611 0.0000000000
20702  -33.484  -10.811  14.787 0.0000000000
20703  -34.308  -14.176  12.012 0.0000000000
20704  -34.127  -14.277  12.929 0.0000000000
20708  -36.058  -13.405  8.523 0.0000000000
20709  -35.687  -13.723  9.363 0.0000000000
23507  -43.602  -17.035  19.117 0.0000000000
23508  -43.071  -16.698  19.654 0.0000000000
23509  -44.328  -15.614  19.475 0.0000000000
23510  -44.757  -14.077  19.375 0.0000000000
23511  -44.997  -12.683  18.841 0.0000000000
23526  -50.104  -14.098  16.552 0.0000000000
23527  -49.701  -15.413  16.047 0.0000000000
23528  -48.855  -15.213  16.698 0.0000000000
23529  -47.435  -16.237  16.673 0.0000000000
23530  -45.906  -17.161  16.661 0.0000000000
23531  -44.550  -18.091  16.794 0.0000000000
23532  -45.214  -17.100  17.599 0.0000000000
23533  -44.390  -17.082  18.437 0.0000000000
24007  -34.829  -14.084  18.356 0.0000000000
24009  -34.454  -14.224  17.544 0.0000000000
25888  -40.078  -15.536  20.883 0.0000000000
25889  -38.795  -16.842  21.037 0.0000000000
25890  -39.292  -15.284  20.934 0.0000000000
25891  -38.479  -15.089  20.878 0.0000000000
25892  -37.700  -14.873  20.725 0.0000000000
25893  -36.945  -14.729  20.446 0.0000000000
25894  -38.017  -13.376  20.410 0.0000000000
25895  -38.310  -11.965  19.671 0.0000000000
25896  -38.618  -10.774  18.419 0.0000000000
25945  -48.956  -18.874  17.422 0.0000000000
25946  -48.980  -19.132  18.989 0.0000000000
27397  -33.236  -10.717  13.925 0.0000000000
27398  -33.200  -10.605  13.016 0.0000000000
27399  -33.414  -12.394  11.969 0.0000000000
27400  -34.651  -14.063  11.092 0.0000000000
29893  -39.137  -20.282  20.218 0.0000000000
29894  -39.773  -18.833  20.455 0.0000000000
29895  -40.327  -17.307  20.696 0.0000000000
29896  -42.396  -16.361  20.118 0.0000000000
29897  -41.633  -16.106  20.491 0.0000000000
29898  -40.843  -15.850  20.718 0.0000000000
29899  -41.279  -14.277  20.525 0.0000000000
29900  -41.597  -12.764  19.974 0.0000000000
29901  -41.732  -11.519  18.972 0.0000000000
29941  -48.891  -18.122  15.108 0.0000000000
29942  -47.591  -18.929  15.749 0.0000000000
29949  -43.250  -19.213  16.975 0.0000000000
29950  -41.991  -20.400  17.433 0.0000000000
31071  -34.481  -11.708  8.391 0.0000000000
31072  -36.387  -13.048  7.679 0.0000000000
31074  -36.811  -12.757  6.840 0.0000000000
32387  -48.191  -12.553  17.331 0.0000000000
32388  -47.501  -12.118  17.495 0.0000000000
32389  -48.296  -11.041  16.415 0.0000000000
32442  -50.194  -12.716  16.582 0.0000000000
32443  -49.218  -12.616  16.924 0.0000000000
33443  -35.204  -9.571  16.471 0.0000000000
35113  -37.528  -18.253  21.072 0.0000000000
35122  -36.347  -14.513  20.057 0.0000000000
35123  -35.738  -14.368  19.537 0.0000000000
35124  -35.243  -14.275  18.940 0.0000000000
35125  -35.401  -12.657  18.772 0.0000000000
35126  -35.750  -11.234  18.093 0.0000000000
35127  -36.248  -9.953  17.244 0.0000000000
35128  -46.683  -11.801  17.634 0.0000000000
35129  -45.846  -11.548  17.739 0.0000000000
35130  -45.029  -11.336  17.745 0.0000000000
35133  -44.202  -11.048  17.664 0.0000000000
35134  -43.391  -10.833  17.613 0.0000000000
35135  -42.557  -10.652  17.468 0.0000000000
35136  -41.743  -10.517  17.277 0.0000000000
35146  -40.201  -10.217  17.022 0.0000000000
35147  -39.545  -10.017  16.930 0.0000000000
35148  -38.997  -9.600  16.870 0.0000000000
38153  -34.151  -11.023  16.393 0.0000000000
38154  -33.699  -12.640  15.797 0.0000000000
38156  -33.330  -12.607  13.872 0.0000000000
38157  -33.993  -14.299  13.932 0.0000000000
38162  -33.920  -12.192  10.137 0.0000000000
38163  -35.186  -13.973  10.178 0.0000000000
41219  -46.651  -14.387  18.391 0.0000000000
41220  -46.336  -14.188  18.606 0.0000000000
41221  -46.890  -13.591  18.282 0.0000000000
41230  -47.681  -13.824  17.794 0.0000000000
41231  -47.594  -14.492  17.788 0.0000000000
41232  -47.117  -14.453  18.116 0.0000000000
41233  -46.532  -15.008  18.325 0.0000000000
41497  -35.473  -10.398  17.262 0.0000000000
41498  -34.882  -11.082  17.367 0.0000000000
41499  -35.179  -10.373  16.997 0.0000000000
42542  -40.831  -11.931  19.517 0.0000000000
42543  -40.332  -12.460  20.005 0.0000000000
42544  -40.383  -11.853  19.522 0.0000000000
42545  -39.999  -11.718  19.434 0.0000000000
42546  -40.519  -11.219  18.883 0.0000000000
42573  -46.181  -20.297  18.789 0.0000000000
42574  -46.764  -20.068  18.960 0.0000000000
44939  -41.583  -18.617  19.261 0.0000000000
44940  -41.274  -18.554  19.573 0.0000000000
44941  -41.926  -17.952  19.495 0.0000000000
44942  -44.099  -13.063  19.303 0.0000000000
44943  -43.591  -13.591  19.679 0.0000000000
44944  -43.690  -12.915  19.380 0.0000000000
44945  -43.297  -12.729  19.446 0.0000000000
44946  -43.763  -12.211  18.950 0.0000000000
44973  -46.117  -17.649  15.854 0.0000000000
44974  -46.623  -17.687  15.479 0.0000000000
44975  -45.906  -18.160  15.625 0.0000000000
44977  -45.133  -18.737  15.763 0.0000000000
44978  -44.536  -19.309  16.019 0.0000000000
44979  -44.681  -18.705  16.113 0.0000000000
44980  -42.599  -18.053  18.829 0.0000000000
44981  -42.312  -18.605  18.518 0.0000000000
44982  -41.956  -18.587  18.905 0.0000000000
44983  -41.318  -19.177  19.012 0.0000000000
46782  -50.608  -10.173  14.656 0.0000000000
46783  -50.228  -10.557  15.225 0.0000000000
48907  -39.280  -17.906  20.925 0.0000000000
48908  -38.617  -18.580  20.999 0.0000000000
48909  -38.916  -17.756  21.020 0.0000000000
48910  -36.926  -16.348  20.694 0.0000000000
48911  -36.646  -17.200  20.727 0.0000000000
48912  -36.316  -17.111  20.558 0.0000000000
48916  -36.234  -16.227  20.335 0.0000000000
48917  -37.747  -11.145  18.823 0.0000000000
48918  -37.206  -11.660  19.188 0.0000000000
48919  -37.407  -11.041  18.651 0.0000000000
48920  -37.091  -10.958  18.504 0.0000000000
48921  -37.621  -10.485  18.027 0.0000000000
48927  -43.873  -8.878  13.381 0.0000000000
51423  -35.165  -14.885  11.635 0.0000000000
54539  -44.262  -16.542  19.076 0.0000000000
54540  -44.000  -16.345  19.357 0.0000000000
54541  -44.607  -15.826  19.238 0.0000000000
54542  -45.636  -13.763  18.936 0.0000000000
54543  -45.092  -14.260  19.243 0.0000000000
54544  -45.292  -13.559  19.098 0.0000000000
54545  -44.920  -13.373  19.170 0.0000000000
54546  -45.400  -12.857  18.816 0.0000000000
54570  -49.644  -13.980  16.797 0.0000000000
54571  -49.505  -14.661  16.639 0.0000000000
54572  -49.036  -14.575  16.908 0.0000000000
54573  -47.222  -15.732  17.442 0.0000000000
54574  -47.659  -15.714  17.017 0.0000000000
54575  -46.961  -16.245  17.061 0.0000000000
54576  -46.680  -16.716  16.652 0.0000000000
54577  -46.230  -16.739  17.071 0.0000000000
54578  -45.569  -17.114  17.144 0.0000000000
54579  -45.901  -16.636  17.556 0.0000000000
54580  -45.346  -16.055  18.630 0.0000000000
54581  -45.146  -16.553  18.396 0.0000000000
54582  -44.664  -16.569  18.735 0.0000000000
54583  -44.015  -17.070  18.803 0.0000000000
55372  -34.860  -13.289  18.319 0.0000000000
55373  -34.645  -14.148  17.958 0.0000000000
55374  -34.609  -13.390  17.900 0.0000000000
55375  -34.191  -12.732  17.049 0.0000000000
55376  -34.208  -13.526  17.090 0.0000000000
55377  -34.085  -13.567  16.674 0.0000000000
55379  -33.954  -13.572  16.257 0.0000000000
58507  -40.298  -14.753  20.779 0.0000000000
58508  -39.672  -15.412  20.927 0.0000000000
58509  -39.885  -14.618  20.824 0.0000000000
58510  -39.208  -13.655  20.618 0.0000000000
58511  -39.040  -14.425  20.827 0.0000000000
58512  -38.635  -14.335  20.763 0.0000000000
58513  -38.077  -14.990  20.803 0.0000000000
58514  -38.254  -14.219  20.687 0.0000000000
58515  -37.858  -14.121  20.628 0.0000000000
58516  -38.414  -13.463  20.484 0.0000000000
58517  -39.222  -11.530  19.294 0.0000000000
58518  -38.700  -12.049  19.750 0.0000000000
58519  -38.844  -11.436  19.236 0.0000000000
58520  -38.458  -11.353  19.139 0.0000000000
58521  -38.974  -10.895  18.529 0.0000000000
58599  -48.941  -18.774  16.698 0.0000000000
58600  -48.331  -19.058  17.251 0.0000000000
61023  -33.253  -11.379  11.579 0.0000000000
61024  -33.227  -11.412  12.047 0.0000000000
61025  -33.494  -12.375  11.519 0.0000000000
61026  -33.895  -13.276  11.506 0.0000000000
61027  -34.037  -13.230  11.035 0.0000000000
65701  -39.425  -20.397  19.933 0.0000000000
65702  -40.658  -18.383  20.110 0.0000000000
65703  -40.065  -18.964  20.206 0.0000000000
65704  -40.393  -18.230  20.356 0.0000000000
65705  -40.047  -18.081  20.593 0.0000000000
65706  -40.698  -17.435  20.501 0.0000000000
65707  -43.402  -15.960  19.793 0.0000000000
65708  -42.745  -16.531  19.879 0.0000000000
65709  -43.025  -15.785  19.966 0.0000000000
65710  -42.433  -14.717  20.248 0.0000000000
65711  -42.251  -15.464  20.307 0.0000000000
65712  -41.846  -15.296  20.449 0.0000000000
65713  -41.244  -15.953  20.595 0.0000000000
65714  -41.452  -15.197  20.560 0.0000000000
65715  -41.062  -15.035  20.666 0.0000000000
65716  -41.662  -14.425  20.473 0.0000000000
65717  -42.521  -12.449  19.563 0.0000000000
65718  -42.006  -12.954  19.940 0.0000000000
65719  -42.100  -12.261  19.525 0.0000000000
65720  -41.702  -12.131  19.543 0.0000000000
65721  -42.160  -11.629  18.981 0.0000000000
65798  -49.009  -15.884  16.010 0.0000000000
65799  -49.497  -15.958  15.704 0.0000000000
65800  -48.774  -16.398  15.615 0.0000000000
65801  -47.667  -17.755  15.036 0.0000000000
65802  -48.402  -17.348  15.014 0.0000000000
65803  -48.246  -17.819  14.929 0.0000000000
65804  -48.903  -17.793  14.883 0.0000000000
65805  -48.208  -18.215  15.064 0.0000000000
65810  -45.827  -19.854  16.610 0.0000000000
65811  -45.930  -20.025  17.266 0.0000000000
65812  -45.320  -20.251  17.138 0.0000000000
65820  -44.186  -18.076  17.227 0.0000000000
65821  -43.876  -18.636  16.856 0.0000000000
65822  -43.519  -18.620  17.286 0.0000000000
65823  -41.801  -19.693  17.972 0.0000000000
65824  -42.208  -19.742  17.572 0.0000000000
65825  -41.610  -20.348  17.823 0.0000000000
65830  -40.111  -20.437  19.305 0.0000000000
65831  -39.942  -21.012  19.146 0.0000000000
65832  -39.531  -21.075  19.478 0.0000000000
68225  -34.666  -11.529  8.009 0.0000000000
68226  -35.345  -12.472  7.999 0.0000000000
68227  -35.517  -12.306  7.609 0.0000000000
68232  -36.927  -12.573  6.401 0.0000000000
71099  -48.671  -11.949  16.902 0.0000000000
71100  -48.290  -11.765  16.963 0.0000000000
71101  -48.657  -11.234  16.448 0.0000000000
71223  -51.393  -11.199  15.369 0.0000000000
71225  -51.523  -11.811  15.693 0.0000000000
71227  -51.131  -12.329  16.077 0.0000000000
71228  -50.695  -12.846  16.402 0.0000000000
71229  -50.616  -12.193  16.256 0.0000000000
71230  -49.543  -11.438  16.304 0.0000000000
71231  -49.645  -12.015  16.560 0.0000000000
71232  -49.154  -12.000  16.728 0.0000000000
71233  -48.713  -12.564  17.102 0.0000000000
77610  -38.420  -16.731  21.038 0.0000000000
77611  -38.148  -17.538  21.068 0.0000000000
77612  -37.758  -17.482  21.045 0.0000000000
77614  -36.525  -18.866  20.933 0.0000000000
77632  -37.122  -13.940  20.322 0.0000000000
77633  -36.633  -14.628  20.259 0.0000000000
77634  -36.791  -13.834  20.136 0.0000000000
77635  -36.239  -12.921  19.518 0.0000000000
77636  -36.143  -13.664  19.714 0.0000000000
77637  -35.838  -13.616  19.439 0.0000000000
77638  -35.461  -14.326  19.250 0.0000000000
77639  -35.561  -13.564  19.202 0.0000000000
77640  -35.322  -13.454  18.896 0.0000000000
77641  -35.676  -12.744  19.024 0.0000000000
77642  -36.522  -10.776  18.045 0.0000000000
77643  -36.011  -11.329  18.334 0.0000000000
77644  -36.270  -10.682  17.860 0.0000000000
77645  -35.982  -10.586  17.670 0.0000000000
77646  -36.509  -10.092  17.397 0.0000000000
77647  -47.544  -11.365  16.976 0.0000000000
77648  -47.112  -11.943  17.572 0.0000000000
77649  -47.090  -11.253  17.005 0.0000000000
77650  -46.111  -10.526  16.286 0.0000000000
77651  -46.208  -11.050  17.057 0.0000000000
77652  -45.781  -10.955  17.065 0.0000000000
77653  -45.426  -11.467  17.749 0.0000000000
77654  -45.375  -10.871  17.011 0.0000000000
77661  -44.531  -10.663  16.907 0.0000000000
77662  -44.144  -10.547  16.835 0.0000000000
77663  -43.815  -10.924  17.635 0.0000000000
77664  -43.733  -10.425  16.776 0.0000000000
77666  -42.894  -10.326  16.590 0.0000000000
77668  -42.145  -10.570  17.368 0.0000000000
77690  -41.376  -9.403  15.560 0.0000000000
77691  -41.284  -10.006  16.284 0.0000000000
77692  -40.916  -9.913  16.204 0.0000000000
77694  -40.634  -9.750  16.237 0.0000000000
77697  -39.800  -9.253  16.367 0.0000000000
77698  -39.265  -9.823  16.921 0.0000000000
77882  -50.686  -18.248  16.574 0.0000000000
85140  -34.948  -9.502  16.288 0.0000000000
85141  -34.638  -10.288  16.474 0.0000000000
85142  -34.430  -10.219  16.150 0.0000000000
85143  -33.543  -11.725  15.282 0.0000000000
85144  -33.660  -11.822  15.700 0.0000000000
85145  -33.572  -12.572  15.331 0.0000000000
85146  -33.756  -13.428  15.432 0.0000000000
85147  -33.708  -13.428  14.935 0.0000000000
85148  -33.155  -11.626  13.435 0.0000000000
85149  -33.207  -11.637  13.888 0.0000000000
85150  -33.315  -12.598  13.402 0.0000000000
85152  -34.065  -14.359  13.412 0.0000000000
85164  -33.599  -11.118  10.231 0.0000000000
85165  -34.045  -12.044  9.719 0.0000000000
85167  -35.467  -13.849  9.760 0.0000000000
92627  -45.510  -15.478  18.814 0.0000000000
92628  -45.233  -15.263  19.088 0.0000000000
92629  -45.780  -14.727  18.862 0.0000000000
92630  -45.996  -13.982  18.782 0.0000000000
92631  -46.158  -13.205  18.602 0.0000000000
92646  -48.652  -13.894  17.265 0.0000000000
92647  -48.543  -14.549  17.212 0.0000000000
92648  -48.037  -14.531  17.489 0.0000000000
92649  -47.442  -15.116  17.679 0.0000000000
92650  -46.804  -15.674  17.811 0.0000000000
92651  -46.219  -16.140  17.914 0.0000000000
92652  -46.401  -15.607  18.175 0.0000000000
92653  -45.953  -15.538  18.494 0.0000000000
93127  -35.023  -11.790  17.953 0.0000000000
93128  -34.623  -12.627  17.790 0.0000000000
93129  -34.728  -11.841  17.633 0.0000000000
93130  -34.471  -11.878  17.279 0.0000000000
93131  -34.229  -11.902  16.929 0.0000000000
95008  -40.629  -13.289  20.360 0.0000000000
95009  -40.058  -13.895  20.629 0.0000000000
95010  -40.227  -13.151  20.363 0.0000000000
95011  -39.791  -13.021  20.365 0.0000000000
95012  -39.362  -12.916  20.308 0.0000000000
95013  -38.953  -12.823  20.260 0.0000000000
95014  -39.495  -12.221  19.899 0.0000000000
95015  -39.594  -11.614  19.394 0.0000000000
95016  -39.697  -11.061  18.704 0.0000000000
96519  -33.296  -10.315  11.728 0.0000000000
96520  -33.393  -11.289  11.143 0.0000000000
99323  -40.315  -19.867  19.482 0.0000000000
99324  -40.046  -19.769  19.762 0.0000000000
99325  -40.654  -19.169  19.648 0.0000000000
99326  -40.946  -18.475  19.868 0.0000000000
99327  -41.360  -17.738  20.032 0.0000000000
99328  -43.829  -14.462  19.755 0.0000000000
99329  -43.241  -15.048  19.969 0.0000000000
99330  -43.423  -14.307  19.894 0.0000000000
99331  -43.027  -14.157  19.987 0.0000000000
99332  -42.658  -14.022  20.100 0.0000000000
99333  -42.255  -13.862  20.187 0.0000000000
99334  -42.796  -13.272  19.847 0.0000000000
99335  -42.903  -12.584  19.497 0.0000000000
99336  -42.970  -11.920  19.003 0.0000000000
99383  -47.577  -16.750  15.864 0.0000000000
99384  -48.045  -16.813  15.525 0.0000000000
99385  -47.347  -17.237  15.463 0.0000000000
99386  -47.142  -17.730  15.212 0.0000000000
99387  -46.992  -18.211  15.138 0.0000000000
99390  -45.690  -19.232  15.674 0.0000000000
99392  -44.600  -20.233  16.607 0.0000000000
99396  -43.398  -18.090  18.066 0.0000000000
99397  -43.116  -18.594  17.691 0.0000000000
99398  -42.685  -18.601  18.074 0.0000000000
99399  -42.042  -19.157  18.217 0.0000000000
99400  -41.422  -19.724  18.398 0.0000000000
99401  -40.841  -20.311  18.578 0.0000000000
99402  -41.044  -19.760  18.772 0.0000000000
99403  -40.693  -19.806  19.131 0.0000000000
100842  -36.103  -11.733  5.847 0.0000000000
102563  -49.374  -10.961  15.991 0.0000000000
102564  -48.987  -10.779  15.946 0.0000000000
102639  -51.289  -10.632  14.978 0.0000000000
102640  -50.864  -11.107  15.518 0.0000000000
102641  -50.495  -11.569  15.998 0.0000000000
102642  -50.351  -11.007  15.637 0.0000000000
102643  -49.868  -10.961  15.752 0.0000000000
106465  -38.747  -19.412  20.766 0.0000000000
106467  -38.366  -19.310  20.908 0.0000000000
106468  -37.990  -19.215  20.997 0.0000000000
106469  -37.610  -19.082  21.044 0.0000000000
106470  -37.662  -16.544  20.941 0.0000000000
106471  -37.396  -17.367  20.976 0.0000000000
106472  -37.002  -17.276  20.893 0.0000000000
106473  -36.404  -18.004  20.752 0.0000000000
106483  -37.415  -12.425  19.781 0.0000000000
106484  -36.906  -13.084  19.917 0.0000000000
106485  -37.053  -12.354  19.636 0.0000000000
106486  -36.722  -12.276  19.415 0.0000000000
106487  -36.404  -12.205  19.215 0.0000000000
106488  -36.109  -12.095  18.981 0.0000000000
106489  -36.565  -11.519  18.812 0.0000000000
106490  -36.761  -10.871  18.290 0.0000000000
106491  -37.023  -10.271  17.680 0.0000000000
106493  -46.992  -10.682  16.352 0.0000000000
110988  -34.453  -9.342  15.728 0.0000000000
110989  -34.184  -10.162  15.820 0.0000000000
110990  -33.971  -10.127  15.472 0.0000000000
110991  -33.629  -10.865  15.222 0.0000000000
110992  -33.411  -11.742  14.792 0.0000000000
110993  -33.714  -13.386  12.450 0.0000000000
110994  -33.639  -13.464  12.904 0.0000000000
110995  -34.213  -14.215  12.466 0.0000000000
110996  -34.799  -14.988  12.514 0.0000000000
111002  -35.032  -12.811  8.826 0.0000000000
111003  -34.883  -12.894  9.293 0.0000000000
111004  -35.866  -13.569  8.935 0.0000000000
116291  -42.908  -17.547  19.150 0.0000000000
116292  -42.649  -17.395  19.438 0.0000000000
116293  -43.372  -16.839  19.416 0.0000000000
116294  -43.727  -16.125  19.583 0.0000000000
116295  -43.983  -15.407  19.656 0.0000000000
116296  -44.880  -15.044  19.290 0.0000000000
116297  -44.538  -14.828  19.476 0.0000000000
116298  -44.201  -14.651  19.626 0.0000000000
116299  -44.423  -13.855  19.493 0.0000000000
116300  -44.541  -13.219  19.246 0.0000000000
116301  -44.582  -12.496  18.861 0.0000000000
116334  -50.563  -14.210  16.318 0.0000000000
116336  -49.957  -14.829  16.392 0.0000000000
116337  -49.279  -15.305  16.369 0.0000000000
116338  -48.557  -15.817  16.333 0.0000000000
116339  -48.368  -15.155  16.994 0.0000000000
116340  -48.120  -15.736  16.669 0.0000000000
116341  -47.831  -16.281  16.272 0.0000000000
116342  -47.138  -16.711  16.249 0.0000000000
116343  -46.383  -17.159  16.236 0.0000000000
116344  -45.622  -17.627  16.293 0.0000000000
116345  -44.927  -18.111  16.365 0.0000000000
116346  -45.235  -17.587  16.722 0.0000000000
116347  -44.881  -17.566  17.179 0.0000000000
116348  -44.524  -17.571  17.624 0.0000000000
116349  -45.565  -16.579  17.981 0.0000000000
116350  -44.853  -17.071  18.018 0.0000000000
116351  -44.112  -17.597  18.053 0.0000000000
116352  -43.695  -17.594  18.448 0.0000000000
116353  -43.308  -17.573  18.810 0.0000000000
117457  -34.789  -14.948  18.332 0.0000000000
117459  -34.629  -15.000  17.923 0.0000000000
117462  -34.372  -13.470  17.498 0.0000000000
117463  -34.279  -14.311  17.102 0.0000000000
121846  -39.853  -16.312  20.921 0.0000000000
121847  -39.193  -16.950  21.014 0.0000000000
121848  -39.441  -16.175  20.987 0.0000000000
121849  -39.076  -16.046  21.000 0.0000000000
121850  -38.711  -15.928  21.003 0.0000000000
121851  -39.469  -14.532  20.822 0.0000000000
121852  -38.894  -15.198  20.936 0.0000000000
121853  -38.294  -15.850  20.958 0.0000000000
121854  -37.919  -15.733  20.879 0.0000000000
121855  -37.525  -15.624  20.788 0.0000000000
121856  -37.125  -15.588  20.643 0.0000000000
121857  -36.756  -15.526  20.488 0.0000000000
121858  -37.302  -14.813  20.584 0.0000000000
121859  -37.471  -14.046  20.462 0.0000000000
121860  -37.637  -13.281  20.251 0.0000000000
121861  -38.553  -12.743  20.173 0.0000000000
121862  -38.167  -12.636  20.081 0.0000000000
121863  -37.796  -12.531  19.943 0.0000000000
121864  -37.917  -11.843  19.535 0.0000000000
121865  -38.092  -11.248  18.961 0.0000000000
121866  -38.265  -10.702  18.251 0.0000000000
121978  -48.388  -19.147  18.011 0.0000000000
121979  -48.974  -18.961  18.227 0.0000000000
125367  -33.180  -10.632  13.469 0.0000000000
125368  -33.178  -11.575  12.972 0.0000000000
125369  -33.177  -10.509  12.565 0.0000000000
125370  -33.200  -11.523  12.496 0.0000000000
125371  -33.371  -12.486  12.469 0.0000000000
125372  -33.754  -13.365  11.934 0.0000000000
125373  -34.475  -14.109  11.548 0.0000000000
125374  -35.397  -14.814  11.208 0.0000000000
131607  -38.841  -20.210  20.437 0.0000000000
131608  -39.749  -19.664  20.071 0.0000000000
131609  -39.470  -19.565  20.322 0.0000000000
131610  -39.150  -19.470  20.563 0.0000000000
131611  -39.368  -18.781  20.713 0.0000000000
131612  -39.663  -17.998  20.790 0.0000000000
131613  -39.942  -17.240  20.839 0.0000000000
131614  -42.377  -17.271  19.709 0.0000000000
131615  -42.060  -17.113  19.959 0.0000000000
131616  -41.721  -16.970  20.195 0.0000000000
131617  -42.666  -15.604  20.150 0.0000000000
131618  -42.019  -16.219  20.291 0.0000000000
131619  -41.370  -16.825  20.397 0.0000000000
131620  -40.995  -16.690  20.576 0.0000000000
131621  -40.625  -16.569  20.721 0.0000000000
131622  -40.220  -16.469  20.842 0.0000000000
131623  -40.478  -15.680  20.809 0.0000000000
131624  -40.694  -14.878  20.758 0.0000000000
131625  -40.906  -14.138  20.580 0.0000000000
131626  -41.863  -13.711  20.252 0.0000000000
131627  -41.471  -13.550  20.288 0.0000000000
131628  -41.050  -13.400  20.333 0.0000000000
131629  -41.185  -12.678  19.977 0.0000000000
131630  -41.279  -12.011  19.516 0.0000000000
131631  -41.311  -11.420  18.948 0.0000000000
131740  -47.668  -19.127  16.339 0.0000000000
131741  -46.965  -19.038  15.678 0.0000000000
131742  -47.028  -19.292  16.210 0.0000000000
131745  -46.066  -20.147  17.957 0.0000000000
131757  -44.250  -18.663  16.476 0.0000000000
131758  -43.640  -19.246  16.595 0.0000000000
131759  -43.007  -19.848  16.745 0.0000000000
131760  -42.865  -19.166  17.375 0.0000000000
131761  -42.626  -19.791  17.145 0.0000000000
131769  -40.323  -20.963  18.839 0.0000000000
134802  -33.976  -10.678  8.984 0.0000000000
134803  -34.326  -11.831  8.816 0.0000000000
134804  -35.208  -12.655  8.418 0.0000000000
134805  -36.213  -13.244  8.079 0.0000000000
134809  -34.937  -11.247  7.209 0.0000000000
134810  -35.979  -11.853  6.305 0.0000000000
134811  -35.815  -12.019  6.723 0.0000000000
134812  -35.681  -12.189  7.177 0.0000000000
134813  -36.576  -12.924  7.272 0.0000000000
138419  -47.709  -13.166  17.729 0.0000000000
138420  -47.388  -12.952  17.866 0.0000000000
138421  -47.854  -12.349  17.472 0.0000000000
138422  -47.939  -11.551  16.971 0.0000000000
138423  -47.884  -10.890  16.363 0.0000000000
138575  -51.123  -13.633  16.235 0.0000000000
138576  -50.659  -13.523  16.433 0.0000000000
138577  -50.176  -13.403  16.615 0.0000000000
138578  -49.703  -13.293  16.824 0.0000000000
138579  -50.131  -12.025  16.409 0.0000000000
138580  -49.697  -12.630  16.731 0.0000000000
138581  -49.233  -13.235  17.008 0.0000000000
138582  -48.695  -13.242  17.232 0.0000000000
138583  -48.200  -13.189  17.460 0.0000000000
141473  -35.496  -9.617  16.685 0.0000000000
146353  -38.547  -17.632  21.060 0.0000000000
146354  -37.890  -18.320  21.077 0.0000000000
146355  -37.233  -19.015  21.029 0.0000000000
146356  -37.144  -18.171  21.002 0.0000000000
146357  -36.888  -18.950  20.999 0.0000000000
146380  -36.442  -15.427  20.312 0.0000000000
146381  -36.179  -15.328  20.094 0.0000000000
146382  -35.898  -15.227  19.859 0.0000000000
146383  -36.460  -13.743  19.915 0.0000000000
146384  -36.031  -14.425  19.819 0.0000000000
146385  -35.632  -15.154  19.591 0.0000000000
146386  -35.369  -15.112  19.290 0.0000000000
146387  -35.154  -15.088  18.954 0.0000000000
146388  -34.977  -15.037  18.631 0.0000000000
146389  -35.044  -14.176  18.652 0.0000000000
146390  -35.091  -13.353  18.625 0.0000000000
146391  -35.157  -12.603  18.455 0.0000000000
146392  -35.814  -12.007  18.731 0.0000000000
146393  -35.534  -11.917  18.491 0.0000000000
146394  -35.289  -11.865  18.189 0.0000000000
146395  -35.490  -11.147  17.859 0.0000000000
146396  -35.716  -10.488  17.465 0.0000000000
146397  -35.994  -9.874  17.059 0.0000000000
146398  -47.027  -12.755  18.023 0.0000000000
146399  -46.640  -12.580  18.112 0.0000000000
146400  -46.251  -12.408  18.203 0.0000000000
146401  -46.651  -11.138  17.061 0.0000000000
146402  -46.261  -11.679  17.691 0.0000000000
146403  -45.852  -12.263  18.279 0.0000000000
146404  -45.429  -12.120  18.333 0.0000000000
146405  -45.020  -11.961  18.348 0.0000000000
146406  -44.617  -11.811  18.319 0.0000000000
146412  -45.261  -10.339  16.122 0.0000000000
146413  -44.950  -10.741  16.934 0.0000000000
146414  -44.597  -11.201  17.669 0.0000000000
146415  -44.214  -11.666  18.369 0.0000000000
146416  -43.813  -11.529  18.367 0.0000000000
146417  -43.429  -11.404  18.367 0.0000000000
146418  -43.016  -11.269  18.337 0.0000000000
146419  -43.309  -10.399  16.698 0.0000000000
146420  -42.986  -10.722  17.568 0.0000000000
146421  -42.612  -11.136  18.301 0.0000000000
146422  -42.184  -11.041  18.283 0.0000000000
146423  -41.760  -10.972  18.194 0.0000000000
146424  -41.360  -10.876  18.159 0.0000000000
146450  -41.330  -10.467  17.216 0.0000000000
146451  -40.940  -10.820  18.076 0.0000000000
146452  -40.535  -10.749  18.002 0.0000000000
146453  -40.144  -10.659  17.928 0.0000000000
146454  -39.784  -10.579  17.877 0.0000000000
146455  -40.315  -9.598  16.196 0.0000000000
146456  -39.884  -10.069  16.980 0.0000000000
146457  -39.445  -10.489  17.818 0.0000000000
146458  -39.096  -10.397  17.702 0.0000000000
146459  -38.773  -10.268  17.568 0.0000000000
146460  -38.453  -10.146  17.488 0.0000000000
146468  -38.692  -9.526  16.864 0.0000000000
146469  -38.129  -10.070  17.410 0.0000000000
146470  -37.845  -9.900  17.309 0.0000000000
146471  -37.599  -9.751  17.251 0.0000000000
146472  -37.339  -9.686  17.129 0.0000000000
146477  -36.575  -9.240  16.902 0.0000000000
146478  -36.356  -9.065  16.827 0.0000000000
155417  -34.906  -10.313  16.721 0.0000000000
155418  -34.381  -11.061  16.706 0.0000000000
155419  -34.005  -11.914  16.571 0.0000000000
155420  -33.968  -10.988  15.989 0.0000000000
155421  -33.820  -11.875  16.144 0.0000000000
155422  -33.818  -12.702  16.249 0.0000000000
155423  -33.844  -13.512  15.823 0.0000000000
155426  -33.358  -10.760  14.351 0.0000000000
155427  -33.324  -11.693  14.342 0.0000000000
155428  -33.414  -12.595  14.367 0.0000000000
155429  -33.638  -13.519  13.395 0.0000000000
155430  -33.612  -13.458  13.930 0.0000000000
155431  -33.639  -13.431  14.432 0.0000000000
155445  -33.474  -11.191  10.665 0.0000000000
155446  -33.725  -12.260  10.589 0.0000000000
155447  -34.698  -13.081  9.711 0.0000000000
155448  -34.462  -13.148  10.119 0.0000000000
155449  -34.202  -13.170  10.555 0.0000000000
155450  -34.892  -14.009  10.636 0.0000000000
155451  -35.655  -14.754  10.768 0.0000000000
