#!ascii label  , from subject fsaverage vox2ras=TkReg
761
25  -15.048  27.356  -20.765 0.0000000000
324  -16.941  14.463  -20.645 0.0000000000
427  -9.327  27.280  -20.001 0.0000000000
428  -13.601  14.327  -14.072 0.0000000000
804  -15.421  21.063  -21.439 0.0000000000
952  -6.098  24.238  -22.687 0.0000000000
953  -8.811  20.165  -18.072 0.0000000000
954  -6.698  17.581  -18.179 0.0000000000
1957  -12.803  28.242  -17.889 0.0000000000
1958  -14.931  22.303  -16.478 0.0000000000
1959  -11.837  21.858  -15.513 0.0000000000
2436  -16.345  15.764  -16.002 0.0000000000
2724  -15.182  24.273  -21.189 0.0000000000
2872  -5.269  23.313  -21.635 0.0000000000
2873  -6.201  20.807  -20.543 0.0000000000
3852  -18.301  14.010  -20.996 0.0000000000
3854  -19.008  12.216  -18.411 0.0000000000
4297  -11.128  27.961  -18.499 0.0000000000
4298  -12.357  25.241  -16.758 0.0000000000
4299  -10.676  24.801  -17.568 0.0000000000
4300  -8.614  15.993  -16.632 0.0000000000
4301  -9.918  17.226  -15.570 0.0000000000
4866  -4.337  29.699  -24.650 0.0000000000
5445  -14.369  19.006  -14.663 0.0000000000
5446  -15.596  19.193  -16.373 0.0000000000
5447  -15.275  15.085  -14.503 0.0000000000
6056  -15.780  17.729  -21.412 0.0000000000
6322  -7.556  25.855  -21.914 0.0000000000
6323  -8.933  23.764  -19.279 0.0000000000
6324  -7.334  22.104  -20.926 0.0000000000
6325  -7.532  18.543  -18.982 0.0000000000
6326  -7.687  14.643  -16.865 0.0000000000
8467  -14.409  28.105  -18.647 0.0000000000
8468  -15.123  25.099  -18.465 0.0000000000
8469  -14.011  25.322  -16.991 0.0000000000
8470  -13.568  22.179  -15.517 0.0000000000
8471  -12.902  18.543  -14.232 0.0000000000
8472  -10.210  21.373  -16.519 0.0000000000
8473  -11.399  18.029  -14.639 0.0000000000
8474  -12.115  13.528  -14.448 0.0000000000
9166  -5.817  27.596  -24.058 0.0000000000
9167  -4.873  26.409  -23.600 0.0000000000
9864  -15.586  21.952  -18.713 0.0000000000
9865  -15.729  18.701  -19.060 0.0000000000
9866  -16.578  15.628  -18.475 0.0000000000
9869  -18.214  12.412  -17.054 0.0000000000
10402  -15.179  26.816  -21.791 0.0000000000
10403  -15.273  25.355  -21.893 0.0000000000
10404  -15.124  25.783  -21.005 0.0000000000
10552  -5.070  23.092  -20.748 0.0000000000
10553  -5.397  21.758  -20.312 0.0000000000
11530  -16.902  15.633  -21.593 0.0000000000
11532  -17.507  14.083  -21.079 0.0000000000
11533  -18.489  12.953  -19.996 0.0000000000
11534  -17.899  13.299  -19.631 0.0000000000
11977  -10.285  27.659  -19.145 0.0000000000
11978  -10.909  26.420  -18.108 0.0000000000
11979  -10.043  26.093  -18.786 0.0000000000
11980  -8.486  13.344  -16.077 0.0000000000
11981  -8.964  13.962  -15.865 0.0000000000
13125  -14.026  16.880  -14.110 0.0000000000
13126  -14.853  17.169  -14.493 0.0000000000
13127  -14.432  14.760  -14.141 0.0000000000
13930  -15.666  22.400  -21.930 0.0000000000
13932  -15.869  20.713  -21.973 0.0000000000
13933  -16.105  18.980  -21.910 0.0000000000
13934  -15.514  19.380  -21.491 0.0000000000
14377  -6.789  25.022  -22.479 0.0000000000
14378  -7.458  23.876  -21.453 0.0000000000
14379  -6.697  23.043  -21.995 0.0000000000
14380  -6.480  19.342  -19.294 0.0000000000
14381  -6.853  19.669  -19.818 0.0000000000
14382  -7.073  17.942  -18.754 0.0000000000
14383  -7.655  16.709  -17.867 0.0000000000
14384  -7.176  16.098  -17.691 0.0000000000
18652  -13.707  28.262  -18.155 0.0000000000
18653  -14.189  26.788  -17.788 0.0000000000
18654  -13.421  26.824  -17.400 0.0000000000
18655  -12.121  23.658  -16.163 0.0000000000
18656  -12.995  23.728  -16.071 0.0000000000
18657  -12.713  22.105  -15.409 0.0000000000
18658  -13.244  20.516  -14.791 0.0000000000
18659  -12.417  20.246  -14.726 0.0000000000
18660  -8.834  21.959  -18.787 0.0000000000
18661  -9.611  22.641  -17.889 0.0000000000
18662  -9.484  20.749  -17.222 0.0000000000
18663  -10.286  15.098  -14.924 0.0000000000
18664  -10.673  17.689  -15.010 0.0000000000
18665  -11.024  15.496  -14.580 0.0000000000
18666  -11.780  15.851  -14.310 0.0000000000
18667  -11.424  13.179  -14.668 0.0000000000
20356  -6.452  28.337  -23.598 0.0000000000
20357  -5.555  29.279  -24.514 0.0000000000
20358  -4.056  29.259  -24.200 0.0000000000
20359  -4.613  27.981  -24.195 0.0000000000
20360  -4.345  27.466  -23.559 0.0000000000
20361  -4.615  26.056  -22.810 0.0000000000
22095  -15.098  23.700  -17.364 0.0000000000
22096  -15.431  23.547  -18.583 0.0000000000
22097  -15.425  22.189  -17.420 0.0000000000
22098  -15.916  17.519  -16.297 0.0000000000
22099  -15.819  19.065  -17.620 0.0000000000
22100  -16.074  17.449  -17.512 0.0000000000
22101  -15.992  17.169  -18.948 0.0000000000
22102  -16.537  15.861  -17.172 0.0000000000
23334  -15.837  25.091  -22.188 0.0000000000
23335  -15.499  23.900  -21.840 0.0000000000
23336  -15.356  22.708  -21.263 0.0000000000
23602  -5.610  23.668  -22.334 0.0000000000
23603  -6.098  22.326  -21.719 0.0000000000
23604  -5.682  21.916  -21.088 0.0000000000
23605  -5.922  20.575  -19.796 0.0000000000
25366  -19.025  14.198  -20.625 0.0000000000
25367  -19.816  13.126  -19.903 0.0000000000
25368  -19.098  13.003  -20.120 0.0000000000
26167  -11.958  28.124  -18.089 0.0000000000
26168  -12.587  26.814  -17.348 0.0000000000
26169  -11.712  26.670  -17.608 0.0000000000
26170  -11.532  25.049  -17.045 0.0000000000
26171  -11.278  23.331  -16.452 0.0000000000
26172  -8.739  18.269  -17.268 0.0000000000
26173  -9.410  18.889  -16.651 0.0000000000
26174  -9.227  16.686  -16.111 0.0000000000
26175  -9.556  14.570  -15.515 0.0000000000
27190  -4.775  30.326  -24.921 0.0000000000
28233  -14.683  20.782  -15.571 0.0000000000
28234  -15.308  20.725  -16.401 0.0000000000
28235  -15.122  19.077  -15.363 0.0000000000
28236  -15.501  17.404  -15.271 0.0000000000
28237  -15.923  15.473  -15.092 0.0000000000
29492  -16.210  16.077  -21.234 0.0000000000
30112  -8.381  26.618  -20.928 0.0000000000
30113  -9.079  25.543  -19.700 0.0000000000
30114  -8.216  24.762  -20.682 0.0000000000
30115  -8.134  22.969  -20.244 0.0000000000
30116  -8.091  21.231  -19.603 0.0000000000
30117  -6.681  21.324  -20.996 0.0000000000
30118  -7.424  20.363  -19.980 0.0000000000
30119  -8.103  19.353  -18.736 0.0000000000
30120  -8.151  17.427  -17.759 0.0000000000
30121  -8.121  15.423  -16.875 0.0000000000
30122  -8.041  12.626  -15.948 0.0000000000
35677  -14.880  27.755  -19.601 0.0000000000
35678  -15.073  26.313  -19.593 0.0000000000
35679  -14.807  26.523  -18.501 0.0000000000
35680  -14.667  25.202  -17.541 0.0000000000
35681  -14.522  23.797  -16.685 0.0000000000
35682  -13.177  25.307  -16.700 0.0000000000
35683  -13.804  23.813  -16.252 0.0000000000
35684  -14.320  22.320  -15.908 0.0000000000
35685  -13.980  20.583  -15.018 0.0000000000
35686  -13.628  18.778  -14.312 0.0000000000
35687  -13.274  16.510  -13.988 0.0000000000
35688  -9.798  24.380  -18.350 0.0000000000
35689  -10.439  23.079  -17.090 0.0000000000
35690  -11.017  21.584  -15.853 0.0000000000
35691  -10.081  19.386  -15.968 0.0000000000
35692  -10.796  19.733  -15.369 0.0000000000
35693  -11.592  20.011  -14.948 0.0000000000
35694  -12.133  18.218  -14.330 0.0000000000
35695  -12.493  16.180  -14.111 0.0000000000
35696  -12.848  13.924  -14.205 0.0000000000
37727  -10.298  29.118  -19.547 0.0000000000
37728  -9.306  28.789  -20.387 0.0000000000
37737  -8.314  28.236  -21.398 0.0000000000
37738  -7.343  27.485  -22.424 0.0000000000
37739  -6.670  26.779  -23.163 0.0000000000
37740  -6.001  26.008  -23.424 0.0000000000
37741  -5.074  28.569  -24.442 0.0000000000
37742  -5.271  26.948  -23.933 0.0000000000
37743  -5.472  25.382  -23.196 0.0000000000
37744  -5.110  24.836  -22.625 0.0000000000
37745  -4.833  24.614  -21.846 0.0000000000
37746  -4.866  24.472  -20.828 0.0000000000
39828  -15.263  24.736  -19.849 0.0000000000
39829  -15.405  23.135  -19.993 0.0000000000
39830  -15.449  21.515  -20.225 0.0000000000
39831  -15.637  20.685  -17.458 0.0000000000
39832  -15.641  20.330  -18.939 0.0000000000
39833  -15.428  19.860  -20.443 0.0000000000
39834  -15.519  18.232  -20.456 0.0000000000
39835  -15.893  16.628  -20.277 0.0000000000
39836  -16.535  15.129  -19.786 0.0000000000
39838  -15.635  13.107  -14.733 0.0000000000
39839  -16.354  13.555  -15.156 0.0000000000
39842  -16.876  13.974  -15.809 0.0000000000
39843  -17.215  14.206  -16.707 0.0000000000
39844  -17.359  14.104  -17.776 0.0000000000
39845  -17.549  13.774  -18.762 0.0000000000
41122  -15.091  27.104  -21.336 0.0000000000
41123  -15.117  26.302  -21.430 0.0000000000
41124  -15.118  26.552  -20.852 0.0000000000
42250  -16.829  14.990  -21.298 0.0000000000
42251  -17.143  14.791  -21.451 0.0000000000
42252  -17.180  14.264  -20.923 0.0000000000
42253  -17.649  13.655  -20.436 0.0000000000
42254  -17.385  13.871  -20.164 0.0000000000
42697  -9.799  27.544  -19.603 0.0000000000
42698  -10.157  26.916  -19.012 0.0000000000
42699  -9.688  26.690  -19.417 0.0000000000
42700  -8.422  11.821  -15.836 0.0000000000
43845  -13.828  15.656  -14.025 0.0000000000
43846  -14.262  15.848  -14.103 0.0000000000
43847  -14.030  14.574  -14.057 0.0000000000
44650  -15.486  21.696  -21.761 0.0000000000
44651  -15.759  21.565  -21.951 0.0000000000
44652  -15.580  20.869  -21.773 0.0000000000
44653  -15.660  20.028  -21.812 0.0000000000
44654  -15.450  20.216  -21.498 0.0000000000
45097  -6.413  24.590  -22.656 0.0000000000
45098  -6.766  23.975  -22.217 0.0000000000
45099  -6.410  23.600  -22.387 0.0000000000
45100  -6.604  18.439  -18.719 0.0000000000
45101  -6.777  18.624  -19.045 0.0000000000
45102  -6.855  17.738  -18.503 0.0000000000
45103  -7.148  17.084  -18.191 0.0000000000
45104  -6.922  16.826  -17.971 0.0000000000
49372  -13.276  28.264  -17.974 0.0000000000
49373  -13.564  27.527  -17.742 0.0000000000
49374  -13.126  27.550  -17.634 0.0000000000
49375  -11.983  22.766  -15.826 0.0000000000
49376  -12.412  22.885  -15.766 0.0000000000
49377  -12.271  21.994  -15.415 0.0000000000
49378  -12.574  21.238  -15.064 0.0000000000
49379  -12.149  21.092  -15.066 0.0000000000
49380  -8.836  21.087  -18.440 0.0000000000
49381  -9.172  21.372  -17.991 0.0000000000
49382  -9.152  20.485  -17.670 0.0000000000
49383  -10.499  13.866  -14.917 0.0000000000
49384  -10.636  15.325  -14.741 0.0000000000
49385  -10.836  14.200  -14.733 0.0000000000
49386  -11.258  14.306  -14.563 0.0000000000
49387  -11.057  12.918  -14.826 0.0000000000
51078  -3.964  29.018  -23.791 0.0000000000
51079  -4.156  28.357  -23.953 0.0000000000
52815  -15.033  23.008  -16.920 0.0000000000
52816  -15.281  22.935  -17.387 0.0000000000
52817  -15.218  22.252  -16.910 0.0000000000
52818  -16.118  16.611  -16.139 0.0000000000
52819  -16.035  17.445  -16.839 0.0000000000
52820  -16.239  16.653  -16.711 0.0000000000
52821  -16.277  16.658  -17.399 0.0000000000
52822  -16.477  15.819  -16.572 0.0000000000
54249  -15.768  25.763  -22.198 0.0000000000
54250  -15.199  24.827  -21.598 0.0000000000
54251  -15.394  24.627  -21.884 0.0000000000
54252  -15.281  24.092  -21.591 0.0000000000
54253  -15.381  23.315  -21.590 0.0000000000
54254  -15.270  23.483  -21.216 0.0000000000
54697  -5.411  23.437  -22.019 0.0000000000
54698  -5.633  22.760  -21.732 0.0000000000
54699  -5.465  22.608  -21.381 0.0000000000
54700  -5.563  21.050  -19.600 0.0000000000
54701  -5.649  21.151  -20.049 0.0000000000
54702  -5.827  20.438  -19.367 0.0000000000
54703  -6.068  19.822  -19.209 0.0000000000
54704  -6.038  19.700  -18.698 0.0000000000
57633  -17.933  14.738  -21.414 0.0000000000
57637  -18.657  14.077  -20.854 0.0000000000
57638  -19.011  13.496  -20.489 0.0000000000
57639  -18.673  13.430  -20.583 0.0000000000
57640  -18.738  12.655  -19.212 0.0000000000
57641  -19.025  12.585  -19.365 0.0000000000
57642  -19.267  12.145  -18.559 0.0000000000
58972  -11.552  28.045  -18.244 0.0000000000
58973  -11.839  27.421  -17.875 0.0000000000
58974  -11.422  27.319  -18.050 0.0000000000
58975  -10.793  25.630  -17.829 0.0000000000
58976  -11.217  25.779  -17.565 0.0000000000
58977  -11.076  24.927  -17.263 0.0000000000
58978  -11.381  24.194  -16.747 0.0000000000
58979  -10.968  24.089  -17.002 0.0000000000
58980  -8.676  17.184  -16.943 0.0000000000
58981  -8.994  17.541  -16.637 0.0000000000
58982  -8.895  16.374  -16.383 0.0000000000
58983  -9.153  12.744  -15.644 0.0000000000
58984  -9.239  14.262  -15.699 0.0000000000
58985  -9.441  13.014  -15.555 0.0000000000
58986  -9.782  13.305  -15.400 0.0000000000
62415  -14.520  19.868  -15.080 0.0000000000
62416  -14.897  19.946  -15.444 0.0000000000
62417  -14.749  19.028  -14.945 0.0000000000
62418  -15.057  16.181  -14.503 0.0000000000
62419  -15.211  17.276  -14.866 0.0000000000
62420  -15.408  16.360  -14.826 0.0000000000
62421  -15.694  16.421  -15.185 0.0000000000
62422  -15.631  15.412  -14.759 0.0000000000
64840  -15.895  18.353  -21.725 0.0000000000
64842  -16.093  17.449  -21.651 0.0000000000
64843  -16.292  16.664  -21.610 0.0000000000
64844  -16.007  16.885  -21.350 0.0000000000
66172  -7.931  26.266  -21.449 0.0000000000
66173  -8.259  25.692  -20.837 0.0000000000
66174  -7.876  25.284  -21.328 0.0000000000
66175  -7.375  22.930  -21.249 0.0000000000
66176  -7.803  23.405  -20.873 0.0000000000
66177  -7.744  22.568  -20.606 0.0000000000
66178  -8.093  22.091  -19.950 0.0000000000
66179  -7.728  21.673  -20.259 0.0000000000
66180  -6.110  21.548  -21.144 0.0000000000
66181  -6.386  21.836  -21.398 0.0000000000
66182  -6.419  20.985  -20.833 0.0000000000
66183  -7.188  19.110  -19.460 0.0000000000
66184  -7.094  19.964  -19.974 0.0000000000
66185  -7.478  19.442  -19.461 0.0000000000
66186  -7.789  19.850  -19.358 0.0000000000
66187  -7.827  18.947  -18.883 0.0000000000
66188  -8.148  18.474  -18.281 0.0000000000
66189  -7.861  17.986  -18.363 0.0000000000
66190  -7.711  15.690  -17.408 0.0000000000
66191  -7.877  16.112  -17.403 0.0000000000
66192  -7.893  14.958  -16.890 0.0000000000
66193  -8.086  14.052  -16.442 0.0000000000
66194  -7.878  13.683  -16.400 0.0000000000
75000  -19.967  12.588  -19.434 0.0000000000
78997  -14.705  27.946  -19.062 0.0000000000
78998  -14.853  27.150  -19.025 0.0000000000
78999  -14.620  27.299  -18.585 0.0000000000
79000  -14.091  26.080  -17.391 0.0000000000
79001  -14.422  26.015  -17.668 0.0000000000
79002  -14.362  25.291  -17.252 0.0000000000
79003  -14.610  24.516  -17.115 0.0000000000
79004  -14.272  24.551  -16.829 0.0000000000
79005  -12.483  26.058  -17.050 0.0000000000
79006  -12.857  26.062  -16.992 0.0000000000
79007  -12.776  25.283  -16.694 0.0000000000
79008  -13.296  22.978  -15.791 0.0000000000
79009  -13.407  23.814  -16.131 0.0000000000
79010  -13.707  23.021  -15.901 0.0000000000
79011  -14.083  23.062  -16.071 0.0000000000
79012  -13.953  22.223  -15.668 0.0000000000
79013  -14.183  21.465  -15.460 0.0000000000
79014  -13.788  21.347  -15.248 0.0000000000
79015  -13.075  19.520  -14.432 0.0000000000
79016  -13.446  19.693  -14.547 0.0000000000
79017  -13.277  18.681  -14.235 0.0000000000
79018  -13.482  17.753  -14.130 0.0000000000
79019  -13.084  17.560  -14.084 0.0000000000
79020  -8.990  24.639  -19.500 0.0000000000
79021  -9.442  24.968  -19.028 0.0000000000
79022  -9.350  24.099  -18.813 0.0000000000
79023  -9.940  22.021  -17.188 0.0000000000
79024  -10.031  22.887  -17.462 0.0000000000
79025  -10.333  22.211  -16.812 0.0000000000
79026  -10.735  22.352  -16.465 0.0000000000
79027  -10.629  21.491  -16.147 0.0000000000
79028  -9.673  18.149  -16.080 0.0000000000
79029  -9.724  19.165  -16.332 0.0000000000
79030  -10.016  18.352  -15.777 0.0000000000
79031  -11.018  17.848  -14.858 0.0000000000
79032  -10.765  18.744  -15.161 0.0000000000
79033  -11.088  18.885  -14.962 0.0000000000
79034  -11.170  19.856  -15.140 0.0000000000
79035  -11.467  19.028  -14.775 0.0000000000
79036  -11.873  19.146  -14.605 0.0000000000
79037  -11.761  18.178  -14.509 0.0000000000
79038  -11.951  14.671  -14.313 0.0000000000
79039  -12.139  16.030  -14.200 0.0000000000
79040  -12.313  14.847  -14.217 0.0000000000
79041  -12.653  15.082  -14.104 0.0000000000
79042  -12.516  13.706  -14.334 0.0000000000
84080  -9.833  29.697  -20.095 0.0000000000
84081  -9.814  28.979  -19.936 0.0000000000
84082  -9.308  29.517  -20.541 0.0000000000
84103  -7.747  29.489  -22.216 0.0000000000
84104  -8.269  29.025  -21.550 0.0000000000
84105  -7.782  28.692  -22.100 0.0000000000
84106  -7.808  27.874  -21.926 0.0000000000
84107  -7.298  28.334  -22.563 0.0000000000
84108  -6.135  27.954  -23.894 0.0000000000
84109  -6.561  27.531  -23.376 0.0000000000
84110  -6.233  27.173  -23.633 0.0000000000
84111  -6.315  26.400  -23.352 0.0000000000
84112  -5.921  26.840  -23.786 0.0000000000
84113  -4.541  29.981  -24.799 0.0000000000
84114  -4.899  29.411  -24.696 0.0000000000
84115  -4.689  29.075  -24.558 0.0000000000
84116  -4.751  27.170  -23.908 0.0000000000
84117  -4.950  27.467  -24.073 0.0000000000
84118  -5.071  26.670  -23.771 0.0000000000
84119  -5.385  26.149  -23.590 0.0000000000
84120  -5.185  25.831  -23.365 0.0000000000
84121  -5.273  25.022  -22.940 0.0000000000
84122  -5.007  25.589  -23.091 0.0000000000
84126  -4.806  24.549  -21.388 0.0000000000
89325  -15.100  25.773  -19.011 0.0000000000
89326  -15.179  25.507  -19.736 0.0000000000
89327  -15.234  24.963  -19.143 0.0000000000
89328  -15.533  22.769  -18.632 0.0000000000
89329  -15.453  23.378  -19.298 0.0000000000
89330  -15.508  22.545  -19.371 0.0000000000
89331  -15.451  22.304  -20.065 0.0000000000
89332  -15.537  21.731  -19.469 0.0000000000
89333  -15.459  19.965  -16.366 0.0000000000
89334  -15.512  20.726  -16.894 0.0000000000
89335  -15.631  19.972  -16.915 0.0000000000
89336  -15.804  18.904  -18.329 0.0000000000
89337  -15.753  19.725  -18.275 0.0000000000
89338  -15.667  19.503  -19.028 0.0000000000
89339  -15.530  20.101  -19.718 0.0000000000
89340  -15.567  19.284  -19.785 0.0000000000
89341  -15.463  19.045  -20.453 0.0000000000
89342  -15.621  18.486  -19.778 0.0000000000
89343  -16.241  16.437  -18.782 0.0000000000
89344  -15.894  16.950  -19.658 0.0000000000
89345  -16.166  16.164  -19.453 0.0000000000
89346  -16.179  15.840  -20.086 0.0000000000
89347  -16.484  15.403  -19.168 0.0000000000
89354  -16.040  13.356  -14.905 0.0000000000
89355  -16.216  12.388  -15.052 0.0000000000
89362  -16.860  12.801  -15.474 0.0000000000
89363  -17.151  13.062  -15.728 0.0000000000
89364  -17.069  14.108  -16.203 0.0000000000
89365  -17.333  13.183  -16.088 0.0000000000
89367  -17.685  13.316  -16.934 0.0000000000
89368  -17.794  13.349  -17.407 0.0000000000
89369  -17.408  14.086  -18.297 0.0000000000
89370  -17.935  13.270  -17.814 0.0000000000
89371  -18.080  13.073  -18.235 0.0000000000
92453  -15.443  25.902  -22.080 0.0000000000
92454  -15.208  26.085  -21.840 0.0000000000
92455  -15.131  25.547  -21.543 0.0000000000
92456  -15.108  25.007  -21.164 0.0000000000
92722  -5.154  23.190  -21.209 0.0000000000
92723  -5.340  22.522  -20.981 0.0000000000
92724  -5.245  22.419  -20.540 0.0000000000
94485  -17.495  14.704  -21.507 0.0000000000
94486  -17.924  14.045  -21.057 0.0000000000
94487  -18.349  13.430  -20.584 0.0000000000
94488  -17.994  13.497  -20.548 0.0000000000
94489  -18.177  13.108  -19.883 0.0000000000
94490  -18.472  12.754  -19.046 0.0000000000
95287  -10.711  27.826  -18.802 0.0000000000
95288  -11.014  27.217  -18.319 0.0000000000
95289  -10.616  27.033  -18.611 0.0000000000
95290  -10.492  26.268  -18.412 0.0000000000
95291  -10.365  25.474  -18.149 0.0000000000
95292  -8.557  14.831  -16.315 0.0000000000
95293  -8.779  15.057  -16.191 0.0000000000
95294  -8.708  13.658  -15.977 0.0000000000
95295  -8.891  12.404  -15.704 0.0000000000
97353  -14.192  17.998  -14.319 0.0000000000
97354  -14.608  18.105  -14.548 0.0000000000
97355  -14.440  17.047  -14.269 0.0000000000
97356  -14.665  16.035  -14.259 0.0000000000
97357  -14.849  14.964  -14.267 0.0000000000
98802  -15.874  23.042  -22.053 0.0000000000
98804  -15.973  22.255  -22.050 0.0000000000
98808  -15.968  19.807  -21.985 0.0000000000
98809  -15.751  19.188  -21.764 0.0000000000
98810  -15.608  18.543  -21.460 0.0000000000
99607  -7.168  25.516  -22.267 0.0000000000
99608  -7.508  24.878  -21.680 0.0000000000
99609  -7.133  24.422  -21.969 0.0000000000
99610  -7.056  23.410  -21.766 0.0000000000
99611  -6.978  22.517  -21.500 0.0000000000
99612  -6.331  20.153  -19.918 0.0000000000
99613  -6.514  20.252  -20.233 0.0000000000
99614  -6.654  19.498  -19.597 0.0000000000
99615  -6.955  18.855  -19.303 0.0000000000
99616  -7.273  18.222  -18.921 0.0000000000
99617  -7.627  17.581  -18.352 0.0000000000
99618  -7.393  17.327  -18.308 0.0000000000
99619  -7.444  16.413  -17.823 0.0000000000
99620  -7.454  15.446  -17.342 0.0000000000
107302  -14.076  28.211  -18.380 0.0000000000
107303  -14.305  27.439  -18.236 0.0000000000
107304  -13.944  27.524  -17.954 0.0000000000
107305  -13.825  26.811  -17.549 0.0000000000
107306  -13.713  26.096  -17.176 0.0000000000
107307  -12.217  24.459  -16.465 0.0000000000
107308  -12.679  24.480  -16.385 0.0000000000
107309  -12.547  23.712  -16.084 0.0000000000
107310  -12.857  22.933  -15.745 0.0000000000
107311  -13.144  22.168  -15.426 0.0000000000
107312  -13.401  21.373  -15.142 0.0000000000
107313  -13.001  21.323  -15.083 0.0000000000
107314  -12.835  20.360  -14.713 0.0000000000
107315  -12.665  19.384  -14.449 0.0000000000
107316  -8.876  22.872  -19.081 0.0000000000
107317  -9.257  23.218  -18.595 0.0000000000
107318  -9.212  22.311  -18.331 0.0000000000
107319  -9.546  21.731  -17.588 0.0000000000
107320  -9.866  21.059  -16.829 0.0000000000
107321  -10.123  16.216  -15.171 0.0000000000
107322  -10.277  17.454  -15.286 0.0000000000
107323  -10.492  16.455  -14.934 0.0000000000
107324  -10.860  16.649  -14.756 0.0000000000
107325  -11.231  16.801  -14.602 0.0000000000
107326  -11.608  16.967  -14.437 0.0000000000
107327  -11.409  15.662  -14.438 0.0000000000
107328  -11.579  14.582  -14.396 0.0000000000
107329  -11.768  13.390  -14.535 0.0000000000
110367  -6.742  29.485  -23.319 0.0000000000
110368  -6.834  28.733  -23.163 0.0000000000
110370  -6.017  28.784  -24.107 0.0000000000
110371  -5.707  28.406  -24.299 0.0000000000
110372  -4.185  29.494  -24.479 0.0000000000
110373  -4.480  28.872  -24.455 0.0000000000
110374  -4.290  28.614  -24.274 0.0000000000
110375  -4.436  27.686  -23.999 0.0000000000
110376  -4.596  26.904  -23.617 0.0000000000
110377  -4.707  26.230  -23.247 0.0000000000
113499  -15.128  24.373  -17.872 0.0000000000
113500  -15.301  24.326  -18.533 0.0000000000
113501  -15.311  23.587  -17.900 0.0000000000
113502  -15.453  22.890  -17.941 0.0000000000
113503  -15.557  22.105  -17.994 0.0000000000
113504  -15.745  18.336  -16.390 0.0000000000
113505  -15.748  19.166  -16.974 0.0000000000
113506  -15.864  18.271  -16.966 0.0000000000
113507  -15.933  18.217  -17.569 0.0000000000
113508  -15.897  18.171  -18.321 0.0000000000
113509  -15.836  17.871  -19.013 0.0000000000
113510  -16.054  17.327  -18.216 0.0000000000
113511  -16.272  16.558  -18.050 0.0000000000
113512  -16.571  15.784  -17.820 0.0000000000
115887  -15.560  25.188  -22.079 0.0000000000
115888  -15.653  24.505  -22.064 0.0000000000
115889  -15.734  23.788  -22.081 0.0000000000
115890  -15.579  23.174  -21.889 0.0000000000
115891  -15.442  22.554  -21.674 0.0000000000
115892  -15.391  21.932  -21.400 0.0000000000
116512  -5.869  23.927  -22.531 0.0000000000
116513  -6.115  23.205  -22.264 0.0000000000
116514  -5.839  22.973  -22.027 0.0000000000
116515  -5.861  22.099  -21.424 0.0000000000
116516  -5.924  21.346  -20.796 0.0000000000
116517  -5.493  21.799  -20.750 0.0000000000
116518  -5.773  21.247  -20.460 0.0000000000
116519  -6.051  20.707  -20.176 0.0000000000
116520  -6.194  20.031  -19.548 0.0000000000
116521  -6.337  19.133  -18.970 0.0000000000
116522  -6.495  18.274  -18.359 0.0000000000
120629  -19.774  13.688  -20.199 0.0000000000
120630  -19.399  13.580  -20.339 0.0000000000
120631  -19.510  13.008  -19.993 0.0000000000
120632  -19.644  12.537  -19.470 0.0000000000
120633  -18.797  13.031  -20.120 0.0000000000
120634  -19.313  12.571  -19.458 0.0000000000
122497  -12.363  28.217  -17.960 0.0000000000
122498  -12.700  27.540  -17.620 0.0000000000
122499  -12.268  27.501  -17.731 0.0000000000
122500  -12.156  26.782  -17.484 0.0000000000
122501  -12.050  25.976  -17.148 0.0000000000
122502  -11.316  26.568  -17.836 0.0000000000
122503  -11.628  25.889  -17.331 0.0000000000
122504  -11.927  25.164  -16.873 0.0000000000
122505  -11.832  24.330  -16.581 0.0000000000
122506  -11.705  23.503  -16.281 0.0000000000
122507  -11.553  22.592  -15.969 0.0000000000
122508  -8.765  19.195  -17.685 0.0000000000
122509  -9.121  19.542  -17.328 0.0000000000
122510  -9.047  18.554  -16.937 0.0000000000
122511  -9.341  17.838  -16.335 0.0000000000
122512  -9.569  16.990  -15.852 0.0000000000
122513  -9.106  15.386  -15.892 0.0000000000
122514  -9.403  15.747  -15.735 0.0000000000
122515  -9.772  15.990  -15.441 0.0000000000
122516  -9.920  14.850  -15.202 0.0000000000
122517  -10.124  13.607  -15.161 0.0000000000
124890  -3.876  29.898  -24.014 0.0000000000
127317  -14.821  21.572  -16.032 0.0000000000
127318  -15.131  21.531  -16.418 0.0000000000
127319  -15.018  20.814  -15.946 0.0000000000
127320  -15.217  19.929  -15.876 0.0000000000
127321  -15.389  19.142  -15.833 0.0000000000
127322  -14.997  18.154  -14.889 0.0000000000
127323  -15.314  18.271  -15.326 0.0000000000
127324  -15.541  18.337  -15.818 0.0000000000
127325  -15.723  17.436  -15.745 0.0000000000
127326  -15.927  16.616  -15.658 0.0000000000
127327  -16.145  15.685  -15.499 0.0000000000
130518  -16.658  16.418  -21.737 0.0000000000
130519  -16.538  15.795  -21.466 0.0000000000
130520  -16.516  15.235  -21.019 0.0000000000
132202  -8.862  26.955  -20.429 0.0000000000
132203  -9.216  26.383  -19.833 0.0000000000
132204  -8.745  26.056  -20.297 0.0000000000
132205  -8.614  25.163  -20.187 0.0000000000
132206  -8.577  24.265  -19.984 0.0000000000
132207  -7.840  24.333  -21.107 0.0000000000
132208  -8.187  23.854  -20.472 0.0000000000
132209  -8.558  23.400  -19.769 0.0000000000
132210  -8.482  22.491  -19.546 0.0000000000
132211  -8.460  21.606  -19.226 0.0000000000
132212  -8.467  20.790  -18.873 0.0000000000
132213  -6.395  22.648  -21.931 0.0000000000
132214  -6.670  22.159  -21.526 0.0000000000
132215  -6.965  21.671  -21.075 0.0000000000
132216  -6.748  20.463  -20.429 0.0000000000
132217  -7.018  20.835  -20.542 0.0000000000
132218  -7.367  21.220  -20.481 0.0000000000
132219  -7.783  20.788  -19.802 0.0000000000
132220  -8.114  20.319  -19.178 0.0000000000
132221  -8.438  19.786  -18.457 0.0000000000
132222  -8.392  18.830  -18.067 0.0000000000
132223  -8.431  17.867  -17.564 0.0000000000
132224  -8.397  16.762  -17.168 0.0000000000
132225  -7.883  17.042  -17.855 0.0000000000
132226  -8.140  16.401  -17.311 0.0000000000
132227  -8.376  15.671  -16.755 0.0000000000
132228  -8.321  14.429  -16.445 0.0000000000
132229  -8.259  12.979  -16.091 0.0000000000
136563  -13.408  13.053  -14.280 0.0000000000
136564  -13.799  13.243  -14.243 0.0000000000
148027  -14.990  27.566  -20.173 0.0000000000
148028  -15.065  26.883  -20.186 0.0000000000
148029  -14.983  27.001  -19.569 0.0000000000
148030  -14.977  26.425  -19.002 0.0000000000
148031  -14.988  25.779  -18.435 0.0000000000
148032  -14.528  26.679  -18.120 0.0000000000
148033  -14.721  25.913  -18.016 0.0000000000
148034  -14.934  25.148  -17.952 0.0000000000
148035  -14.905  24.452  -17.423 0.0000000000
148036  -14.838  23.762  -16.999 0.0000000000
148037  -14.744  23.066  -16.587 0.0000000000
148038  -13.007  26.827  -17.326 0.0000000000
148039  -13.293  26.064  -17.028 0.0000000000
148040  -13.617  25.324  -16.799 0.0000000000
148041  -13.080  24.536  -16.384 0.0000000000
148042  -13.502  24.570  -16.463 0.0000000000
148043  -13.904  24.571  -16.611 0.0000000000
148044  -14.173  23.836  -16.427 0.0000000000
148045  -14.462  23.132  -16.327 0.0000000000
148046  -14.647  22.344  -16.180 0.0000000000
148047  -14.511  21.548  -15.732 0.0000000000
148048  -14.336  20.655  -15.246 0.0000000000
148049  -14.171  19.791  -14.817 0.0000000000
148050  -13.617  20.579  -14.888 0.0000000000
148051  -13.811  19.723  -14.630 0.0000000000
148052  -14.006  18.893  -14.433 0.0000000000
148053  -13.839  17.905  -14.197 0.0000000000
148054  -13.672  16.755  -14.063 0.0000000000
148055  -13.452  15.446  -13.969 0.0000000000
148056  -9.555  25.832  -19.245 0.0000000000
148057  -9.906  25.238  -18.570 0.0000000000
148058  -10.248  24.614  -17.926 0.0000000000
148059  -9.681  23.514  -18.142 0.0000000000
148060  -10.148  23.786  -17.692 0.0000000000
148061  -10.576  23.972  -17.330 0.0000000000
148062  -10.872  23.257  -16.734 0.0000000000
148063  -11.144  22.488  -16.167 0.0000000000
148064  -11.414  21.710  -15.655 0.0000000000
148065  -9.448  19.843  -16.954 0.0000000000
148066  -9.782  20.101  -16.566 0.0000000000
148067  -10.142  20.358  -16.207 0.0000000000
148068  -10.423  18.597  -15.405 0.0000000000
148069  -10.443  19.593  -15.642 0.0000000000
148070  -10.498  20.585  -15.889 0.0000000000
148071  -10.888  20.667  -15.573 0.0000000000
148072  -11.299  20.843  -15.364 0.0000000000
148073  -11.732  20.937  -15.149 0.0000000000
148074  -12.016  20.119  -14.769 0.0000000000
148075  -12.269  19.251  -14.486 0.0000000000
148076  -12.504  18.365  -14.265 0.0000000000
148077  -11.963  17.131  -14.304 0.0000000000
148078  -12.322  17.222  -14.162 0.0000000000
148079  -12.686  17.367  -14.134 0.0000000000
148080  -12.858  16.319  -14.044 0.0000000000
148081  -13.043  15.235  -13.996 0.0000000000
148082  -13.244  14.077  -14.086 0.0000000000
148083  -13.026  12.843  -14.374 0.0000000000
148127  -6.778  16.657  -17.643 0.0000000000
148128  -6.971  15.894  -17.458 0.0000000000
148129  -7.215  15.140  -17.159 0.0000000000
148130  -7.459  14.276  -16.737 0.0000000000
148133  -7.676  13.296  -16.303 0.0000000000
148134  -7.852  12.133  -15.879 0.0000000000
153876  -15.034  27.840  -21.325 0.0000000000
154119  -14.970  28.124  -20.609 0.0000000000
154128  -12.901  28.960  -18.200 0.0000000000
154137  -12.465  28.922  -18.218 0.0000000000
154138  -12.027  28.873  -18.337 0.0000000000
154139  -11.581  28.794  -18.515 0.0000000000
154140  -11.134  28.668  -18.726 0.0000000000
154141  -10.786  29.954  -19.381 0.0000000000
154142  -10.746  29.246  -19.211 0.0000000000
154143  -10.736  28.516  -19.005 0.0000000000
154144  -10.288  28.398  -19.359 0.0000000000
154145  -9.817  28.251  -19.774 0.0000000000
154146  -9.330  28.067  -20.228 0.0000000000
154171  -8.778  29.296  -21.029 0.0000000000
154172  -8.812  28.574  -20.867 0.0000000000
154173  -8.844  27.815  -20.694 0.0000000000
154174  -8.373  27.457  -21.158 0.0000000000
154175  -7.875  27.112  -21.683 0.0000000000
154176  -7.479  26.685  -22.166 0.0000000000
154177  -6.902  27.915  -23.025 0.0000000000
154178  -6.967  27.066  -22.858 0.0000000000
154179  -7.102  26.330  -22.560 0.0000000000
154180  -6.737  25.950  -22.831 0.0000000000
154181  -6.372  25.507  -22.998 0.0000000000
154182  -6.053  25.121  -23.085 0.0000000000
154183  -5.152  29.749  -24.744 0.0000000000
154184  -5.287  28.864  -24.542 0.0000000000
154185  -5.408  28.024  -24.340 0.0000000000
154186  -4.851  28.291  -24.315 0.0000000000
154187  -5.171  27.762  -24.206 0.0000000000
154188  -5.516  27.254  -24.055 0.0000000000
154189  -5.595  26.455  -23.786 0.0000000000
154190  -5.717  25.669  -23.367 0.0000000000
154191  -5.788  24.847  -22.968 0.0000000000
154192  -5.554  24.548  -22.763 0.0000000000
154193  -5.353  24.279  -22.484 0.0000000000
154194  -5.175  24.101  -22.160 0.0000000000
154195  -4.852  25.444  -22.746 0.0000000000
154196  -4.947  24.705  -22.254 0.0000000000
154197  -5.031  23.942  -21.772 0.0000000000
154198  -4.938  23.830  -21.315 0.0000000000
154199  -4.939  23.781  -20.821 0.0000000000
160440  -15.132  26.065  -20.311 0.0000000000
160441  -15.169  25.299  -20.463 0.0000000000
160442  -15.213  24.503  -20.567 0.0000000000
160443  -15.357  24.177  -19.221 0.0000000000
160444  -15.356  23.945  -19.943 0.0000000000
160445  -15.251  23.709  -20.627 0.0000000000
160446  -15.342  22.899  -20.667 0.0000000000
160447  -15.377  22.155  -20.819 0.0000000000
160448  -15.390  21.315  -20.902 0.0000000000
160449  -15.375  21.497  -16.925 0.0000000000
160450  -15.556  21.411  -17.401 0.0000000000
160451  -15.638  21.341  -18.071 0.0000000000
160452  -15.737  19.918  -17.564 0.0000000000
160453  -15.689  20.581  -18.175 0.0000000000
160454  -15.634  21.140  -18.800 0.0000000000
160455  -15.537  20.916  -19.618 0.0000000000
160456  -15.425  20.692  -20.369 0.0000000000
160457  -15.378  20.455  -20.980 0.0000000000
160458  -15.408  19.582  -21.042 0.0000000000
160459  -15.448  18.759  -21.044 0.0000000000
160460  -15.560  17.938  -21.008 0.0000000000
160461  -15.694  17.693  -19.799 0.0000000000
160462  -15.645  17.421  -20.422 0.0000000000
160463  -15.771  17.113  -20.945 0.0000000000
160464  -16.027  16.305  -20.819 0.0000000000
160465  -16.293  15.517  -20.616 0.0000000000
160466  -16.723  14.790  -20.202 0.0000000000
160467  -14.222  13.484  -14.241 0.0000000000
160468  -14.666  13.702  -14.283 0.0000000000
160469  -15.089  13.906  -14.409 0.0000000000
160471  -15.255  12.925  -14.609 0.0000000000
160472  -15.479  14.149  -14.596 0.0000000000
160473  -15.828  14.339  -14.817 0.0000000000
160474  -16.136  14.518  -15.105 0.0000000000
160475  -16.408  14.704  -15.450 0.0000000000
160482  -16.560  12.561  -15.242 0.0000000000
160483  -16.644  13.747  -15.451 0.0000000000
160484  -16.622  14.833  -15.888 0.0000000000
160485  -16.767  15.030  -16.378 0.0000000000
160486  -16.893  15.022  -16.888 0.0000000000
160487  -16.939  15.017  -17.532 0.0000000000
160488  -17.550  13.320  -16.475 0.0000000000
160489  -17.302  14.199  -17.217 0.0000000000
160490  -16.948  14.887  -18.122 0.0000000000
160491  -16.944  14.716  -18.750 0.0000000000
160492  -17.040  14.472  -19.271 0.0000000000
160493  -17.199  14.142  -19.716 0.0000000000
160494  -17.679  13.558  -19.197 0.0000000000
160495  -18.200  12.952  -18.722 0.0000000000
160496  -18.739  12.307  -18.156 0.0000000000
