#!ascii label  , from subject fsaverage vox2ras=TkReg
640
27  -32.442  -31.875  17.077 0.0000000000
280  -39.489  -30.344  22.164 0.0000000000
395  -37.572  -23.185  20.452 0.0000000000
396  -32.893  -22.291  17.582 0.0000000000
760  -34.721  -31.841  21.018 0.0000000000
913  -41.323  -22.454  19.116 0.0000000000
1883  -33.443  -28.267  20.492 0.0000000000
1884  -31.194  -27.791  17.057 0.0000000000
1885  -34.520  -22.755  20.335 0.0000000000
1903  -37.936  -26.977  22.125 0.0000000000
2671  -32.847  -31.250  14.840 0.0000000000
3722  -39.898  -32.286  20.534 0.0000000000
4139  -35.356  -25.965  20.857 0.0000000000
4140  -33.830  -25.789  20.084 0.0000000000
4141  -35.980  -23.052  20.706 0.0000000000
4180  -39.351  -22.800  19.692 0.0000000000
4181  -39.810  -24.596  21.149 0.0000000000
4182  -37.482  -25.355  21.181 0.0000000000
4183  -35.566  -27.806  21.562 0.0000000000
4972  -31.891  -25.208  17.170 0.0000000000
5976  -36.990  -31.204  21.886 0.0000000000
5977  -37.548  -33.211  20.733 0.0000000000
6227  -39.679  -20.511  19.666 0.0000000000
6228  -38.492  -20.149  20.640 0.0000000000
6728  -32.747  -22.675  15.212 0.0000000000
8267  -32.199  -30.311  19.254 0.0000000000
8268  -31.311  -30.048  17.265 0.0000000000
8269  -32.136  -28.056  18.971 0.0000000000
8270  -32.605  -25.558  18.808 0.0000000000
8271  -33.411  -22.489  19.186 0.0000000000
8272  -36.930  -19.835  20.969 0.0000000000
8273  -35.534  -19.529  20.558 0.0000000000
8318  -41.155  -27.972  22.727 0.0000000000
8319  -41.929  -23.743  21.189 0.0000000000
8320  -40.279  -26.194  22.304 0.0000000000
8321  -38.664  -28.726  22.611 0.0000000000
8322  -36.207  -29.453  22.122 0.0000000000
8323  -33.845  -30.126  21.091 0.0000000000
9296  -31.154  -29.819  14.622 0.0000000000
10351  -32.540  -31.575  15.950 0.0000000000
10360  -32.623  -32.020  18.263 0.0000000000
10361  -33.258  -32.883  17.844 0.0000000000
11400  -40.727  -30.012  22.095 0.0000000000
11401  -40.922  -30.946  21.233 0.0000000000
11402  -39.731  -31.324  21.426 0.0000000000
11819  -36.475  -24.616  20.739 0.0000000000
11820  -35.642  -24.562  20.673 0.0000000000
11821  -36.764  -23.141  20.620 0.0000000000
11860  -38.458  -22.960  20.126 0.0000000000
11861  -38.514  -24.038  20.538 0.0000000000
11862  -37.487  -24.303  20.714 0.0000000000
11863  -36.460  -25.669  21.047 0.0000000000
12652  -32.399  -23.770  17.387 0.0000000000
12653  -31.626  -25.268  15.985 0.0000000000
12654  -32.142  -23.960  16.156 0.0000000000
13774  -35.543  -29.934  12.381 0.0000000000
13800  -35.787  -31.509  21.568 0.0000000000
13801  -36.122  -32.653  21.055 0.0000000000
13802  -35.069  -32.919  20.508 0.0000000000
15053  -33.709  -19.251  16.948 0.0000000000
18179  -32.696  -29.327  20.019 0.0000000000
18180  -32.063  -29.230  19.124 0.0000000000
18181  -32.736  -28.217  19.765 0.0000000000
18182  -34.121  -24.331  20.162 0.0000000000
18183  -33.189  -25.692  19.512 0.0000000000
18184  -33.472  -24.197  19.647 0.0000000000
18185  -32.965  -24.037  19.027 0.0000000000
18186  -33.896  -22.595  19.859 0.0000000000
18188  -37.727  -19.994  20.908 0.0000000000
18193  -34.925  -19.420  20.091 0.0000000000
18298  -42.357  -27.615  22.561 0.0000000000
18299  -41.940  -26.733  22.640 0.0000000000
18300  -42.393  -22.092  19.085 0.0000000000
18301  -42.670  -22.587  20.303 0.0000000000
18302  -41.665  -23.047  20.197 0.0000000000
18303  -38.863  -25.710  21.705 0.0000000000
18304  -39.973  -25.365  21.719 0.0000000000
18305  -39.175  -26.528  22.251 0.0000000000
18306  -39.484  -27.433  22.603 0.0000000000
18307  -38.299  -27.831  22.493 0.0000000000
18308  -37.433  -29.118  22.430 0.0000000000
18309  -37.049  -28.245  22.272 0.0000000000
18310  -34.408  -28.102  21.096 0.0000000000
18311  -34.594  -28.990  21.434 0.0000000000
18312  -33.519  -29.191  20.820 0.0000000000
18313  -32.934  -30.262  20.284 0.0000000000
20677  -31.117  -28.897  17.172 0.0000000000
20678  -31.134  -29.931  15.969 0.0000000000
20679  -30.850  -28.873  15.884 0.0000000000
20685  -32.744  -22.750  14.021 0.0000000000
23257  -34.246  -33.040  19.824 0.0000000000
23258  -33.605  -33.038  18.871 0.0000000000
25131  -41.059  -31.820  20.218 0.0000000000
25883  -34.358  -27.153  20.807 0.0000000000
25884  -33.557  -27.124  20.212 0.0000000000
25885  -34.551  -25.930  20.535 0.0000000000
25886  -34.855  -24.474  20.499 0.0000000000
25887  -35.219  -22.841  20.606 0.0000000000
25956  -40.295  -22.644  19.364 0.0000000000
25957  -40.612  -23.501  20.272 0.0000000000
25958  -39.532  -23.788  20.397 0.0000000000
25959  -38.650  -24.956  21.146 0.0000000000
25960  -37.652  -26.174  21.604 0.0000000000
25961  -36.753  -27.416  21.898 0.0000000000
25962  -36.480  -26.625  21.456 0.0000000000
25963  -35.395  -26.912  21.180 0.0000000000
27382  -31.491  -26.531  17.037 0.0000000000
27383  -30.889  -27.737  15.838 0.0000000000
27384  -31.175  -26.559  15.836 0.0000000000
29304  -38.230  -30.773  22.113 0.0000000000
29305  -38.516  -31.794  21.506 0.0000000000
29306  -37.285  -32.286  21.361 0.0000000000
29891  -38.587  -21.808  20.007 0.0000000000
29892  -37.939  -21.679  20.417 0.0000000000
29948  -42.050  -21.529  17.964 0.0000000000
29951  -41.038  -21.581  18.293 0.0000000000
29952  -40.201  -21.572  18.811 0.0000000000
29953  -39.423  -21.643  19.414 0.0000000000
31057  -33.441  -20.558  17.877 0.0000000000
31058  -32.775  -22.472  16.433 0.0000000000
31059  -33.280  -20.906  16.676 0.0000000000
31060  -33.339  -21.039  15.602 0.0000000000
31061  -33.449  -21.229  14.436 0.0000000000
31064  -33.576  -21.264  13.341 0.0000000000
33539  -38.726  -32.754  20.724 0.0000000000
35099  -32.101  -31.217  18.205 0.0000000000
35100  -31.775  -31.018  17.196 0.0000000000
35101  -31.688  -30.192  18.280 0.0000000000
35102  -31.533  -29.071  18.178 0.0000000000
35103  -31.625  -27.878  18.055 0.0000000000
35104  -32.902  -27.036  19.532 0.0000000000
35105  -32.333  -26.903  18.788 0.0000000000
35106  -31.873  -26.695  17.978 0.0000000000
35107  -32.184  -25.385  18.031 0.0000000000
35108  -32.611  -23.887  18.247 0.0000000000
35109  -33.078  -22.394  18.417 0.0000000000
35110  -37.223  -21.546  20.698 0.0000000000
35111  -36.432  -21.356  20.817 0.0000000000
35112  -35.704  -21.231  20.751 0.0000000000
35114  -36.254  -19.658  20.884 0.0000000000
35115  -34.960  -21.178  20.449 0.0000000000
35116  -34.409  -20.999  19.999 0.0000000000
35117  -33.952  -20.882  19.403 0.0000000000
35118  -33.603  -20.750  18.646 0.0000000000
35245  -41.571  -28.841  22.468 0.0000000000
35246  -40.348  -29.158  22.564 0.0000000000
35247  -43.740  -22.095  20.398 0.0000000000
35249  -42.301  -24.505  21.787 0.0000000000
35250  -40.857  -24.211  21.102 0.0000000000
35251  -41.128  -24.924  21.768 0.0000000000
35252  -41.551  -25.795  22.333 0.0000000000
35253  -40.710  -27.020  22.649 0.0000000000
35254  -39.939  -28.279  22.705 0.0000000000
35255  -39.097  -29.554  22.482 0.0000000000
35256  -37.810  -29.930  22.375 0.0000000000
35257  -36.592  -30.318  22.121 0.0000000000
35259  -35.809  -28.601  21.910 0.0000000000
35263  -32.587  -31.236  19.390 0.0000000000
38126  -31.736  -30.829  15.983 0.0000000000
38127  -31.871  -30.619  14.742 0.0000000000
38135  -32.030  -24.079  14.903 0.0000000000
41069  -32.805  -32.067  16.534 0.0000000000
41071  -32.463  -31.724  16.519 0.0000000000
41080  -32.513  -31.961  17.659 0.0000000000
41081  -32.851  -32.359  17.552 0.0000000000
41082  -32.815  -32.260  16.991 0.0000000000
41083  -33.223  -32.422  16.346 0.0000000000
42120  -40.099  -30.165  22.143 0.0000000000
42121  -40.221  -30.667  21.768 0.0000000000
42122  -39.591  -30.881  21.838 0.0000000000
42539  -37.000  -23.943  20.628 0.0000000000
42540  -36.620  -23.869  20.663 0.0000000000
42541  -37.167  -23.158  20.554 0.0000000000
42580  -38.039  -23.064  20.296 0.0000000000
42581  -37.995  -23.624  20.437 0.0000000000
42582  -37.514  -23.784  20.540 0.0000000000
42583  -36.986  -24.478  20.746 0.0000000000
43372  -32.634  -23.071  17.468 0.0000000000
43373  -32.273  -23.834  16.784 0.0000000000
43374  -32.524  -23.163  16.879 0.0000000000
44521  -35.397  -32.233  21.083 0.0000000000
44522  -34.919  -32.357  20.823 0.0000000000
48899  -33.039  -28.792  20.298 0.0000000000
48900  -32.706  -28.769  19.900 0.0000000000
48901  -33.096  -28.234  20.179 0.0000000000
48902  -34.280  -23.573  20.234 0.0000000000
48903  -33.763  -24.287  19.917 0.0000000000
48904  -33.968  -23.460  20.032 0.0000000000
48905  -33.677  -23.375  19.782 0.0000000000
48906  -34.189  -22.652  20.124 0.0000000000
49020  -41.850  -22.279  19.033 0.0000000000
49021  -42.019  -22.534  19.616 0.0000000000
49022  -41.528  -22.789  19.642 0.0000000000
49023  -38.382  -26.308  21.969 0.0000000000
49024  -39.029  -26.094  21.988 0.0000000000
49025  -38.561  -26.755  22.203 0.0000000000
49026  -38.729  -27.189  22.400 0.0000000000
49027  -38.115  -27.418  22.344 0.0000000000
49028  -37.664  -28.051  22.388 0.0000000000
49029  -37.492  -27.639  22.233 0.0000000000
49030  -33.904  -28.182  20.815 0.0000000000
49031  -33.949  -28.649  20.983 0.0000000000
49032  -33.466  -28.717  20.673 0.0000000000
49033  -33.099  -29.271  20.451 0.0000000000
51397  -31.153  -28.307  17.152 0.0000000000
51398  -30.965  -28.867  16.530 0.0000000000
51399  -30.964  -28.304  16.490 0.0000000000
54092  -33.253  -31.513  14.882 0.0000000000
54122  -33.334  -32.562  19.149 0.0000000000
57243  -40.397  -31.590  20.909 0.0000000000
57244  -40.992  -31.373  20.732 0.0000000000
57245  -40.481  -32.054  20.411 0.0000000000
57247  -39.964  -32.763  20.076 0.0000000000
58499  -34.850  -26.573  20.851 0.0000000000
58500  -34.466  -26.564  20.668 0.0000000000
58501  -34.971  -25.928  20.712 0.0000000000
58502  -35.787  -23.835  20.673 0.0000000000
58503  -35.233  -24.546  20.581 0.0000000000
58504  -35.399  -23.772  20.626 0.0000000000
58505  -35.014  -23.684  20.546 0.0000000000
58506  -35.610  -22.954  20.664 0.0000000000
58620  -39.801  -22.723  19.525 0.0000000000
58621  -39.934  -23.207  19.911 0.0000000000
58622  -39.431  -23.320  20.024 0.0000000000
58623  -38.027  -24.698  20.889 0.0000000000
58624  -38.568  -24.538  20.840 0.0000000000
58625  -38.084  -25.152  21.182 0.0000000000
58626  -38.162  -25.543  21.427 0.0000000000
58627  -37.536  -25.796  21.393 0.0000000000
58628  -37.062  -26.410  21.550 0.0000000000
58629  -36.979  -25.997  21.329 0.0000000000
58630  -35.899  -25.830  20.958 0.0000000000
58631  -35.911  -26.319  21.150 0.0000000000
58632  -35.363  -26.449  21.015 0.0000000000
58633  -34.850  -27.046  21.012 0.0000000000
60997  -31.666  -25.899  17.060 0.0000000000
60998  -31.312  -26.554  16.437 0.0000000000
60999  -31.505  -25.936  16.473 0.0000000000
64440  -37.620  -31.000  22.001 0.0000000000
64441  -37.764  -31.549  21.768 0.0000000000
64442  -37.133  -31.753  21.646 0.0000000000
64443  -35.808  -33.313  20.522 0.0000000000
64444  -36.296  -33.182  20.752 0.0000000000
64448  -34.144  -33.550  19.024 0.0000000000
64449  -34.466  -33.554  19.482 0.0000000000
65699  -39.125  -21.142  19.810 0.0000000000
65700  -38.838  -21.048  20.060 0.0000000000
65818  -42.568  -21.465  17.863 0.0000000000
65826  -41.512  -20.997  17.865 0.0000000000
65827  -41.086  -20.950  18.092 0.0000000000
65828  -40.626  -21.560  18.558 0.0000000000
65829  -40.688  -20.955  18.481 0.0000000000
65830  -40.111  -20.437  19.305 0.0000000000
65831  -39.942  -21.012  19.146 0.0000000000
65832  -39.531  -21.075  19.478 0.0000000000
65833  -38.980  -21.737  19.687 0.0000000000
68197  -33.654  -19.804  17.936 0.0000000000
68198  -33.337  -20.757  17.260 0.0000000000
68199  -33.537  -20.007  17.342 0.0000000000
68201  -33.515  -20.114  16.270 0.0000000000
68202  -33.575  -20.175  15.783 0.0000000000
68203  -33.403  -21.133  15.028 0.0000000000
68204  -33.637  -20.281  15.194 0.0000000000
68211  -33.825  -20.405  14.120 0.0000000000
68212  -33.879  -20.474  13.540 0.0000000000
68213  -33.629  -21.239  12.798 0.0000000000
68214  -33.967  -20.470  13.028 0.0000000000
73823  -38.015  -32.529  21.115 0.0000000000
73824  -38.631  -32.303  21.122 0.0000000000
73825  -38.141  -32.990  20.756 0.0000000000
77579  -32.092  -30.779  18.768 0.0000000000
77580  -31.861  -30.697  18.258 0.0000000000
77581  -31.926  -30.240  18.771 0.0000000000
77582  -32.078  -28.651  19.045 0.0000000000
77583  -31.785  -29.150  18.672 0.0000000000
77584  -31.799  -28.546  18.608 0.0000000000
77585  -31.552  -28.478  18.125 0.0000000000
77586  -31.869  -27.975  18.546 0.0000000000
77587  -33.671  -26.490  20.096 0.0000000000
77588  -33.207  -27.099  19.871 0.0000000000
77589  -33.336  -26.449  19.821 0.0000000000
77590  -32.880  -25.663  19.196 0.0000000000
77591  -32.744  -26.340  19.161 0.0000000000
77592  -32.462  -26.259  18.785 0.0000000000
77593  -32.075  -26.812  18.391 0.0000000000
77594  -32.213  -26.158  18.392 0.0000000000
77595  -32.015  -26.068  17.976 0.0000000000
77596  -32.355  -25.487  18.405 0.0000000000
77597  -33.180  -23.257  19.125 0.0000000000
77598  -32.767  -23.957  18.654 0.0000000000
77599  -32.978  -23.210  18.728 0.0000000000
77600  -32.813  -23.189  18.306 0.0000000000
77601  -33.205  -22.461  18.790 0.0000000000
77602  -38.205  -20.896  20.510 0.0000000000
77603  -37.599  -21.615  20.589 0.0000000000
77604  -37.843  -20.841  20.699 0.0000000000
77605  -37.353  -19.914  20.979 0.0000000000
77606  -37.074  -20.673  20.873 0.0000000000
77607  -36.664  -20.631  20.900 0.0000000000
77608  -36.054  -21.304  20.796 0.0000000000
77609  -36.295  -20.555  20.871 0.0000000000
77615  -35.881  -19.608  20.738 0.0000000000
77616  -35.588  -20.432  20.672 0.0000000000
77617  -35.238  -20.365  20.506 0.0000000000
77618  -34.658  -21.091  20.247 0.0000000000
77619  -34.943  -20.254  20.293 0.0000000000
77621  -34.380  -20.185  19.776 0.0000000000
77622  -34.181  -20.108  19.437 0.0000000000
77623  -33.765  -20.811  19.039 0.0000000000
77624  -34.002  -20.028  19.098 0.0000000000
77625  -33.872  -19.904  18.760 0.0000000000
77937  -41.383  -28.408  22.625 0.0000000000
77938  -40.958  -29.021  22.534 0.0000000000
77939  -40.769  -28.561  22.698 0.0000000000
77942  -43.578  -21.863  19.740 0.0000000000
77943  -42.303  -23.146  20.816 0.0000000000
77944  -42.848  -22.906  20.885 0.0000000000
77945  -42.496  -23.510  21.259 0.0000000000
77947  -42.133  -24.112  21.519 0.0000000000
77948  -40.192  -24.046  20.725 0.0000000000
77949  -40.748  -23.851  20.686 0.0000000000
77950  -40.339  -24.411  21.089 0.0000000000
77951  -40.112  -25.752  22.035 0.0000000000
77952  -40.555  -25.160  21.784 0.0000000000
77953  -40.713  -25.553  22.074 0.0000000000
77954  -41.360  -25.343  22.064 0.0000000000
77955  -40.900  -25.962  22.334 0.0000000000
77956  -41.112  -26.395  22.526 0.0000000000
77957  -40.486  -26.594  22.503 0.0000000000
77958  -39.096  -28.064  22.656 0.0000000000
77959  -39.715  -27.847  22.695 0.0000000000
77960  -39.309  -28.491  22.656 0.0000000000
77961  -39.528  -28.906  22.612 0.0000000000
77962  -38.856  -29.173  22.570 0.0000000000
77963  -38.448  -29.751  22.434 0.0000000000
77964  -38.236  -29.336  22.511 0.0000000000
77965  -36.819  -29.309  22.313 0.0000000000
77966  -37.053  -29.726  22.322 0.0000000000
77967  -36.395  -29.887  22.150 0.0000000000
77968  -35.963  -30.500  21.937 0.0000000000
77969  -35.780  -30.078  21.960 0.0000000000
77970  -36.149  -27.611  21.746 0.0000000000
77971  -36.291  -27.997  21.937 0.0000000000
77972  -35.670  -28.204  21.751 0.0000000000
77977  -34.025  -30.577  21.128 0.0000000000
77979  -33.540  -30.660  20.757 0.0000000000
77982  -32.383  -30.779  19.335 0.0000000000
77983  -32.294  -31.225  18.832 0.0000000000
85072  -31.499  -30.519  17.300 0.0000000000
85073  -31.732  -30.908  16.603 0.0000000000
85074  -31.441  -30.461  16.639 0.0000000000
85075  -31.119  -29.899  15.301 0.0000000000
85076  -31.367  -30.312  15.379 0.0000000000
85077  -31.486  -30.249  14.657 0.0000000000
85078  -32.099  -30.512  14.092 0.0000000000
85080  -30.760  -27.749  15.189 0.0000000000
85081  -30.744  -28.309  15.199 0.0000000000
85095  -32.737  -22.602  15.830 0.0000000000
85096  -32.404  -23.341  15.671 0.0000000000
85097  -32.400  -23.380  15.043 0.0000000000
92360  -33.011  -31.733  15.464 0.0000000000
92361  -32.667  -31.433  15.358 0.0000000000
92376  -32.800  -32.060  18.842 0.0000000000
92377  -33.093  -32.528  18.637 0.0000000000
92378  -32.945  -32.452  18.140 0.0000000000
94248  -41.333  -29.810  22.033 0.0000000000
94249  -41.456  -30.286  21.640 0.0000000000
94250  -40.845  -30.495  21.697 0.0000000000
94251  -40.350  -31.121  21.336 0.0000000000
94252  -39.818  -31.810  20.983 0.0000000000
95003  -35.922  -25.292  20.818 0.0000000000
95004  -35.526  -25.252  20.732 0.0000000000
95005  -36.079  -24.575  20.724 0.0000000000
95006  -36.206  -23.837  20.679 0.0000000000
95007  -36.334  -23.153  20.663 0.0000000000
95076  -38.920  -22.864  19.895 0.0000000000
95077  -38.946  -23.429  20.136 0.0000000000
95078  -38.471  -23.488  20.281 0.0000000000
95079  -37.996  -24.149  20.629 0.0000000000
95080  -37.474  -24.852  20.957 0.0000000000
95081  -36.985  -25.528  21.123 0.0000000000
95082  -36.986  -24.992  20.913 0.0000000000
95083  -36.448  -25.159  20.861 0.0000000000
96502  -32.131  -24.503  17.275 0.0000000000
96503  -31.747  -25.245  16.577 0.0000000000
96504  -32.012  -24.528  16.691 0.0000000000
96505  -31.874  -24.620  16.040 0.0000000000
98522  -36.313  -29.696  12.202 0.0000000000
98568  -36.382  -31.363  21.746 0.0000000000
98569  -36.493  -31.940  21.534 0.0000000000
98570  -35.919  -32.094  21.337 0.0000000000
98571  -35.567  -32.785  20.816 0.0000000000
98572  -35.296  -33.422  20.214 0.0000000000
100823  -33.730  -19.195  17.469 0.0000000000
100832  -34.304  -19.604  13.335 0.0000000000
106452  -32.099  -29.765  19.213 0.0000000000
106453  -32.369  -29.299  19.602 0.0000000000
106454  -32.348  -28.762  19.458 0.0000000000
106455  -32.414  -28.161  19.398 0.0000000000
106456  -33.979  -25.064  20.109 0.0000000000
106457  -33.490  -25.752  19.824 0.0000000000
106458  -33.650  -25.010  19.831 0.0000000000
106459  -33.322  -24.966  19.553 0.0000000000
106460  -33.038  -24.891  19.241 0.0000000000
106461  -32.770  -24.814  18.883 0.0000000000
106462  -33.204  -24.124  19.374 0.0000000000
106463  -33.405  -23.330  19.492 0.0000000000
106464  -33.640  -22.527  19.583 0.0000000000
106466  -38.080  -20.098  20.823 0.0000000000
106475  -35.223  -19.459  20.343 0.0000000000
106666  -42.152  -27.163  22.625 0.0000000000
106668  -42.916  -21.883  19.056 0.0000000000
106669  -43.042  -22.094  19.710 0.0000000000
106670  -42.515  -22.303  19.680 0.0000000000
106671  -42.159  -22.793  20.223 0.0000000000
106672  -41.786  -23.375  20.720 0.0000000000
106673  -39.327  -25.153  21.438 0.0000000000
106674  -39.894  -24.980  21.432 0.0000000000
106675  -39.440  -25.526  21.712 0.0000000000
106676  -39.564  -25.939  21.994 0.0000000000
106677  -39.699  -26.383  22.261 0.0000000000
106678  -39.858  -26.845  22.495 0.0000000000
106679  -39.290  -26.991  22.447 0.0000000000
106680  -38.889  -27.627  22.561 0.0000000000
106681  -38.486  -28.268  22.586 0.0000000000
106682  -38.042  -28.927  22.552 0.0000000000
106683  -37.840  -28.479  22.490 0.0000000000
106684  -37.228  -28.686  22.374 0.0000000000
106685  -36.621  -28.862  22.223 0.0000000000
106686  -34.978  -27.973  21.354 0.0000000000
106687  -35.061  -28.422  21.533 0.0000000000
106688  -34.483  -28.543  21.280 0.0000000000
106689  -34.045  -29.103  21.155 0.0000000000
106690  -33.677  -29.667  20.992 0.0000000000
106691  -33.375  -30.200  20.740 0.0000000000
106692  -33.204  -29.746  20.593 0.0000000000
106693  -32.783  -29.801  20.177 0.0000000000
110947  -31.165  -29.496  17.204 0.0000000000
110948  -31.193  -29.979  16.640 0.0000000000
110949  -31.023  -29.474  16.535 0.0000000000
110950  -30.961  -29.435  15.901 0.0000000000
110951  -30.918  -29.413  15.269 0.0000000000
110961  -32.736  -22.724  14.603 0.0000000000
110962  -32.356  -23.426  14.428 0.0000000000
115705  -34.417  -32.469  20.514 0.0000000000
115707  -33.896  -33.054  19.367 0.0000000000
115708  -33.871  -33.505  18.554 0.0000000000
115709  -33.387  -32.981  18.361 0.0000000000
115710  -33.689  -33.430  18.044 0.0000000000
120077  -41.547  -30.745  21.127 0.0000000000
120078  -41.607  -31.177  20.563 0.0000000000
121835  -33.889  -27.719  20.651 0.0000000000
121836  -33.498  -27.707  20.345 0.0000000000
121837  -33.958  -27.144  20.517 0.0000000000
121838  -34.051  -26.528  20.389 0.0000000000
121839  -34.182  -25.853  20.308 0.0000000000
121840  -35.101  -25.245  20.613 0.0000000000
121841  -34.710  -25.218  20.487 0.0000000000
121842  -34.342  -25.132  20.298 0.0000000000
121843  -34.478  -24.399  20.343 0.0000000000
121844  -34.646  -23.606  20.403 0.0000000000
121845  -34.866  -22.818  20.477 0.0000000000
122004  -40.776  -22.572  19.224 0.0000000000
122005  -40.992  -22.967  19.717 0.0000000000
122006  -40.429  -23.101  19.797 0.0000000000
122007  -40.046  -23.654  20.332 0.0000000000
122008  -39.616  -24.230  20.785 0.0000000000
122009  -38.998  -23.969  20.461 0.0000000000
122010  -39.107  -24.368  20.781 0.0000000000
122011  -39.206  -24.766  21.112 0.0000000000
122012  -38.729  -25.338  21.408 0.0000000000
122013  -38.254  -25.907  21.655 0.0000000000
122014  -37.789  -26.564  21.864 0.0000000000
122015  -37.339  -27.213  22.014 0.0000000000
122016  -37.189  -26.801  21.774 0.0000000000
122017  -36.600  -27.007  21.700 0.0000000000
122018  -36.026  -27.196  21.530 0.0000000000
122019  -36.469  -26.160  21.245 0.0000000000
122020  -35.932  -26.761  21.322 0.0000000000
122021  -35.446  -27.363  21.351 0.0000000000
122022  -34.895  -27.524  21.171 0.0000000000
122023  -34.365  -27.630  20.947 0.0000000000
125332  -31.352  -27.132  17.078 0.0000000000
125333  -31.034  -27.729  16.465 0.0000000000
125334  -31.164  -27.131  16.470 0.0000000000
125335  -31.010  -27.152  15.831 0.0000000000
125337  -31.374  -25.946  15.878 0.0000000000
130008  -38.869  -30.555  22.142 0.0000000000
130009  -38.982  -31.075  21.844 0.0000000000
130010  -38.372  -31.295  21.831 0.0000000000
130011  -37.888  -32.053  21.452 0.0000000000
130012  -37.416  -32.793  21.031 0.0000000000
130013  -36.681  -32.478  21.228 0.0000000000
130014  -36.830  -33.020  20.902 0.0000000000
130015  -36.974  -33.455  20.615 0.0000000000
130019  -34.635  -33.011  20.194 0.0000000000
130020  -34.851  -33.537  19.834 0.0000000000
131603  -38.128  -22.447  20.229 0.0000000000
131604  -37.755  -22.417  20.396 0.0000000000
131605  -38.293  -21.720  20.235 0.0000000000
131606  -38.532  -20.975  20.320 0.0000000000
131607  -38.841  -20.210  20.437 0.0000000000
131754  -42.759  -21.687  18.439 0.0000000000
131755  -42.197  -21.875  18.493 0.0000000000
131756  -41.678  -21.985  18.507 0.0000000000
131763  -41.975  -21.045  17.579 0.0000000000
131764  -41.537  -21.590  18.086 0.0000000000
131765  -41.143  -22.060  18.657 0.0000000000
131766  -40.637  -22.120  18.806 0.0000000000
131767  -40.196  -22.149  19.023 0.0000000000
131768  -39.781  -22.160  19.256 0.0000000000
131769  -40.323  -20.963  18.839 0.0000000000
131770  -39.838  -21.572  19.121 0.0000000000
131771  -39.348  -22.225  19.476 0.0000000000
131772  -38.923  -22.305  19.750 0.0000000000
131773  -38.498  -22.397  20.022 0.0000000000
134767  -33.176  -21.425  17.736 0.0000000000
134768  -32.831  -22.355  17.033 0.0000000000
134769  -33.104  -21.534  17.163 0.0000000000
134770  -33.055  -21.690  16.581 0.0000000000
134771  -33.030  -21.816  15.994 0.0000000000
134772  -33.489  -20.083  16.800 0.0000000000
134773  -33.286  -20.967  16.123 0.0000000000
134774  -33.058  -21.896  15.386 0.0000000000
134775  -33.097  -21.958  14.821 0.0000000000
134776  -33.123  -22.017  14.238 0.0000000000
134777  -33.150  -22.056  13.689 0.0000000000
134784  -33.736  -20.327  14.663 0.0000000000
134785  -33.529  -21.237  13.912 0.0000000000
141749  -39.110  -31.557  21.489 0.0000000000
141750  -39.219  -32.036  21.072 0.0000000000
141751  -39.309  -32.526  20.615 0.0000000000
141752  -38.254  -33.452  20.366 0.0000000000
141753  -38.801  -33.226  20.310 0.0000000000
141754  -39.391  -32.987  20.202 0.0000000000
146315  -32.226  -31.586  17.639 0.0000000000
146316  -32.091  -31.463  17.128 0.0000000000
146317  -31.932  -31.106  17.701 0.0000000000
146318  -31.691  -30.615  17.764 0.0000000000
146319  -31.504  -30.104  17.774 0.0000000000
146320  -31.821  -29.699  18.734 0.0000000000
146321  -31.580  -29.640  18.224 0.0000000000
146322  -31.372  -29.569  17.724 0.0000000000
146323  -31.302  -28.995  17.677 0.0000000000
146324  -31.351  -28.376  17.636 0.0000000000
146325  -31.420  -27.814  17.568 0.0000000000
146326  -33.122  -27.697  19.994 0.0000000000
146327  -32.794  -27.645  19.632 0.0000000000
146328  -32.510  -27.557  19.283 0.0000000000
146329  -33.039  -26.391  19.509 0.0000000000
146330  -32.621  -26.962  19.193 0.0000000000
146331  -32.226  -27.482  18.884 0.0000000000
146332  -31.960  -27.410  18.455 0.0000000000
146333  -31.724  -27.315  17.977 0.0000000000
146334  -31.534  -27.227  17.532 0.0000000000
146335  -31.686  -26.601  17.536 0.0000000000
146336  -31.821  -26.000  17.504 0.0000000000
146337  -32.033  -25.281  17.620 0.0000000000
146338  -32.556  -24.722  18.539 0.0000000000
146339  -32.396  -24.633  18.156 0.0000000000
146340  -32.255  -24.557  17.723 0.0000000000
146341  -32.481  -23.840  17.812 0.0000000000
146342  -32.714  -23.123  17.898 0.0000000000
146343  -32.981  -22.339  18.000 0.0000000000
146344  -37.353  -22.418  20.534 0.0000000000
146345  -36.944  -22.401  20.622 0.0000000000
146346  -36.585  -22.312  20.710 0.0000000000
146347  -37.454  -20.769  20.802 0.0000000000
146348  -36.835  -21.468  20.782 0.0000000000
146349  -36.227  -22.216  20.741 0.0000000000
146350  -35.835  -22.103  20.723 0.0000000000
146351  -35.473  -22.039  20.669 0.0000000000
146352  -35.091  -22.018  20.551 0.0000000000
146358  -36.584  -19.735  20.931 0.0000000000
146359  -35.972  -20.444  20.819 0.0000000000
146360  -35.310  -21.219  20.614 0.0000000000
146361  -34.718  -21.966  20.395 0.0000000000
146362  -34.411  -21.873  20.188 0.0000000000
146363  -34.145  -21.802  19.937 0.0000000000
146364  -33.906  -21.712  19.671 0.0000000000
146365  -34.675  -20.202  20.050 0.0000000000
146366  -34.169  -20.951  19.744 0.0000000000
146367  -33.683  -21.685  19.299 0.0000000000
146368  -33.515  -21.602  18.972 0.0000000000
146369  -33.354  -21.562  18.540 0.0000000000
146370  -33.243  -21.508  18.133 0.0000000000
146371  -33.516  -20.648  18.269 0.0000000000
146372  -33.757  -19.844  18.354 0.0000000000
146748  -41.145  -29.427  22.308 0.0000000000
146749  -40.532  -29.607  22.376 0.0000000000
146750  -39.925  -29.739  22.388 0.0000000000
146754  -43.192  -22.341  20.344 0.0000000000
146755  -43.370  -22.629  20.927 0.0000000000
146760  -41.169  -23.318  20.231 0.0000000000
146761  -41.290  -23.630  20.734 0.0000000000
146762  -41.385  -23.997  21.127 0.0000000000
146763  -40.424  -24.777  21.460 0.0000000000
146764  -40.973  -24.574  21.466 0.0000000000
146765  -41.545  -24.338  21.465 0.0000000000
146766  -41.745  -24.716  21.774 0.0000000000
146767  -41.947  -25.136  22.055 0.0000000000
146769  -41.713  -26.279  22.553 0.0000000000
146770  -41.314  -26.887  22.661 0.0000000000
146771  -40.907  -27.525  22.762 0.0000000000
146772  -40.083  -27.219  22.639 0.0000000000
146773  -40.319  -27.653  22.719 0.0000000000
146774  -40.541  -28.110  22.744 0.0000000000
146775  -40.144  -28.715  22.669 0.0000000000
146776  -39.733  -29.318  22.542 0.0000000000
146777  -39.308  -29.940  22.351 0.0000000000
146778  -38.680  -30.159  22.328 0.0000000000
146779  -38.025  -30.348  22.275 0.0000000000
146780  -37.408  -30.582  22.164 0.0000000000
146781  -37.635  -29.542  22.441 0.0000000000
146782  -37.219  -30.159  22.278 0.0000000000
146783  -36.800  -30.758  22.043 0.0000000000
146784  -36.178  -30.922  21.856 0.0000000000
146787  -36.904  -27.829  22.088 0.0000000000
146788  -36.444  -28.430  22.092 0.0000000000
146789  -35.982  -29.041  22.026 0.0000000000
146790  -35.130  -28.860  21.695 0.0000000000
146791  -35.352  -29.246  21.817 0.0000000000
146792  -35.566  -29.660  21.907 0.0000000000
146795  -34.464  -31.445  21.083 0.0000000000
146799  -33.101  -30.710  20.343 0.0000000000
146801  -32.814  -31.656  19.421 0.0000000000
146802  -32.524  -31.655  18.871 0.0000000000
146803  -32.359  -31.630  18.237 0.0000000000
155336  -32.070  -31.325  16.560 0.0000000000
155337  -32.117  -31.211  15.955 0.0000000000
155338  -32.207  -31.095  15.367 0.0000000000
155339  -31.388  -30.382  16.022 0.0000000000
155340  -31.766  -30.726  15.387 0.0000000000
155341  -32.312  -30.944  14.848 0.0000000000
155342  -32.560  -30.778  14.194 0.0000000000
155345  -30.828  -28.310  15.840 0.0000000000
155346  -30.794  -28.877  15.232 0.0000000000
155347  -30.908  -29.336  14.606 0.0000000000
155363  -32.448  -23.244  16.300 0.0000000000
155364  -32.047  -24.063  15.556 0.0000000000
