#!ascii label  , from subject fsaverage vox2ras=TkReg
607
116  -44.622  33.355  -14.455 0.0000000000
256  -34.273  37.870  -8.670 0.0000000000
1128  -28.375  39.633  -9.319 0.0000000000
1129  -29.240  34.812  -7.814 0.0000000000
1611  -43.782  38.838  -13.893 0.0000000000
1612  -39.549  36.032  -11.780 0.0000000000
1613  -38.171  41.467  -11.718 0.0000000000
1614  -32.925  43.193  -10.837 0.0000000000
3047  -43.201  32.114  -14.534 0.0000000000
3049  -25.975  38.455  -9.260 0.0000000000
3646  -41.111  40.216  -12.984 0.0000000000
3649  -35.273  45.062  -10.373 0.0000000000
3650  -32.561  46.092  -10.936 0.0000000000
3651  -30.549  43.661  -12.071 0.0000000000
4823  -36.988  36.883  -9.957 0.0000000000
4824  -37.930  33.980  -10.561 0.0000000000
4825  -35.001  35.121  -8.782 0.0000000000
4827  -30.088  32.764  -9.860 0.0000000000
6638  -31.280  38.781  -8.204 0.0000000000
6639  -31.836  36.261  -7.541 0.0000000000
6640  -28.641  37.431  -7.625 0.0000000000
6641  -26.096  36.159  -8.253 0.0000000000
7599  -43.994  35.831  -14.367 0.0000000000
7600  -42.014  35.060  -14.010 0.0000000000
7601  -41.405  37.503  -13.292 0.0000000000
7602  -38.659  38.765  -11.496 0.0000000000
7603  -36.078  39.587  -10.342 0.0000000000
7604  -38.126  44.172  -11.529 0.0000000000
7605  -35.535  42.325  -10.853 0.0000000000
7606  -33.456  40.484  -9.724 0.0000000000
7607  -30.790  41.006  -10.137 0.0000000000
7608  -28.141  42.117  -10.574 0.0000000000
7660  -46.049  36.283  -13.371 0.0000000000
9115  -40.622  33.148  -12.831 0.0000000000
9118  -32.574  33.673  -8.745 0.0000000000
10725  -44.921  32.255  -14.205 0.0000000000
10726  -44.433  31.545  -14.416 0.0000000000
10727  -43.910  32.830  -14.619 0.0000000000
10765  -45.319  33.561  -13.971 0.0000000000
11328  -33.541  48.869  -9.833 0.0000000000
11329  -33.578  47.072  -10.062 0.0000000000
11330  -32.509  47.900  -10.780 0.0000000000
11331  -31.589  46.903  -11.456 0.0000000000
12503  -35.704  37.368  -9.244 0.0000000000
12504  -36.116  35.942  -9.349 0.0000000000
12505  -34.665  36.470  -8.550 0.0000000000
12507  -27.295  32.597  -9.869 0.0000000000
14898  -42.958  29.865  -14.411 0.0000000000
14903  -29.790  39.263  -8.585 0.0000000000
14904  -30.034  38.116  -7.778 0.0000000000
14905  -28.542  38.577  -8.304 0.0000000000
14907  -25.975  37.363  -8.600 0.0000000000
16695  -43.812  37.326  -14.100 0.0000000000
16696  -42.669  36.621  -14.085 0.0000000000
16697  -42.520  38.064  -13.824 0.0000000000
16698  -39.603  40.911  -12.298 0.0000000000
16699  -39.788  39.531  -12.299 0.0000000000
16700  -38.362  40.119  -11.637 0.0000000000
16701  -37.306  39.209  -10.911 0.0000000000
16702  -36.978  40.565  -11.174 0.0000000000
16706  -34.043  44.106  -10.643 0.0000000000
16707  -35.432  43.634  -10.727 0.0000000000
16708  -34.244  42.742  -10.720 0.0000000000
16709  -34.392  41.378  -10.445 0.0000000000
16710  -33.102  41.886  -10.284 0.0000000000
16711  -32.117  40.890  -9.627 0.0000000000
16712  -31.850  42.105  -10.581 0.0000000000
16713  -29.407  44.539  -11.509 0.0000000000
16714  -29.286  42.646  -11.439 0.0000000000
16715  -28.111  43.827  -10.587 0.0000000000
16716  -26.864  43.039  -9.784 0.0000000000
16825  -44.803  38.979  -13.577 0.0000000000
16827  -44.901  37.587  -13.845 0.0000000000
16828  -45.086  36.086  -13.964 0.0000000000
20228  -40.846  35.622  -12.879 0.0000000000
20229  -41.277  34.154  -13.463 0.0000000000
20230  -40.142  34.607  -12.239 0.0000000000
20231  -36.897  33.132  -10.242 0.0000000000
20236  -30.520  35.509  -7.503 0.0000000000
20237  -32.204  34.919  -7.944 0.0000000000
20238  -30.893  34.268  -8.155 0.0000000000
20239  -30.600  31.928  -11.282 0.0000000000
20240  -31.749  32.171  -10.550 0.0000000000
23916  -43.771  30.743  -14.388 0.0000000000
23917  -42.553  31.154  -14.303 0.0000000000
23918  -27.072  40.230  -9.737 0.0000000000
23919  -27.200  39.042  -9.159 0.0000000000
23920  -25.889  39.645  -9.726 0.0000000000
24993  -43.663  40.176  -13.548 0.0000000000
24994  -42.434  39.564  -13.599 0.0000000000
24995  -42.419  40.938  -13.224 0.0000000000
24996  -40.995  41.586  -12.768 0.0000000000
24997  -39.585  42.196  -12.222 0.0000000000
24999  -36.655  45.946  -10.373 0.0000000000
25000  -35.025  46.392  -9.789 0.0000000000
25001  -33.757  45.520  -10.358 0.0000000000
25002  -32.702  44.522  -11.112 0.0000000000
25003  -31.722  43.448  -11.420 0.0000000000
25004  -31.649  45.037  -11.712 0.0000000000
27113  -38.290  36.464  -10.817 0.0000000000
27114  -38.843  35.018  -11.155 0.0000000000
27115  -37.463  35.470  -10.206 0.0000000000
27116  -36.485  34.578  -9.673 0.0000000000
27117  -35.381  33.707  -9.460 0.0000000000
27119  -29.656  33.727  -8.695 0.0000000000
27120  -28.511  33.216  -9.333 0.0000000000
27121  -28.980  32.329  -10.528 0.0000000000
30848  -32.805  38.310  -8.261 0.0000000000
30849  -33.112  36.996  -7.926 0.0000000000
30850  -31.512  37.518  -7.604 0.0000000000
30851  -30.275  36.839  -7.382 0.0000000000
30852  -28.841  36.126  -7.424 0.0000000000
30853  -27.258  37.964  -8.315 0.0000000000
30854  -27.354  36.805  -7.751 0.0000000000
30855  -27.618  35.489  -7.814 0.0000000000
30856  -26.318  34.881  -8.355 0.0000000000
33243  -44.238  34.487  -14.452 0.0000000000
33244  -43.294  34.118  -14.569 0.0000000000
33245  -42.917  35.334  -14.406 0.0000000000
33246  -41.630  36.298  -13.540 0.0000000000
33247  -40.371  36.897  -12.469 0.0000000000
33248  -41.232  38.912  -13.197 0.0000000000
33249  -39.998  38.218  -12.289 0.0000000000
33250  -39.014  37.379  -11.520 0.0000000000
33251  -37.775  37.789  -10.723 0.0000000000
33252  -36.541  38.245  -10.013 0.0000000000
33253  -35.234  38.732  -9.466 0.0000000000
33256  -38.095  42.719  -11.666 0.0000000000
33257  -36.727  44.632  -10.893 0.0000000000
33258  -36.693  43.174  -11.160 0.0000000000
33259  -36.772  41.842  -11.255 0.0000000000
33260  -35.678  40.931  -10.804 0.0000000000
33261  -34.780  40.009  -9.977 0.0000000000
33262  -33.894  39.125  -9.105 0.0000000000
33263  -32.465  39.589  -8.865 0.0000000000
33264  -31.014  39.952  -9.080 0.0000000000
33265  -29.630  40.230  -9.590 0.0000000000
33266  -30.607  42.120  -11.338 0.0000000000
33267  -29.417  41.226  -10.810 0.0000000000
33268  -28.259  40.738  -10.125 0.0000000000
33269  -27.012  41.562  -9.863 0.0000000000
33412  -45.206  34.726  -14.117 0.0000000000
37585  -42.503  33.620  -14.533 0.0000000000
37586  -41.850  32.655  -14.015 0.0000000000
37587  -41.259  31.609  -13.518 0.0000000000
37588  -39.340  33.528  -11.616 0.0000000000
37594  -33.458  35.666  -7.994 0.0000000000
37595  -33.833  34.306  -8.600 0.0000000000
37597  -31.309  33.130  -9.219 0.0000000000
37598  -32.916  32.539  -9.871 0.0000000000
41445  -44.774  32.796  -14.315 0.0000000000
41446  -44.502  32.512  -14.489 0.0000000000
41447  -44.277  33.084  -14.550 0.0000000000
41485  -44.962  33.454  -14.210 0.0000000000
41486  -45.359  32.980  -13.822 0.0000000000
41487  -45.097  32.863  -14.109 0.0000000000
41488  -45.181  32.360  -13.936 0.0000000000
42048  -33.096  49.290  -10.303 0.0000000000
42049  -33.023  48.360  -10.346 0.0000000000
43223  -35.021  37.597  -8.949 0.0000000000
43224  -35.208  36.907  -8.908 0.0000000000
43225  -34.483  37.152  -8.561 0.0000000000
45623  -29.034  39.456  -8.931 0.0000000000
45624  -29.172  38.914  -8.437 0.0000000000
45625  -28.473  39.109  -8.800 0.0000000000
47415  -43.819  38.117  -14.004 0.0000000000
47416  -43.166  37.696  -14.026 0.0000000000
47417  -43.162  38.498  -13.919 0.0000000000
47418  -38.880  41.233  -11.993 0.0000000000
47419  -38.953  40.538  -11.983 0.0000000000
47420  -38.241  40.822  -11.693 0.0000000000
47421  -37.674  40.382  -11.389 0.0000000000
47422  -37.555  41.046  -11.442 0.0000000000
47426  -33.466  43.653  -10.803 0.0000000000
47427  -34.155  43.431  -10.709 0.0000000000
47428  -33.557  43.020  -10.745 0.0000000000
47429  -33.639  42.332  -10.596 0.0000000000
47430  -33.014  42.546  -10.689 0.0000000000
47431  -32.509  42.021  -10.393 0.0000000000
47432  -32.415  42.693  -10.843 0.0000000000
47433  -28.848  45.121  -11.025 0.0000000000
47434  -28.752  44.139  -11.054 0.0000000000
47435  -28.166  44.703  -10.561 0.0000000000
47545  -44.311  38.946  -13.773 0.0000000000
47546  -44.869  38.332  -13.745 0.0000000000
47547  -44.365  38.249  -13.917 0.0000000000
47548  -44.390  37.481  -14.005 0.0000000000
50948  -40.249  35.784  -12.276 0.0000000000
50949  -40.502  35.094  -12.559 0.0000000000
50950  -39.891  35.307  -11.983 0.0000000000
50951  -36.351  32.728  -10.252 0.0000000000
50956  -29.868  35.141  -7.635 0.0000000000
50957  -30.704  34.867  -7.791 0.0000000000
50958  -30.065  34.521  -7.953 0.0000000000
50959  -30.794  31.547  -11.946 0.0000000000
50960  -31.426  31.631  -11.699 0.0000000000
55217  -44.935  30.798  -14.030 0.0000000000
55218  -43.847  31.813  -14.513 0.0000000000
55219  -44.143  31.156  -14.418 0.0000000000
55220  -43.556  31.386  -14.449 0.0000000000
55221  -43.194  30.950  -14.393 0.0000000000
55222  -42.906  31.639  -14.401 0.0000000000
55223  -26.446  40.609  -9.753 0.0000000000
55224  -26.488  39.954  -9.671 0.0000000000
55225  -25.810  40.312  -9.761 0.0000000000
57017  -43.003  41.226  -13.161 0.0000000000
57020  -40.970  42.241  -12.718 0.0000000000
57021  -40.285  41.889  -12.499 0.0000000000
57022  -40.286  42.553  -12.454 0.0000000000
57023  -35.564  47.457  -9.415 0.0000000000
57024  -35.702  46.783  -9.710 0.0000000000
57025  -34.888  47.113  -9.543 0.0000000000
57026  -33.047  46.648  -10.526 0.0000000000
57027  -33.653  46.255  -10.231 0.0000000000
57028  -33.122  45.796  -10.624 0.0000000000
57029  -33.197  45.033  -10.718 0.0000000000
57030  -32.614  45.272  -11.049 0.0000000000
57031  -32.158  44.758  -11.397 0.0000000000
57032  -32.104  45.582  -11.346 0.0000000000
57034  -31.114  46.330  -11.725 0.0000000000
57035  -30.582  46.773  -11.679 0.0000000000
57037  -30.091  47.240  -11.478 0.0000000000
57141  -44.682  39.429  -11.284 0.0000000000
60548  -37.639  36.685  -10.372 0.0000000000
60549  -37.907  35.973  -10.493 0.0000000000
60550  -37.234  36.195  -10.060 0.0000000000
60551  -35.572  35.550  -9.029 0.0000000000
60552  -36.334  35.270  -9.478 0.0000000000
60553  -35.741  34.870  -9.230 0.0000000000
60554  -35.902  34.194  -9.506 0.0000000000
60555  -35.173  34.431  -9.071 0.0000000000
60556  -27.412  33.984  -8.673 0.0000000000
60557  -28.259  33.739  -8.811 0.0000000000
60558  -27.680  33.446  -9.118 0.0000000000
60559  -27.559  32.107  -10.403 0.0000000000
60560  -28.138  32.423  -10.212 0.0000000000
60562  -29.192  31.905  -11.147 0.0000000000
67748  -32.030  38.567  -8.136 0.0000000000
67749  -32.173  37.920  -7.917 0.0000000000
67750  -31.403  38.171  -7.891 0.0000000000
67751  -29.309  37.765  -7.673 0.0000000000
67752  -30.198  37.488  -7.508 0.0000000000
67753  -29.438  37.141  -7.464 0.0000000000
67754  -29.510  36.483  -7.351 0.0000000000
67755  -28.728  36.808  -7.438 0.0000000000
67756  -26.589  38.751  -9.195 0.0000000000
67757  -27.227  38.525  -8.725 0.0000000000
67758  -26.619  38.206  -8.787 0.0000000000
67759  -26.041  36.784  -8.356 0.0000000000
67760  -26.669  37.043  -8.124 0.0000000000
67761  -26.754  36.479  -7.991 0.0000000000
67762  -27.476  36.143  -7.727 0.0000000000
67763  -26.833  35.839  -7.955 0.0000000000
67764  -26.958  35.205  -8.089 0.0000000000
67765  -26.186  35.505  -8.256 0.0000000000
73125  -44.136  35.122  -14.489 0.0000000000
73126  -43.596  34.872  -14.501 0.0000000000
73127  -43.446  35.546  -14.429 0.0000000000
73128  -42.040  37.051  -13.705 0.0000000000
73129  -42.139  36.455  -13.850 0.0000000000
73130  -41.560  36.860  -13.415 0.0000000000
73131  -40.991  36.623  -13.004 0.0000000000
73132  -40.872  37.225  -12.911 0.0000000000
73133  -41.781  39.921  -13.332 0.0000000000
73134  -41.825  39.233  -13.463 0.0000000000
73135  -41.139  39.557  -13.086 0.0000000000
73136  -39.235  39.163  -11.901 0.0000000000
73137  -39.880  38.880  -12.279 0.0000000000
73138  -39.338  38.510  -11.864 0.0000000000
73139  -39.468  37.832  -11.889 0.0000000000
73140  -38.845  38.090  -11.450 0.0000000000
73141  -38.403  37.588  -11.091 0.0000000000
73142  -38.179  38.277  -11.115 0.0000000000
73143  -36.684  39.402  -10.612 0.0000000000
73144  -36.956  38.722  -10.474 0.0000000000
73145  -36.354  38.915  -10.151 0.0000000000
73146  -35.890  38.479  -9.703 0.0000000000
73147  -35.687  39.130  -9.896 0.0000000000
73154  -38.820  43.180  -11.916 0.0000000000
73155  -38.113  43.432  -11.599 0.0000000000
73156  -35.939  45.512  -10.326 0.0000000000
73157  -36.697  45.308  -10.662 0.0000000000
73158  -36.000  44.836  -10.591 0.0000000000
73159  -35.464  42.955  -10.814 0.0000000000
73160  -36.085  43.404  -10.909 0.0000000000
73161  -36.060  42.722  -10.986 0.0000000000
73162  -36.667  42.497  -11.178 0.0000000000
73163  -36.171  42.047  -11.069 0.0000000000
73164  -36.238  41.389  -11.067 0.0000000000
73165  -35.593  41.628  -10.869 0.0000000000
73166  -33.919  40.927  -10.110 0.0000000000
73167  -34.551  40.669  -10.247 0.0000000000
73168  -34.127  40.247  -9.855 0.0000000000
73169  -34.353  39.594  -9.566 0.0000000000
73170  -33.669  39.794  -9.426 0.0000000000
73171  -33.185  39.327  -8.947 0.0000000000
73172  -32.977  40.021  -9.282 0.0000000000
73173  -31.455  40.972  -9.826 0.0000000000
73174  -31.579  40.385  -9.335 0.0000000000
73175  -30.917  40.512  -9.623 0.0000000000
73176  -30.320  40.105  -9.312 0.0000000000
73177  -30.234  40.573  -9.903 0.0000000000
73178  -31.168  43.526  -11.892 0.0000000000
73179  -31.173  42.812  -11.505 0.0000000000
73180  -30.560  42.860  -11.803 0.0000000000
73181  -28.691  42.374  -11.013 0.0000000000
73182  -29.317  41.847  -11.261 0.0000000000
73183  -28.765  41.627  -10.805 0.0000000000
73184  -28.856  40.951  -10.491 0.0000000000
73185  -28.213  41.384  -10.455 0.0000000000
73186  -27.604  41.144  -10.079 0.0000000000
73187  -27.573  41.840  -10.148 0.0000000000
73518  -45.927  36.987  -13.335 0.0000000000
73525  -44.579  35.972  -14.249 0.0000000000
73526  -45.193  35.365  -14.054 0.0000000000
73527  -44.651  35.250  -14.339 0.0000000000
73528  -44.729  34.614  -14.343 0.0000000000
83723  -42.591  34.619  -14.410 0.0000000000
83724  -42.882  33.933  -14.537 0.0000000000
83725  -42.235  34.315  -14.234 0.0000000000
83726  -40.918  33.660  -13.155 0.0000000000
83727  -41.557  33.401  -13.807 0.0000000000
83728  -41.212  32.906  -13.452 0.0000000000
83729  -41.499  32.146  -13.736 0.0000000000
83730  -40.918  32.387  -13.173 0.0000000000
83731  -38.397  34.480  -10.839 0.0000000000
83732  -39.087  34.291  -11.378 0.0000000000
83733  -38.631  33.742  -11.065 0.0000000000
83735  -39.195  32.287  -11.704 0.0000000000
83746  -32.476  36.604  -7.688 0.0000000000
83747  -33.299  36.337  -7.898 0.0000000000
83748  -32.655  35.955  -7.728 0.0000000000
83749  -32.389  34.267  -8.265 0.0000000000
83750  -33.019  34.607  -8.236 0.0000000000
83751  -33.221  33.969  -8.642 0.0000000000
83752  -34.007  33.677  -9.040 0.0000000000
83753  -33.376  33.360  -9.130 0.0000000000
83754  -29.898  33.213  -9.281 0.0000000000
83755  -30.501  33.439  -8.941 0.0000000000
83758  -32.342  32.324  -10.204 0.0000000000
93033  -44.995  31.731  -14.115 0.0000000000
93034  -44.868  31.379  -14.247 0.0000000000
93035  -44.656  31.963  -14.395 0.0000000000
93036  -44.190  32.199  -14.561 0.0000000000
93037  -43.561  32.500  -14.618 0.0000000000
93105  -45.662  33.700  -13.707 0.0000000000
93112  -45.229  31.861  -13.812 0.0000000000
94118  -34.079  48.405  -9.439 0.0000000000
94119  -34.146  47.496  -9.570 0.0000000000
94120  -33.486  47.918  -9.911 0.0000000000
94121  -33.002  47.493  -10.409 0.0000000000
94122  -32.516  46.998  -10.841 0.0000000000
94123  -32.068  46.403  -11.196 0.0000000000
96233  -36.352  37.127  -9.583 0.0000000000
96234  -36.582  36.393  -9.645 0.0000000000
96235  -35.907  36.666  -9.265 0.0000000000
96236  -35.383  36.225  -8.940 0.0000000000
96237  -34.826  35.802  -8.620 0.0000000000
100544  -43.509  29.678  -14.314 0.0000000000
100553  -30.534  39.021  -8.346 0.0000000000
100554  -30.663  38.438  -7.959 0.0000000000
100555  -29.914  38.696  -8.130 0.0000000000
100556  -29.275  38.343  -7.990 0.0000000000
100557  -28.594  38.012  -7.917 0.0000000000
100558  -25.347  38.160  -9.379 0.0000000000
100559  -25.944  37.951  -8.922 0.0000000000
100560  -25.332  37.620  -9.085 0.0000000000
100561  -25.349  37.038  -8.819 0.0000000000
100562  -25.384  36.409  -8.644 0.0000000000
100563  -25.469  35.785  -8.525 0.0000000000
103779  -43.877  36.574  -14.226 0.0000000000
103780  -43.308  36.241  -14.273 0.0000000000
103781  -43.210  36.946  -14.125 0.0000000000
103782  -42.575  37.331  -13.922 0.0000000000
103783  -41.959  37.748  -13.608 0.0000000000
103784  -40.352  40.561  -12.641 0.0000000000
103785  -40.405  39.875  -12.674 0.0000000000
103786  -39.689  40.208  -12.280 0.0000000000
103787  -39.081  39.833  -11.939 0.0000000000
103788  -38.514  39.420  -11.575 0.0000000000
103789  -37.969  38.965  -11.191 0.0000000000
103790  -37.812  39.677  -11.296 0.0000000000
103791  -37.136  39.904  -11.040 0.0000000000
103792  -36.487  40.071  -10.776 0.0000000000
103798  -34.619  44.604  -10.488 0.0000000000
103799  -35.378  44.335  -10.573 0.0000000000
103800  -34.757  43.867  -10.632 0.0000000000
103801  -34.842  43.171  -10.701 0.0000000000
103802  -34.903  42.529  -10.756 0.0000000000
103803  -34.931  41.870  -10.694 0.0000000000
103804  -34.304  42.047  -10.576 0.0000000000
103805  -33.767  41.620  -10.340 0.0000000000
103806  -33.259  41.178  -9.968 0.0000000000
103807  -32.794  40.708  -9.569 0.0000000000
103808  -32.618  41.369  -9.964 0.0000000000
103809  -31.982  41.496  -10.087 0.0000000000
103810  -31.318  41.543  -10.320 0.0000000000
103811  -29.971  44.017  -11.901 0.0000000000
103812  -29.911  43.039  -11.878 0.0000000000
103813  -29.325  43.540  -11.522 0.0000000000
103814  -28.688  43.195  -11.068 0.0000000000
103815  -28.083  42.948  -10.596 0.0000000000
103816  -27.509  42.619  -10.141 0.0000000000
103817  -27.470  43.430  -10.156 0.0000000000
104017  -45.469  36.925  -13.653 0.0000000000
104018  -45.603  36.195  -13.652 0.0000000000
104019  -44.937  36.834  -13.888 0.0000000000
104020  -44.453  36.717  -14.093 0.0000000000
110138  -41.418  35.384  -13.467 0.0000000000
110139  -41.641  34.626  -13.767 0.0000000000
110140  -41.067  34.931  -13.164 0.0000000000
110141  -40.701  34.405  -12.843 0.0000000000
110142  -40.339  33.905  -12.525 0.0000000000
110143  -37.437  33.537  -10.356 0.0000000000
110144  -38.167  33.262  -10.847 0.0000000000
110152  -31.196  35.901  -7.485 0.0000000000
110153  -32.028  35.579  -7.692 0.0000000000
110154  -31.368  35.233  -7.703 0.0000000000
110155  -31.549  34.597  -7.997 0.0000000000
110156  -31.752  33.983  -8.418 0.0000000000
110157  -30.342  32.336  -10.519 0.0000000000
110158  -30.926  32.482  -10.188 0.0000000000
110159  -31.176  32.044  -10.920 0.0000000000
117242  -44.620  30.975  -14.265 0.0000000000
117243  -44.306  30.566  -14.293 0.0000000000
117244  -43.897  30.088  -14.346 0.0000000000
117245  -43.370  30.313  -14.383 0.0000000000
117246  -42.792  30.495  -14.330 0.0000000000
117247  -42.192  30.672  -14.151 0.0000000000
117248  -27.720  39.903  -9.582 0.0000000000
117249  -27.822  39.310  -9.193 0.0000000000
117250  -27.147  39.574  -9.560 0.0000000000
117251  -26.544  39.317  -9.505 0.0000000000
117252  -25.944  39.027  -9.547 0.0000000000
117255  -25.340  38.705  -9.685 0.0000000000
119757  -43.704  39.509  -13.730 0.0000000000
119758  -43.098  39.194  -13.795 0.0000000000
119759  -43.070  39.898  -13.661 0.0000000000
119760  -42.462  40.270  -13.444 0.0000000000
119761  -41.789  40.616  -13.170 0.0000000000
119763  -41.721  41.316  -12.988 0.0000000000
119764  -41.061  40.934  -12.867 0.0000000000
119765  -40.289  41.228  -12.557 0.0000000000
119766  -39.590  41.573  -12.260 0.0000000000
119767  -38.837  41.860  -11.993 0.0000000000
119771  -35.840  46.157  -10.037 0.0000000000
119772  -35.192  45.756  -10.103 0.0000000000
119773  -34.260  46.692  -9.804 0.0000000000
119774  -34.412  45.996  -10.078 0.0000000000
119775  -34.525  45.313  -10.265 0.0000000000
119776  -33.887  44.826  -10.532 0.0000000000
119777  -33.319  44.307  -10.858 0.0000000000
119778  -32.817  43.843  -10.971 0.0000000000
119779  -32.318  43.327  -11.071 0.0000000000
119780  -32.244  43.990  -11.277 0.0000000000
119781  -31.714  44.171  -11.649 0.0000000000
119782  -31.169  44.401  -11.972 0.0000000000
119783  -31.615  45.945  -11.584 0.0000000000
119784  -31.135  45.335  -11.896 0.0000000000
119785  -30.601  44.663  -12.117 0.0000000000
119786  -30.048  45.085  -11.826 0.0000000000
119787  -29.505  45.541  -11.414 0.0000000000
124703  -38.917  36.254  -11.287 0.0000000000
124704  -39.260  35.544  -11.436 0.0000000000
124705  -38.591  35.741  -10.939 0.0000000000
124706  -38.160  35.217  -10.660 0.0000000000
124707  -37.702  34.706  -10.371 0.0000000000
124708  -36.818  35.673  -9.767 0.0000000000
124709  -37.012  34.962  -9.921 0.0000000000
124710  -37.210  34.224  -10.107 0.0000000000
124711  -36.671  33.851  -9.900 0.0000000000
124712  -36.147  33.434  -9.859 0.0000000000
124713  -35.585  33.057  -9.883 0.0000000000
124714  -28.559  34.551  -8.090 0.0000000000
124717  -29.090  33.467  -9.029 0.0000000000
124718  -29.335  32.968  -9.613 0.0000000000
124719  -27.895  32.900  -9.645 0.0000000000
124720  -28.743  32.737  -9.935 0.0000000000
124721  -29.558  32.559  -10.211 0.0000000000
124722  -29.839  32.172  -10.860 0.0000000000
124723  -29.997  31.771  -11.531 0.0000000000
134198  -33.543  38.092  -8.443 0.0000000000
134199  -33.712  37.416  -8.232 0.0000000000
134200  -32.954  37.678  -8.023 0.0000000000
134201  -32.314  37.251  -7.744 0.0000000000
134202  -31.667  36.896  -7.539 0.0000000000
134203  -30.775  37.855  -7.656 0.0000000000
134204  -30.917  37.196  -7.479 0.0000000000
134205  -31.025  36.560  -7.399 0.0000000000
134206  -30.359  36.197  -7.364 0.0000000000
134207  -29.676  35.796  -7.412 0.0000000000
134208  -29.046  35.442  -7.541 0.0000000000
134209  -27.865  38.801  -8.735 0.0000000000
134210  -27.903  38.270  -8.275 0.0000000000
134211  -27.919  37.711  -7.878 0.0000000000
134212  -26.627  37.630  -8.411 0.0000000000
134213  -27.293  37.383  -7.986 0.0000000000
134214  -27.989  37.109  -7.654 0.0000000000
134215  -28.060  36.475  -7.536 0.0000000000
134216  -28.224  35.783  -7.573 0.0000000000
134217  -28.420  35.140  -7.768 0.0000000000
134218  -27.784  34.911  -8.028 0.0000000000
134219  -27.164  34.576  -8.335 0.0000000000
134221  -25.584  35.138  -8.508 0.0000000000
140895  -44.412  33.923  -14.458 0.0000000000
140896  -43.987  33.695  -14.572 0.0000000000
140897  -43.769  34.267  -14.557 0.0000000000
140898  -43.040  34.747  -14.508 0.0000000000
140899  -42.398  35.304  -14.216 0.0000000000
140900  -42.784  35.998  -14.207 0.0000000000
140901  -42.258  35.900  -14.029 0.0000000000
140902  -41.784  35.765  -13.754 0.0000000000
140903  -41.118  36.046  -13.172 0.0000000000
140904  -40.582  36.256  -12.619 0.0000000000
140905  -39.934  36.476  -12.120 0.0000000000
140906  -42.460  38.833  -13.737 0.0000000000
140907  -41.899  38.491  -13.556 0.0000000000
140908  -41.317  38.225  -13.239 0.0000000000
140909  -40.469  39.217  -12.718 0.0000000000
140910  -40.598  38.580  -12.760 0.0000000000
140911  -40.732  37.919  -12.832 0.0000000000
140912  -40.159  37.551  -12.377 0.0000000000
140913  -39.652  37.157  -12.006 0.0000000000
140914  -39.255  36.716  -11.648 0.0000000000
140915  -38.641  36.930  -11.154 0.0000000000
140916  -38.025  37.123  -10.728 0.0000000000
140917  -37.396  37.324  -10.309 0.0000000000
140918  -37.552  38.496  -10.794 0.0000000000
140919  -37.169  38.018  -10.362 0.0000000000
140920  -36.747  37.539  -9.918 0.0000000000
140921  -36.092  37.809  -9.568 0.0000000000
140922  -35.456  38.056  -9.319 0.0000000000
140923  -34.784  38.291  -9.088 0.0000000000
140930  -39.565  42.886  -12.192 0.0000000000
140931  -38.786  42.486  -11.989 0.0000000000
140932  -38.093  42.088  -11.716 0.0000000000
140934  -37.467  45.097  -10.977 0.0000000000
140935  -37.447  44.418  -11.225 0.0000000000
140936  -36.083  44.106  -10.781 0.0000000000
140937  -36.736  43.880  -11.061 0.0000000000
140938  -37.410  43.652  -11.349 0.0000000000
140939  -37.390  42.947  -11.387 0.0000000000
140940  -37.370  42.277  -11.403 0.0000000000
140941  -37.446  41.661  -11.463 0.0000000000
140942  -36.842  41.200  -11.254 0.0000000000
140943  -36.309  40.733  -10.982 0.0000000000
140944  -35.862  40.258  -10.562 0.0000000000
140945  -35.006  41.175  -10.609 0.0000000000
140946  -35.215  40.447  -10.382 0.0000000000
140947  -35.438  39.789  -10.114 0.0000000000
140948  -35.015  39.359  -9.704 0.0000000000
140949  -34.585  38.936  -9.298 0.0000000000
140950  -34.078  38.519  -8.864 0.0000000000
140951  -33.379  38.692  -8.666 0.0000000000
140952  -32.638  38.940  -8.507 0.0000000000
140953  -31.888  39.169  -8.468 0.0000000000
140954  -32.280  40.225  -9.250 0.0000000000
140955  -31.719  39.775  -8.904 0.0000000000
140956  -31.131  39.369  -8.570 0.0000000000
140957  -30.395  39.586  -8.753 0.0000000000
140958  -29.699  39.761  -9.050 0.0000000000
140959  -29.010  39.933  -9.419 0.0000000000
140960  -31.753  42.789  -11.053 0.0000000000
140961  -31.206  42.131  -10.883 0.0000000000
140962  -30.670  41.531  -10.729 0.0000000000
140963  -29.924  42.257  -11.577 0.0000000000
140964  -30.002  41.608  -11.077 0.0000000000
140965  -30.101  41.016  -10.516 0.0000000000
140966  -29.544  40.700  -10.197 0.0000000000
140967  -28.943  40.406  -9.967 0.0000000000
140968  -28.323  40.140  -9.780 0.0000000000
140969  -27.647  40.505  -9.902 0.0000000000
140970  -27.027  40.883  -9.842 0.0000000000
140971  -26.363  41.269  -9.749 0.0000000000
140972  -26.911  42.285  -9.836 0.0000000000
140973  -26.254  41.996  -9.669 0.0000000000
141384  -45.679  35.490  -13.734 0.0000000000
141385  -45.694  34.854  -13.799 0.0000000000
141386  -45.701  34.251  -13.798 0.0000000000
141387  -45.252  34.138  -14.063 0.0000000000
141388  -44.841  34.024  -14.286 0.0000000000
153715  -43.603  33.448  -14.673 0.0000000000
153716  -43.234  33.208  -14.632 0.0000000000
153717  -42.852  32.853  -14.558 0.0000000000
153718  -41.866  33.868  -14.050 0.0000000000
153719  -42.184  33.146  -14.286 0.0000000000
153720  -42.516  32.404  -14.450 0.0000000000
153721  -42.205  31.911  -14.186 0.0000000000
153722  -41.904  31.382  -13.973 0.0000000000
153724  -39.505  34.826  -11.679 0.0000000000
153725  -39.744  34.109  -11.934 0.0000000000
153726  -40.027  33.358  -12.187 0.0000000000
153727  -38.888  32.990  -11.359 0.0000000000
153728  -39.631  32.816  -11.923 0.0000000000
153729  -40.296  32.608  -12.543 0.0000000000
153730  -40.574  31.846  -12.934 0.0000000000
153742  -33.899  36.738  -8.188 0.0000000000
153743  -34.075  36.064  -8.238 0.0000000000
153744  -34.252  35.393  -8.368 0.0000000000
153745  -32.839  35.278  -7.921 0.0000000000
153746  -33.637  34.986  -8.258 0.0000000000
153747  -34.421  34.702  -8.654 0.0000000000
153748  -34.594  34.008  -9.032 0.0000000000
153751  -30.267  33.975  -8.410 0.0000000000
153752  -31.110  33.685  -8.649 0.0000000000
153753  -31.942  33.390  -8.939 0.0000000000
153754  -31.535  32.627  -9.836 0.0000000000
