#!ascii label  , from subject fsaverage vox2ras=TkReg
857
70  -16.467  -86.621  36.051 0.0000000000
414  -18.136  -77.388  32.475 0.0000000000
415  -16.976  -76.388  40.772 0.0000000000
416  -21.387  -79.259  37.119 0.0000000000
1267  -16.188  -83.338  34.449 0.0000000000
1269  -9.988  -84.995  34.583 0.0000000000
1697  -12.015  -85.719  30.543 0.0000000000
1928  -17.146  -76.331  36.510 0.0000000000
1929  -18.059  -81.761  38.285 0.0000000000
1930  -16.009  -77.311  44.308 0.0000000000
1931  -19.318  -80.218  41.789 0.0000000000
1932  -20.484  -83.837  36.511 0.0000000000
2356  -16.860  -77.813  27.558 0.0000000000
3187  -15.701  -85.173  36.287 0.0000000000
3188  -13.030  -84.367  35.013 0.0000000000
3189  -13.145  -86.129  35.345 0.0000000000
4234  -17.170  -76.329  38.537 0.0000000000
4235  -17.635  -79.171  37.074 0.0000000000
4236  -17.712  -79.005  39.327 0.0000000000
4240  -20.664  -77.737  39.774 0.0000000000
4241  -19.646  -78.755  42.387 0.0000000000
4242  -20.584  -80.035  39.910 0.0000000000
4243  -20.142  -81.894  39.510 0.0000000000
4244  -21.253  -81.495  36.865 0.0000000000
5242  -17.636  -73.645  32.805 0.0000000000
5243  -18.472  -74.256  30.390 0.0000000000
5244  -17.764  -78.033  30.044 0.0000000000
6291  -21.768  -77.973  33.989 0.0000000000
6889  -17.770  -80.708  32.926 0.0000000000
6890  -15.935  -80.810  30.779 0.0000000000
6891  -14.156  -82.660  32.840 0.0000000000
6892  -10.286  -83.270  33.575 0.0000000000
7799  -14.470  -86.771  33.577 0.0000000000
7800  -16.006  -86.091  31.036 0.0000000000
8385  -16.877  -73.445  34.768 0.0000000000
8387  -16.494  -73.399  36.808 0.0000000000
8388  -17.594  -76.785  34.515 0.0000000000
8389  -18.145  -79.809  35.043 0.0000000000
8390  -17.677  -82.590  36.332 0.0000000000
8391  -17.651  -84.637  37.329 0.0000000000
8393  -14.119  -76.735  44.060 0.0000000000
8394  -16.317  -76.907  42.739 0.0000000000
8395  -17.654  -77.309  43.743 0.0000000000
8396  -18.008  -78.500  43.171 0.0000000000
8397  -17.880  -78.944  41.571 0.0000000000
8398  -18.506  -81.093  40.335 0.0000000000
8399  -19.166  -83.513  38.416 0.0000000000
8400  -18.720  -85.701  36.403 0.0000000000
9623  -18.669  -74.647  27.837 0.0000000000
9624  -15.956  -77.135  25.394 0.0000000000
9625  -14.196  -79.971  28.801 0.0000000000
9626  -12.929  -79.055  26.673 0.0000000000
9631  -10.732  -85.903  33.204 0.0000000000
10867  -15.961  -85.990  36.470 0.0000000000
10868  -14.482  -85.820  36.052 0.0000000000
10869  -14.787  -86.541  35.786 0.0000000000
11913  -16.612  -75.022  39.626 0.0000000000
11914  -17.120  -76.342  39.650 0.0000000000
11915  -17.497  -77.711  38.833 0.0000000000
11916  -17.488  -77.707  39.948 0.0000000000
11920  -21.007  -78.545  38.487 0.0000000000
11921  -20.670  -78.981  39.946 0.0000000000
11922  -21.064  -79.725  38.623 0.0000000000
11923  -21.016  -80.729  38.507 0.0000000000
11924  -21.317  -80.343  37.071 0.0000000000
11925  -21.379  -81.043  35.531 0.0000000000
11926  -21.439  -79.846  35.548 0.0000000000
12922  -18.046  -75.532  32.617 0.0000000000
12923  -18.175  -75.903  31.353 0.0000000000
12924  -17.970  -77.734  31.250 0.0000000000
15322  -16.915  -82.068  33.472 0.0000000000
15323  -16.008  -82.042  32.532 0.0000000000
15324  -15.196  -83.033  33.627 0.0000000000
15325  -11.414  -84.711  34.992 0.0000000000
15326  -11.645  -83.846  34.379 0.0000000000
15327  -9.970  -84.142  34.339 0.0000000000
15328  -8.710  -83.623  33.637 0.0000000000
15329  -8.502  -84.445  34.065 0.0000000000
17126  -15.481  -85.620  28.067 0.0000000000
18460  -16.963  -74.851  37.551 0.0000000000
18461  -16.376  -73.560  37.701 0.0000000000
18462  -16.991  -74.915  36.489 0.0000000000
18463  -17.009  -74.971  35.528 0.0000000000
18464  -17.274  -76.511  35.508 0.0000000000
18465  -17.875  -78.256  34.670 0.0000000000
18466  -17.576  -77.933  35.633 0.0000000000
18467  -17.923  -80.496  37.670 0.0000000000
18468  -18.019  -80.816  36.628 0.0000000000
18469  -17.998  -82.087  37.286 0.0000000000
18470  -17.517  -83.665  37.088 0.0000000000
18471  -18.125  -83.179  37.799 0.0000000000
18475  -15.084  -77.060  44.906 0.0000000000
18476  -13.976  -76.906  44.819 0.0000000000
18477  -15.136  -77.037  44.224 0.0000000000
18478  -15.264  -76.707  43.427 0.0000000000
18479  -16.048  -77.183  43.545 0.0000000000
18482  -18.588  -77.034  42.994 0.0000000000
18483  -19.585  -79.505  42.171 0.0000000000
18484  -18.922  -78.844  43.030 0.0000000000
18485  -18.789  -79.446  42.564 0.0000000000
18486  -17.938  -78.776  42.510 0.0000000000
18487  -18.527  -79.831  41.972 0.0000000000
18488  -18.207  -80.036  41.072 0.0000000000
18489  -18.960  -80.701  41.189 0.0000000000
18490  -20.566  -82.776  38.020 0.0000000000
18491  -19.632  -82.781  39.085 0.0000000000
18492  -19.932  -83.804  37.616 0.0000000000
18493  -19.083  -84.610  37.365 0.0000000000
18494  -19.625  -84.918  36.447 0.0000000000
18495  -19.309  -85.782  35.309 0.0000000000
18496  -20.250  -84.823  35.325 0.0000000000
21490  -18.152  -76.415  28.770 0.0000000000
21491  -18.638  -74.489  29.099 0.0000000000
21492  -17.961  -76.354  27.485 0.0000000000
21493  -17.624  -76.196  26.389 0.0000000000
21494  -16.442  -77.460  26.488 0.0000000000
21495  -14.017  -81.316  30.676 0.0000000000
21496  -15.072  -80.496  29.734 0.0000000000
21497  -13.042  -80.821  29.712 0.0000000000
21501  -12.518  -78.566  25.560 0.0000000000
21510  -13.257  -86.211  32.053 0.0000000000
21511  -12.518  -86.356  33.286 0.0000000000
21512  -11.374  -85.837  31.940 0.0000000000
24169  -15.794  -84.332  35.563 0.0000000000
24170  -14.616  -83.987  34.833 0.0000000000
24171  -14.383  -84.884  35.650 0.0000000000
24172  -12.997  -85.322  35.491 0.0000000000
24173  -11.506  -85.555  35.030 0.0000000000
26053  -16.849  -74.922  38.571 0.0000000000
26054  -17.149  -76.271  37.541 0.0000000000
26055  -17.378  -77.702  36.684 0.0000000000
26056  -17.288  -77.577  37.710 0.0000000000
26057  -17.628  -79.078  38.185 0.0000000000
26058  -17.835  -80.259  38.796 0.0000000000
26062  -15.065  -76.760  45.217 0.0000000000
26063  -15.925  -77.055  44.682 0.0000000000
26065  -19.579  -77.685  42.219 0.0000000000
26066  -20.257  -78.308  41.201 0.0000000000
26067  -20.214  -79.353  41.211 0.0000000000
26068  -19.976  -80.225  41.121 0.0000000000
26069  -19.691  -81.029  40.757 0.0000000000
26070  -20.370  -80.931  39.826 0.0000000000
26071  -20.855  -81.749  38.310 0.0000000000
27870  -18.125  -74.025  31.615 0.0000000000
27871  -18.288  -76.186  30.083 0.0000000000
27872  -17.259  -78.060  28.775 0.0000000000
30038  -21.328  -78.048  36.916 0.0000000000
30039  -21.572  -78.635  35.566 0.0000000000
31435  -18.083  -79.161  32.635 0.0000000000
31436  -17.568  -79.384  31.426 0.0000000000
31437  -16.873  -80.858  31.799 0.0000000000
31438  -15.022  -81.776  31.658 0.0000000000
31439  -12.984  -82.143  31.970 0.0000000000
31440  -13.513  -83.503  34.091 0.0000000000
31441  -12.149  -82.977  33.354 0.0000000000
31442  -10.943  -82.425  32.402 0.0000000000
33784  -17.066  -86.949  35.168 0.0000000000
33785  -15.487  -86.929  35.001 0.0000000000
33786  -16.257  -86.966  33.857 0.0000000000
33787  -15.232  -86.500  32.395 0.0000000000
33788  -14.062  -85.951  30.799 0.0000000000
33789  -16.610  -85.844  29.524 0.0000000000
33790  -14.766  -85.686  29.411 0.0000000000
35438  -17.261  -73.605  33.749 0.0000000000
35439  -17.618  -75.312  33.565 0.0000000000
35446  -16.592  -73.379  35.782 0.0000000000
35447  -17.289  -75.111  34.545 0.0000000000
35448  -17.916  -77.062  33.531 0.0000000000
35449  -18.108  -78.753  33.609 0.0000000000
35450  -18.096  -80.304  33.957 0.0000000000
35451  -17.659  -81.841  34.490 0.0000000000
35452  -17.878  -79.390  36.065 0.0000000000
35453  -18.016  -81.317  35.560 0.0000000000
35454  -17.114  -83.113  35.361 0.0000000000
35455  -16.654  -84.188  36.273 0.0000000000
35456  -16.724  -85.024  36.842 0.0000000000
35457  -17.078  -85.769  36.858 0.0000000000
35465  -15.588  -76.136  42.481 0.0000000000
35466  -16.650  -76.536  41.802 0.0000000000
35468  -16.718  -76.822  44.327 0.0000000000
35469  -16.793  -77.359  44.119 0.0000000000
35470  -18.810  -78.003  43.128 0.0000000000
35471  -17.831  -77.980  43.567 0.0000000000
35472  -16.934  -77.604  43.648 0.0000000000
35473  -17.110  -77.650  42.932 0.0000000000
35474  -17.300  -77.711  42.108 0.0000000000
35475  -17.381  -77.730  41.083 0.0000000000
35476  -17.805  -78.977  40.492 0.0000000000
35477  -17.989  -80.069  39.979 0.0000000000
35478  -18.254  -81.528  39.326 0.0000000000
35479  -19.269  -81.698  40.196 0.0000000000
35480  -18.835  -82.392  39.416 0.0000000000
35481  -18.505  -82.819  38.630 0.0000000000
35482  -18.494  -84.147  37.782 0.0000000000
35483  -18.102  -85.327  37.124 0.0000000000
35484  -17.633  -86.281  36.292 0.0000000000
35485  -18.415  -86.523  35.231 0.0000000000
35494  -21.552  -79.357  33.965 0.0000000000
39106  -18.585  -74.682  26.645 0.0000000000
39109  -16.875  -79.534  30.266 0.0000000000
39110  -16.138  -79.401  29.170 0.0000000000
39111  -15.420  -78.945  28.098 0.0000000000
39112  -12.111  -80.422  28.731 0.0000000000
39113  -13.424  -79.608  27.844 0.0000000000
39114  -14.924  -78.546  27.021 0.0000000000
39115  -14.469  -78.189  25.886 0.0000000000
39116  -14.128  -77.757  24.749 0.0000000000
39127  -13.726  -86.666  34.658 0.0000000000
39128  -11.893  -86.129  34.335 0.0000000000
39129  -10.235  -85.637  34.198 0.0000000000
39130  -9.711  -85.716  31.985 0.0000000000
39131  -9.148  -85.693  33.180 0.0000000000
39132  -8.616  -85.253  33.950 0.0000000000
41587  -16.173  -86.331  36.330 0.0000000000
41588  -15.339  -86.313  36.213 0.0000000000
41589  -15.610  -86.663  35.965 0.0000000000
42634  -17.049  -76.351  40.226 0.0000000000
42635  -17.317  -77.012  39.788 0.0000000000
42636  -17.281  -77.016  40.360 0.0000000000
42640  -21.223  -78.922  37.831 0.0000000000
42641  -21.011  -79.153  38.610 0.0000000000
42642  -21.200  -79.503  37.893 0.0000000000
42643  -21.232  -80.063  37.892 0.0000000000
42644  -21.353  -79.822  37.160 0.0000000000
42645  -21.410  -80.096  36.397 0.0000000000
42646  -21.444  -79.552  36.348 0.0000000000
43642  -18.045  -76.463  32.558 0.0000000000
43643  -18.094  -76.652  31.928 0.0000000000
43644  -18.065  -77.575  31.864 0.0000000000
46042  -16.474  -82.694  33.909 0.0000000000
46043  -16.051  -82.652  33.472 0.0000000000
46044  -15.688  -83.200  34.029 0.0000000000
46045  -10.701  -84.830  34.879 0.0000000000
46046  -10.718  -84.424  34.738 0.0000000000
46047  -9.906  -84.572  34.541 0.0000000000
46048  -9.194  -84.290  34.234 0.0000000000
46049  -9.217  -84.722  34.288 0.0000000000
49180  -17.073  -75.593  37.029 0.0000000000
49181  -16.949  -74.880  37.039 0.0000000000
49182  -17.080  -75.620  36.530 0.0000000000
49183  -17.066  -75.682  36.009 0.0000000000
49184  -17.194  -76.395  36.007 0.0000000000
49185  -17.413  -77.230  35.547 0.0000000000
49186  -17.298  -77.119  36.033 0.0000000000
49187  -18.017  -81.153  38.004 0.0000000000
49188  -18.051  -81.292  37.449 0.0000000000
49189  -18.044  -81.899  37.776 0.0000000000
49190  -17.994  -82.681  37.606 0.0000000000
49191  -18.159  -82.454  38.038 0.0000000000
49195  -15.609  -77.187  44.599 0.0000000000
49196  -15.143  -77.084  44.589 0.0000000000
49197  -15.596  -77.195  44.251 0.0000000000
49198  -15.594  -77.137  43.870 0.0000000000
49199  -16.000  -77.297  43.953 0.0000000000
49203  -19.483  -79.876  42.011 0.0000000000
49204  -19.193  -79.531  42.414 0.0000000000
49205  -19.074  -79.876  42.226 0.0000000000
49206  -18.669  -79.695  42.313 0.0000000000
49207  -18.926  -80.091  41.942 0.0000000000
49208  -18.763  -80.264  41.644 0.0000000000
49209  -19.165  -80.485  41.549 0.0000000000
49210  -20.555  -83.301  37.248 0.0000000000
49211  -20.239  -83.307  37.817 0.0000000000
49212  -20.231  -83.855  37.099 0.0000000000
49213  -19.796  -84.354  37.004 0.0000000000
49214  -20.071  -84.403  36.480 0.0000000000
49215  -19.931  -84.870  35.939 0.0000000000
49216  -20.358  -84.333  35.964 0.0000000000
52210  -17.621  -77.250  28.081 0.0000000000
52211  -18.098  -76.452  28.129 0.0000000000
52212  -17.451  -77.103  27.468 0.0000000000
52213  -17.280  -76.969  26.899 0.0000000000
52214  -16.657  -77.621  27.002 0.0000000000
52215  -12.914  -81.423  30.852 0.0000000000
52216  -13.518  -81.034  30.237 0.0000000000
52217  -12.450  -81.195  30.333 0.0000000000
52230  -12.650  -85.897  31.322 0.0000000000
52231  -12.280  -86.008  31.993 0.0000000000
52232  -11.674  -85.719  31.247 0.0000000000
55642  -15.736  -84.753  35.998 0.0000000000
55643  -15.104  -84.638  35.648 0.0000000000
55644  -15.011  -85.065  35.963 0.0000000000
55645  -13.813  -86.009  35.752 0.0000000000
55646  -13.712  -85.563  35.764 0.0000000000
55647  -12.980  -85.735  35.534 0.0000000000
55648  -12.232  -85.453  35.289 0.0000000000
55649  -12.316  -85.835  35.176 0.0000000000
58780  -16.995  -75.634  39.035 0.0000000000
58782  -17.032  -75.625  38.532 0.0000000000
58783  -17.067  -75.624  38.013 0.0000000000
58784  -17.159  -76.274  38.047 0.0000000000
58785  -17.223  -76.872  37.629 0.0000000000
58786  -17.249  -76.962  38.106 0.0000000000
58787  -17.629  -78.383  39.067 0.0000000000
58788  -17.583  -78.387  38.497 0.0000000000
58789  -17.693  -79.064  38.760 0.0000000000
58790  -17.729  -79.693  38.494 0.0000000000
58791  -17.751  -79.626  39.054 0.0000000000
58797  -15.463  -76.647  45.073 0.0000000000
58798  -15.507  -76.890  44.964 0.0000000000
58799  -15.892  -76.803  44.802 0.0000000000
58801  -20.176  -77.678  41.060 0.0000000000
58802  -20.463  -78.012  40.507 0.0000000000
58803  -20.647  -79.549  39.950 0.0000000000
58804  -20.466  -79.174  40.597 0.0000000000
58805  -20.407  -79.693  40.566 0.0000000000
58806  -20.118  -79.800  41.161 0.0000000000
58807  -20.307  -80.150  40.552 0.0000000000
58808  -20.157  -80.574  40.517 0.0000000000
58809  -20.481  -80.477  39.910 0.0000000000
58810  -21.214  -81.100  37.742 0.0000000000
58811  -20.928  -81.225  38.446 0.0000000000
58812  -21.094  -81.651  37.607 0.0000000000
58813  -20.975  -82.204  37.531 0.0000000000
58814  -21.151  -82.109  36.827 0.0000000000
61807  -17.339  -72.749  32.964 0.0000000000
61808  -17.681  -72.954  32.385 0.0000000000
61809  -17.883  -73.838  32.279 0.0000000000
61810  -18.071  -77.001  30.689 0.0000000000
61811  -18.239  -76.101  30.737 0.0000000000
61812  -18.025  -77.141  30.021 0.0000000000
61813  -17.881  -77.209  29.383 0.0000000000
61814  -17.473  -78.071  29.432 0.0000000000
66013  -21.179  -77.653  37.584 0.0000000000
66015  -21.573  -77.639  36.178 0.0000000000
66016  -21.614  -76.918  36.114 0.0000000000
69007  -17.908  -80.044  32.745 0.0000000000
69008  -17.590  -80.086  32.170 0.0000000000
69009  -17.294  -80.817  32.363 0.0000000000
69010  -15.084  -82.432  32.639 0.0000000000
69011  -15.526  -81.931  32.045 0.0000000000
69012  -14.580  -82.225  32.225 0.0000000000
69013  -14.033  -81.995  31.758 0.0000000000
69014  -13.566  -82.414  32.445 0.0000000000
69015  -13.812  -84.178  34.989 0.0000000000
69016  -14.057  -83.747  34.493 0.0000000000
69017  -13.208  -83.887  34.613 0.0000000000
69018  -10.981  -83.584  34.057 0.0000000000
69019  -11.874  -83.441  33.928 0.0000000000
69020  -11.215  -83.145  33.493 0.0000000000
69021  -11.530  -82.700  32.856 0.0000000000
69022  -10.507  -82.874  33.009 0.0000000000
69023  -10.017  -82.559  32.506 0.0000000000
69024  -9.670  -82.997  33.094 0.0000000000
69025  -7.961  -83.809  33.582 0.0000000000
74407  -17.531  -86.981  34.612 0.0000000000
74408  -16.705  -87.027  34.538 0.0000000000
74410  -16.606  -86.364  31.782 0.0000000000
74411  -16.181  -86.612  32.523 0.0000000000
74412  -15.605  -86.302  31.756 0.0000000000
74413  -14.677  -86.252  31.631 0.0000000000
74414  -15.058  -86.030  30.951 0.0000000000
74418  -14.475  -85.608  27.960 0.0000000000
74419  -15.123  -85.625  28.722 0.0000000000
74420  -14.066  -85.600  28.585 0.0000000000
74421  -13.651  -85.633  29.250 0.0000000000
78407  -16.578  -72.619  34.976 0.0000000000
78409  -17.064  -73.496  34.276 0.0000000000
78410  -17.549  -74.486  33.604 0.0000000000
78411  -17.292  -74.321  34.114 0.0000000000
78423  -16.444  -73.475  37.281 0.0000000000
78424  -15.941  -72.927  37.802 0.0000000000
78429  -16.521  -73.325  36.270 0.0000000000
78430  -17.259  -75.839  34.973 0.0000000000
78431  -17.118  -75.033  34.999 0.0000000000
78432  -17.448  -75.966  34.533 0.0000000000
78433  -17.615  -76.070  34.082 0.0000000000
78434  -17.769  -76.930  34.037 0.0000000000
78435  -18.034  -77.926  33.505 0.0000000000
78436  -17.891  -77.704  34.084 0.0000000000
78437  -18.031  -79.017  34.838 0.0000000000
78438  -18.119  -79.230  34.319 0.0000000000
78439  -18.187  -80.027  34.532 0.0000000000
78440  -17.943  -81.100  34.180 0.0000000000
78441  -18.132  -80.862  34.748 0.0000000000
78442  -17.471  -78.384  36.879 0.0000000000
78443  -17.583  -78.486  36.332 0.0000000000
78444  -17.742  -79.234  36.569 0.0000000000
78445  -18.005  -81.644  36.483 0.0000000000
78446  -18.094  -81.047  36.104 0.0000000000
78447  -17.864  -81.959  35.943 0.0000000000
78448  -17.682  -82.237  35.415 0.0000000000
78449  -17.466  -82.881  35.829 0.0000000000
78450  -16.846  -83.687  35.833 0.0000000000
78451  -17.183  -83.480  36.266 0.0000000000
78452  -17.523  -84.176  37.265 0.0000000000
78453  -17.113  -84.393  36.972 0.0000000000
78454  -17.183  -84.857  37.105 0.0000000000
78455  -16.854  -85.440  36.922 0.0000000000
78456  -17.343  -85.259  37.127 0.0000000000
78468  -14.071  -76.848  44.455 0.0000000000
78474  -14.181  -76.537  43.668 0.0000000000
78475  -15.801  -76.787  43.067 0.0000000000
78476  -15.415  -76.422  42.979 0.0000000000
78477  -15.970  -76.511  42.601 0.0000000000
78478  -16.160  -76.264  42.128 0.0000000000
78479  -16.472  -76.710  42.284 0.0000000000
78483  -17.588  -76.944  43.705 0.0000000000
78484  -17.070  -76.702  43.974 0.0000000000
78485  -17.098  -77.061  44.079 0.0000000000
78486  -16.748  -77.129  44.291 0.0000000000
78487  -17.183  -77.360  43.987 0.0000000000
78488  -19.623  -78.220  42.320 0.0000000000
78489  -19.171  -77.894  42.753 0.0000000000
78490  -19.251  -78.386  42.778 0.0000000000
78491  -18.476  -78.716  43.143 0.0000000000
78492  -18.416  -78.427  43.311 0.0000000000
78493  -17.911  -78.251  43.402 0.0000000000
78494  -17.361  -77.818  43.654 0.0000000000
78495  -17.465  -77.997  43.411 0.0000000000
78496  -17.013  -77.663  43.332 0.0000000000
78497  -17.587  -78.185  43.090 0.0000000000
78498  -17.908  -78.850  42.066 0.0000000000
78499  -17.583  -78.244  42.277 0.0000000000
78500  -17.604  -78.338  41.826 0.0000000000
78501  -17.317  -77.739  41.646 0.0000000000
78502  -17.604  -78.378  41.315 0.0000000000
78503  -17.636  -78.392  40.707 0.0000000000
78504  -17.863  -78.968  41.048 0.0000000000
78505  -18.363  -80.539  40.714 0.0000000000
78506  -18.140  -80.065  40.519 0.0000000000
78507  -18.195  -80.655  40.220 0.0000000000
78508  -18.097  -80.758  39.656 0.0000000000
78509  -18.353  -81.310  39.842 0.0000000000
78510  -19.893  -81.444  40.145 0.0000000000
78511  -19.510  -81.380  40.518 0.0000000000
78512  -19.687  -81.888  39.931 0.0000000000
78513  -19.394  -83.157  38.793 0.0000000000
78514  -19.215  -82.659  39.305 0.0000000000
78515  -19.033  -82.998  38.927 0.0000000000
78516  -18.662  -82.621  39.066 0.0000000000
78517  -18.822  -83.238  38.566 0.0000000000
78518  -18.565  -83.478  38.154 0.0000000000
78519  -18.854  -83.888  38.084 0.0000000000
78520  -18.888  -85.200  36.902 0.0000000000
78521  -18.590  -85.015  37.233 0.0000000000
78522  -18.385  -85.537  36.823 0.0000000000
78523  -17.860  -85.841  36.748 0.0000000000
78524  -18.208  -86.019  36.332 0.0000000000
78525  -18.049  -86.429  35.819 0.0000000000
78526  -18.559  -86.140  35.820 0.0000000000
78527  -19.650  -85.754  34.673 0.0000000000
78528  -19.139  -86.161  34.681 0.0000000000
78547  -21.671  -78.309  34.778 0.0000000000
78548  -21.567  -79.008  34.861 0.0000000000
78549  -21.647  -78.677  34.010 0.0000000000
87510  -18.194  -73.128  31.201 0.0000000000
87512  -18.381  -73.310  30.566 0.0000000000
87513  -18.703  -74.571  28.482 0.0000000000
87514  -18.674  -73.444  29.362 0.0000000000
87515  -18.790  -73.574  28.762 0.0000000000
87517  -18.864  -73.656  28.113 0.0000000000
87518  -18.834  -73.738  27.493 0.0000000000
87519  -18.616  -74.668  27.235 0.0000000000
87520  -16.837  -76.728  25.824 0.0000000000
87521  -17.492  -76.101  25.823 0.0000000000
87525  -16.828  -80.196  30.999 0.0000000000
87526  -17.247  -79.481  30.782 0.0000000000
87527  -16.385  -80.208  30.483 0.0000000000
87528  -14.607  -80.266  29.241 0.0000000000
87529  -15.591  -79.983  29.418 0.0000000000
87530  -15.126  -79.790  28.902 0.0000000000
87531  -15.807  -79.208  28.626 0.0000000000
87532  -14.780  -79.467  28.435 0.0000000000
87536  -12.218  -79.441  27.157 0.0000000000
87537  -12.449  -79.795  27.724 0.0000000000
87538  -13.185  -79.376  27.237 0.0000000000
87539  -14.155  -79.100  27.450 0.0000000000
87540  -13.920  -78.918  26.815 0.0000000000
87541  -14.676  -78.431  26.466 0.0000000000
87542  -13.646  -78.653  26.264 0.0000000000
87570  -15.017  -86.948  34.344 0.0000000000
87571  -14.633  -86.833  34.855 0.0000000000
87572  -14.044  -86.782  34.142 0.0000000000
87573  -11.552  -86.093  33.248 0.0000000000
87574  -12.184  -86.293  33.845 0.0000000000
87575  -11.268  -86.046  33.821 0.0000000000
87576  -10.984  -85.842  34.306 0.0000000000
87577  -10.461  -85.817  33.755 0.0000000000
87584  -8.857  -85.497  33.649 0.0000000000
87585  -8.176  -85.429  33.612 0.0000000000
87586  -8.000  -85.103  33.826 0.0000000000
93289  -15.720  -85.607  36.487 0.0000000000
93290  -15.083  -85.526  36.188 0.0000000000
93291  -15.201  -85.945  36.279 0.0000000000
93292  -14.569  -86.199  36.002 0.0000000000
93293  -13.979  -86.375  35.583 0.0000000000
95173  -16.928  -75.662  39.588 0.0000000000
95174  -17.181  -76.331  39.086 0.0000000000
95175  -17.290  -77.025  38.605 0.0000000000
95176  -17.344  -77.011  39.213 0.0000000000
95177  -17.514  -77.703  39.390 0.0000000000
95178  -17.643  -78.401  39.601 0.0000000000
95184  -20.850  -78.150  39.128 0.0000000000
95185  -20.652  -78.371  39.893 0.0000000000
95186  -20.840  -78.768  39.248 0.0000000000
95187  -20.901  -79.357  39.347 0.0000000000
95188  -20.863  -79.898  39.285 0.0000000000
95189  -20.801  -80.358  39.217 0.0000000000
95190  -21.093  -80.288  38.547 0.0000000000
95191  -21.222  -80.570  37.800 0.0000000000
95192  -21.298  -80.892  36.967 0.0000000000
95193  -21.348  -81.268  36.156 0.0000000000
95194  -21.370  -80.654  36.302 0.0000000000
95195  -21.414  -80.425  35.561 0.0000000000
95196  -21.433  -80.217  34.739 0.0000000000
96988  -17.850  -74.609  32.671 0.0000000000
96989  -18.022  -74.766  32.068 0.0000000000
96990  -18.089  -75.702  31.986 0.0000000000
96991  -18.080  -76.817  31.309 0.0000000000
96992  -17.858  -77.868  30.654 0.0000000000
101308  -17.391  -81.406  33.150 0.0000000000
101309  -16.940  -81.481  32.632 0.0000000000
101310  -16.469  -82.090  32.954 0.0000000000
101311  -15.580  -82.553  33.039 0.0000000000
101312  -14.681  -82.838  33.230 0.0000000000
101313  -12.190  -84.565  35.039 0.0000000000
101314  -12.306  -84.074  34.709 0.0000000000
101315  -11.485  -84.267  34.738 0.0000000000
101316  -10.787  -83.988  34.460 0.0000000000
101317  -10.111  -83.700  34.010 0.0000000000
101318  -9.448  -83.424  33.616 0.0000000000
101319  -9.326  -83.880  34.013 0.0000000000
101320  -8.591  -84.040  33.928 0.0000000000
101321  -7.912  -84.241  33.815 0.0000000000
104555  -15.734  -85.650  27.394 0.0000000000
104556  -14.797  -85.660  27.335 0.0000000000
106950  -16.383  -72.597  35.480 0.0000000000
106956  -16.631  -74.211  38.154 0.0000000000
106958  -16.693  -74.166  37.608 0.0000000000
106959  -16.742  -74.173  37.120 0.0000000000
106960  -16.790  -74.125  36.679 0.0000000000
106961  -16.778  -74.133  36.132 0.0000000000
106962  -16.929  -74.933  36.048 0.0000000000
106963  -17.125  -75.765  35.508 0.0000000000
106964  -17.387  -76.630  34.999 0.0000000000
106965  -17.713  -77.514  34.594 0.0000000000
106966  -17.533  -77.376  35.049 0.0000000000
106967  -17.716  -78.073  35.121 0.0000000000
106968  -17.926  -78.800  35.312 0.0000000000
106969  -17.786  -79.838  37.345 0.0000000000
106970  -17.893  -79.976  36.818 0.0000000000
106971  -17.991  -80.648  37.124 0.0000000000
106972  -18.016  -81.458  36.957 0.0000000000
106973  -17.911  -82.289  36.813 0.0000000000
106974  -17.544  -83.160  36.723 0.0000000000
106975  -17.887  -82.914  37.153 0.0000000000
106976  -17.902  -83.441  37.367 0.0000000000
106977  -17.978  -83.925  37.482 0.0000000000
106985  -14.555  -76.972  44.914 0.0000000000
106986  -14.606  -76.978  44.543 0.0000000000
106987  -14.641  -76.883  44.163 0.0000000000
106988  -14.698  -76.739  43.769 0.0000000000
106989  -15.186  -76.911  43.856 0.0000000000
106990  -15.672  -76.971  43.484 0.0000000000
106991  -16.160  -77.070  43.149 0.0000000000
106995  -18.062  -76.728  43.303 0.0000000000
106996  -18.160  -77.191  43.420 0.0000000000
106997  -19.634  -79.155  42.309 0.0000000000
106998  -19.299  -78.865  42.802 0.0000000000
106999  -19.270  -79.198  42.636 0.0000000000
107000  -18.872  -79.179  42.812 0.0000000000
107001  -18.425  -78.990  42.904 0.0000000000
107002  -17.989  -78.674  42.858 0.0000000000
107003  -18.369  -79.190  42.605 0.0000000000
107004  -18.262  -79.311  42.269 0.0000000000
107005  -18.148  -79.418  41.859 0.0000000000
107006  -18.092  -79.502  41.355 0.0000000000
107007  -18.370  -79.946  41.558 0.0000000000
107008  -18.562  -80.411  41.192 0.0000000000
107009  -18.733  -80.896  40.788 0.0000000000
107010  -20.352  -82.327  38.782 0.0000000000
107011  -19.908  -82.347  39.289 0.0000000000
107012  -20.111  -82.803  38.618 0.0000000000
107013  -19.833  -83.266  38.351 0.0000000000
107014  -19.528  -83.664  38.153 0.0000000000
107015  -19.203  -84.042  37.872 0.0000000000
107016  -19.514  -84.212  37.493 0.0000000000
107017  -19.363  -84.784  36.982 0.0000000000
107018  -19.177  -85.344  36.451 0.0000000000
107019  -19.027  -85.804  35.863 0.0000000000
107020  -19.464  -85.399  35.928 0.0000000000
107021  -19.804  -85.351  35.343 0.0000000000
107022  -20.143  -85.266  34.724 0.0000000000
107032  -21.901  -77.632  33.220 0.0000000000
107033  -21.764  -78.371  33.224 0.0000000000
107034  -21.914  -77.997  32.447 0.0000000000
112410  -18.469  -75.400  29.556 0.0000000000
112411  -18.552  -74.408  29.736 0.0000000000
112412  -18.452  -75.488  28.905 0.0000000000
112413  -18.483  -75.551  28.231 0.0000000000
112414  -18.370  -75.545  27.611 0.0000000000
112415  -18.251  -75.545  27.027 0.0000000000
112416  -17.809  -76.277  26.915 0.0000000000
112417  -17.062  -76.823  26.408 0.0000000000
112418  -16.145  -77.314  25.967 0.0000000000
112419  -15.013  -81.113  30.667 0.0000000000
112420  -15.504  -80.644  30.264 0.0000000000
112421  -14.553  -80.885  30.163 0.0000000000
112422  -14.083  -80.665  29.697 0.0000000000
112423  -13.622  -80.408  29.209 0.0000000000
112428  -12.014  -79.095  26.583 0.0000000000
112429  -12.672  -78.788  26.134 0.0000000000
112446  -13.889  -86.500  32.821 0.0000000000
112447  -13.487  -86.580  33.421 0.0000000000
112448  -12.886  -86.324  32.734 0.0000000000
112449  -11.895  -86.078  32.644 0.0000000000
112450  -11.036  -85.892  32.588 0.0000000000
117835  -15.911  -83.879  35.012 0.0000000000
117836  -15.399  -83.720  34.614 0.0000000000
117837  -15.202  -84.194  35.178 0.0000000000
117838  -14.476  -84.442  35.295 0.0000000000
117839  -13.723  -84.666  35.373 0.0000000000
117840  -14.341  -85.325  35.909 0.0000000000
117841  -13.679  -85.089  35.626 0.0000000000
117842  -12.977  -84.876  35.304 0.0000000000
117843  -12.205  -85.029  35.232 0.0000000000
117844  -11.440  -85.147  35.107 0.0000000000
117845  -10.741  -85.232  34.847 0.0000000000
122228  -15.988  -73.751  39.215 0.0000000000
122231  -16.574  -74.249  38.650 0.0000000000
122232  -16.928  -74.882  38.072 0.0000000000
122233  -17.076  -75.598  37.517 0.0000000000
122234  -17.130  -76.316  36.993 0.0000000000
122235  -17.253  -77.021  36.552 0.0000000000
122236  -17.245  -76.953  37.093 0.0000000000
122237  -17.323  -77.628  37.222 0.0000000000
122238  -17.449  -78.360  37.387 0.0000000000
122239  -17.401  -77.678  38.258 0.0000000000
122240  -17.485  -78.349  37.912 0.0000000000
122241  -17.616  -79.106  37.609 0.0000000000
122242  -17.764  -79.771  37.898 0.0000000000
122243  -17.887  -80.395  38.248 0.0000000000
122244  -17.983  -81.020  38.534 0.0000000000
122253  -15.056  -76.928  45.103 0.0000000000
122254  -15.580  -77.069  44.832 0.0000000000
122255  -16.009  -77.222  44.514 0.0000000000
122259  -19.954  -77.979  41.730 0.0000000000
122260  -19.975  -78.562  41.878 0.0000000000
122261  -20.484  -78.623  40.579 0.0000000000
122262  -20.242  -78.851  41.231 0.0000000000
122263  -19.954  -79.035  41.832 0.0000000000
122264  -19.927  -79.478  41.804 0.0000000000
122265  -19.802  -79.860  41.666 0.0000000000
122266  -19.676  -80.252  41.518 0.0000000000
122267  -19.507  -80.622  41.317 0.0000000000
122268  -19.833  -80.628  40.989 0.0000000000
122269  -20.033  -81.026  40.364 0.0000000000
122270  -20.257  -81.405  39.665 0.0000000000
122271  -20.702  -80.839  39.181 0.0000000000
122272  -20.601  -81.315  39.096 0.0000000000
122273  -20.521  -81.831  38.971 0.0000000000
122274  -20.714  -82.273  38.193 0.0000000000
122275  -20.808  -82.741  37.428 0.0000000000
122276  -20.772  -83.279  36.637 0.0000000000
122277  -20.712  -83.800  35.972 0.0000000000
126469  -17.975  -73.047  31.782 0.0000000000
126470  -18.368  -74.127  30.957 0.0000000000
126471  -18.176  -74.963  31.487 0.0000000000
126472  -18.349  -75.125  30.794 0.0000000000
126473  -18.448  -75.213  30.220 0.0000000000
126474  -18.236  -76.306  29.419 0.0000000000
126475  -17.762  -77.247  28.710 0.0000000000
126476  -17.069  -77.960  28.142 0.0000000000
126499  -11.091  -85.670  30.543 0.0000000000
131973  -16.551  -75.884  41.220 0.0000000000
132000  -21.012  -77.914  38.364 0.0000000000
132001  -21.193  -78.314  37.697 0.0000000000
132002  -21.364  -78.659  37.051 0.0000000000
132003  -21.445  -78.954  36.316 0.0000000000
132004  -21.485  -78.325  36.283 0.0000000000
132005  -21.679  -77.949  35.507 0.0000000000
132006  -21.757  -77.613  34.736 0.0000000000
135793  -18.169  -78.288  32.501 0.0000000000
135794  -18.054  -78.430  31.923 0.0000000000
135795  -17.845  -79.292  32.038 0.0000000000
135796  -17.228  -80.160  31.590 0.0000000000
135797  -16.409  -80.848  31.273 0.0000000000
135798  -16.460  -81.471  32.112 0.0000000000
135799  -15.973  -81.431  31.615 0.0000000000
135800  -15.475  -81.295  31.143 0.0000000000
135801  -14.525  -81.561  31.156 0.0000000000
135802  -13.482  -81.730  31.283 0.0000000000
135803  -12.351  -81.845  31.519 0.0000000000
135804  -14.857  -83.533  34.257 0.0000000000
135805  -14.347  -83.290  33.879 0.0000000000
135806  -13.783  -83.086  33.485 0.0000000000
135807  -12.554  -83.683  34.262 0.0000000000
135808  -12.828  -83.261  33.728 0.0000000000
135809  -13.152  -82.829  33.117 0.0000000000
135810  -12.537  -82.560  32.687 0.0000000000
135811  -11.934  -82.261  32.190 0.0000000000
135812  -11.390  -81.978  31.712 0.0000000000
135813  -10.438  -82.117  31.869 0.0000000000
135816  -8.880  -83.168  33.192 0.0000000000
142462  -16.816  -86.837  35.650 0.0000000000
142463  -15.952  -86.834  35.578 0.0000000000
142464  -16.316  -86.971  35.095 0.0000000000
142465  -15.878  -87.046  34.480 0.0000000000
142466  -15.395  -86.903  33.763 0.0000000000
142469  -14.901  -86.644  32.979 0.0000000000
142470  -14.281  -86.381  32.213 0.0000000000
142471  -13.680  -86.107  31.457 0.0000000000
142472  -12.973  -85.778  30.671 0.0000000000
142475  -16.371  -85.929  30.250 0.0000000000
142476  -16.058  -85.709  28.792 0.0000000000
142477  -15.742  -85.755  29.493 0.0000000000
142478  -15.428  -85.861  30.212 0.0000000000
142479  -14.417  -85.795  30.105 0.0000000000
142480  -13.334  -85.674  29.967 0.0000000000
142481  -12.325  -85.705  29.859 0.0000000000
147315  -17.152  -72.718  33.479 0.0000000000
147318  -17.430  -73.646  33.277 0.0000000000
147319  -17.689  -74.559  33.148 0.0000000000
147320  -17.830  -75.454  33.082 0.0000000000
147321  -17.874  -76.325  33.052 0.0000000000
147342  -16.697  -73.440  35.278 0.0000000000
147343  -16.833  -74.166  35.623 0.0000000000
147344  -16.945  -74.277  35.102 0.0000000000
147345  -17.106  -74.266  34.601 0.0000000000
147346  -17.452  -75.151  34.024 0.0000000000
147347  -17.760  -76.184  33.557 0.0000000000
147348  -18.035  -77.223  33.007 0.0000000000
147349  -18.088  -78.102  33.025 0.0000000000
147350  -18.078  -78.968  33.109 0.0000000000
147351  -18.029  -79.762  33.257 0.0000000000
147352  -18.007  -78.460  34.187 0.0000000000
147353  -18.126  -79.510  33.783 0.0000000000
147354  -17.925  -80.489  33.448 0.0000000000
147355  -17.689  -81.269  33.640 0.0000000000
147356  -17.289  -81.962  33.979 0.0000000000
147357  -16.949  -82.624  34.426 0.0000000000
147358  -17.452  -77.796  36.102 0.0000000000
147359  -17.741  -78.649  35.802 0.0000000000
147360  -18.076  -79.599  35.553 0.0000000000
147361  -17.990  -80.156  36.301 0.0000000000
147362  -18.127  -80.363  35.800 0.0000000000
147363  -18.169  -80.623  35.277 0.0000000000
147364  -17.925  -81.575  35.045 0.0000000000
147365  -17.337  -82.501  34.915 0.0000000000
147366  -16.667  -83.239  34.920 0.0000000000
147367  -16.432  -83.796  35.425 0.0000000000
147368  -16.232  -84.293  35.941 0.0000000000
147369  -16.156  -84.720  36.299 0.0000000000
147370  -17.117  -83.910  36.696 0.0000000000
147371  -16.615  -84.615  36.627 0.0000000000
147372  -16.202  -85.129  36.549 0.0000000000
147373  -16.333  -85.532  36.681 0.0000000000
147374  -16.519  -85.907  36.680 0.0000000000
147375  -16.760  -86.212  36.532 0.0000000000
147400  -15.756  -75.847  42.083 0.0000000000
147401  -16.347  -76.037  41.688 0.0000000000
147402  -16.865  -76.439  41.287 0.0000000000
147408  -16.316  -76.635  44.589 0.0000000000
147409  -16.342  -76.943  44.560 0.0000000000
147410  -16.384  -77.188  44.385 0.0000000000
147411  -16.424  -77.335  44.144 0.0000000000
147413  -18.684  -77.519  43.109 0.0000000000
147414  -18.255  -77.599  43.472 0.0000000000
147415  -18.882  -78.461  43.107 0.0000000000
147416  -18.338  -78.043  43.392 0.0000000000
147417  -17.709  -77.672  43.677 0.0000000000
147418  -17.238  -77.608  43.875 0.0000000000
147419  -16.849  -77.511  43.859 0.0000000000
147420  -16.426  -77.411  43.931 0.0000000000
147421  -16.471  -77.370  43.630 0.0000000000
147422  -16.562  -77.335  43.233 0.0000000000
147423  -16.703  -77.279  42.830 0.0000000000
147424  -17.569  -78.207  42.705 0.0000000000
147425  -17.192  -77.702  42.540 0.0000000000
147426  -16.849  -77.229  42.409 0.0000000000
147427  -16.964  -77.102  41.955 0.0000000000
147428  -17.056  -77.066  41.447 0.0000000000
147429  -17.193  -77.050  40.900 0.0000000000
147430  -17.480  -77.726  40.483 0.0000000000
147431  -17.638  -78.383  40.189 0.0000000000
147432  -17.747  -78.988  39.938 0.0000000000
147433  -18.052  -79.519  40.799 0.0000000000
147434  -17.959  -79.528  40.244 0.0000000000
147435  -17.808  -79.573  39.645 0.0000000000
147436  -17.893  -80.179  39.376 0.0000000000
147437  -18.013  -80.904  39.075 0.0000000000
147438  -18.153  -81.635  38.791 0.0000000000
147439  -19.340  -80.912  41.044 0.0000000000
147440  -19.139  -81.185  40.760 0.0000000000
147441  -18.873  -81.422  40.327 0.0000000000
147442  -19.436  -82.283  39.665 0.0000000000
147443  -19.035  -82.050  39.831 0.0000000000
147444  -18.655  -81.728  39.911 0.0000000000
147445  -18.499  -81.995  39.450 0.0000000000
147446  -18.388  -82.181  38.984 0.0000000000
147447  -18.268  -82.336  38.504 0.0000000000
147448  -18.358  -82.988  38.175 0.0000000000
147449  -18.282  -83.702  37.822 0.0000000000
147450  -18.131  -84.432  37.532 0.0000000000
147451  -18.772  -84.441  37.638 0.0000000000
147452  -18.324  -84.827  37.464 0.0000000000
147453  -17.858  -85.036  37.290 0.0000000000
147454  -17.604  -85.585  37.028 0.0000000000
147455  -17.335  -86.051  36.647 0.0000000000
147456  -17.064  -86.474  36.191 0.0000000000
147457  -17.411  -86.636  35.746 0.0000000000
147458  -17.799  -86.736  35.214 0.0000000000
147460  -18.874  -86.196  35.256 0.0000000000
147461  -18.737  -86.541  34.633 0.0000000000
147466  -20.643  -84.327  35.297 0.0000000000
147467  -20.550  -84.798  34.645 0.0000000000
147484  -21.511  -79.268  35.537 0.0000000000
147485  -21.475  -79.610  34.772 0.0000000000
147486  -21.454  -80.015  33.949 0.0000000000
147487  -21.663  -79.094  33.146 0.0000000000
147488  -21.579  -79.814  33.097 0.0000000000
147489  -21.530  -80.534  33.130 0.0000000000
158266  -18.537  -73.392  29.951 0.0000000000
158273  -18.821  -73.785  26.894 0.0000000000
158275  -18.147  -75.529  26.449 0.0000000000
158276  -18.036  -75.398  25.906 0.0000000000
158281  -17.816  -78.578  31.299 0.0000000000
158282  -17.599  -78.728  30.678 0.0000000000
158283  -17.349  -78.818  30.122 0.0000000000
158284  -16.000  -80.133  29.935 0.0000000000
158285  -16.526  -79.499  29.705 0.0000000000
158286  -17.027  -78.849  29.549 0.0000000000
158287  -16.694  -78.786  28.964 0.0000000000
158288  -16.453  -78.605  28.333 0.0000000000
158289  -16.184  -78.429  27.784 0.0000000000
158290  -11.972  -81.014  29.814 0.0000000000
158291  -12.569  -80.617  29.235 0.0000000000
158292  -13.175  -80.196  28.739 0.0000000000
158294  -12.753  -80.037  28.244 0.0000000000
158295  -13.789  -79.775  28.314 0.0000000000
158296  -14.392  -79.279  27.963 0.0000000000
158297  -15.167  -78.764  27.582 0.0000000000
158298  -15.933  -78.222  27.237 0.0000000000
158299  -15.717  -78.047  26.644 0.0000000000
158300  -15.420  -77.897  26.186 0.0000000000
158301  -15.240  -77.663  25.585 0.0000000000
158302  -13.470  -78.402  25.686 0.0000000000
158303  -14.287  -77.953  25.309 0.0000000000
158335  -15.109  -86.789  35.442 0.0000000000
158336  -14.247  -86.670  35.273 0.0000000000
158337  -13.424  -86.447  35.062 0.0000000000
158338  -13.114  -86.566  33.959 0.0000000000
158339  -12.812  -86.424  34.492 0.0000000000
158340  -12.524  -86.180  34.859 0.0000000000
158341  -11.666  -85.880  34.736 0.0000000000
158342  -10.834  -85.596  34.643 0.0000000000
158343  -10.076  -85.386  34.489 0.0000000000
158344  -10.779  -85.668  31.239 0.0000000000
158345  -10.501  -85.723  31.924 0.0000000000
158346  -10.222  -85.777  32.594 0.0000000000
158349  -9.929  -85.806  33.193 0.0000000000
158350  -9.659  -85.645  33.710 0.0000000000
158351  -9.424  -85.442  34.082 0.0000000000
158352  -9.291  -85.132  34.246 0.0000000000
158353  -8.537  -84.908  34.041 0.0000000000
158354  -7.913  -84.703  33.900 0.0000000000
