#!ascii label  , from subject fsaverage vox2ras=TkReg
430
302  -21.409  -85.766  25.325 0.0000000000
416  -21.387  -79.259  37.119 0.0000000000
782  -22.937  -82.263  20.888 0.0000000000
935  -22.418  -76.280  31.054 0.0000000000
1251  -32.608  -76.007  23.964 0.0000000000
1933  -22.056  -82.905  30.917 0.0000000000
1934  -23.691  -79.224  25.560 0.0000000000
1935  -25.384  -74.909  21.720 0.0000000000
4244  -21.253  -81.495  36.865 0.0000000000
4245  -21.328  -83.680  33.943 0.0000000000
4246  -21.467  -80.701  33.922 0.0000000000
4248  -22.905  -77.699  28.195 0.0000000000
4249  -23.651  -75.623  25.845 0.0000000000
4250  -24.597  -77.058  23.440 0.0000000000
6016  -22.368  -84.480  23.045 0.0000000000
6291  -21.768  -77.973  33.989 0.0000000000
6859  -31.938  -75.288  27.344 0.0000000000
8402  -21.429  -85.620  30.868 0.0000000000
8403  -22.735  -84.689  27.948 0.0000000000
8404  -22.042  -79.578  30.888 0.0000000000
8405  -22.796  -81.191  28.096 0.0000000000
8406  -23.466  -83.100  25.263 0.0000000000
8407  -24.103  -81.093  22.869 0.0000000000
8408  -24.578  -78.734  21.000 0.0000000000
9560  -31.599  -73.164  25.168 0.0000000000
11467  -20.790  -86.157  26.591 0.0000000000
11924  -21.317  -80.343  37.071 0.0000000000
11925  -21.379  -81.043  35.531 0.0000000000
11926  -21.439  -79.846  35.548 0.0000000000
13867  -22.813  -83.431  21.953 0.0000000000
13868  -21.467  -84.889  21.971 0.0000000000
13869  -21.886  -83.909  20.840 0.0000000000
14325  -21.763  -75.906  35.315 0.0000000000
15271  -32.246  -77.545  28.056 0.0000000000
18497  -21.719  -83.454  32.395 0.0000000000
18498  -21.428  -84.751  32.420 0.0000000000
18499  -22.022  -84.444  30.854 0.0000000000
18500  -22.148  -85.278  29.306 0.0000000000
18501  -22.519  -83.820  29.377 0.0000000000
18502  -22.034  -77.226  32.485 0.0000000000
18503  -21.798  -78.816  32.395 0.0000000000
18504  -22.202  -78.007  30.920 0.0000000000
18505  -23.270  -78.445  26.940 0.0000000000
18506  -22.816  -79.408  28.130 0.0000000000
18507  -23.191  -80.240  26.806 0.0000000000
18508  -23.275  -82.139  26.641 0.0000000000
18509  -23.679  -81.161  25.308 0.0000000000
18510  -23.839  -82.161  24.008 0.0000000000
18511  -24.109  -80.169  24.168 0.0000000000
18512  -25.036  -75.924  22.544 0.0000000000
18513  -24.921  -77.893  22.193 0.0000000000
18514  -25.216  -76.814  21.393 0.0000000000
21338  -32.313  -75.678  25.580 0.0000000000
21339  -31.763  -74.220  26.196 0.0000000000
21340  -32.233  -74.646  24.423 0.0000000000
21342  -31.750  -72.636  22.288 0.0000000000
23296  -22.982  -81.166  19.848 0.0000000000
23297  -22.203  -82.787  19.754 0.0000000000
25249  -19.793  -86.375  29.401 0.0000000000
26072  -21.006  -82.669  36.777 0.0000000000
26073  -20.935  -83.737  35.374 0.0000000000
26074  -21.320  -82.485  35.407 0.0000000000
26075  -21.467  -82.202  33.954 0.0000000000
26076  -21.688  -81.872  32.407 0.0000000000
26077  -22.802  -75.254  29.783 0.0000000000
26078  -22.537  -77.005  29.601 0.0000000000
26079  -22.880  -75.934  28.362 0.0000000000
26080  -23.228  -76.657  27.018 0.0000000000
26081  -23.660  -77.404  25.724 0.0000000000
26082  -24.134  -78.197  24.475 0.0000000000
26083  -24.069  -76.309  24.617 0.0000000000
26084  -24.538  -75.159  23.672 0.0000000000
27780  -32.463  -75.048  22.626 0.0000000000
29398  -21.891  -85.264  24.146 0.0000000000
29400  -20.837  -85.529  23.114 0.0000000000
30037  -21.007  -77.263  38.267 0.0000000000
30038  -21.328  -78.048  36.916 0.0000000000
30039  -21.572  -78.635  35.566 0.0000000000
30040  -21.733  -77.258  35.429 0.0000000000
30041  -21.984  -76.596  33.917 0.0000000000
30042  -22.362  -75.617  32.507 0.0000000000
31365  -32.275  -76.659  26.828 0.0000000000
31366  -32.693  -76.945  25.189 0.0000000000
35488  -20.819  -84.787  33.949 0.0000000000
35491  -21.088  -86.238  29.292 0.0000000000
35492  -21.714  -85.974  27.881 0.0000000000
35493  -22.353  -85.443  26.552 0.0000000000
35494  -21.552  -79.357  33.965 0.0000000000
35495  -21.671  -80.320  32.317 0.0000000000
35496  -21.987  -81.212  30.833 0.0000000000
35497  -22.467  -78.737  29.530 0.0000000000
35498  -22.400  -80.375  29.490 0.0000000000
35499  -22.462  -82.138  29.440 0.0000000000
35500  -22.921  -83.019  27.958 0.0000000000
35501  -23.174  -83.921  26.546 0.0000000000
35502  -22.807  -84.697  25.270 0.0000000000
35503  -23.126  -83.953  24.034 0.0000000000
35504  -23.454  -82.951  22.869 0.0000000000
35505  -23.701  -81.794  21.799 0.0000000000
35506  -24.523  -79.028  23.147 0.0000000000
35507  -24.399  -79.858  21.864 0.0000000000
35508  -23.771  -80.568  20.845 0.0000000000
35509  -23.827  -79.509  19.916 0.0000000000
38848  -25.390  -72.979  22.181 0.0000000000
38851  -25.714  -73.888  21.137 0.0000000000
38921  -32.033  -73.573  23.320 0.0000000000
38922  -31.388  -72.131  24.165 0.0000000000
42187  -21.114  -85.989  25.955 0.0000000000
42189  -20.537  -85.889  25.269 0.0000000000
42643  -21.232  -80.063  37.892 0.0000000000
42644  -21.353  -79.822  37.160 0.0000000000
42645  -21.410  -80.096  36.397 0.0000000000
42646  -21.444  -79.552  36.348 0.0000000000
44587  -22.874  -82.867  21.364 0.0000000000
44588  -22.294  -83.709  21.372 0.0000000000
44589  -22.456  -83.100  20.825 0.0000000000
45991  -32.420  -78.784  28.417 0.0000000000
49217  -21.879  -83.235  31.652 0.0000000000
49218  -21.888  -84.009  31.645 0.0000000000
49219  -22.062  -83.703  30.861 0.0000000000
49220  -22.248  -84.135  30.086 0.0000000000
49221  -22.300  -83.350  30.123 0.0000000000
49222  -22.216  -76.764  31.745 0.0000000000
49223  -22.080  -77.584  31.680 0.0000000000
49224  -22.243  -77.176  30.960 0.0000000000
49225  -23.470  -78.832  26.245 0.0000000000
49226  -23.244  -79.337  26.859 0.0000000000
49227  -23.460  -79.744  26.134 0.0000000000
49228  -23.432  -80.684  26.035 0.0000000000
49229  -23.700  -80.191  25.392 0.0000000000
49230  -23.900  -80.676  24.718 0.0000000000
49231  -23.939  -79.690  24.869 0.0000000000
49232  -25.240  -75.374  22.132 0.0000000000
49233  -25.230  -76.350  21.981 0.0000000000
49234  -25.375  -75.857  21.590 0.0000000000
49235  -25.321  -76.343  20.977 0.0000000000
49236  -25.502  -75.407  21.181 0.0000000000
52058  -32.470  -75.863  24.779 0.0000000000
52059  -32.288  -75.191  24.978 0.0000000000
52060  -32.442  -75.369  24.186 0.0000000000
52062  -31.531  -72.510  20.945 0.0000000000
58810  -21.214  -81.100  37.742 0.0000000000
58812  -21.094  -81.651  37.607 0.0000000000
58813  -20.975  -82.204  37.531 0.0000000000
58814  -21.151  -82.109  36.827 0.0000000000
58815  -21.181  -82.570  36.110 0.0000000000
58816  -21.293  -81.939  36.108 0.0000000000
58817  -21.455  -80.866  34.690 0.0000000000
58818  -21.422  -81.598  34.700 0.0000000000
58819  -21.498  -81.429  33.915 0.0000000000
58820  -21.575  -82.057  33.200 0.0000000000
58821  -21.536  -81.290  33.173 0.0000000000
58823  -22.823  -75.620  29.055 0.0000000000
58826  -23.253  -75.799  27.098 0.0000000000
58827  -23.438  -76.158  26.409 0.0000000000
58828  -23.426  -77.020  26.360 0.0000000000
58829  -23.657  -76.539  25.743 0.0000000000
58830  -23.881  -76.878  25.142 0.0000000000
58831  -23.843  -75.965  25.232 0.0000000000
58833  -24.298  -74.829  24.265 0.0000000000
58835  -24.730  -74.587  23.217 0.0000000000
64642  -22.159  -84.900  23.594 0.0000000000
64643  -21.377  -85.423  23.621 0.0000000000
64644  -21.604  -85.156  23.087 0.0000000000
64645  -21.026  -85.019  21.466 0.0000000000
64646  -20.746  -85.329  22.031 0.0000000000
66012  -21.208  -76.952  37.476 0.0000000000
66013  -21.179  -77.653  37.584 0.0000000000
66014  -21.387  -77.319  36.816 0.0000000000
66015  -21.573  -77.639  36.178 0.0000000000
66016  -21.614  -76.918  36.114 0.0000000000
66017  -21.964  -75.548  34.596 0.0000000000
66018  -21.897  -76.269  34.620 0.0000000000
66019  -22.073  -75.832  33.914 0.0000000000
66020  -22.128  -76.104  33.228 0.0000000000
68854  -32.251  -77.035  27.432 0.0000000000
78532  -21.149  -83.662  34.662 0.0000000000
78533  -20.879  -84.265  34.656 0.0000000000
78534  -21.127  -84.263  33.940 0.0000000000
78535  -21.487  -85.250  31.660 0.0000000000
78536  -21.119  -85.294  32.389 0.0000000000
78537  -21.069  -85.675  31.661 0.0000000000
78538  -20.589  -86.007  31.670 0.0000000000
78539  -20.974  -86.032  30.872 0.0000000000
78540  -20.749  -86.265  30.060 0.0000000000
78541  -21.305  -85.952  30.078 0.0000000000
78542  -22.446  -85.058  28.629 0.0000000000
78543  -22.032  -85.664  28.599 0.0000000000
78544  -22.354  -85.415  27.923 0.0000000000
78545  -22.045  -85.732  27.223 0.0000000000
78546  -22.663  -85.054  27.248 0.0000000000
78547  -21.671  -78.309  34.778 0.0000000000
78548  -21.567  -79.008  34.861 0.0000000000
78549  -21.647  -78.677  34.010 0.0000000000
78550  -21.922  -79.213  31.615 0.0000000000
78551  -21.711  -79.546  32.346 0.0000000000
78552  -21.838  -79.958  31.581 0.0000000000
78553  -21.818  -80.754  31.580 0.0000000000
78554  -21.997  -80.379  30.866 0.0000000000
78555  -22.677  -77.326  28.905 0.0000000000
78556  -22.495  -77.891  29.542 0.0000000000
78557  -22.698  -78.217  28.868 0.0000000000
78558  -22.764  -80.296  28.139 0.0000000000
78559  -22.613  -79.892  28.802 0.0000000000
78560  -22.613  -80.767  28.802 0.0000000000
78561  -22.399  -81.249  29.472 0.0000000000
78562  -22.632  -81.665  28.752 0.0000000000
78563  -22.715  -82.602  28.650 0.0000000000
78564  -22.871  -82.108  27.971 0.0000000000
78565  -23.484  -82.596  25.927 0.0000000000
78566  -23.325  -83.064  26.577 0.0000000000
78567  -23.356  -83.516  25.913 0.0000000000
78568  -23.104  -84.337  25.895 0.0000000000
78569  -23.247  -83.958  25.266 0.0000000000
78570  -22.981  -84.347  24.660 0.0000000000
78571  -23.382  -83.580  24.625 0.0000000000
78572  -23.981  -81.636  23.431 0.0000000000
78573  -23.728  -82.599  23.429 0.0000000000
78574  -23.839  -82.048  22.846 0.0000000000
78575  -23.576  -82.390  22.324 0.0000000000
78576  -23.937  -81.438  22.325 0.0000000000
78577  -24.325  -77.641  23.952 0.0000000000
78578  -24.398  -78.596  23.811 0.0000000000
78579  -24.620  -78.032  23.301 0.0000000000
78580  -24.882  -78.320  21.558 0.0000000000
78581  -24.744  -78.911  21.992 0.0000000000
78582  -24.511  -79.280  21.411 0.0000000000
78583  -24.160  -80.199  21.287 0.0000000000
78584  -24.202  -79.646  20.885 0.0000000000
78585  -23.807  -80.025  20.388 0.0000000000
78586  -24.212  -79.150  20.440 0.0000000000
78588  -24.323  -78.198  19.562 0.0000000000
86878  -25.183  -72.576  22.700 0.0000000000
86883  -26.403  -72.135  20.824 0.0000000000
86887  -25.943  -73.444  20.836 0.0000000000
87062  -32.274  -74.320  22.954 0.0000000000
87063  -32.123  -73.821  22.412 0.0000000000
87065  -31.616  -72.373  23.232 0.0000000000
95191  -21.222  -80.570  37.800 0.0000000000
95192  -21.298  -80.892  36.967 0.0000000000
95193  -21.348  -81.268  36.156 0.0000000000
95194  -21.370  -80.654  36.302 0.0000000000
95195  -21.414  -80.425  35.561 0.0000000000
95196  -21.433  -80.217  34.739 0.0000000000
98689  -22.539  -84.012  22.495 0.0000000000
98690  -21.903  -84.742  22.511 0.0000000000
98691  -22.113  -84.259  21.937 0.0000000000
98692  -21.663  -84.467  21.397 0.0000000000
98693  -21.268  -84.603  20.900 0.0000000000
101217  -32.380  -78.264  27.897 0.0000000000
107023  -21.541  -83.583  33.161 0.0000000000
107024  -21.385  -84.248  33.182 0.0000000000
107025  -21.650  -84.147  32.404 0.0000000000
107026  -21.743  -84.644  31.644 0.0000000000
107027  -21.873  -85.131  30.833 0.0000000000
107028  -21.787  -85.472  30.078 0.0000000000
107029  -22.183  -84.865  30.073 0.0000000000
107030  -22.454  -84.619  29.344 0.0000000000
107031  -22.710  -84.327  28.648 0.0000000000
107032  -21.901  -77.632  33.220 0.0000000000
107033  -21.764  -78.371  33.224 0.0000000000
107034  -21.914  -77.997  32.447 0.0000000000
107035  -22.038  -78.409  31.645 0.0000000000
107036  -22.157  -78.823  30.891 0.0000000000
107037  -23.084  -78.063  27.565 0.0000000000
107038  -22.887  -78.567  28.174 0.0000000000
107039  -23.075  -78.920  27.519 0.0000000000
107040  -22.996  -79.815  27.498 0.0000000000
107041  -22.958  -80.727  27.459 0.0000000000
107042  -23.039  -81.668  27.360 0.0000000000
107043  -23.209  -81.185  26.711 0.0000000000
107044  -23.417  -81.627  25.991 0.0000000000
107045  -23.665  -82.103  25.278 0.0000000000
107046  -23.663  -82.655  24.614 0.0000000000
107047  -23.896  -81.647  24.614 0.0000000000
107048  -24.024  -81.166  24.034 0.0000000000
107049  -24.189  -80.655  23.471 0.0000000000
107050  -24.818  -76.500  22.973 0.0000000000
107051  -24.852  -77.485  22.807 0.0000000000
107052  -25.044  -76.905  22.387 0.0000000000
107053  -25.078  -77.337  21.785 0.0000000000
107054  -24.997  -77.783  21.199 0.0000000000
107055  -24.626  -78.239  20.587 0.0000000000
107056  -25.083  -77.289  20.759 0.0000000000
112136  -32.145  -75.470  26.454 0.0000000000
112138  -32.087  -74.980  25.827 0.0000000000
112139  -32.026  -74.455  25.292 0.0000000000
112140  -31.953  -73.915  24.796 0.0000000000
112141  -31.900  -73.664  20.992 0.0000000000
112142  -31.953  -73.376  21.884 0.0000000000
112143  -31.766  -72.930  21.402 0.0000000000
112144  -31.584  -72.185  21.800 0.0000000000
115798  -22.976  -81.693  20.389 0.0000000000
115799  -22.578  -82.472  20.325 0.0000000000
115800  -22.657  -81.947  19.807 0.0000000000
122275  -20.808  -82.741  37.428 0.0000000000
122276  -20.772  -83.279  36.637 0.0000000000
122277  -20.712  -83.800  35.972 0.0000000000
122278  -20.971  -83.207  36.089 0.0000000000
122279  -21.163  -83.116  35.386 0.0000000000
122280  -21.308  -83.067  34.665 0.0000000000
122281  -21.360  -81.771  35.430 0.0000000000
122282  -21.390  -82.396  34.677 0.0000000000
122283  -21.441  -82.987  33.931 0.0000000000
122284  -21.588  -82.842  33.166 0.0000000000
122285  -21.717  -82.709  32.409 0.0000000000
122286  -21.852  -82.410  31.657 0.0000000000
122287  -22.617  -75.779  30.398 0.0000000000
122288  -22.414  -76.653  30.305 0.0000000000
122289  -22.645  -76.161  29.646 0.0000000000
122290  -22.729  -76.470  28.966 0.0000000000
122291  -22.839  -76.789  28.280 0.0000000000
122292  -23.108  -75.426  27.798 0.0000000000
122293  -23.022  -76.294  27.673 0.0000000000
122294  -23.054  -77.176  27.618 0.0000000000
122295  -23.252  -77.556  26.977 0.0000000000
122296  -23.446  -77.916  26.337 0.0000000000
122297  -23.668  -78.281  25.672 0.0000000000
122298  -23.916  -78.712  25.015 0.0000000000
122299  -23.900  -77.795  25.095 0.0000000000
122300  -24.091  -77.260  24.562 0.0000000000
122301  -24.328  -76.685  24.044 0.0000000000
122302  -24.066  -75.403  24.740 0.0000000000
122303  -24.354  -75.728  24.109 0.0000000000
122304  -24.585  -76.101  23.548 0.0000000000
122305  -24.781  -75.546  23.101 0.0000000000
122306  -25.008  -74.953  22.669 0.0000000000
122307  -25.210  -74.454  22.262 0.0000000000
126258  -32.570  -75.557  23.347 0.0000000000
126264  -31.990  -74.356  20.596 0.0000000000
130264  -21.654  -85.527  24.757 0.0000000000
130265  -20.812  -85.760  24.709 0.0000000000
130266  -21.096  -85.614  24.164 0.0000000000
130267  -20.570  -85.683  23.624 0.0000000000
130269  -21.158  -85.256  22.555 0.0000000000
130270  -20.357  -85.571  22.596 0.0000000000
132001  -21.193  -78.314  37.697 0.0000000000
132002  -21.364  -78.659  37.051 0.0000000000
132003  -21.445  -78.954  36.316 0.0000000000
132004  -21.485  -78.325  36.283 0.0000000000
132005  -21.679  -77.949  35.507 0.0000000000
132006  -21.757  -77.613  34.736 0.0000000000
132007  -21.744  -76.564  35.376 0.0000000000
132008  -21.850  -76.922  34.673 0.0000000000
132009  -21.889  -77.276  33.963 0.0000000000
132010  -22.014  -76.877  33.241 0.0000000000
132011  -22.175  -76.422  32.516 0.0000000000
132012  -22.385  -75.930  31.795 0.0000000000
132021  -22.608  -75.437  31.122 0.0000000000
135599  -32.139  -76.897  28.255 0.0000000000
135600  -32.137  -76.435  27.678 0.0000000000
135601  -32.146  -75.969  27.101 0.0000000000
135602  -32.305  -76.162  26.200 0.0000000000
135603  -32.497  -76.305  25.360 0.0000000000
135604  -32.665  -76.454  24.579 0.0000000000
135613  -32.822  -76.554  23.731 0.0000000000
147466  -20.643  -84.327  35.297 0.0000000000
147467  -20.550  -84.798  34.645 0.0000000000
147468  -20.466  -85.301  33.951 0.0000000000
147469  -21.116  -84.808  33.170 0.0000000000
147470  -20.782  -85.315  33.159 0.0000000000
147475  -20.130  -86.351  30.115 0.0000000000
147477  -20.747  -86.282  28.633 0.0000000000
147478  -21.682  -85.830  29.309 0.0000000000
147479  -21.410  -86.078  28.607 0.0000000000
147480  -21.014  -86.193  27.924 0.0000000000
147481  -21.285  -86.098  27.211 0.0000000000
147482  -21.623  -85.901  26.587 0.0000000000
147483  -21.927  -85.635  25.912 0.0000000000
147484  -21.511  -79.268  35.537 0.0000000000
147485  -21.475  -79.610  34.772 0.0000000000
147486  -21.454  -80.015  33.949 0.0000000000
147487  -21.663  -79.094  33.146 0.0000000000
147488  -21.579  -79.814  33.097 0.0000000000
147489  -21.530  -80.534  33.130 0.0000000000
147490  -21.656  -81.096  32.348 0.0000000000
147491  -21.807  -81.569  31.610 0.0000000000
147492  -22.048  -82.079  30.888 0.0000000000
147493  -22.360  -77.536  30.249 0.0000000000
147494  -22.316  -78.409  30.197 0.0000000000
147495  -22.243  -79.196  30.197 0.0000000000
147496  -22.651  -79.069  28.837 0.0000000000
147497  -22.420  -79.572  29.507 0.0000000000
147498  -22.193  -79.990  30.183 0.0000000000
147499  -22.165  -80.835  30.170 0.0000000000
147500  -22.234  -81.691  30.160 0.0000000000
147501  -22.313  -82.565  30.156 0.0000000000
147502  -22.538  -82.985  29.390 0.0000000000
147503  -22.746  -83.457  28.655 0.0000000000
147504  -22.955  -83.906  27.991 0.0000000000
147505  -23.091  -82.566  27.284 0.0000000000
147506  -23.119  -83.445  27.276 0.0000000000
147507  -22.973  -84.306  27.243 0.0000000000
147508  -22.912  -84.740  26.510 0.0000000000
147509  -22.615  -85.104  25.871 0.0000000000
147510  -22.166  -85.309  25.298 0.0000000000
147511  -22.378  -84.983  24.704 0.0000000000
147512  -22.583  -84.642  24.100 0.0000000000
147513  -22.769  -84.248  23.516 0.0000000000
147514  -23.556  -83.127  23.994 0.0000000000
147515  -23.289  -83.487  23.440 0.0000000000
147516  -22.937  -83.762  22.943 0.0000000000
147517  -23.119  -83.213  22.399 0.0000000000
147518  -23.263  -82.639  21.848 0.0000000000
147519  -23.342  -82.047  21.318 0.0000000000
147520  -24.185  -79.168  24.325 0.0000000000
147521  -24.321  -79.634  23.635 0.0000000000
147522  -24.377  -80.091  22.957 0.0000000000
147523  -24.738  -78.477  22.642 0.0000000000
147524  -24.568  -79.501  22.468 0.0000000000
147525  -24.233  -80.460  22.394 0.0000000000
147526  -24.044  -80.805  21.821 0.0000000000
147527  -23.738  -81.160  21.308 0.0000000000
147528  -23.358  -81.409  20.862 0.0000000000
147529  -23.390  -80.870  20.363 0.0000000000
147530  -23.402  -80.330  19.869 0.0000000000
147531  -23.420  -79.811  19.399 0.0000000000
147532  -24.247  -78.667  20.009 0.0000000000
147533  -23.842  -79.003  19.471 0.0000000000
147534  -23.484  -79.340  18.920 0.0000000000
157503  -25.184  -73.478  22.496 0.0000000000
157504  -25.373  -73.926  21.961 0.0000000000
157511  -25.638  -72.490  21.891 0.0000000000
157512  -25.563  -73.429  21.647 0.0000000000
157513  -25.519  -74.377  21.429 0.0000000000
157721  -32.382  -74.845  23.561 0.0000000000
157722  -32.147  -74.108  23.890 0.0000000000
157723  -31.859  -73.384  24.280 0.0000000000
157724  -31.896  -73.087  22.789 0.0000000000
157725  -31.747  -72.882  23.709 0.0000000000
