#!ascii label  , from subject fsaverage vox2ras=TkReg
2195
19  -12.815  -11.067  67.657 0.0000000000
49  -23.919  -16.909  64.337 0.0000000000
169  -31.558  -15.954  67.055 0.0000000000
171  -26.709  -13.224  53.868 0.0000000000
243  -19.496  -5.327  63.739 0.0000000000
375  -15.643  -16.167  62.681 0.0000000000
376  -12.477  -20.007  72.323 0.0000000000
381  -20.246  -11.004  56.595 0.0000000000
649  -35.237  -17.439  66.022 0.0000000000
714  -10.530  -9.482  68.161 0.0000000000
716  -8.933  -13.639  70.372 0.0000000000
723  -16.259  -7.650  65.485 0.0000000000
726  -12.081  -4.892  65.752 0.0000000000
864  -19.733  -17.471  63.091 0.0000000000
865  -18.220  -19.067  67.600 0.0000000000
866  -22.295  -18.711  69.009 0.0000000000
873  -25.608  -14.636  59.633 0.0000000000
874  -22.931  -12.734  54.529 0.0000000000
875  -21.587  -15.253  58.760 0.0000000000
876  -18.173  -13.600  59.217 0.0000000000
1455  -27.500  -15.675  66.038 0.0000000000
1456  -25.985  -19.365  69.905 0.0000000000
1459  -27.615  -11.759  48.373 0.0000000000
1460  -31.036  -12.872  55.010 0.0000000000
1461  -29.513  -13.235  60.647 0.0000000000
1833  -13.939  -13.193  64.772 0.0000000000
1834  -11.755  -15.854  68.797 0.0000000000
1835  -13.965  -18.367  66.881 0.0000000000
1836  -16.107  -20.820  71.967 0.0000000000
1847  -23.612  -10.406  49.054 0.0000000000
1850  -19.617  -8.393  59.614 0.0000000000
1851  -16.728  -10.264  61.708 0.0000000000
2108  -8.667  -18.301  72.890 0.0000000000
2634  -11.818  -10.193  68.836 0.0000000000
2635  -9.631  -11.754  68.986 0.0000000000
2636  -11.131  -12.535  69.137 0.0000000000
2643  -14.624  -9.375  66.612 0.0000000000
2644  -15.873  -6.669  67.764 0.0000000000
2645  -13.884  -8.446  68.685 0.0000000000
2646  -12.495  -7.584  68.615 0.0000000000
2784  -21.901  -17.377  63.620 0.0000000000
2785  -21.257  -18.061  66.086 0.0000000000
2786  -23.143  -17.864  66.762 0.0000000000
2793  -24.915  -15.659  62.082 0.0000000000
2794  -23.571  -15.070  59.131 0.0000000000
2795  -22.932  -16.352  61.245 0.0000000000
2796  -20.833  -16.591  60.729 0.0000000000
3384  -29.498  -15.522  66.773 0.0000000000
3385  -28.754  -17.594  68.869 0.0000000000
3386  -30.564  -18.508  68.590 0.0000000000
3393  -32.816  -14.071  64.726 0.0000000000
3395  -30.821  -13.910  64.085 0.0000000000
3396  -28.913  -14.396  63.375 0.0000000000
3618  -10.856  -7.287  65.100 0.0000000000
4029  -14.534  -14.619  63.568 0.0000000000
4030  -13.569  -15.992  65.408 0.0000000000
4031  -14.877  -17.369  64.645 0.0000000000
4032  -19.168  -19.841  70.293 0.0000000000
4033  -17.183  -19.811  69.851 0.0000000000
4034  -17.902  -21.167  71.773 0.0000000000
4038  -24.403  -21.374  69.508 0.0000000000
4058  -27.120  -12.705  51.154 0.0000000000
4059  -25.523  -11.310  48.417 0.0000000000
4060  -25.034  -12.301  51.301 0.0000000000
4061  -21.290  -12.116  55.422 0.0000000000
4062  -21.874  -10.608  52.863 0.0000000000
4063  -20.917  -9.450  54.351 0.0000000000
4065  -20.369  -8.199  56.154 0.0000000000
4066  -20.264  -6.911  58.050 0.0000000000
4067  -19.788  -9.728  58.003 0.0000000000
4068  -16.942  -14.977  60.875 0.0000000000
4069  -17.224  -11.978  60.315 0.0000000000
4070  -15.827  -13.336  61.597 0.0000000000
4071  -15.283  -11.686  62.951 0.0000000000
4637  -11.783  -18.147  70.147 0.0000000000
4638  -10.333  -16.780  71.214 0.0000000000
4639  -10.588  -19.144  72.801 0.0000000000
5775  -33.510  -16.731  66.771 0.0000000000
5776  -32.206  -19.471  67.531 0.0000000000
5781  -34.698  -14.552  64.763 0.0000000000
5892  -9.868  -9.435  66.378 0.0000000000
5894  -8.689  -11.576  67.464 0.0000000000
5895  -7.667  -13.519  69.061 0.0000000000
5896  -6.983  -15.451  70.600 0.0000000000
5909  -17.906  -6.069  64.511 0.0000000000
5911  -17.389  -4.783  67.004 0.0000000000
5916  -11.450  -7.267  67.018 0.0000000000
6162  -17.555  -17.187  62.722 0.0000000000
6163  -16.881  -18.191  64.816 0.0000000000
6164  -19.109  -18.244  65.416 0.0000000000
6165  -20.340  -18.821  68.327 0.0000000000
6166  -21.155  -20.074  70.675 0.0000000000
6179  -26.306  -13.706  56.856 0.0000000000
6180  -24.648  -13.097  53.980 0.0000000000
6181  -24.329  -14.131  56.884 0.0000000000
6182  -22.229  -14.063  56.873 0.0000000000
6183  -20.422  -13.381  57.232 0.0000000000
6184  -19.163  -12.246  57.945 0.0000000000
6185  -19.653  -14.802  58.688 0.0000000000
6186  -18.734  -16.100  60.643 0.0000000000
6527  -13.074  -22.259  73.525 0.0000000000
6528  -10.902  -21.827  73.756 0.0000000000
7233  -25.689  -16.256  65.125 0.0000000000
7234  -25.065  -17.483  67.601 0.0000000000
7235  -26.898  -17.339  68.393 0.0000000000
7236  -27.487  -20.176  69.265 0.0000000000
7243  -28.490  -10.338  46.066 0.0000000000
7245  -29.132  -12.695  51.333 0.0000000000
7246  -28.838  -13.244  54.171 0.0000000000
7248  -30.347  -13.125  57.521 0.0000000000
7249  -28.292  -13.224  56.954 0.0000000000
7250  -27.658  -13.972  60.047 0.0000000000
7251  -26.858  -14.988  62.778 0.0000000000
8127  -13.385  -11.998  66.129 0.0000000000
8128  -12.246  -13.624  67.883 0.0000000000
8129  -12.972  -14.657  66.642 0.0000000000
8130  -12.626  -17.136  67.551 0.0000000000
8131  -13.170  -19.124  69.508 0.0000000000
8132  -16.017  -19.064  67.021 0.0000000000
8133  -15.102  -19.675  69.422 0.0000000000
8134  -14.208  -20.503  72.012 0.0000000000
8135  -14.778  -22.592  72.989 0.0000000000
8138  -24.197  -18.865  69.618 0.0000000000
8139  -22.971  -20.660  70.498 0.0000000000
8165  -26.260  -10.045  45.856 0.0000000000
8168  -23.323  -11.648  51.828 0.0000000000
8176  -19.571  -6.859  61.585 0.0000000000
8177  -18.468  -10.807  59.038 0.0000000000
8178  -18.120  -9.097  60.731 0.0000000000
8179  -17.963  -7.599  62.445 0.0000000000
8180  -16.460  -8.735  63.439 0.0000000000
8181  -14.934  -10.313  64.690 0.0000000000
8888  -10.627  -14.582  70.063 0.0000000000
8889  -8.624  -15.750  71.684 0.0000000000
8890  -6.912  -17.876  71.899 0.0000000000
8891  -9.022  -21.183  73.656 0.0000000000
10314  -12.391  -10.601  68.439 0.0000000000
10315  -11.418  -11.425  68.762 0.0000000000
10316  -12.010  -11.922  68.295 0.0000000000
10323  -13.716  -10.204  67.232 0.0000000000
10324  -14.354  -8.945  67.755 0.0000000000
10325  -13.358  -9.776  68.211 0.0000000000
10326  -12.819  -9.366  68.785 0.0000000000
10464  -22.950  -17.115  63.952 0.0000000000
10465  -22.620  -17.585  65.257 0.0000000000
10466  -23.577  -17.451  65.551 0.0000000000
10473  -24.418  -16.302  63.192 0.0000000000
10474  -23.930  -16.025  61.653 0.0000000000
10475  -23.422  -16.710  62.742 0.0000000000
10476  -22.443  -16.952  62.402 0.0000000000
11064  -30.632  -15.734  66.975 0.0000000000
11065  -30.185  -16.764  68.112 0.0000000000
11066  -31.140  -17.107  68.062 0.0000000000
11073  -32.292  -15.010  65.823 0.0000000000
11074  -31.857  -13.874  64.447 0.0000000000
11075  -31.293  -14.878  65.572 0.0000000000
11076  -30.289  -14.807  65.362 0.0000000000
11262  -6.184  -16.760  69.418 0.0000000000
11288  -20.183  -4.922  63.108 0.0000000000
11290  -19.907  -3.947  64.576 0.0000000000
11299  -10.598  -7.332  64.249 0.0000000000
11709  -14.974  -15.403  63.040 0.0000000000
11710  -14.538  -16.105  63.974 0.0000000000
11711  -15.266  -16.805  63.683 0.0000000000
11712  -19.559  -20.597  71.228 0.0000000000
11713  -18.557  -20.426  71.169 0.0000000000
11738  -26.977  -13.039  52.549 0.0000000000
11739  -25.942  -12.483  51.084 0.0000000000
11740  -25.860  -12.889  52.497 0.0000000000
11741  -20.690  -11.583  55.988 0.0000000000
11742  -21.055  -10.823  54.851 0.0000000000
11743  -20.677  -10.243  55.645 0.0000000000
11744  -20.598  -8.814  55.196 0.0000000000
11745  -20.375  -9.685  56.470 0.0000000000
11746  -20.209  -9.079  57.247 0.0000000000
11747  -19.962  -10.382  57.239 0.0000000000
11748  -16.285  -15.643  61.702 0.0000000000
11749  -16.293  -14.164  61.150 0.0000000000
11750  -15.606  -14.863  61.996 0.0000000000
11751  -15.136  -14.001  62.504 0.0000000000
12317  -12.017  -19.043  71.223 0.0000000000
12318  -11.191  -18.534  71.645 0.0000000000
12319  -11.521  -19.609  72.574 0.0000000000
13464  -34.546  -17.185  66.400 0.0000000000
13465  -33.683  -18.533  66.935 0.0000000000
13473  -35.947  -16.156  65.134 0.0000000000
13475  -35.097  -15.910  65.642 0.0000000000
13476  -34.173  -15.498  65.817 0.0000000000
13659  -10.175  -9.408  67.274 0.0000000000
13660  -9.285  -10.522  66.908 0.0000000000
13661  -9.596  -10.502  67.770 0.0000000000
13662  -9.346  -12.710  69.691 0.0000000000
13663  -8.640  -12.575  69.042 0.0000000000
13664  -8.243  -13.499  69.857 0.0000000000
13665  -7.307  -14.464  69.873 0.0000000000
13666  -7.902  -14.433  70.599 0.0000000000
13688  -16.983  -6.787  65.003 0.0000000000
13689  -17.662  -5.388  65.837 0.0000000000
13690  -16.871  -6.204  66.201 0.0000000000
13691  -15.368  -6.148  68.600 0.0000000000
13692  -16.219  -5.179  68.192 0.0000000000
13698  -11.464  -8.578  68.429 0.0000000000
13699  -11.916  -7.364  67.942 0.0000000000
13700  -10.972  -8.380  67.631 0.0000000000
13701  -10.636  -8.359  66.742 0.0000000000
14109  -18.676  -17.409  62.902 0.0000000000
14110  -18.339  -17.848  63.988 0.0000000000
14111  -19.435  -17.867  64.258 0.0000000000
14112  -21.819  -18.314  67.578 0.0000000000
14113  -20.808  -18.438  67.206 0.0000000000
14114  -21.357  -18.744  68.606 0.0000000000
14115  -20.745  -19.270  69.626 0.0000000000
14116  -21.793  -19.358  69.924 0.0000000000
14138  -26.072  -14.242  58.368 0.0000000000
14139  -25.301  -14.006  56.832 0.0000000000
14140  -24.954  -14.493  58.218 0.0000000000
14141  -22.639  -15.206  58.918 0.0000000000
14142  -22.930  -14.698  57.950 0.0000000000
14143  -21.978  -14.612  57.923 0.0000000000
14144  -21.326  -13.780  57.022 0.0000000000
14145  -20.989  -14.430  57.907 0.0000000000
14146  -20.104  -14.069  57.991 0.0000000000
14147  -20.657  -15.127  58.673 0.0000000000
14148  -20.323  -17.083  61.915 0.0000000000
14149  -19.737  -16.466  60.674 0.0000000000
14150  -19.167  -16.977  61.799 0.0000000000
14151  -18.164  -16.679  61.725 0.0000000000
15909  -26.620  -15.975  65.605 0.0000000000
15910  -26.323  -16.640  66.832 0.0000000000
15911  -27.293  -16.473  67.295 0.0000000000
15912  -28.995  -19.351  68.998 0.0000000000
15913  -28.202  -18.914  69.302 0.0000000000
15935  -30.063  -12.837  53.176 0.0000000000
15936  -28.961  -13.014  52.745 0.0000000000
15937  -29.967  -13.154  54.612 0.0000000000
15944  -29.288  -13.191  57.117 0.0000000000
15946  -27.928  -13.454  58.586 0.0000000000
15947  -28.534  -13.567  60.346 0.0000000000
15948  -28.190  -15.083  64.766 0.0000000000
15949  -27.855  -14.688  63.029 0.0000000000
15950  -27.187  -15.258  64.351 0.0000000000
15951  -26.225  -15.614  63.946 0.0000000000
16613  -12.451  -3.651  66.386 0.0000000000
16615  -11.853  -3.486  65.492 0.0000000000
17844  -13.648  -12.587  65.399 0.0000000000
17845  -13.112  -13.448  66.307 0.0000000000
17846  -13.466  -13.985  65.737 0.0000000000
17847  -13.655  -17.241  65.958 0.0000000000
17848  -13.103  -16.597  66.419 0.0000000000
17849  -13.163  -17.798  67.118 0.0000000000
17850  -12.768  -18.291  68.406 0.0000000000
17851  -13.546  -18.795  68.156 0.0000000000
17852  -17.566  -18.728  66.171 0.0000000000
17853  -16.416  -18.667  65.845 0.0000000000
17854  -17.120  -19.170  67.341 0.0000000000
17855  -16.665  -20.239  70.959 0.0000000000
17856  -16.149  -19.794  69.621 0.0000000000
17857  -15.666  -20.165  70.828 0.0000000000
17858  -14.603  -20.024  70.733 0.0000000000
17859  -15.133  -20.660  72.008 0.0000000000
17860  -14.619  -21.400  72.828 0.0000000000
17861  -15.483  -21.583  72.663 0.0000000000
17867  -25.534  -18.155  69.082 0.0000000000
17868  -24.604  -18.163  68.694 0.0000000000
17869  -25.101  -19.059  69.861 0.0000000000
17870  -23.389  -22.139  68.806 0.0000000000
17871  -23.704  -21.047  70.091 0.0000000000
17933  -27.992  -11.097  46.960 0.0000000000
17934  -27.325  -10.246  45.835 0.0000000000
17935  -26.901  -11.038  46.903 0.0000000000
17936  -24.560  -10.955  48.782 0.0000000000
17937  -24.903  -10.296  47.269 0.0000000000
17938  -23.995  -9.838  47.735 0.0000000000
17941  -23.750  -12.973  54.222 0.0000000000
17942  -23.990  -12.545  52.887 0.0000000000
17943  -23.086  -12.192  53.179 0.0000000000
17944  -21.618  -9.363  52.182 0.0000000000
17945  -22.126  -9.963  51.487 0.0000000000
17958  -20.098  -7.761  59.031 0.0000000000
17959  -20.243  -6.254  59.047 0.0000000000
17960  -20.150  -7.071  59.968 0.0000000000
17961  -20.190  -6.366  60.994 0.0000000000
17962  -19.602  -7.658  60.615 0.0000000000
17963  -18.683  -12.963  58.477 0.0000000000
17964  -18.746  -11.554  58.421 0.0000000000
17965  -18.184  -12.199  58.999 0.0000000000
17966  -16.905  -11.105  60.982 0.0000000000
17967  -17.598  -10.458  60.455 0.0000000000
17968  -17.392  -9.646  61.195 0.0000000000
17969  -18.024  -8.349  61.545 0.0000000000
17970  -17.267  -8.827  62.015 0.0000000000
17971  -17.200  -8.040  62.927 0.0000000000
17972  -16.559  -9.499  62.494 0.0000000000
17973  -14.582  -12.431  63.863 0.0000000000
17974  -15.076  -10.952  63.775 0.0000000000
17975  -14.320  -11.720  64.543 0.0000000000
17976  -14.157  -11.140  65.366 0.0000000000
19667  -12.020  -14.688  68.294 0.0000000000
19668  -11.514  -14.122  68.986 0.0000000000
19669  -11.284  -15.165  69.475 0.0000000000
19670  -9.531  -17.421  72.259 0.0000000000
19671  -9.535  -16.160  71.583 0.0000000000
19672  -8.574  -16.954  72.305 0.0000000000
19673  -7.671  -16.660  71.995 0.0000000000
19674  -7.729  -17.972  72.548 0.0000000000
19676  -9.953  -21.502  73.775 0.0000000000
19677  -9.077  -22.834  73.887 0.0000000000
23172  -11.121  -9.763  68.732 0.0000000000
23173  -10.069  -10.627  68.555 0.0000000000
23174  -10.744  -10.930  68.887 0.0000000000
23175  -10.358  -12.098  69.319 0.0000000000
23176  -10.125  -13.081  69.863 0.0000000000
23189  -15.447  -8.505  66.042 0.0000000000
23190  -16.082  -7.119  66.690 0.0000000000
23191  -15.270  -8.031  67.227 0.0000000000
23192  -14.935  -7.533  68.287 0.0000000000
23193  -14.256  -7.022  68.898 0.0000000000
23194  -13.517  -6.612  68.845 0.0000000000
23195  -13.197  -7.965  68.881 0.0000000000
23196  -12.109  -8.911  68.876 0.0000000000
23442  -20.822  -17.475  63.334 0.0000000000
23443  -20.570  -17.834  64.618 0.0000000000
23444  -21.647  -17.754  64.978 0.0000000000
23445  -22.165  -17.997  66.406 0.0000000000
23446  -22.712  -18.243  67.903 0.0000000000
23459  -25.394  -15.058  60.842 0.0000000000
23460  -24.607  -14.870  59.361 0.0000000000
23461  -24.383  -15.420  60.502 0.0000000000
23462  -23.406  -15.703  60.221 0.0000000000
23463  -22.363  -15.934  59.883 0.0000000000
23464  -21.274  -15.981  59.664 0.0000000000
23465  -21.826  -16.573  60.877 0.0000000000
23466  -21.424  -17.093  62.101 0.0000000000
24522  -28.460  -15.563  66.413 0.0000000000
24523  -28.233  -16.391  67.655 0.0000000000
24524  -29.142  -16.532  67.943 0.0000000000
24525  -29.712  -17.972  68.839 0.0000000000
24526  -29.926  -19.828  68.476 0.0000000000
24539  -33.252  -13.375  63.460 0.0000000000
24541  -32.297  -13.237  63.245 0.0000000000
24542  -31.225  -13.267  62.867 0.0000000000
24543  -30.139  -13.452  62.395 0.0000000000
24544  -29.261  -13.723  61.968 0.0000000000
24545  -29.917  -14.198  63.679 0.0000000000
24546  -29.200  -14.885  65.059 0.0000000000
24944  -11.515  -6.107  65.357 0.0000000000
24945  -11.634  -4.794  64.863 0.0000000000
24946  -11.195  -6.090  64.510 0.0000000000
25683  -14.178  -13.909  64.102 0.0000000000
25684  -13.706  -14.600  65.094 0.0000000000
25685  -14.019  -15.362  64.484 0.0000000000
25686  -14.123  -16.723  64.932 0.0000000000
25687  -14.409  -17.873  65.716 0.0000000000
25688  -18.760  -19.386  69.082 0.0000000000
25689  -17.689  -19.418  68.775 0.0000000000
25690  -18.208  -19.849  70.114 0.0000000000
25691  -17.608  -20.319  71.054 0.0000000000
25692  -17.003  -20.968  71.882 0.0000000000
25693  -16.297  -21.774  72.431 0.0000000000
25697  -25.947  -20.834  69.349 0.0000000000
25698  -25.291  -20.452  69.902 0.0000000000
25736  -27.362  -12.366  49.763 0.0000000000
25737  -26.539  -11.608  48.257 0.0000000000
25738  -26.240  -12.108  49.678 0.0000000000
25739  -25.209  -11.826  49.868 0.0000000000
25740  -24.274  -11.483  50.127 0.0000000000
25741  -22.059  -12.515  54.921 0.0000000000
25742  -22.293  -11.808  53.567 0.0000000000
25743  -21.633  -11.341  54.122 0.0000000000
25744  -21.373  -10.062  53.563 0.0000000000
25745  -21.114  -8.680  52.976 0.0000000000
25747  -20.683  -7.999  53.824 0.0000000000
25749  -20.199  -6.710  55.781 0.0000000000
25750  -20.060  -6.062  56.789 0.0000000000
25751  -20.285  -7.526  57.065 0.0000000000
25752  -20.136  -8.428  58.111 0.0000000000
25753  -19.723  -9.122  58.795 0.0000000000
25754  -17.638  -14.236  60.038 0.0000000000
25755  -17.650  -12.814  59.727 0.0000000000
25756  -17.005  -13.461  60.435 0.0000000000
25757  -16.532  -12.651  60.927 0.0000000000
25758  -16.212  -11.773  61.525 0.0000000000
25759  -16.015  -10.909  62.306 0.0000000000
25760  -15.503  -12.469  62.233 0.0000000000
25761  -14.833  -13.224  63.143 0.0000000000
26777  -11.681  -17.030  69.365 0.0000000000
26778  -11.104  -16.345  70.020 0.0000000000
26779  -11.036  -17.472  70.704 0.0000000000
26780  -10.384  -17.929  72.014 0.0000000000
26781  -9.669  -18.674  72.911 0.0000000000
28833  -32.660  -16.405  66.987 0.0000000000
28834  -32.047  -17.625  67.836 0.0000000000
28835  -32.901  -18.140  67.431 0.0000000000
28849  -34.380  -13.524  63.717 0.0000000000
28850  -33.717  -14.163  64.797 0.0000000000
28851  -33.337  -15.258  65.946 0.0000000000
29106  -9.729  -9.622  65.407 0.0000000000
29110  -7.806  -12.693  67.323 0.0000000000
29111  -9.090  -11.552  68.320 0.0000000000
29112  -8.141  -12.570  68.241 0.0000000000
29113  -7.272  -13.618  68.152 0.0000000000
29114  -6.861  -14.578  68.983 0.0000000000
29115  -6.553  -15.569  69.757 0.0000000000
29116  -6.376  -16.640  70.369 0.0000000000
29147  -18.732  -5.621  64.143 0.0000000000
29148  -19.310  -4.407  65.068 0.0000000000
29149  -18.658  -4.780  65.466 0.0000000000
29150  -18.188  -4.042  66.621 0.0000000000
29152  -16.688  -5.679  67.362 0.0000000000
29153  -16.882  -4.267  67.885 0.0000000000
29161  -12.478  -4.994  66.700 0.0000000000
29162  -12.813  -6.368  68.220 0.0000000000
29163  -12.277  -6.196  67.356 0.0000000000
29164  -11.905  -6.126  66.327 0.0000000000
29165  -11.132  -7.241  66.039 0.0000000000
29166  -10.385  -8.408  65.793 0.0000000000
29736  -16.588  -16.809  62.630 0.0000000000
29737  -16.182  -17.380  63.597 0.0000000000
29738  -17.210  -17.719  63.732 0.0000000000
29739  -17.948  -18.301  65.074 0.0000000000
29740  -18.668  -18.676  66.487 0.0000000000
29741  -20.220  -18.139  65.719 0.0000000000
29742  -19.775  -18.570  66.861 0.0000000000
29743  -19.324  -18.931  67.948 0.0000000000
29744  -19.776  -19.301  69.345 0.0000000000
29745  -20.197  -19.907  70.528 0.0000000000
29777  -26.479  -13.345  55.274 0.0000000000
29778  -25.652  -13.194  53.827 0.0000000000
29779  -25.501  -13.467  55.395 0.0000000000
29780  -24.550  -13.561  55.451 0.0000000000
29781  -23.619  -13.589  55.613 0.0000000000
29782  -23.918  -14.662  58.062 0.0000000000
29783  -23.306  -14.187  56.896 0.0000000000
29784  -22.537  -13.393  55.848 0.0000000000
29785  -21.594  -13.149  56.090 0.0000000000
29786  -20.875  -12.697  56.422 0.0000000000
29787  -20.207  -12.248  56.772 0.0000000000
29788  -19.736  -11.625  57.315 0.0000000000
29789  -19.741  -12.822  57.564 0.0000000000
29790  -19.281  -13.582  58.144 0.0000000000
29791  -18.846  -14.256  58.880 0.0000000000
29792  -20.168  -15.824  59.554 0.0000000000
29793  -19.221  -15.442  59.574 0.0000000000
29794  -18.337  -14.914  59.729 0.0000000000
29795  -17.753  -15.621  60.711 0.0000000000
29796  -17.153  -16.250  61.655 0.0000000000
30587  -12.833  -21.058  73.090 0.0000000000
30588  -11.838  -20.773  73.227 0.0000000000
30589  -12.000  -22.089  73.666 0.0000000000
32247  -24.758  -16.640  64.708 0.0000000000
32248  -24.493  -17.131  65.938 0.0000000000
32249  -25.358  -16.847  66.357 0.0000000000
32250  -25.953  -17.338  68.011 0.0000000000
32251  -26.415  -18.277  69.347 0.0000000000
32252  -27.759  -17.391  68.697 0.0000000000
32253  -27.307  -18.578  69.394 0.0000000000
32254  -26.790  -19.762  69.710 0.0000000000
32255  -26.543  -21.123  68.742 0.0000000000
32258  -31.410  -19.007  68.141 0.0000000000
32259  -30.674  -20.258  67.868 0.0000000000
32278  -28.650  -11.734  48.548 0.0000000000
32281  -28.269  -12.348  49.793 0.0000000000
32282  -28.076  -12.772  51.132 0.0000000000
32283  -27.932  -13.058  52.602 0.0000000000
32284  -27.721  -13.269  53.935 0.0000000000
32290  -30.622  -13.102  56.286 0.0000000000
32291  -29.560  -13.223  55.748 0.0000000000
32292  -28.640  -13.264  55.516 0.0000000000
32293  -27.515  -13.271  55.306 0.0000000000
32294  -27.252  -13.419  56.826 0.0000000000
32295  -26.922  -13.907  58.349 0.0000000000
32296  -26.603  -14.348  59.805 0.0000000000
32297  -28.397  -14.080  61.689 0.0000000000
32298  -27.303  -14.457  61.336 0.0000000000
32299  -26.289  -14.757  61.043 0.0000000000
32300  -25.898  -15.301  62.445 0.0000000000
32301  -25.308  -15.972  63.586 0.0000000000
34689  -13.081  -11.495  66.881 0.0000000000
34690  -12.435  -12.417  67.555 0.0000000000
34691  -12.771  -12.905  66.912 0.0000000000
34692  -12.639  -14.082  67.288 0.0000000000
34693  -12.393  -15.294  67.637 0.0000000000
34694  -13.231  -15.296  65.972 0.0000000000
34695  -12.708  -15.952  66.982 0.0000000000
34696  -12.192  -16.469  68.164 0.0000000000
34697  -12.129  -17.665  68.842 0.0000000000
34698  -12.376  -18.669  69.787 0.0000000000
34699  -12.809  -19.489  70.941 0.0000000000
34700  -15.799  -17.877  64.640 0.0000000000
34701  -15.359  -18.377  65.683 0.0000000000
34702  -14.919  -18.793  66.887 0.0000000000
34703  -16.602  -19.433  68.486 0.0000000000
34704  -15.554  -19.373  68.249 0.0000000000
34705  -14.471  -19.171  68.146 0.0000000000
34706  -14.054  -19.468  69.371 0.0000000000
34707  -13.658  -19.793  70.775 0.0000000000
34708  -13.329  -20.274  72.119 0.0000000000
34709  -13.752  -21.228  72.963 0.0000000000
34710  -13.990  -22.387  73.309 0.0000000000
34718  -24.123  -17.668  67.198 0.0000000000
34719  -23.656  -18.155  68.321 0.0000000000
34720  -23.262  -18.672  69.334 0.0000000000
34721  -24.483  -20.025  70.213 0.0000000000
34722  -23.661  -19.676  70.253 0.0000000000
34723  -22.781  -19.512  70.172 0.0000000000
34729  -21.425  -23.120  65.973 0.0000000000
34802  -25.906  -10.718  47.035 0.0000000000
34808  -24.886  -12.742  52.636 0.0000000000
34809  -24.108  -12.035  51.472 0.0000000000
34810  -23.472  -11.046  50.473 0.0000000000
34811  -22.565  -11.204  52.269 0.0000000000
34812  -22.753  -10.516  50.889 0.0000000000
34833  -20.212  -5.633  62.001 0.0000000000
34834  -19.583  -6.039  62.692 0.0000000000
34835  -19.416  -10.898  57.911 0.0000000000
34836  -19.155  -10.190  58.597 0.0000000000
34837  -18.997  -9.576  59.311 0.0000000000
34838  -17.853  -11.348  59.689 0.0000000000
34839  -18.260  -9.982  59.822 0.0000000000
34840  -18.857  -8.815  60.160 0.0000000000
34841  -18.798  -7.998  61.084 0.0000000000
34842  -18.785  -7.202  62.072 0.0000000000
34843  -18.747  -6.412  63.034 0.0000000000
34844  -17.949  -6.794  63.446 0.0000000000
34845  -17.092  -7.361  63.921 0.0000000000
34846  -16.359  -8.114  64.489 0.0000000000
34847  -15.859  -10.210  63.100 0.0000000000
34848  -15.732  -9.570  64.055 0.0000000000
34849  -15.578  -8.970  65.046 0.0000000000
34850  -14.814  -9.782  65.635 0.0000000000
34851  -13.952  -10.626  66.289 0.0000000000
36908  -11.752  -13.112  68.573 0.0000000000
36909  -10.916  -13.574  69.576 0.0000000000
36910  -9.849  -14.036  70.411 0.0000000000
36911  -10.465  -15.636  70.599 0.0000000000
36912  -9.676  -15.082  70.981 0.0000000000
36913  -8.803  -14.630  71.099 0.0000000000
36914  -7.739  -15.492  71.362 0.0000000000
36915  -6.878  -16.566  71.380 0.0000000000
36916  -6.389  -17.852  70.952 0.0000000000
36917  -10.845  -20.380  73.352 0.0000000000
36918  -9.794  -20.046  73.412 0.0000000000
36919  -8.832  -19.735  73.339 0.0000000000
36921  -8.071  -20.926  73.293 0.0000000000
36922  -7.829  -19.413  72.996 0.0000000000
36923  -7.039  -19.235  72.370 0.0000000000
41034  -12.626  -10.842  68.078 0.0000000000
41035  -12.187  -11.249  68.294 0.0000000000
41036  -12.394  -11.500  67.926 0.0000000000
41043  -13.248  -10.635  67.450 0.0000000000
41044  -13.558  -10.025  67.727 0.0000000000
41045  -13.062  -10.398  67.955 0.0000000000
41046  -12.876  -10.194  68.352 0.0000000000
41184  -23.458  -17.023  64.157 0.0000000000
41185  -23.327  -17.252  64.823 0.0000000000
41186  -23.798  -17.131  64.991 0.0000000000
41193  -24.182  -16.617  63.735 0.0000000000
41194  -23.950  -16.509  62.972 0.0000000000
41195  -23.665  -16.798  63.539 0.0000000000
41196  -23.176  -16.924  63.374 0.0000000000
41784  -31.113  -15.879  67.050 0.0000000000
41785  -30.937  -16.391  67.643 0.0000000000
41786  -31.426  -16.593  67.606 0.0000000000
41793  -31.993  -15.435  66.397 0.0000000000
41794  -31.744  -14.925  65.688 0.0000000000
41795  -31.518  -15.377  66.346 0.0000000000
41796  -31.069  -15.344  66.276 0.0000000000
42008  -19.872  -5.112  63.442 0.0000000000
42009  -20.076  -4.439  63.815 0.0000000000
42010  -19.767  -4.673  64.123 0.0000000000
42429  -15.280  -15.794  62.833 0.0000000000
42430  -15.113  -16.181  63.296 0.0000000000
42431  -15.493  -16.543  63.164 0.0000000000
42458  -26.824  -13.155  53.193 0.0000000000
42459  -26.483  -13.049  52.529 0.0000000000
42460  -26.345  -13.085  53.169 0.0000000000
42461  -20.461  -11.270  56.250 0.0000000000
42462  -20.658  -10.967  55.779 0.0000000000
42463  -20.472  -10.636  56.149 0.0000000000
42464  -20.525  -9.983  56.002 0.0000000000
42465  -20.311  -10.339  56.508 0.0000000000
42466  -20.183  -10.051  56.868 0.0000000000
42467  -20.097  -10.708  56.897 0.0000000000
42468  -15.972  -15.918  62.183 0.0000000000
42469  -15.922  -15.263  61.823 0.0000000000
42470  -15.612  -15.542  62.298 0.0000000000
42471  -15.294  -15.149  62.494 0.0000000000
43037  -12.226  -19.539  71.823 0.0000000000
43038  -11.774  -19.297  71.939 0.0000000000
43039  -12.011  -19.825  72.454 0.0000000000
44184  -34.913  -17.308  66.223 0.0000000000
44185  -34.468  -18.120  66.495 0.0000000000
44186  -34.906  -18.287  66.145 0.0000000000
44193  -35.484  -16.743  65.697 0.0000000000
44194  -35.545  -16.031  65.431 0.0000000000
44195  -35.192  -16.708  65.828 0.0000000000
44196  -34.812  -16.597  65.954 0.0000000000
44379  -10.340  -9.421  67.739 0.0000000000
44380  -9.909  -9.930  67.560 0.0000000000
44381  -10.061  -9.986  67.995 0.0000000000
44382  -9.145  -13.166  70.021 0.0000000000
44383  -8.795  -13.080  69.783 0.0000000000
44384  -8.574  -13.553  70.158 0.0000000000
44385  -8.022  -13.949  70.218 0.0000000000
44386  -8.375  -13.999  70.476 0.0000000000
44408  -16.572  -7.160  65.274 0.0000000000
44409  -16.931  -6.474  65.605 0.0000000000
44410  -16.530  -6.900  65.880 0.0000000000
44411  -14.993  -5.850  68.743 0.0000000000
44412  -15.464  -5.438  68.619 0.0000000000
44413  -15.019  -5.205  68.659 0.0000000000
44418  -10.994  -9.042  68.260 0.0000000000
44419  -11.189  -8.453  68.053 0.0000000000
44420  -10.748  -8.939  67.868 0.0000000000
44421  -10.554  -8.893  67.432 0.0000000000
44829  -19.192  -17.454  62.993 0.0000000000
44830  -19.094  -17.630  63.593 0.0000000000
44831  -19.626  -17.642  63.713 0.0000000000
44832  -22.086  -18.477  68.308 0.0000000000
44833  -21.638  -18.488  68.123 0.0000000000
44834  -21.793  -18.733  68.820 0.0000000000
44835  -21.566  -19.004  69.319 0.0000000000
44836  -22.079  -19.015  69.469 0.0000000000
44858  -25.827  -14.444  58.990 0.0000000000
44859  -25.534  -14.396  58.275 0.0000000000
44860  -25.298  -14.590  58.935 0.0000000000
44861  -22.114  -15.261  58.841 0.0000000000
44862  -22.262  -14.936  58.373 0.0000000000
44863  -21.771  -14.908  58.339 0.0000000000
44864  -21.436  -14.515  57.903 0.0000000000
44865  -21.264  -14.845  58.309 0.0000000000
44866  -20.771  -14.733  58.295 0.0000000000
44867  -21.163  -15.236  58.737 0.0000000000
44868  -20.065  -17.268  62.531 0.0000000000
44869  -19.800  -17.085  61.853 0.0000000000
44870  -19.481  -17.213  62.429 0.0000000000
44871  -18.890  -17.143  62.325 0.0000000000
46629  -27.072  -15.816  65.825 0.0000000000
46630  -26.910  -16.227  66.465 0.0000000000
46631  -27.409  -16.057  66.684 0.0000000000
46632  -29.131  -20.207  68.557 0.0000000000
46633  -28.700  -20.003  68.905 0.0000000000
46653  -31.079  -12.719  54.380 0.0000000000
46654  -30.563  -12.690  53.371 0.0000000000
46655  -30.562  -12.889  54.033 0.0000000000
46656  -29.908  -13.014  53.871 0.0000000000
46657  -30.383  -13.035  54.695 0.0000000000
46660  -33.630  -12.626  61.473 0.0000000000
46665  -29.311  -13.203  59.763 0.0000000000
46666  -28.758  -13.330  59.584 0.0000000000
46667  -29.035  -13.411  60.521 0.0000000000
46668  -27.833  -15.294  65.415 0.0000000000
46669  -27.672  -15.150  64.557 0.0000000000
46670  -27.346  -15.422  65.206 0.0000000000
46671  -26.884  -15.624  65.010 0.0000000000
47333  -12.252  -4.313  65.968 0.0000000000
47334  -12.141  -3.551  65.926 0.0000000000
47335  -12.001  -4.211  65.563 0.0000000000
48564  -13.796  -12.852  65.079 0.0000000000
48565  -13.518  -13.327  65.509 0.0000000000
48566  -13.661  -13.608  65.215 0.0000000000
48567  -13.773  -17.891  66.374 0.0000000000
48568  -13.458  -17.545  66.520 0.0000000000
48569  -13.529  -18.097  66.983 0.0000000000
48570  -13.337  -18.337  67.598 0.0000000000
48571  -13.726  -18.562  67.502 0.0000000000
48572  -17.963  -18.939  66.872 0.0000000000
48573  -17.360  -18.958  66.702 0.0000000000
48574  -17.687  -19.131  67.473 0.0000000000
48575  -16.341  -20.482  71.451 0.0000000000
48576  -16.174  -20.208  70.900 0.0000000000
48577  -15.895  -20.443  71.424 0.0000000000
48578  -15.431  -20.391  71.380 0.0000000000
48579  -15.647  -20.758  71.952 0.0000000000
48580  -15.318  -21.098  72.431 0.0000000000
48581  -15.753  -21.186  72.357 0.0000000000
48587  -25.825  -18.696  69.629 0.0000000000
48588  -25.365  -18.632  69.520 0.0000000000
48589  -25.615  -19.216  69.921 0.0000000000
48654  -27.483  -11.088  47.025 0.0000000000
48655  -27.316  -11.433  47.654 0.0000000000
48656  -24.043  -10.714  48.944 0.0000000000
48657  -24.269  -10.372  48.224 0.0000000000
48658  -23.810  -10.182  48.468 0.0000000000
48660  -23.290  -9.783  48.586 0.0000000000
48661  -23.396  -12.860  54.365 0.0000000000
48662  -23.397  -12.597  53.622 0.0000000000
48663  -22.974  -12.450  53.820 0.0000000000
48678  -19.903  -8.052  59.388 0.0000000000
48679  -20.128  -7.422  59.494 0.0000000000
48680  -19.923  -7.779  59.801 0.0000000000
48681  -19.922  -7.408  60.297 0.0000000000
48682  -19.612  -8.016  60.083 0.0000000000
48683  -18.392  -13.253  58.850 0.0000000000
48684  -18.385  -12.594  58.718 0.0000000000
48685  -18.150  -12.908  59.078 0.0000000000
48686  -16.809  -10.684  61.342 0.0000000000
48687  -17.144  -10.341  61.082 0.0000000000
48688  -17.052  -9.879  61.495 0.0000000000
48689  -17.323  -9.238  61.588 0.0000000000
48690  -16.968  -9.466  61.876 0.0000000000
48691  -16.906  -9.121  62.244 0.0000000000
48692  -16.651  -9.851  62.104 0.0000000000
48693  -14.211  -12.797  64.322 0.0000000000
48694  -14.455  -12.070  64.217 0.0000000000
48695  -14.100  -12.457  64.649 0.0000000000
48696  -13.970  -12.146  64.974 0.0000000000
50387  -11.909  -15.281  68.495 0.0000000000
50388  -11.684  -14.960  68.884 0.0000000000
50389  -11.558  -15.507  69.116 0.0000000000
50390  -9.095  -17.808  72.620 0.0000000000
50391  -9.057  -17.175  72.303 0.0000000000
50392  -8.608  -17.617  72.555 0.0000000000
50393  -8.127  -17.455  72.444 0.0000000000
50394  -8.190  -18.144  72.763 0.0000000000
53979  -11.480  -9.953  68.849 0.0000000000
53980  -10.888  -10.318  68.817 0.0000000000
53981  -11.244  -10.540  68.871 0.0000000000
53982  -11.221  -12.028  68.935 0.0000000000
53983  -10.899  -11.763  69.026 0.0000000000
53984  -10.753  -12.308  69.281 0.0000000000
53985  -10.286  -12.574  69.581 0.0000000000
53986  -10.630  -12.792  69.536 0.0000000000
54008  -15.093  -8.920  66.331 0.0000000000
54009  -15.375  -8.281  66.631 0.0000000000
54010  -14.948  -8.701  66.930 0.0000000000
54011  -14.140  -8.685  68.276 0.0000000000
54012  -14.684  -8.231  68.006 0.0000000000
54013  -14.440  -7.991  68.461 0.0000000000
54014  -14.664  -7.272  68.668 0.0000000000
54015  -14.090  -7.743  68.805 0.0000000000
54016  -13.753  -7.524  68.973 0.0000000000
54017  -13.562  -8.210  68.830 0.0000000000
54018  -12.319  -9.781  68.861 0.0000000000
54019  -12.482  -9.141  68.939 0.0000000000
54020  -11.968  -9.543  68.921 0.0000000000
54021  -11.614  -9.307  68.847 0.0000000000
54429  -21.347  -17.449  63.468 0.0000000000
54430  -21.249  -17.596  64.130 0.0000000000
54431  -21.786  -17.539  64.294 0.0000000000
54432  -22.946  -17.738  66.014 0.0000000000
54433  -22.399  -17.809  65.843 0.0000000000
54434  -22.656  -17.936  66.593 0.0000000000
54435  -22.522  -18.090  67.143 0.0000000000
54436  -22.966  -18.026  67.362 0.0000000000
54458  -25.165  -15.360  61.411 0.0000000000
54459  -24.881  -15.240  60.659 0.0000000000
54460  -24.694  -15.560  61.271 0.0000000000
54461  -23.444  -16.193  61.447 0.0000000000
54462  -23.715  -15.873  60.944 0.0000000000
54463  -23.212  -16.008  60.766 0.0000000000
54464  -22.890  -15.830  60.038 0.0000000000
54465  -22.648  -16.164  60.561 0.0000000000
54466  -22.103  -16.279  60.397 0.0000000000
54467  -22.395  -16.461  61.055 0.0000000000
54468  -22.194  -17.125  63.051 0.0000000000
54469  -21.966  -17.033  62.250 0.0000000000
54470  -21.724  -17.216  62.913 0.0000000000
54471  -21.198  -17.276  62.767 0.0000000000
56229  -28.979  -15.549  66.593 0.0000000000
56230  -28.779  -16.018  67.252 0.0000000000
56231  -29.312  -16.046  67.381 0.0000000000
56232  -30.369  -17.578  68.531 0.0000000000
56233  -29.980  -17.433  68.549 0.0000000000
56234  -30.141  -18.248  68.761 0.0000000000
56235  -29.872  -18.936  68.784 0.0000000000
56236  -30.243  -19.186  68.606 0.0000000000
56258  -33.042  -13.683  64.146 0.0000000000
56259  -32.836  -13.322  63.442 0.0000000000
56260  -32.405  -13.618  63.942 0.0000000000
56261  -31.298  -13.910  64.196 0.0000000000
56262  -31.551  -13.553  63.686 0.0000000000
56263  -31.071  -13.603  63.462 0.0000000000
56264  -30.711  -13.367  62.638 0.0000000000
56265  -30.525  -13.670  63.257 0.0000000000
56266  -30.100  -13.767  63.083 0.0000000000
56267  -30.346  -13.999  63.899 0.0000000000
56268  -29.927  -15.218  66.031 0.0000000000
56269  -29.844  -14.834  65.237 0.0000000000
56270  -29.414  -15.209  65.913 0.0000000000
56271  -28.941  -15.258  65.777 0.0000000000
56933  -11.202  -6.718  65.189 0.0000000000
56934  -11.354  -6.094  64.918 0.0000000000
56935  -11.072  -6.703  64.775 0.0000000000
58164  -14.350  -14.258  63.839 0.0000000000
58165  -14.098  -14.636  64.294 0.0000000000
58166  -14.255  -15.036  63.986 0.0000000000
58167  -14.673  -16.752  64.269 0.0000000000
58168  -14.319  -16.392  64.434 0.0000000000
58169  -14.486  -17.066  64.768 0.0000000000
58170  -14.227  -17.309  65.290 0.0000000000
58171  -14.664  -17.633  65.186 0.0000000000
58172  -19.009  -19.580  69.722 0.0000000000
58173  -18.525  -19.570  69.580 0.0000000000
58174  -18.713  -19.830  70.196 0.0000000000
58175  -18.198  -20.749  71.507 0.0000000000
58176  -18.059  -20.359  71.115 0.0000000000
58177  -17.773  -20.659  71.499 0.0000000000
58178  -17.298  -20.608  71.493 0.0000000000
58179  -17.444  -21.059  71.832 0.0000000000
58180  -17.102  -21.462  72.101 0.0000000000
58187  -25.809  -21.394  68.715 0.0000000000
58188  -25.467  -21.283  69.119 0.0000000000
58191  -24.195  -22.324  67.300 0.0000000000
58253  -27.204  -12.530  50.404 0.0000000000
58254  -26.774  -12.216  49.660 0.0000000000
58255  -26.656  -12.399  50.294 0.0000000000
58256  -25.493  -12.429  51.182 0.0000000000
58257  -25.632  -12.240  50.483 0.0000000000
58258  -25.061  -12.059  50.544 0.0000000000
58259  -24.718  -11.693  49.990 0.0000000000
58260  -24.653  -11.932  50.680 0.0000000000
58261  -21.646  -12.329  55.186 0.0000000000
58262  -21.855  -11.927  54.556 0.0000000000
58263  -21.405  -11.654  54.776 0.0000000000
58264  -21.000  -10.199  54.617 0.0000000000
58265  -21.179  -10.451  54.222 0.0000000000
58266  -21.141  -9.784  53.916 0.0000000000
58267  -21.210  -9.384  53.264 0.0000000000
58268  -21.031  -9.139  53.645 0.0000000000
58269  -20.880  -8.349  53.360 0.0000000000
58270  -20.842  -8.750  54.056 0.0000000000
58271  -20.489  -8.515  55.664 0.0000000000
58272  -20.517  -8.126  55.007 0.0000000000
58273  -20.398  -7.746  55.405 0.0000000000
58274  -20.284  -7.011  55.281 0.0000000000
58275  -20.315  -7.437  55.973 0.0000000000
58276  -20.273  -7.090  56.447 0.0000000000
58277  -20.325  -7.872  56.615 0.0000000000
58278  -20.049  -9.434  57.648 0.0000000000
58279  -20.183  -8.769  57.656 0.0000000000
58280  -19.989  -9.110  58.075 0.0000000000
58281  -19.949  -8.793  58.473 0.0000000000
58282  -19.750  -9.422  58.417 0.0000000000
58283  -17.300  -14.621  60.428 0.0000000000
58284  -17.318  -13.849  60.232 0.0000000000
58285  -16.972  -14.246  60.581 0.0000000000
58286  -16.036  -13.755  61.349 0.0000000000
58287  -16.396  -13.372  60.972 0.0000000000
58288  -16.201  -12.941  61.227 0.0000000000
58289  -16.342  -12.198  61.215 0.0000000000
58290  -16.036  -12.515  61.530 0.0000000000
58291  -15.877  -12.093  61.883 0.0000000000
58292  -15.654  -12.904  61.911 0.0000000000
58293  -14.828  -14.347  63.021 0.0000000000
58294  -14.975  -13.609  62.816 0.0000000000
58295  -14.645  -13.927  63.342 0.0000000000
58296  -14.507  -13.546  63.653 0.0000000000
59987  -11.660  -17.636  69.703 0.0000000000
59988  -11.361  -17.287  70.023 0.0000000000
59989  -11.397  -17.803  70.448 0.0000000000
59990  -10.923  -18.831  72.253 0.0000000000
59991  -10.755  -18.240  71.854 0.0000000000
59992  -10.480  -18.535  72.389 0.0000000000
59993  -10.014  -18.259  72.540 0.0000000000
59994  -10.111  -18.920  72.859 0.0000000000
63429  -33.076  -16.571  66.905 0.0000000000
63430  -32.770  -17.239  67.365 0.0000000000
63431  -33.187  -17.470  67.202 0.0000000000
63432  -33.744  -19.308  66.566 0.0000000000
63433  -33.355  -19.219  66.906 0.0000000000
63461  -35.203  -14.637  64.669 0.0000000000
63465  -34.483  -13.870  64.260 0.0000000000
63466  -34.046  -13.861  64.273 0.0000000000
63467  -34.333  -14.398  64.858 0.0000000000
63468  -33.945  -16.229  66.311 0.0000000000
63469  -33.677  -15.348  65.884 0.0000000000
63470  -33.448  -15.991  66.360 0.0000000000
63471  -32.901  -15.749  66.411 0.0000000000
64014  -9.760  -9.521  65.924 0.0000000000
64017  -8.975  -11.052  67.147 0.0000000000
64021  -8.232  -12.124  67.401 0.0000000000
64022  -9.885  -11.191  68.735 0.0000000000
64023  -9.610  -11.085  68.410 0.0000000000
64024  -9.342  -11.634  68.682 0.0000000000
64025  -8.102  -13.014  69.062 0.0000000000
64026  -8.366  -12.579  68.654 0.0000000000
64027  -7.873  -13.079  68.577 0.0000000000
64028  -7.685  -13.110  68.126 0.0000000000
64029  -7.447  -13.561  68.626 0.0000000000
64030  -7.043  -14.112  68.617 0.0000000000
64031  -7.254  -14.044  69.082 0.0000000000
64032  -7.128  -14.936  70.260 0.0000000000
64033  -6.900  -15.007  69.804 0.0000000000
64034  -6.748  -15.493  70.194 0.0000000000
64035  -6.447  -16.090  70.061 0.0000000000
64036  -6.630  -16.010  70.511 0.0000000000
64103  -18.347  -5.796  64.365 0.0000000000
64104  -18.706  -5.211  64.797 0.0000000000
64105  -18.272  -5.362  65.040 0.0000000000
64106  -17.538  -5.073  66.417 0.0000000000
64107  -17.941  -4.685  66.275 0.0000000000
64108  -17.755  -4.427  66.819 0.0000000000
64109  -17.924  -3.751  67.141 0.0000000000
64110  -17.542  -4.148  67.308 0.0000000000
64111  -16.006  -6.893  67.248 0.0000000000
64112  -16.424  -6.410  66.999 0.0000000000
64113  -16.318  -6.140  67.550 0.0000000000
64114  -16.253  -4.492  68.368 0.0000000000
64115  -16.589  -4.756  68.099 0.0000000000
64116  -16.574  -4.028  68.173 0.0000000000
64117  -16.924  -3.579  68.069 0.0000000000
64133  -13.016  -7.131  68.756 0.0000000000
64134  -13.149  -6.475  68.605 0.0000000000
64135  -12.659  -6.948  68.454 0.0000000000
64136  -11.663  -7.298  67.487 0.0000000000
64137  -12.096  -6.781  67.608 0.0000000000
64138  -11.859  -6.744  67.145 0.0000000000
64139  -12.094  -6.158  66.820 0.0000000000
64140  -11.666  -6.737  66.677 0.0000000000
64141  -11.506  -6.702  66.163 0.0000000000
64142  -11.269  -7.249  66.538 0.0000000000
64143  -10.262  -8.915  66.509 0.0000000000
64144  -10.512  -8.377  66.266 0.0000000000
64145  -10.100  -8.966  66.056 0.0000000000
64146  -10.022  -9.031  65.565 0.0000000000
65364  -17.066  -17.020  62.660 0.0000000000
65365  -16.855  -17.283  63.112 0.0000000000
65366  -17.424  -17.463  63.204 0.0000000000
65367  -18.765  -18.076  64.709 0.0000000000
65368  -18.191  -18.061  64.536 0.0000000000
65369  -18.517  -18.289  65.237 0.0000000000
65370  -18.330  -18.498  65.777 0.0000000000
65371  -18.864  -18.456  65.946 0.0000000000
65372  -20.939  -17.940  65.321 0.0000000000
65373  -20.422  -17.984  65.181 0.0000000000
65374  -20.733  -18.107  65.909 0.0000000000
65375  -20.589  -18.607  67.772 0.0000000000
65376  -20.283  -18.528  67.050 0.0000000000
65377  -20.056  -18.679  67.609 0.0000000000
65378  -19.538  -18.732  67.446 0.0000000000
65379  -19.835  -18.882  68.151 0.0000000000
65380  -19.569  -19.092  68.672 0.0000000000
65381  -20.013  -19.063  68.822 0.0000000000
65382  -21.044  -19.625  70.216 0.0000000000
65383  -20.509  -19.579  70.081 0.0000000000
65384  -20.708  -19.967  70.599 0.0000000000
65385  -20.369  -20.343  70.927 0.0000000000
65386  -20.853  -20.475  70.944 0.0000000000
65453  -26.436  -13.484  56.098 0.0000000000
65454  -25.944  -13.389  55.333 0.0000000000
65455  -25.917  -13.573  56.099 0.0000000000
65456  -24.818  -14.103  56.850 0.0000000000
65457  -24.927  -13.830  56.122 0.0000000000
65458  -24.449  -13.905  56.206 0.0000000000
65459  -24.049  -13.554  55.545 0.0000000000
65460  -23.966  -13.923  56.244 0.0000000000
65461  -24.116  -14.949  59.255 0.0000000000
65462  -24.236  -14.775  58.732 0.0000000000
65463  -23.756  -14.840  58.650 0.0000000000
65464  -22.566  -14.409  57.422 0.0000000000
65465  -23.026  -14.438  57.439 0.0000000000
65466  -22.759  -14.094  56.889 0.0000000000
65467  -22.841  -13.826  56.347 0.0000000000
65468  -22.382  -13.767  56.361 0.0000000000
65469  -22.046  -13.262  55.973 0.0000000000
65470  -21.941  -13.601  56.467 0.0000000000
65471  -20.873  -13.590  57.125 0.0000000000
65472  -21.049  -13.324  56.648 0.0000000000
65473  -20.670  -13.104  56.826 0.0000000000
65474  -20.539  -12.487  56.585 0.0000000000
65475  -20.322  -12.814  57.002 0.0000000000
65476  -19.978  -12.548  57.175 0.0000000000
65477  -20.091  -13.132  57.405 0.0000000000
65478  -19.866  -14.418  58.297 0.0000000000
65479  -19.706  -13.871  58.062 0.0000000000
65480  -19.439  -14.194  58.355 0.0000000000
65481  -19.065  -13.942  58.494 0.0000000000
65482  -19.245  -14.548  58.763 0.0000000000
65483  -21.057  -16.339  60.181 0.0000000000
65484  -20.726  -15.927  59.592 0.0000000000
65485  -20.494  -16.273  60.107 0.0000000000
65486  -19.228  -16.301  60.648 0.0000000000
65487  -19.431  -15.973  60.075 0.0000000000
65488  -19.001  -15.793  60.094 0.0000000000
65489  -18.776  -15.199  59.636 0.0000000000
65490  -18.514  -15.549  60.160 0.0000000000
65491  -18.068  -15.269  60.234 0.0000000000
65492  -18.243  -15.881  60.660 0.0000000000
65493  -17.845  -16.912  62.202 0.0000000000
65494  -17.654  -16.488  61.676 0.0000000000
65495  -17.341  -16.744  62.158 0.0000000000
65496  -16.862  -16.549  62.124 0.0000000000
67187  -13.025  -21.627  73.366 0.0000000000
67188  -12.452  -21.515  73.446 0.0000000000
67189  -12.556  -22.191  73.608 0.0000000000
70764  -25.223  -16.436  64.906 0.0000000000
70765  -25.112  -16.705  65.558 0.0000000000
70766  -25.551  -16.564  65.788 0.0000000000
70767  -26.576  -16.924  67.642 0.0000000000
70768  -26.105  -17.001  67.401 0.0000000000
70769  -26.405  -17.280  68.176 0.0000000000
70770  -26.194  -17.753  68.765 0.0000000000
70771  -26.678  -17.791  68.898 0.0000000000
70772  -28.466  -16.923  68.337 0.0000000000
70773  -28.020  -16.877  68.195 0.0000000000
70774  -28.253  -17.486  68.815 0.0000000000
70775  -27.862  -19.609  69.334 0.0000000000
70776  -27.717  -18.771  69.347 0.0000000000
70777  -27.440  -19.419  69.498 0.0000000000
70778  -27.093  -19.226  69.630 0.0000000000
70779  -27.155  -19.968  69.532 0.0000000000
70780  -26.729  -20.500  69.338 0.0000000000
70787  -32.242  -18.610  67.790 0.0000000000
70788  -31.809  -18.288  68.031 0.0000000000
70789  -31.970  -19.257  67.754 0.0000000000
70841  -29.593  -12.578  51.535 0.0000000000
70842  -29.719  -12.381  50.840 0.0000000000
70843  -29.149  -12.499  50.713 0.0000000000
70844  -28.733  -12.287  49.840 0.0000000000
70845  -28.680  -12.531  50.528 0.0000000000
70846  -28.248  -12.590  50.539 0.0000000000
70847  -28.546  -12.765  51.254 0.0000000000
70848  -28.891  -13.162  53.460 0.0000000000
70849  -28.384  -13.042  52.592 0.0000000000
70850  -28.421  -13.177  53.428 0.0000000000
70851  -27.897  -13.137  53.377 0.0000000000
70852  -28.272  -13.218  54.043 0.0000000000
70868  -30.594  -13.091  57.039 0.0000000000
70869  -30.222  -13.163  56.135 0.0000000000
70870  -29.921  -13.166  56.535 0.0000000000
70871  -28.788  -13.241  56.986 0.0000000000
70872  -28.996  -13.261  56.497 0.0000000000
70873  -28.496  -13.255  56.204 0.0000000000
70874  -27.941  -13.259  55.294 0.0000000000
70875  -27.915  -13.276  56.049 0.0000000000
70876  -27.363  -13.283  56.001 0.0000000000
70877  -27.810  -13.268  56.865 0.0000000000
70878  -27.779  -13.741  59.366 0.0000000000
70879  -27.509  -13.664  58.489 0.0000000000
70880  -27.320  -13.909  59.233 0.0000000000
70881  -26.868  -14.156  59.158 0.0000000000
70882  -27.090  -14.151  59.882 0.0000000000
70883  -29.186  -14.078  62.770 0.0000000000
70884  -28.808  -13.915  61.806 0.0000000000
70885  -28.680  -14.253  62.591 0.0000000000
70886  -27.323  -14.843  62.877 0.0000000000
70887  -27.614  -14.514  62.163 0.0000000000
70888  -27.143  -14.668  62.012 0.0000000000
70889  -26.826  -14.598  61.210 0.0000000000
70890  -26.646  -14.836  61.887 0.0000000000
70891  -26.186  -15.017  61.769 0.0000000000
70892  -26.353  -15.132  62.599 0.0000000000
70893  -26.002  -15.922  64.565 0.0000000000
70894  -25.769  -15.809  63.768 0.0000000000
70895  -25.582  -16.083  64.387 0.0000000000
70896  -25.115  -16.276  64.149 0.0000000000
72811  -19.126  -3.962  65.711 0.0000000000
72812  -19.447  -3.781  65.504 0.0000000000
76569  -13.251  -11.740  66.500 0.0000000000
76570  -12.921  -12.236  66.871 0.0000000000
76571  -13.081  -12.505  66.518 0.0000000000
76572  -13.055  -14.035  66.492 0.0000000000
76573  -12.849  -13.754  66.804 0.0000000000
76574  -12.810  -14.357  66.971 0.0000000000
76575  -12.506  -14.648  67.464 0.0000000000
76576  -12.693  -14.944  67.157 0.0000000000
76577  -13.617  -15.340  65.200 0.0000000000
76578  -13.488  -14.983  65.537 0.0000000000
76579  -13.377  -15.633  65.674 0.0000000000
76580  -12.870  -16.882  66.983 0.0000000000
76581  -12.895  -16.286  66.673 0.0000000000
76582  -12.667  -16.562  67.249 0.0000000000
76583  -12.469  -16.252  67.529 0.0000000000
76584  -12.391  -16.785  67.856 0.0000000000
76585  -12.159  -17.083  68.435 0.0000000000
76586  -12.402  -17.431  68.171 0.0000000000
76587  -12.950  -18.790  68.926 0.0000000000
76588  -12.566  -18.513  69.115 0.0000000000
76589  -12.755  -18.917  69.614 0.0000000000
76590  -12.581  -19.092  70.359 0.0000000000
76591  -12.966  -19.295  70.223 0.0000000000
76592  -16.519  -17.813  64.140 0.0000000000
76593  -15.977  -17.645  64.078 0.0000000000
76594  -16.302  -18.072  64.715 0.0000000000
76595  -16.223  -18.864  66.447 0.0000000000
76596  -15.877  -18.550  65.736 0.0000000000
76597  -15.715  -18.788  66.326 0.0000000000
76598  -15.136  -18.614  66.258 0.0000000000
76599  -15.471  -18.949  66.920 0.0000000000
76600  -17.465  -19.612  69.314 0.0000000000
76601  -17.156  -19.437  68.629 0.0000000000
76602  -16.935  -19.602  69.171 0.0000000000
76603  -15.633  -19.741  69.510 0.0000000000
76604  -15.893  -19.579  68.918 0.0000000000
76605  -15.340  -19.524  68.830 0.0000000000
76606  -15.009  -19.280  68.162 0.0000000000
76607  -14.832  -19.443  68.759 0.0000000000
76608  -14.307  -19.324  68.721 0.0000000000
76609  -14.586  -19.592  69.351 0.0000000000
76610  -14.468  -20.217  71.375 0.0000000000
76611  -14.135  -19.926  70.736 0.0000000000
76612  -13.942  -20.104  71.384 0.0000000000
76613  -13.427  -19.985  71.460 0.0000000000
76614  -13.786  -20.382  72.061 0.0000000000
76615  -13.560  -20.743  72.611 0.0000000000
76616  -14.006  -20.808  72.537 0.0000000000
76617  -14.747  -21.968  73.019 0.0000000000
76618  -14.357  -21.853  73.136 0.0000000000
76619  -14.405  -22.480  73.155 0.0000000000
76637  -24.784  -17.272  66.740 0.0000000000
76638  -24.281  -17.432  66.544 0.0000000000
76639  -24.591  -17.572  67.399 0.0000000000
76640  -24.418  -18.503  69.244 0.0000000000
76641  -24.137  -18.173  68.500 0.0000000000
76642  -23.907  -18.443  69.071 0.0000000000
76643  -23.445  -18.414  68.892 0.0000000000
76644  -23.711  -18.772  69.498 0.0000000000
76645  -24.866  -20.961  69.710 0.0000000000
76646  -24.909  -20.250  70.074 0.0000000000
76647  -24.495  -20.729  69.993 0.0000000000
76648  -23.378  -20.867  70.306 0.0000000000
76649  -23.792  -20.340  70.298 0.0000000000
76650  -23.338  -20.156  70.417 0.0000000000
76651  -23.232  -19.576  70.221 0.0000000000
76652  -22.895  -20.017  70.475 0.0000000000
76653  -22.425  -19.888  70.472 0.0000000000
76674  -20.533  -23.325  66.129 0.0000000000
76841  -26.833  -10.228  45.845 0.0000000000
76842  -27.021  -9.707  45.359 0.0000000000
76843  -26.554  -9.714  45.406 0.0000000000
76846  -26.004  -11.478  48.297 0.0000000000
76847  -26.246  -11.194  47.620 0.0000000000
76848  -25.750  -11.106  47.730 0.0000000000
76861  -25.198  -13.134  53.920 0.0000000000
76862  -25.320  -13.032  53.232 0.0000000000
76863  -24.814  -12.975  53.283 0.0000000000
76864  -23.573  -12.073  52.295 0.0000000000
76865  -24.034  -12.244  52.171 0.0000000000
76866  -23.715  -11.879  51.635 0.0000000000
76867  -23.783  -11.528  50.938 0.0000000000
76868  -23.368  -11.330  51.125 0.0000000000
76869  -22.059  -11.240  53.190 0.0000000000
76870  -22.441  -11.483  52.942 0.0000000000
76871  -22.203  -10.870  52.536 0.0000000000
76873  -22.422  -10.263  51.159 0.0000000000
76874  -22.532  -9.939  50.450 0.0000000000
76875  -22.876  -10.261  50.214 0.0000000000
76913  -20.211  -6.454  57.420 0.0000000000
76914  -20.044  -5.699  57.319 0.0000000000
76915  -20.252  -6.214  57.909 0.0000000000
76916  -20.290  -5.916  59.574 0.0000000000
76923  -19.955  -6.671  61.313 0.0000000000
76924  -20.203  -6.001  61.494 0.0000000000
76925  -19.946  -6.304  61.812 0.0000000000
76926  -19.960  -5.945  62.338 0.0000000000
76927  -19.607  -6.440  62.155 0.0000000000
76928  -19.455  -11.904  57.652 0.0000000000
76929  -19.558  -11.228  57.619 0.0000000000
76930  -19.234  -11.543  57.912 0.0000000000
76931  -18.599  -11.173  58.701 0.0000000000
76932  -18.922  -10.886  58.472 0.0000000000
76933  -18.813  -10.543  58.766 0.0000000000
76934  -19.075  -9.895  58.951 0.0000000000
76935  -18.694  -10.201  59.114 0.0000000000
76936  -17.418  -12.443  59.995 0.0000000000
76937  -17.721  -12.092  59.686 0.0000000000
76938  -17.546  -11.649  60.027 0.0000000000
76939  -17.880  -9.776  60.549 0.0000000000
76940  -17.925  -10.228  60.115 0.0000000000
76941  -18.180  -9.533  60.275 0.0000000000
76942  -18.541  -9.371  59.943 0.0000000000
76943  -18.492  -8.958  60.397 0.0000000000
76944  -18.819  -8.409  60.619 0.0000000000
76945  -18.460  -8.518  60.907 0.0000000000
76946  -17.988  -7.971  61.987 0.0000000000
76947  -18.374  -7.744  61.804 0.0000000000
76948  -18.361  -7.341  62.254 0.0000000000
76949  -18.759  -6.791  62.566 0.0000000000
76950  -18.349  -6.993  62.745 0.0000000000
76951  -18.360  -6.598  63.276 0.0000000000
76952  -17.965  -7.192  62.922 0.0000000000
76953  -16.821  -8.375  63.139 0.0000000000
76954  -17.151  -7.688  63.415 0.0000000000
76955  -16.781  -8.065  63.657 0.0000000000
76956  -16.715  -7.736  64.222 0.0000000000
76957  -16.414  -8.415  63.973 0.0000000000
76958  -15.638  -11.326  62.631 0.0000000000
76959  -15.927  -10.547  62.688 0.0000000000
76960  -15.558  -10.964  63.032 0.0000000000
76961  -15.026  -10.582  64.244 0.0000000000
76962  -15.407  -10.275  63.856 0.0000000000
76963  -15.312  -9.939  64.326 0.0000000000
76964  -15.649  -9.255  64.548 0.0000000000
76965  -15.271  -9.639  64.840 0.0000000000
76966  -15.198  -9.372  65.376 0.0000000000
76967  -14.868  -10.038  65.163 0.0000000000
76968  -13.763  -11.591  65.742 0.0000000000
76969  -14.066  -10.885  65.808 0.0000000000
76970  -13.646  -11.329  66.180 0.0000000000
76971  -13.520  -11.069  66.620 0.0000000000
82037  -12.317  -13.049  67.662 0.0000000000
82038  -12.107  -12.811  68.048 0.0000000000
82039  -12.026  -13.371  68.226 0.0000000000
82040  -11.126  -14.345  69.526 0.0000000000
82041  -11.237  -13.847  69.301 0.0000000000
82042  -10.724  -14.075  69.809 0.0000000000
82043  -10.380  -13.805  70.010 0.0000000000
82044  -10.252  -14.273  70.268 0.0000000000
82045  -10.706  -16.555  70.618 0.0000000000
82046  -10.799  -15.960  70.318 0.0000000000
82047  -10.371  -16.211  70.882 0.0000000000
82048  -9.082  -15.930  71.667 0.0000000000
82049  -9.596  -15.624  71.272 0.0000000000
82050  -9.169  -15.387  71.394 0.0000000000
82051  -9.241  -14.838  71.079 0.0000000000
82052  -8.703  -15.176  71.393 0.0000000000
82053  -8.265  -15.035  71.254 0.0000000000
82054  -8.181  -15.599  71.595 0.0000000000
82055  -7.226  -17.234  72.029 0.0000000000
82056  -7.247  -16.593  71.720 0.0000000000
82057  -6.860  -17.186  71.640 0.0000000000
82058  -6.575  -17.198  71.189 0.0000000000
82059  -6.615  -17.840  71.455 0.0000000000
82060  -11.406  -21.267  73.496 0.0000000000
82061  -11.312  -20.589  73.298 0.0000000000
82062  -10.901  -21.106  73.550 0.0000000000
82063  -9.467  -21.331  73.729 0.0000000000
82064  -9.928  -20.734  73.616 0.0000000000
82065  -9.457  -20.579  73.587 0.0000000000
82066  -9.290  -19.889  73.420 0.0000000000
82067  -8.945  -20.432  73.502 0.0000000000
82072  -7.709  -21.589  73.105 0.0000000000
82073  -7.639  -20.816  72.983 0.0000000000
82074  -8.068  -20.146  73.191 0.0000000000
82075  -7.558  -20.020  72.911 0.0000000000
82076  -7.389  -19.275  72.717 0.0000000000
92292  -12.123  -10.377  68.707 0.0000000000
92293  -11.601  -10.775  68.804 0.0000000000
92294  -11.925  -11.002  68.621 0.0000000000
92295  -11.718  -11.671  68.567 0.0000000000
92296  -11.542  -12.279  68.703 0.0000000000
92309  -14.161  -9.849  66.906 0.0000000000
92310  -14.499  -9.170  67.176 0.0000000000
92311  -14.054  -9.578  67.507 0.0000000000
92312  -13.871  -9.349  68.032 0.0000000000
92313  -13.630  -9.122  68.461 0.0000000000
92314  -13.380  -8.919  68.736 0.0000000000
92315  -13.110  -9.577  68.540 0.0000000000
92316  -12.636  -9.995  68.672 0.0000000000
92562  -22.430  -17.266  63.779 0.0000000000
92563  -22.291  -17.451  64.480 0.0000000000
92564  -22.824  -17.355  64.657 0.0000000000
92565  -23.103  -17.517  65.373 0.0000000000
92566  -23.405  -17.630  66.207 0.0000000000
92579  -24.616  -16.015  62.615 0.0000000000
92580  -24.416  -15.848  61.872 0.0000000000
92581  -24.168  -16.216  62.385 0.0000000000
92582  -23.705  -16.389  62.214 0.0000000000
92583  -23.201  -16.527  62.015 0.0000000000
92584  -22.675  -16.656  61.816 0.0000000000
92585  -22.904  -16.854  62.565 0.0000000000
92586  -22.685  -17.031  63.210 0.0000000000
93642  -30.070  -15.608  66.881 0.0000000000
93643  -29.879  -16.130  67.499 0.0000000000
93644  -30.415  -16.263  67.600 0.0000000000
93645  -30.721  -16.933  68.107 0.0000000000
93646  -30.921  -17.814  68.385 0.0000000000
93659  -32.567  -14.431  65.315 0.0000000000
93660  -32.336  -14.019  64.655 0.0000000000
93661  -32.069  -14.379  65.215 0.0000000000
93662  -31.649  -14.343  65.078 0.0000000000
93663  -31.167  -14.359  64.880 0.0000000000
93664  -30.635  -14.388  64.720 0.0000000000
93665  -30.707  -14.805  65.433 0.0000000000
93666  -30.500  -15.307  66.141 0.0000000000
93998  -6.212  -16.235  69.092 0.0000000000
94064  -10.495  -7.895  64.968 0.0000000000
94065  -10.716  -7.319  64.677 0.0000000000
94066  -10.384  -7.958  64.495 0.0000000000
94803  -14.728  -14.997  63.282 0.0000000000
94804  -14.461  -15.410  63.728 0.0000000000
94805  -14.759  -15.796  63.494 0.0000000000
94806  -14.882  -16.459  63.793 0.0000000000
94807  -15.067  -17.100  64.150 0.0000000000
94808  -19.411  -20.149  70.833 0.0000000000
94809  -18.894  -20.085  70.775 0.0000000000
94810  -19.083  -20.523  71.217 0.0000000000
94811  -18.684  -20.865  71.483 0.0000000000
94856  -26.930  -12.808  51.739 0.0000000000
94857  -26.637  -12.680  51.121 0.0000000000
94858  -26.347  -12.806  51.755 0.0000000000
94859  -25.950  -12.727  51.798 0.0000000000
94860  -25.423  -12.620  51.867 0.0000000000
94861  -20.956  -11.889  55.687 0.0000000000
94862  -21.226  -11.497  55.137 0.0000000000
94863  -20.879  -11.206  55.461 0.0000000000
94864  -20.836  -10.534  55.229 0.0000000000
94865  -20.807  -9.878  55.004 0.0000000000
94866  -20.736  -9.179  54.754 0.0000000000
94867  -20.685  -9.579  55.442 0.0000000000
94868  -20.564  -9.318  55.898 0.0000000000
94869  -20.417  -8.999  56.303 0.0000000000
94870  -20.308  -8.686  56.707 0.0000000000
94871  -20.285  -9.388  56.832 0.0000000000
94872  -20.109  -9.739  57.225 0.0000000000
94873  -19.843  -10.026  57.594 0.0000000000
94874  -16.636  -15.264  61.272 0.0000000000
94875  -16.604  -14.568  61.003 0.0000000000
94876  -16.262  -14.875  61.389 0.0000000000
94877  -15.919  -14.486  61.541 0.0000000000
94878  -15.688  -14.087  61.769 0.0000000000
94879  -15.481  -13.683  62.052 0.0000000000
94880  -15.346  -14.448  62.215 0.0000000000
94881  -15.044  -14.752  62.738 0.0000000000
95897  -11.821  -18.614  70.735 0.0000000000
95898  -11.439  -18.323  70.943 0.0000000000
95899  -11.573  -18.806  71.456 0.0000000000
95900  -11.357  -19.072  72.079 0.0000000000
95901  -11.030  -19.362  72.665 0.0000000000
97962  -34.015  -16.935  66.595 0.0000000000
97963  -33.719  -17.700  66.978 0.0000000000
97964  -34.150  -17.929  66.719 0.0000000000
97965  -34.073  -18.703  66.621 0.0000000000
97982  -35.344  -15.294  65.183 0.0000000000
97983  -34.864  -15.041  65.238 0.0000000000
97984  -34.440  -14.867  65.329 0.0000000000
97985  -34.668  -15.630  65.688 0.0000000000
97986  -34.379  -16.438  66.135 0.0000000000
98313  -10.025  -9.379  66.809 0.0000000000
98314  -9.568  -9.999  66.616 0.0000000000
98315  -9.717  -9.955  67.088 0.0000000000
98316  -9.414  -10.503  67.336 0.0000000000
98317  -9.117  -11.041  67.608 0.0000000000
98318  -9.485  -12.247  69.306 0.0000000000
98319  -9.124  -12.122  69.007 0.0000000000
98320  -8.958  -12.585  69.401 0.0000000000
98321  -8.437  -13.031  69.459 0.0000000000
98322  -7.930  -13.488  69.479 0.0000000000
98323  -7.488  -13.975  69.495 0.0000000000
98324  -7.738  -13.950  69.868 0.0000000000
98325  -7.586  -14.431  70.260 0.0000000000
98326  -7.446  -14.913  70.640 0.0000000000
98366  -17.430  -6.437  64.747 0.0000000000
98367  -17.802  -5.724  65.211 0.0000000000
98368  -17.326  -6.025  65.377 0.0000000000
98369  -17.239  -5.687  65.994 0.0000000000
98370  -17.146  -5.432  66.616 0.0000000000
98371  -15.668  -6.412  68.205 0.0000000000
98372  -16.108  -5.888  68.094 0.0000000000
98373  -15.838  -5.630  68.404 0.0000000000
98374  -15.870  -4.919  68.455 0.0000000000
98384  -11.970  -8.069  68.537 0.0000000000
98385  -12.195  -7.459  68.312 0.0000000000
98386  -11.679  -7.967  68.182 0.0000000000
98387  -11.429  -7.884  67.787 0.0000000000
98388  -11.213  -7.817  67.342 0.0000000000
98389  -11.029  -7.785  66.858 0.0000000000
98390  -10.790  -8.349  67.195 0.0000000000
98391  -10.407  -8.890  66.968 0.0000000000
99123  -18.141  -17.322  62.813 0.0000000000
99124  -17.965  -17.556  63.314 0.0000000000
99125  -18.494  -17.588  63.440 0.0000000000
99126  -18.901  -17.859  64.123 0.0000000000
99127  -19.297  -18.063  64.859 0.0000000000
99128  -21.565  -18.157  66.777 0.0000000000
99129  -21.048  -18.241  66.607 0.0000000000
99130  -21.318  -18.371  67.391 0.0000000000
99131  -21.113  -18.522  67.934 0.0000000000
99132  -20.854  -18.787  68.468 0.0000000000
99133  -20.538  -19.036  68.997 0.0000000000
99134  -21.096  -18.988  69.170 0.0000000000
99135  -21.250  -19.296  69.757 0.0000000000
99136  -21.498  -19.686  70.314 0.0000000000
99176  -26.164  -13.964  57.602 0.0000000000
99177  -25.787  -13.882  56.822 0.0000000000
99178  -25.718  -14.128  57.589 0.0000000000
99179  -25.125  -14.263  57.517 0.0000000000
99180  -24.614  -14.328  57.506 0.0000000000
99181  -23.075  -15.156  59.008 0.0000000000
99182  -23.289  -14.929  58.551 0.0000000000
99183  -22.794  -14.931  58.476 0.0000000000
99184  -22.505  -14.691  57.920 0.0000000000
99185  -22.094  -14.328  57.403 0.0000000000
99186  -21.809  -13.949  56.944 0.0000000000
99187  -21.663  -14.264  57.432 0.0000000000
99188  -21.137  -14.096  57.454 0.0000000000
99189  -20.650  -13.897  57.537 0.0000000000
99190  -20.260  -13.711  57.640 0.0000000000
99191  -20.539  -14.258  57.917 0.0000000000
99192  -20.289  -14.585  58.289 0.0000000000
99193  -20.136  -14.982  58.658 0.0000000000
99194  -20.622  -16.860  61.335 0.0000000000
99195  -20.321  -16.548  60.682 0.0000000000
99196  -20.039  -16.798  61.287 0.0000000000
99197  -19.481  -16.696  61.250 0.0000000000
99198  -18.937  -16.554  61.224 0.0000000000
99199  -18.449  -16.376  61.217 0.0000000000
99200  -18.653  -16.841  61.760 0.0000000000
99201  -18.366  -17.051  62.256 0.0000000000
102363  -26.161  -16.137  65.390 0.0000000000
102364  -26.022  -16.426  66.018 0.0000000000
102365  -26.446  -16.330  66.235 0.0000000000
102366  -26.791  -16.563  67.062 0.0000000000
102367  -27.059  -16.858  67.849 0.0000000000
102368  -28.972  -18.455  69.034 0.0000000000
102369  -28.519  -18.235  69.131 0.0000000000
102370  -28.655  -19.140  69.173 0.0000000000
102371  -28.227  -19.862  69.151 0.0000000000
102372  -27.836  -20.356  68.974 0.0000000000
102377  -32.220  -20.204  66.953 0.0000000000
102378  -31.836  -20.073  67.338 0.0000000000
102410  -30.071  -12.668  52.500 0.0000000000
102411  -29.618  -12.777  52.238 0.0000000000
102412  -29.046  -12.907  52.037 0.0000000000
102413  -29.439  -13.007  52.855 0.0000000000
102414  -29.487  -13.088  53.683 0.0000000000
102415  -29.359  -13.182  54.304 0.0000000000
102426  -29.805  -13.196  57.361 0.0000000000
102428  -29.184  -13.169  57.946 0.0000000000
102429  -28.639  -13.177  57.764 0.0000000000
102430  -28.107  -13.284  57.702 0.0000000000
102431  -28.492  -13.328  58.679 0.0000000000
102432  -28.215  -13.512  59.434 0.0000000000
102433  -28.115  -13.744  60.158 0.0000000000
102434  -28.584  -14.708  64.022 0.0000000000
102435  -28.451  -14.507  63.291 0.0000000000
102436  -28.069  -14.839  63.855 0.0000000000
102437  -27.528  -15.006  63.687 0.0000000000
102438  -27.024  -15.142  63.501 0.0000000000
102439  -26.524  -15.298  63.348 0.0000000000
102440  -26.682  -15.406  64.139 0.0000000000
102441  -26.412  -15.781  64.766 0.0000000000
103631  -12.529  -3.082  66.736 0.0000000000
103633  -12.198  -2.965  66.339 0.0000000000
103634  -11.896  -2.883  65.930 0.0000000000
103635  -11.638  -2.872  65.558 0.0000000000
105846  -13.516  -12.288  65.757 0.0000000000
105847  -13.229  -12.785  66.157 0.0000000000
105848  -13.372  -13.068  65.811 0.0000000000
105849  -13.271  -13.709  66.011 0.0000000000
105850  -13.220  -14.333  66.171 0.0000000000
105851  -13.595  -16.639  65.637 0.0000000000
105852  -13.344  -16.323  65.866 0.0000000000
105853  -13.356  -16.920  66.186 0.0000000000
105854  -13.167  -17.209  66.709 0.0000000000
105855  -12.873  -17.469  67.300 0.0000000000
105856  -12.650  -17.746  67.958 0.0000000000
105857  -12.977  -18.064  67.763 0.0000000000
105858  -13.123  -18.569  68.250 0.0000000000
105859  -13.340  -19.009  68.801 0.0000000000
105860  -17.215  -18.480  65.506 0.0000000000
105861  -16.659  -18.420  65.347 0.0000000000
105862  -16.989  -18.714  65.999 0.0000000000
105863  -16.789  -18.930  66.561 0.0000000000
105864  -16.541  -19.140  67.174 0.0000000000
105865  -16.916  -20.038  70.433 0.0000000000
105866  -16.642  -19.812  69.742 0.0000000000
105867  -16.394  -19.990  70.299 0.0000000000
105868  -15.894  -19.955  70.198 0.0000000000
105869  -15.370  -19.935  70.142 0.0000000000
105870  -14.851  -19.855  70.114 0.0000000000
105871  -15.152  -20.102  70.783 0.0000000000
105872  -14.960  -20.322  71.369 0.0000000000
105873  -14.683  -20.592  72.007 0.0000000000
105874  -14.423  -20.877  72.509 0.0000000000
105875  -14.869  -20.993  72.476 0.0000000000
105876  -15.069  -21.498  72.757 0.0000000000
105877  -15.150  -22.080  72.905 0.0000000000
105887  -25.252  -17.726  68.414 0.0000000000
105888  -24.787  -17.748  68.190 0.0000000000
105889  -25.076  -18.169  68.891 0.0000000000
105890  -24.878  -18.561  69.387 0.0000000000
105891  -24.669  -18.989  69.784 0.0000000000
105892  -23.941  -21.803  69.161 0.0000000000
105893  -24.052  -21.211  69.828 0.0000000000
105894  -23.613  -21.626  69.573 0.0000000000
105895  -23.294  -21.470  69.922 0.0000000000
105896  -22.999  -21.299  70.230 0.0000000000
106007  -28.266  -10.804  46.623 0.0000000000
106008  -27.937  -10.375  45.983 0.0000000000
106009  -27.674  -10.744  46.372 0.0000000000
106010  -27.156  -10.680  46.431 0.0000000000
106011  -26.542  -10.532  46.315 0.0000000000
106012  -25.019  -11.109  48.555 0.0000000000
106013  -25.215  -10.845  47.821 0.0000000000
106014  -24.761  -10.638  47.984 0.0000000000
106015  -24.478  -10.108  47.478 0.0000000000
106021  -24.191  -13.039  54.075 0.0000000000
106022  -24.281  -12.816  53.359 0.0000000000
106023  -23.817  -12.730  53.511 0.0000000000
106024  -23.503  -12.353  52.978 0.0000000000
106025  -23.187  -11.937  52.456 0.0000000000
106026  -21.772  -9.938  52.505 0.0000000000
106027  -22.069  -10.349  52.206 0.0000000000
106028  -21.816  -9.669  51.809 0.0000000000
106052  -20.231  -7.335  58.571 0.0000000000
106053  -20.243  -6.584  58.541 0.0000000000
106054  -20.211  -7.000  59.070 0.0000000000
106055  -20.257  -6.692  59.565 0.0000000000
106056  -20.311  -6.350  60.131 0.0000000000
106057  -20.341  -6.003  60.621 0.0000000000
106058  -20.162  -6.724  60.474 0.0000000000
106059  -19.930  -7.031  60.806 0.0000000000
106060  -19.588  -7.268  61.098 0.0000000000
106061  -18.866  -12.555  58.204 0.0000000000
106062  -18.941  -11.902  58.168 0.0000000000
106063  -18.650  -12.189  58.429 0.0000000000
106064  -18.432  -11.824  58.684 0.0000000000
106065  -18.258  -11.467  58.987 0.0000000000
106066  -17.051  -11.539  60.640 0.0000000000
106067  -17.391  -11.208  60.374 0.0000000000
106068  -17.259  -10.791  60.705 0.0000000000
106069  -17.498  -10.055  60.824 0.0000000000
106070  -17.815  -9.364  60.974 0.0000000000
106071  -18.071  -8.709  61.160 0.0000000000
106072  -17.735  -8.938  61.404 0.0000000000
106073  -17.686  -8.573  61.791 0.0000000000
106074  -17.641  -8.147  62.207 0.0000000000
106075  -17.608  -7.753  62.668 0.0000000000
106076  -17.253  -8.412  62.444 0.0000000000
106077  -16.851  -8.767  62.664 0.0000000000
106078  -16.507  -9.102  62.947 0.0000000000
106079  -14.951  -12.066  63.392 0.0000000000
106080  -15.165  -11.322  63.346 0.0000000000
106081  -14.845  -11.709  63.739 0.0000000000
106082  -14.734  -11.365  64.158 0.0000000000
106083  -14.636  -11.021  64.601 0.0000000000
106084  -14.545  -10.695  65.057 0.0000000000
106085  -14.239  -11.409  64.953 0.0000000000
106086  -13.848  -11.854  65.316 0.0000000000
109127  -12.123  -14.154  68.073 0.0000000000
109128  -11.884  -13.894  68.448 0.0000000000
109129  -11.777  -14.391  68.645 0.0000000000
109130  -11.427  -14.623  69.238 0.0000000000
109131  -10.970  -14.874  69.805 0.0000000000
109132  -9.928  -17.044  71.785 0.0000000000
109133  -9.943  -16.428  71.455 0.0000000000
109134  -9.500  -16.777  71.950 0.0000000000
109135  -9.049  -16.531  72.005 0.0000000000
109136  -8.581  -16.313  71.986 0.0000000000
109137  -8.139  -16.184  71.898 0.0000000000
109138  -8.124  -16.790  72.194 0.0000000000
109139  -7.674  -17.323  72.273 0.0000000000
109140  -7.287  -17.940  72.254 0.0000000000
109141  -10.518  -22.469  73.913 0.0000000000
109142  -10.428  -21.676  73.784 0.0000000000
109143  -9.985  -22.300  73.915 0.0000000000
109144  -9.477  -22.133  73.869 0.0000000000
109145  -8.979  -21.983  73.771 0.0000000000
115233  -35.583  -17.610  65.757 0.0000000000
115250  -36.200  -16.139  65.049 0.0000000000
115506  -10.750  -9.632  68.490 0.0000000000
115507  -10.299  -10.061  68.325 0.0000000000
115508  -10.572  -10.162  68.590 0.0000000000
115509  -10.390  -10.756  68.772 0.0000000000
115510  -10.201  -11.330  68.922 0.0000000000
115511  -11.103  -11.182  68.882 0.0000000000
115512  -10.545  -11.531  69.012 0.0000000000
115513  -9.971  -11.912  69.219 0.0000000000
115514  -9.875  -12.401  69.512 0.0000000000
115515  -9.744  -12.885  69.822 0.0000000000
115516  -9.531  -13.334  70.138 0.0000000000
115547  -15.848  -8.076  65.726 0.0000000000
115548  -16.153  -7.411  66.097 0.0000000000
115549  -15.782  -7.820  66.319 0.0000000000
115550  -15.668  -7.591  66.904 0.0000000000
115551  -15.602  -7.346  67.481 0.0000000000
115552  -14.828  -8.470  67.487 0.0000000000
115553  -15.118  -7.779  67.785 0.0000000000
115554  -15.449  -7.105  68.024 0.0000000000
115555  -15.165  -6.827  68.460 0.0000000000
115556  -14.811  -6.536  68.757 0.0000000000
115557  -14.380  -6.293  68.876 0.0000000000
115558  -13.962  -6.132  68.807 0.0000000000
115559  -13.889  -6.812  68.931 0.0000000000
115560  -13.387  -7.330  68.938 0.0000000000
115561  -12.821  -7.739  68.840 0.0000000000
115562  -13.024  -8.644  68.903 0.0000000000
115563  -12.656  -8.425  68.894 0.0000000000
115564  -12.295  -8.238  68.771 0.0000000000
115565  -11.772  -8.729  68.699 0.0000000000
115566  -11.274  -9.168  68.587 0.0000000000
116136  -20.273  -17.480  63.205 0.0000000000
116137  -20.135  -17.637  63.833 0.0000000000
116138  -20.682  -17.615  63.992 0.0000000000
116139  -21.139  -17.798  64.808 0.0000000000
116140  -21.391  -17.906  65.520 0.0000000000
116141  -22.130  -17.659  65.133 0.0000000000
116142  -21.877  -17.863  65.683 0.0000000000
116143  -21.766  -18.012  66.255 0.0000000000
116144  -22.041  -18.108  66.946 0.0000000000
116145  -22.300  -18.296  67.739 0.0000000000
116146  -22.533  -18.460  68.499 0.0000000000
116177  -25.510  -14.829  60.209 0.0000000000
116178  -25.087  -14.761  59.479 0.0000000000
116179  -25.029  -14.946  60.075 0.0000000000
116180  -24.555  -15.088  59.984 0.0000000000
116181  -23.973  -15.238  59.788 0.0000000000
116182  -24.221  -15.720  61.124 0.0000000000
116183  -23.895  -15.576  60.386 0.0000000000
116184  -23.545  -15.337  59.662 0.0000000000
116185  -23.028  -15.457  59.529 0.0000000000
116186  -22.487  -15.593  59.417 0.0000000000
116187  -21.980  -15.644  59.331 0.0000000000
116188  -21.459  -15.617  59.197 0.0000000000
116189  -21.814  -15.992  59.763 0.0000000000
116190  -21.548  -16.323  60.256 0.0000000000
116191  -21.345  -16.609  60.796 0.0000000000
116192  -22.194  -16.760  61.671 0.0000000000
116193  -21.711  -16.836  61.532 0.0000000000
116194  -21.189  -16.863  61.411 0.0000000000
116195  -20.868  -17.085  61.995 0.0000000000
116196  -20.612  -17.301  62.615 0.0000000000
118656  -27.975  -15.593  66.235 0.0000000000
118657  -27.851  -15.989  66.876 0.0000000000
118658  -28.304  -15.978  67.069 0.0000000000
118659  -28.677  -16.452  67.809 0.0000000000
118660  -28.939  -17.026  68.437 0.0000000000
118661  -29.660  -16.647  68.036 0.0000000000
118662  -29.480  -17.278  68.527 0.0000000000
118663  -29.266  -17.742  68.877 0.0000000000
118664  -29.457  -18.662  68.939 0.0000000000
118665  -29.465  -19.541  68.785 0.0000000000
118666  -29.472  -20.409  68.254 0.0000000000
118696  -31.484  -12.734  55.261 0.0000000000
118697  -33.594  -13.070  62.954 0.0000000000
118698  -33.313  -12.882  62.087 0.0000000000
118699  -32.943  -13.114  62.627 0.0000000000
118700  -32.555  -13.082  62.592 0.0000000000
118701  -31.949  -13.071  62.335 0.0000000000
118702  -32.079  -13.543  63.894 0.0000000000
118703  -31.691  -13.254  63.040 0.0000000000
118704  -31.440  -13.140  62.158 0.0000000000
118705  -30.855  -13.105  61.912 0.0000000000
118706  -30.288  -13.195  61.748 0.0000000000
118707  -29.856  -13.353  61.560 0.0000000000
118708  -29.358  -13.442  61.355 0.0000000000
118709  -29.754  -13.567  62.228 0.0000000000
118710  -29.646  -13.873  62.904 0.0000000000
118711  -29.430  -14.265  63.532 0.0000000000
118712  -30.175  -14.447  64.522 0.0000000000
118713  -29.681  -14.543  64.361 0.0000000000
118714  -29.093  -14.603  64.183 0.0000000000
118715  -28.676  -14.943  64.928 0.0000000000
118716  -28.347  -15.236  65.609 0.0000000000
119642  -11.818  -5.506  65.554 0.0000000000
119643  -11.860  -4.843  65.324 0.0000000000
119644  -11.615  -5.481  65.096 0.0000000000
119645  -11.436  -5.440  64.641 0.0000000000
119647  -10.917  -6.695  64.347 0.0000000000
119648  -11.034  -6.086  64.098 0.0000000000
121365  -14.069  -13.554  64.454 0.0000000000
121366  -13.793  -13.918  64.914 0.0000000000
121367  -13.946  -14.261  64.605 0.0000000000
121368  -13.844  -14.980  64.766 0.0000000000
121369  -13.806  -15.693  64.909 0.0000000000
121370  -14.255  -15.740  64.212 0.0000000000
121371  -14.036  -16.034  64.667 0.0000000000
121372  -13.797  -16.359  65.138 0.0000000000
121373  -13.885  -16.966  65.454 0.0000000000
121374  -14.008  -17.560  65.814 0.0000000000
121375  -14.162  -18.158  66.260 0.0000000000
121376  -18.558  -19.205  68.390 0.0000000000
121377  -18.026  -19.261  68.215 0.0000000000
121378  -18.249  -19.407  68.913 0.0000000000
121379  -18.005  -19.598  69.429 0.0000000000
121380  -17.694  -19.831  69.985 0.0000000000
121381  -18.388  -20.053  70.678 0.0000000000
121382  -17.917  -20.053  70.591 0.0000000000
121383  -17.421  -20.058  70.544 0.0000000000
121384  -17.118  -20.276  71.013 0.0000000000
121385  -16.836  -20.537  71.462 0.0000000000
121386  -16.543  -20.891  71.926 0.0000000000
121387  -16.209  -21.259  72.277 0.0000000000
121388  -16.683  -21.347  72.188 0.0000000000
121397  -26.058  -20.132  69.833 0.0000000000
121398  -25.661  -19.927  69.991 0.0000000000
121399  -25.638  -20.652  69.677 0.0000000000
121400  -25.177  -21.172  69.409 0.0000000000
121401  -24.730  -21.568  69.082 0.0000000000
121402  -24.804  -22.077  67.789 0.0000000000
121403  -24.500  -22.010  68.260 0.0000000000
121404  -24.232  -21.929  68.745 0.0000000000
121405  -23.706  -22.224  68.294 0.0000000000
121407  -22.459  -22.666  67.449 0.0000000000
121490  -27.482  -12.058  49.074 0.0000000000
121491  -27.077  -11.729  48.326 0.0000000000
121492  -26.890  -12.046  49.049 0.0000000000
121493  -26.379  -11.857  48.983 0.0000000000
121494  -25.893  -11.762  49.055 0.0000000000
121495  -26.219  -12.324  50.452 0.0000000000
121496  -25.685  -11.911  49.722 0.0000000000
121497  -25.334  -11.532  49.131 0.0000000000
121498  -24.832  -11.398  49.317 0.0000000000
121499  -24.335  -11.176  49.440 0.0000000000
121500  -23.956  -10.969  49.589 0.0000000000
121501  -22.466  -12.601  54.712 0.0000000000
121502  -22.616  -12.306  54.020 0.0000000000
121503  -22.220  -12.139  54.253 0.0000000000
121504  -21.960  -11.593  53.841 0.0000000000
121505  -21.759  -11.011  53.472 0.0000000000
121506  -21.338  -11.108  54.508 0.0000000000
121507  -21.471  -10.718  53.814 0.0000000000
121508  -21.610  -10.374  53.204 0.0000000000
121509  -21.502  -9.685  52.886 0.0000000000
121516  -20.631  -8.423  54.533 0.0000000000
121522  -19.906  -5.625  56.172 0.0000000000
121523  -20.118  -6.377  56.292 0.0000000000
121524  -20.212  -6.753  56.930 0.0000000000
121525  -20.263  -7.200  57.542 0.0000000000
121526  -20.254  -8.356  57.180 0.0000000000
121527  -20.237  -8.042  57.663 0.0000000000
121528  -20.230  -7.673  58.128 0.0000000000
121529  -20.107  -8.070  58.557 0.0000000000
121530  -19.927  -8.457  58.924 0.0000000000
121531  -19.664  -8.788  59.186 0.0000000000
121532  -17.971  -13.942  59.640 0.0000000000
121533  -17.901  -13.208  59.463 0.0000000000
121534  -17.617  -13.522  59.847 0.0000000000
121535  -17.328  -13.102  60.094 0.0000000000
121536  -17.074  -12.705  60.343 0.0000000000
121537  -16.668  -13.834  60.762 0.0000000000
121538  -16.763  -13.074  60.661 0.0000000000
121539  -16.856  -12.341  60.586 0.0000000000
121540  -16.695  -11.868  60.903 0.0000000000
121541  -16.559  -11.440  61.233 0.0000000000
121542  -16.428  -11.017  61.600 0.0000000000
121543  -16.350  -10.586  61.999 0.0000000000
121544  -16.104  -11.332  61.903 0.0000000000
121545  -15.737  -11.705  62.238 0.0000000000
121546  -15.371  -12.047  62.571 0.0000000000
121547  -15.300  -13.279  62.360 0.0000000000
121548  -15.168  -12.863  62.673 0.0000000000
121549  -15.056  -12.453  63.028 0.0000000000
121550  -14.699  -12.805  63.477 0.0000000000
121551  -14.364  -13.168  63.981 0.0000000000
123917  -11.705  -16.416  69.063 0.0000000000
123918  -11.449  -16.069  69.409 0.0000000000
123919  -11.406  -16.651  69.705 0.0000000000
123920  -11.042  -16.914  70.313 0.0000000000
123921  -10.690  -17.134  70.955 0.0000000000
123922  -11.074  -17.993  71.151 0.0000000000
123923  -10.689  -17.643  71.388 0.0000000000
123924  -10.330  -17.327  71.591 0.0000000000
123925  -9.992  -17.652  72.152 0.0000000000
123926  -9.568  -18.033  72.604 0.0000000000
123927  -9.183  -18.479  72.934 0.0000000000
128727  -32.106  -16.152  67.034 0.0000000000
128728  -31.912  -16.800  67.525 0.0000000000
128729  -32.394  -17.051  67.468 0.0000000000
128730  -32.446  -17.867  67.667 0.0000000000
128731  -32.625  -18.839  67.498 0.0000000000
128732  -33.353  -18.413  67.169 0.0000000000
128733  -32.916  -18.991  67.240 0.0000000000
128734  -32.550  -19.660  67.208 0.0000000000
128774  -33.747  -13.408  63.686 0.0000000000
128775  -33.679  -13.810  64.278 0.0000000000
128776  -33.237  -14.118  64.814 0.0000000000
128777  -33.982  -14.868  65.411 0.0000000000
128778  -33.597  -14.855  65.355 0.0000000000
128779  -32.934  -14.552  65.308 0.0000000000
128780  -32.821  -15.110  65.914 0.0000000000
128781  -32.429  -15.526  66.429 0.0000000000
129473  -9.184  -10.612  66.440 0.0000000000
129479  -9.827  -10.524  68.205 0.0000000000
129480  -9.357  -11.036  68.036 0.0000000000
129481  -8.871  -11.564  67.908 0.0000000000
129482  -8.829  -12.068  68.667 0.0000000000
129483  -8.605  -12.056  68.260 0.0000000000
129484  -8.407  -12.076  67.830 0.0000000000
129485  -7.967  -12.611  67.778 0.0000000000
129486  -7.524  -13.149  67.692 0.0000000000
129487  -7.129  -13.702  67.695 0.0000000000
129489  -6.677  -14.665  68.496 0.0000000000
129490  -6.501  -15.186  68.871 0.0000000000
129491  -7.073  -14.501  69.449 0.0000000000
129492  -6.693  -15.085  69.341 0.0000000000
129493  -6.386  -15.655  69.258 0.0000000000
129494  -6.316  -16.158  69.590 0.0000000000
129495  -6.263  -16.701  69.905 0.0000000000
129581  -19.121  -5.403  63.941 0.0000000000
129582  -19.425  -4.863  64.392 0.0000000000
129583  -19.063  -5.034  64.589 0.0000000000
129584  -18.977  -4.585  65.301 0.0000000000
129585  -18.811  -4.140  65.922 0.0000000000
129586  -18.151  -5.004  65.619 0.0000000000
129587  -18.436  -4.372  66.050 0.0000000000
129588  -18.549  -3.761  66.449 0.0000000000
129592  -16.484  -6.656  66.459 0.0000000000
129593  -16.811  -5.949  66.785 0.0000000000
129594  -17.012  -5.219  67.172 0.0000000000
129595  -16.494  -5.432  67.815 0.0000000000
129596  -16.827  -5.004  67.675 0.0000000000
129597  -17.171  -4.504  67.530 0.0000000000
129598  -17.261  -3.865  67.748 0.0000000000
129618  -12.549  -4.366  66.431 0.0000000000
129619  -12.285  -4.946  66.206 0.0000000000
129620  -13.640  -5.957  68.608 0.0000000000
129621  -13.308  -5.834  68.329 0.0000000000
129622  -12.968  -5.767  67.975 0.0000000000
129623  -12.361  -6.844  68.049 0.0000000000
129624  -12.522  -6.271  67.794 0.0000000000
129625  -12.698  -5.695  67.504 0.0000000000
129626  -12.436  -5.639  66.984 0.0000000000
129627  -12.207  -5.584  66.468 0.0000000000
129628  -12.023  -5.520  65.995 0.0000000000
129629  -11.711  -6.101  65.844 0.0000000000
129630  -11.350  -6.696  65.655 0.0000000000
129631  -10.993  -7.262  65.554 0.0000000000
129632  -10.883  -7.801  66.392 0.0000000000
129633  -10.751  -7.835  65.923 0.0000000000
129634  -10.612  -7.844  65.440 0.0000000000
129635  -10.265  -8.457  65.313 0.0000000000
131178  -16.117  -16.543  62.633 0.0000000000
131179  -15.903  -16.839  63.115 0.0000000000
131180  -16.363  -17.089  63.101 0.0000000000
131181  -16.674  -17.564  63.645 0.0000000000
131182  -17.052  -17.928  64.245 0.0000000000
131183  -17.779  -17.829  63.853 0.0000000000
131184  -17.612  -18.017  64.368 0.0000000000
131185  -17.414  -18.266  64.930 0.0000000000
131186  -17.810  -18.524  65.622 0.0000000000
131187  -18.137  -18.725  66.340 0.0000000000
131188  -18.493  -18.873  67.035 0.0000000000
131189  -19.942  -17.870  64.402 0.0000000000
131190  -19.878  -18.024  65.032 0.0000000000
131191  -19.694  -18.190  65.583 0.0000000000
131192  -20.512  -18.301  66.436 0.0000000000
131193  -19.968  -18.355  66.260 0.0000000000
131194  -19.425  -18.420  66.128 0.0000000000
131195  -19.235  -18.616  66.679 0.0000000000
131196  -19.021  -18.797  67.226 0.0000000000
131197  -18.776  -18.976  67.763 0.0000000000
131198  -19.074  -19.137  68.547 0.0000000000
131199  -19.257  -19.347  69.218 0.0000000000
131200  -19.514  -19.567  69.843 0.0000000000
131201  -20.273  -19.281  69.497 0.0000000000
131202  -19.973  -19.564  69.963 0.0000000000
131203  -19.655  -19.876  70.419 0.0000000000
131204  -19.905  -20.235  70.885 0.0000000000
131205  -20.026  -20.710  71.204 0.0000000000
131291  -26.593  -13.264  54.513 0.0000000000
131292  -26.248  -13.226  53.864 0.0000000000
131293  -26.047  -13.275  54.483 0.0000000000
131294  -25.565  -13.261  54.616 0.0000000000
131295  -25.063  -13.276  54.653 0.0000000000
131296  -25.364  -13.723  56.097 0.0000000000
131297  -25.010  -13.489  55.403 0.0000000000
131298  -24.575  -13.286  54.729 0.0000000000
131299  -24.169  -13.275  54.832 0.0000000000
131300  -23.735  -13.281  54.959 0.0000000000
131301  -23.192  -13.185  55.082 0.0000000000
131302  -24.752  -14.695  58.857 0.0000000000
131303  -24.419  -14.585  58.116 0.0000000000
131304  -24.116  -14.392  57.516 0.0000000000
131305  -23.450  -14.691  58.053 0.0000000000
131306  -23.601  -14.455  57.484 0.0000000000
131307  -23.810  -14.170  56.871 0.0000000000
131308  -23.447  -13.852  56.317 0.0000000000
131309  -23.092  -13.519  55.749 0.0000000000
131310  -22.773  -13.094  55.217 0.0000000000
131311  -22.300  -12.975  55.369 0.0000000000
131312  -21.783  -12.816  55.551 0.0000000000
131313  -21.422  -12.641  55.754 0.0000000000
131314  -21.500  -13.488  56.563 0.0000000000
131315  -21.238  -12.948  56.257 0.0000000000
131316  -21.078  -12.463  55.959 0.0000000000
131317  -20.742  -12.195  56.155 0.0000000000
131318  -20.461  -11.895  56.395 0.0000000000
131319  -20.227  -11.659  56.665 0.0000000000
131320  -20.008  -11.347  56.955 0.0000000000
131321  -19.943  -11.956  57.024 0.0000000000
131322  -19.719  -12.272  57.384 0.0000000000
131323  -19.400  -12.509  57.738 0.0000000000
131324  -19.855  -13.452  57.738 0.0000000000
131325  -19.496  -13.155  57.887 0.0000000000
131326  -19.179  -12.889  58.025 0.0000000000
131327  -18.966  -13.275  58.291 0.0000000000
131328  -18.707  -13.617  58.646 0.0000000000
131329  -18.480  -13.921  59.020 0.0000000000
131330  -20.927  -15.552  59.091 0.0000000000
131331  -20.410  -15.453  59.048 0.0000000000
131332  -19.922  -15.307  59.068 0.0000000000
131333  -19.948  -16.131  60.074 0.0000000000
131334  -19.652  -15.660  59.534 0.0000000000
131335  -19.438  -15.122  59.118 0.0000000000
131336  -19.007  -14.913  59.177 0.0000000000
131337  -18.621  -14.621  59.298 0.0000000000
131338  -18.284  -14.283  59.460 0.0000000000
131339  -17.972  -14.611  59.863 0.0000000000
131340  -17.654  -14.955  60.325 0.0000000000
131341  -17.329  -15.322  60.787 0.0000000000
131342  -17.958  -16.174  61.200 0.0000000000
131343  -17.476  -15.931  61.190 0.0000000000
131344  -17.019  -15.609  61.198 0.0000000000
131345  -16.694  -15.969  61.664 0.0000000000
131346  -16.392  -16.262  62.127 0.0000000000
133487  -12.673  -20.505  72.746 0.0000000000
133488  -12.166  -20.348  72.851 0.0000000000
133489  -12.302  -20.939  73.167 0.0000000000
133490  -11.917  -21.411  73.453 0.0000000000
133491  -11.479  -21.958  73.689 0.0000000000
133492  -12.151  -22.782  73.755 0.0000000000
133493  -11.557  -22.714  73.840 0.0000000000
133494  -11.012  -22.613  73.891 0.0000000000
138009  -24.354  -16.776  64.513 0.0000000000
138010  -24.243  -16.951  65.184 0.0000000000
138011  -24.660  -16.836  65.352 0.0000000000
138012  -24.927  -16.962  66.142 0.0000000000
138013  -25.224  -17.155  66.951 0.0000000000
138014  -25.824  -16.744  66.587 0.0000000000
138015  -25.648  -17.073  67.178 0.0000000000
138016  -25.544  -17.400  67.843 0.0000000000
138017  -25.698  -17.701  68.614 0.0000000000
138018  -25.991  -18.230  69.238 0.0000000000
138019  -26.252  -18.828  69.700 0.0000000000
138020  -27.778  -16.416  67.506 0.0000000000
138021  -27.516  -16.852  68.038 0.0000000000
138022  -27.257  -17.336  68.569 0.0000000000
138023  -27.996  -18.002  69.161 0.0000000000
138024  -27.624  -17.919  69.128 0.0000000000
138025  -27.111  -17.870  69.052 0.0000000000
138026  -26.828  -18.417  69.400 0.0000000000
138027  -26.660  -19.010  69.698 0.0000000000
138028  -26.356  -19.563  69.844 0.0000000000
138029  -26.421  -20.344  69.579 0.0000000000
138030  -26.277  -20.986  69.050 0.0000000000
138038  -31.579  -17.371  67.977 0.0000000000
138039  -31.420  -18.064  68.213 0.0000000000
138040  -31.007  -18.760  68.392 0.0000000000
138041  -31.457  -19.838  67.735 0.0000000000
138042  -31.115  -19.673  68.030 0.0000000000
138043  -30.680  -19.451  68.331 0.0000000000
138044  -30.288  -20.009  68.215 0.0000000000
138097  -28.805  -10.745  46.720 0.0000000000
138098  -28.563  -11.148  47.245 0.0000000000
138100  -28.203  -11.831  48.537 0.0000000000
138108  -28.457  -12.032  49.129 0.0000000000
138109  -27.939  -12.146  49.153 0.0000000000
138110  -27.847  -12.340  49.834 0.0000000000
138111  -27.774  -12.611  50.500 0.0000000000
138112  -27.685  -12.765  51.129 0.0000000000
138113  -28.506  -12.903  51.903 0.0000000000
138114  -28.065  -12.918  51.889 0.0000000000
138115  -27.518  -12.948  51.805 0.0000000000
138116  -27.479  -13.038  52.596 0.0000000000
138117  -27.414  -13.158  53.288 0.0000000000
138118  -27.209  -13.242  53.982 0.0000000000
138127  -31.344  -12.912  55.893 0.0000000000
138128  -33.013  -12.741  61.113 0.0000000000
138135  -31.266  -12.951  56.627 0.0000000000
138136  -30.902  -13.032  55.727 0.0000000000
138137  -30.273  -13.170  55.425 0.0000000000
138138  -29.778  -13.165  55.250 0.0000000000
138139  -29.203  -13.266  54.999 0.0000000000
138140  -29.436  -13.232  56.442 0.0000000000
138141  -29.064  -13.290  55.596 0.0000000000
138142  -28.666  -13.272  54.821 0.0000000000
138143  -28.133  -13.327  54.736 0.0000000000
138144  -27.708  -13.287  54.619 0.0000000000
138145  -27.080  -13.304  54.502 0.0000000000
138146  -26.931  -13.279  55.184 0.0000000000
138147  -26.843  -13.341  56.021 0.0000000000
138148  -26.764  -13.561  56.841 0.0000000000
138149  -27.688  -13.435  57.740 0.0000000000
138150  -27.137  -13.623  57.643 0.0000000000
138151  -26.682  -13.831  57.661 0.0000000000
138152  -26.490  -14.046  58.361 0.0000000000
138153  -26.365  -14.308  59.071 0.0000000000
138154  -26.136  -14.471  59.750 0.0000000000
138155  -28.929  -13.627  61.158 0.0000000000
138156  -28.408  -13.794  60.967 0.0000000000
138157  -27.977  -14.007  60.812 0.0000000000
138158  -28.140  -14.401  62.352 0.0000000000
138159  -27.831  -14.239  61.499 0.0000000000
138160  -27.404  -14.201  60.687 0.0000000000
138161  -26.958  -14.387  60.601 0.0000000000
138162  -26.505  -14.538  60.479 0.0000000000
138163  -26.041  -14.683  60.361 0.0000000000
138164  -25.893  -14.885  60.961 0.0000000000
138165  -25.650  -15.158  61.579 0.0000000000
138166  -25.431  -15.491  62.273 0.0000000000
138167  -26.086  -15.445  63.227 0.0000000000
138168  -25.589  -15.627  63.012 0.0000000000
138169  -25.101  -15.813  62.817 0.0000000000
138170  -24.830  -16.116  63.394 0.0000000000
138171  -24.627  -16.459  63.922 0.0000000000
140512  -19.607  -4.223  64.841 0.0000000000
145095  -12.943  -11.275  67.263 0.0000000000
145096  -12.596  -11.780  67.502 0.0000000000
145097  -12.751  -11.988  67.200 0.0000000000
145098  -12.601  -12.653  67.238 0.0000000000
145099  -12.506  -13.289  67.382 0.0000000000
145100  -12.957  -13.185  66.612 0.0000000000
145101  -12.674  -13.519  67.096 0.0000000000
145102  -12.427  -13.847  67.588 0.0000000000
145103  -12.317  -14.385  67.772 0.0000000000
145104  -12.206  -14.986  67.960 0.0000000000
145105  -12.086  -15.577  68.163 0.0000000000
145106  -13.584  -14.271  65.419 0.0000000000
145107  -13.363  -14.649  65.853 0.0000000000
145108  -13.133  -14.975  66.312 0.0000000000
145109  -13.141  -15.996  66.171 0.0000000000
145110  -12.974  -15.651  66.493 0.0000000000
145111  -12.827  -15.299  66.829 0.0000000000
145112  -12.553  -15.616  67.312 0.0000000000
145113  -12.255  -15.912  67.846 0.0000000000
145114  -11.978  -16.153  68.482 0.0000000000
145115  -11.916  -16.732  68.758 0.0000000000
145116  -11.902  -17.360  69.082 0.0000000000
145117  -11.938  -17.927  69.484 0.0000000000
145118  -12.445  -17.994  68.602 0.0000000000
145119  -12.248  -18.222  69.286 0.0000000000
145120  -12.056  -18.412  69.960 0.0000000000
145121  -12.181  -18.862  70.556 0.0000000000
145122  -12.409  -19.274  71.070 0.0000000000
145123  -12.632  -19.688  71.670 0.0000000000
145124  -15.702  -17.117  63.620 0.0000000000
145125  -15.480  -17.416  64.078 0.0000000000
145126  -15.326  -17.644  64.610 0.0000000000
145127  -16.118  -18.324  65.215 0.0000000000
145128  -15.563  -18.169  65.125 0.0000000000
145129  -15.103  -17.916  65.129 0.0000000000
145130  -14.876  -18.170  65.666 0.0000000000
145131  -14.633  -18.402  66.237 0.0000000000
145132  -14.426  -18.598  66.849 0.0000000000
145133  -17.448  -19.281  68.033 0.0000000000
145134  -16.863  -19.288  67.907 0.0000000000
145135  -16.307  -19.272  67.786 0.0000000000
145136  -16.419  -19.593  69.036 0.0000000000
145137  -16.069  -19.425  68.360 0.0000000000
145138  -15.754  -19.227  67.657 0.0000000000
145139  -15.242  -19.119  67.577 0.0000000000
145140  -14.710  -18.973  67.515 0.0000000000
145141  -14.172  -18.786  67.503 0.0000000000
145142  -13.995  -18.993  68.145 0.0000000000
145143  -13.791  -19.187  68.730 0.0000000000
145144  -13.616  -19.318  69.431 0.0000000000
145145  -14.348  -19.754  70.082 0.0000000000
145146  -13.853  -19.635  70.077 0.0000000000
145147  -13.378  -19.480  70.139 0.0000000000
145148  -13.207  -19.657  70.853 0.0000000000
145149  -13.051  -19.841  71.542 0.0000000000
145150  -12.915  -20.147  72.213 0.0000000000
145151  -13.131  -20.642  72.651 0.0000000000
145152  -13.280  -21.144  73.047 0.0000000000
145153  -13.449  -21.692  73.311 0.0000000000
145154  -14.187  -21.300  72.907 0.0000000000
145155  -13.903  -21.762  73.214 0.0000000000
145156  -13.570  -22.316  73.420 0.0000000000
145160  -15.919  -21.675  72.557 0.0000000000
145161  -15.533  -22.184  72.737 0.0000000000
145178  -24.033  -17.312  65.735 0.0000000000
145179  -23.845  -17.526  66.388 0.0000000000
145180  -23.670  -17.768  66.949 0.0000000000
145181  -24.287  -17.842  67.965 0.0000000000
145182  -23.916  -17.892  67.754 0.0000000000
145183  -23.497  -17.940  67.574 0.0000000000
145184  -23.157  -18.191  68.110 0.0000000000
145185  -23.031  -18.423  68.689 0.0000000000
145186  -22.791  -18.696  69.178 0.0000000000
145187  -25.277  -19.713  70.084 0.0000000000
145188  -24.864  -19.560  70.106 0.0000000000
145189  -24.390  -19.406  70.055 0.0000000000
145190  -24.164  -20.557  70.170 0.0000000000
145191  -24.109  -19.844  70.255 0.0000000000
145192  -23.936  -19.240  69.996 0.0000000000
145193  -23.495  -19.137  69.878 0.0000000000
145194  -23.023  -19.052  69.743 0.0000000000
145195  -22.568  -19.040  69.632 0.0000000000
145196  -22.291  -19.413  70.061 0.0000000000
145197  -21.972  -19.770  70.391 0.0000000000
145211  -22.286  -22.962  65.791 0.0000000000
145212  -22.055  -22.925  66.446 0.0000000000
145213  -21.813  -22.890  66.996 0.0000000000
145221  -21.182  -23.133  66.551 0.0000000000
145222  -21.592  -22.849  67.546 0.0000000000
145430  -26.759  -11.342  47.648 0.0000000000
145431  -26.388  -10.878  46.965 0.0000000000
145432  -26.027  -10.372  46.374 0.0000000000
145433  -25.398  -10.545  47.132 0.0000000000
145435  -25.719  -9.828  45.888 0.0000000000
145448  -25.738  -13.047  53.159 0.0000000000
145449  -25.356  -12.851  52.514 0.0000000000
145450  -24.979  -12.516  51.955 0.0000000000
145451  -24.408  -12.641  52.700 0.0000000000
145452  -24.514  -12.441  52.043 0.0000000000
145453  -24.566  -12.110  51.325 0.0000000000
145454  -24.185  -11.708  50.822 0.0000000000
145455  -23.889  -11.298  50.255 0.0000000000
145456  -23.574  -10.831  49.786 0.0000000000
145457  -22.626  -11.933  53.277 0.0000000000
145458  -22.835  -11.753  52.682 0.0000000000
145459  -22.907  -11.427  52.009 0.0000000000
145460  -22.318  -10.652  51.878 0.0000000000
145461  -22.670  -10.861  51.607 0.0000000000
145462  -23.001  -11.105  51.325 0.0000000000
145463  -23.082  -10.855  50.650 0.0000000000
145464  -23.160  -10.472  49.933 0.0000000000
145465  -23.246  -10.188  49.287 0.0000000000
145466  -23.024  -9.626  48.851 0.0000000000
145514  -20.188  -5.844  58.457 0.0000000000
145523  -20.366  -5.659  61.143 0.0000000000
145524  -20.383  -5.296  61.633 0.0000000000
145526  -20.221  -5.280  62.549 0.0000000000
145527  -19.935  -5.490  62.902 0.0000000000
145528  -19.553  -5.680  63.217 0.0000000000
145529  -19.825  -11.006  57.248 0.0000000000
145530  -19.707  -10.640  57.617 0.0000000000
145531  -19.588  -10.303  57.964 0.0000000000
145532  -19.067  -11.207  58.193 0.0000000000
145533  -19.280  -10.563  58.235 0.0000000000
145534  -19.501  -10.044  58.279 0.0000000000
145535  -19.407  -9.691  58.655 0.0000000000
145536  -19.360  -9.335  59.073 0.0000000000
145537  -19.321  -8.996  59.485 0.0000000000
145538  -17.913  -12.546  59.359 0.0000000000
145539  -18.016  -11.799  59.310 0.0000000000
145540  -18.142  -11.121  59.306 0.0000000000
145541  -17.707  -10.896  60.074 0.0000000000
145542  -18.027  -10.683  59.702 0.0000000000
145543  -18.343  -10.388  59.404 0.0000000000
145544  -18.617  -9.798  59.526 0.0000000000
145545  -18.911  -9.200  59.724 0.0000000000
145546  -19.281  -8.631  59.933 0.0000000000
145547  -19.240  -8.232  60.401 0.0000000000
145548  -19.216  -7.844  60.849 0.0000000000
145549  -19.213  -7.463  61.361 0.0000000000
145550  -18.413  -8.120  61.371 0.0000000000
145551  -18.799  -7.608  61.578 0.0000000000
145552  -19.190  -7.065  61.866 0.0000000000
145553  -19.199  -6.644  62.378 0.0000000000
145554  -19.166  -6.226  62.894 0.0000000000
145555  -19.130  -5.822  63.411 0.0000000000
145556  -18.738  -6.028  63.566 0.0000000000
145557  -18.388  -6.200  63.777 0.0000000000
145558  -17.911  -6.430  63.960 0.0000000000
145559  -17.595  -7.396  63.119 0.0000000000
145560  -17.554  -7.045  63.671 0.0000000000
145561  -17.500  -6.730  64.218 0.0000000000
145562  -17.026  -7.079  64.468 0.0000000000
145563  -16.620  -7.410  64.769 0.0000000000
145564  -16.307  -7.849  65.007 0.0000000000
145565  -16.291  -10.197  62.404 0.0000000000
145566  -16.233  -9.846  62.797 0.0000000000
145567  -16.172  -9.472  63.264 0.0000000000
145568  -15.510  -10.626  63.417 0.0000000000
145569  -15.797  -9.899  63.535 0.0000000000
145570  -16.118  -9.134  63.764 0.0000000000
145571  -16.050  -8.818  64.250 0.0000000000
145572  -15.964  -8.547  64.723 0.0000000000
145573  -15.893  -8.312  65.206 0.0000000000
145574  -15.515  -8.715  65.566 0.0000000000
145575  -15.148  -9.131  65.864 0.0000000000
145576  -14.729  -9.559  66.129 0.0000000000
145577  -14.468  -10.444  65.538 0.0000000000
145578  -14.381  -10.229  65.993 0.0000000000
145579  -14.279  -10.035  66.452 0.0000000000
145580  -13.838  -10.398  66.769 0.0000000000
145581  -13.398  -10.819  67.044 0.0000000000
151688  -12.243  -12.166  67.898 0.0000000000
151689  -11.869  -12.556  68.380 0.0000000000
151690  -11.484  -12.853  68.900 0.0000000000
151691  -11.651  -13.612  68.804 0.0000000000
151692  -11.351  -13.347  69.136 0.0000000000
151693  -11.008  -13.074  69.392 0.0000000000
151694  -10.546  -13.322  69.793 0.0000000000
151695  -9.984  -13.555  70.133 0.0000000000
151696  -9.398  -13.831  70.475 0.0000000000
151697  -11.167  -15.711  69.762 0.0000000000
151698  -10.869  -15.400  70.077 0.0000000000
151699  -10.537  -15.106  70.336 0.0000000000
151700  -10.004  -15.899  71.104 0.0000000000
151701  -10.086  -15.350  70.814 0.0000000000
151702  -10.146  -14.811  70.543 0.0000000000
151703  -9.744  -14.568  70.685 0.0000000000
151704  -9.313  -14.323  70.722 0.0000000000
151705  -8.838  -14.122  70.641 0.0000000000
151706  -8.323  -14.514  70.911 0.0000000000
151707  -7.851  -14.955  71.008 0.0000000000
151708  -7.329  -15.470  71.058 0.0000000000
151709  -7.679  -16.081  71.692 0.0000000000
151710  -7.261  -16.019  71.400 0.0000000000
151711  -6.917  -15.990  71.001 0.0000000000
151712  -6.581  -16.543  70.889 0.0000000000
151715  -11.695  -20.181  72.940 0.0000000000
151716  -11.202  -19.987  73.040 0.0000000000
151717  -10.723  -19.782  73.107 0.0000000000
151718  -10.420  -20.965  73.604 0.0000000000
151719  -10.331  -20.195  73.383 0.0000000000
151720  -10.235  -19.593  73.175 0.0000000000
151721  -9.722  -19.386  73.202 0.0000000000
151722  -9.267  -19.169  73.190 0.0000000000
151723  -8.732  -18.978  73.169 0.0000000000
151725  -8.594  -22.636  73.739 0.0000000000
151726  -8.535  -21.853  73.616 0.0000000000
151728  -8.096  -21.701  73.389 0.0000000000
151729  -8.551  -21.037  73.510 0.0000000000
151730  -8.475  -20.301  73.369 0.0000000000
151731  -8.316  -19.559  73.197 0.0000000000
151732  -8.226  -18.826  73.026 0.0000000000
151733  -7.775  -18.681  72.826 0.0000000000
151734  -7.365  -18.616  72.547 0.0000000000
151735  -6.980  -18.569  72.160 0.0000000000
