#!ascii label  , from subject fsaverage vox2ras=TkReg
938
296  -33.725  -77.447  39.345 0.0000000000
562  -28.486  -67.019  24.381 0.0000000000
564  -31.525  -73.941  31.211 0.0000000000
1243  -25.222  -63.328  29.017 0.0000000000
1244  -28.297  -64.450  31.158 0.0000000000
1248  -34.542  -79.616  32.770 0.0000000000
1249  -31.766  -77.565  35.503 0.0000000000
2325  -25.447  -68.010  24.111 0.0000000000
2326  -27.524  -71.706  19.627 0.0000000000
2330  -32.266  -72.790  43.381 0.0000000000
2331  -31.294  -70.771  39.235 0.0000000000
2332  -30.752  -67.838  34.860 0.0000000000
2333  -30.447  -70.104  27.168 0.0000000000
3168  -35.204  -80.918  30.047 0.0000000000
3169  -33.088  -80.519  31.334 0.0000000000
4240  -20.664  -77.737  39.774 0.0000000000
5170  -27.139  -64.952  26.523 0.0000000000
5171  -25.498  -65.362  26.192 0.0000000000
5172  -26.877  -67.037  23.885 0.0000000000
5173  -26.634  -69.681  21.788 0.0000000000
5174  -28.177  -68.996  21.625 0.0000000000
5183  -34.562  -74.916  42.629 0.0000000000
5185  -32.604  -75.679  41.831 0.0000000000
5186  -31.799  -76.061  33.008 0.0000000000
5187  -31.906  -74.208  36.905 0.0000000000
5188  -31.754  -72.671  35.065 0.0000000000
5189  -31.197  -69.484  37.430 0.0000000000
5190  -31.446  -70.787  33.053 0.0000000000
5191  -30.749  -68.848  31.154 0.0000000000
5192  -30.982  -71.917  29.231 0.0000000000
6290  -21.422  -76.568  36.766 0.0000000000
6292  -22.197  -75.079  33.912 0.0000000000
6847  -26.912  -63.532  29.842 0.0000000000
6848  -28.617  -65.492  27.668 0.0000000000
6854  -34.261  -78.703  35.964 0.0000000000
6855  -32.180  -78.023  37.945 0.0000000000
6856  -32.657  -79.558  34.601 0.0000000000
6857  -32.087  -78.775  32.215 0.0000000000
6858  -32.141  -77.066  29.675 0.0000000000
6859  -31.938  -75.288  27.344 0.0000000000
7771  -35.523  -75.348  39.403 0.0000000000
7774  -35.570  -76.913  36.383 0.0000000000
7775  -36.211  -77.706  33.572 0.0000000000
9532  -23.598  -68.467  27.766 0.0000000000
9533  -23.646  -64.087  28.847 0.0000000000
9534  -24.279  -66.612  26.705 0.0000000000
9535  -24.471  -69.627  25.126 0.0000000000
9536  -25.416  -71.169  22.688 0.0000000000
9551  -31.980  -75.218  39.374 0.0000000000
9552  -31.598  -71.827  41.285 0.0000000000
9554  -29.877  -68.716  40.181 0.0000000000
9555  -29.345  -67.742  38.189 0.0000000000
9556  -28.754  -66.144  35.714 0.0000000000
9557  -29.733  -66.071  32.711 0.0000000000
9558  -29.834  -67.123  29.198 0.0000000000
9559  -29.808  -68.284  25.426 0.0000000000
9560  -31.599  -73.164  25.168 0.0000000000
9561  -31.139  -71.164  23.232 0.0000000000
9562  -30.011  -69.597  21.923 0.0000000000
9563  -29.351  -71.574  19.017 0.0000000000
11920  -21.007  -78.545  38.487 0.0000000000
11921  -20.670  -78.981  39.946 0.0000000000
12850  -27.855  -65.923  25.485 0.0000000000
12851  -27.058  -65.923  25.130 0.0000000000
12852  -27.715  -66.915  24.028 0.0000000000
12853  -27.511  -67.976  22.732 0.0000000000
12854  -28.309  -67.851  22.958 0.0000000000
12863  -33.995  -76.323  41.168 0.0000000000
12864  -33.463  -75.472  42.438 0.0000000000
12865  -32.909  -76.952  40.827 0.0000000000
12866  -31.712  -75.072  32.015 0.0000000000
12867  -31.772  -74.431  33.992 0.0000000000
12868  -31.600  -73.401  33.076 0.0000000000
12869  -31.660  -71.800  34.175 0.0000000000
12870  -31.391  -72.329  32.192 0.0000000000
12871  -31.120  -71.358  31.159 0.0000000000
12872  -31.289  -72.860  30.227 0.0000000000
14323  -20.944  -75.794  38.103 0.0000000000
14325  -21.763  -75.906  35.315 0.0000000000
15252  -27.704  -63.923  30.390 0.0000000000
15253  -27.899  -64.434  28.687 0.0000000000
15254  -28.554  -64.882  29.414 0.0000000000
15263  -34.404  -79.227  34.406 0.0000000000
15264  -33.320  -79.407  35.484 0.0000000000
15265  -33.556  -79.870  33.773 0.0000000000
15266  -32.724  -80.396  30.100 0.0000000000
15267  -32.405  -79.803  31.739 0.0000000000
15268  -32.289  -79.151  30.503 0.0000000000
15269  -32.123  -77.950  30.879 0.0000000000
17061  -36.002  -74.322  41.011 0.0000000000
17070  -36.668  -76.472  35.027 0.0000000000
17071  -35.989  -77.455  34.826 0.0000000000
21272  -24.384  -63.603  28.814 0.0000000000
21273  -25.536  -66.571  25.123 0.0000000000
21274  -24.765  -65.888  26.403 0.0000000000
21275  -24.909  -67.219  25.422 0.0000000000
21276  -24.415  -68.040  25.894 0.0000000000
21277  -24.905  -68.733  24.581 0.0000000000
21279  -25.404  -69.493  23.324 0.0000000000
21280  -27.151  -70.639  20.744 0.0000000000
21281  -26.469  -71.277  21.137 0.0000000000
21311  -32.734  -73.021  44.170 0.0000000000
21316  -31.889  -77.914  36.759 0.0000000000
21317  -31.879  -76.813  38.590 0.0000000000
21318  -31.767  -76.521  37.163 0.0000000000
21319  -31.715  -72.326  38.128 0.0000000000
21320  -31.776  -72.897  39.232 0.0000000000
21321  -31.430  -71.328  40.175 0.0000000000
21323  -30.759  -70.141  40.757 0.0000000000
21324  -30.194  -69.138  41.034 0.0000000000
21325  -30.504  -69.644  39.800 0.0000000000
21326  -31.018  -68.729  36.137 0.0000000000
21327  -30.359  -68.480  37.875 0.0000000000
21328  -30.266  -67.694  36.526 0.0000000000
21329  -29.062  -67.020  36.835 0.0000000000
21330  -29.866  -66.899  35.320 0.0000000000
21331  -29.359  -66.066  34.231 0.0000000000
21332  -30.310  -66.977  33.773 0.0000000000
21333  -30.516  -69.492  29.116 0.0000000000
21334  -30.286  -67.960  30.155 0.0000000000
21335  -30.221  -68.598  28.140 0.0000000000
21336  -29.777  -67.726  27.337 0.0000000000
21337  -30.166  -69.215  26.211 0.0000000000
21338  -32.313  -75.678  25.580 0.0000000000
21339  -31.763  -74.220  26.196 0.0000000000
21340  -32.233  -74.646  24.423 0.0000000000
21341  -31.668  -73.242  20.533 0.0000000000
21342  -31.750  -72.636  22.288 0.0000000000
21343  -31.327  -71.701  21.430 0.0000000000
21344  -30.697  -70.281  22.404 0.0000000000
21345  -30.716  -71.005  20.712 0.0000000000
21346  -29.832  -70.450  20.353 0.0000000000
21347  -30.287  -71.891  19.155 0.0000000000
24128  -27.978  -64.276  32.569 0.0000000000
24134  -34.749  -80.263  31.335 0.0000000000
24135  -33.760  -80.364  32.216 0.0000000000
24136  -34.104  -80.929  30.707 0.0000000000
26066  -20.257  -78.308  41.201 0.0000000000
27738  -26.196  -64.050  27.737 0.0000000000
27739  -25.343  -64.240  27.473 0.0000000000
27740  -26.278  -65.045  26.248 0.0000000000
27741  -26.248  -66.196  24.948 0.0000000000
27742  -26.135  -67.402  23.886 0.0000000000
27743  -26.019  -68.784  22.935 0.0000000000
27744  -26.733  -68.278  22.708 0.0000000000
27745  -27.353  -69.242  21.585 0.0000000000
27746  -27.976  -70.244  20.529 0.0000000000
27763  -34.035  -74.013  43.921 0.0000000000
27764  -33.108  -74.347  43.372 0.0000000000
27765  -32.502  -74.184  42.610 0.0000000000
27766  -31.842  -76.924  34.267 0.0000000000
27767  -31.807  -76.040  35.870 0.0000000000
27768  -31.811  -75.355  34.812 0.0000000000
27769  -31.887  -73.524  35.884 0.0000000000
27770  -31.678  -71.721  37.222 0.0000000000
27771  -31.233  -70.123  38.418 0.0000000000
27772  -31.628  -70.987  36.371 0.0000000000
27773  -31.458  -70.136  35.266 0.0000000000
27774  -31.180  -69.230  34.073 0.0000000000
27775  -30.811  -68.279  33.045 0.0000000000
27776  -31.115  -69.785  32.157 0.0000000000
27777  -30.881  -70.383  30.189 0.0000000000
27778  -30.691  -70.982  28.233 0.0000000000
30036  -20.523  -76.447  39.499 0.0000000000
30037  -21.007  -77.263  38.267 0.0000000000
30038  -21.328  -78.048  36.916 0.0000000000
30040  -21.733  -77.258  35.429 0.0000000000
30042  -22.362  -75.617  32.507 0.0000000000
31337  -26.079  -63.336  29.340 0.0000000000
31338  -27.064  -64.161  28.061 0.0000000000
31339  -27.917  -65.141  26.971 0.0000000000
31340  -28.618  -66.231  26.007 0.0000000000
31352  -33.890  -78.183  37.618 0.0000000000
31353  -32.793  -77.887  38.873 0.0000000000
31354  -33.217  -78.640  37.146 0.0000000000
31355  -32.414  -79.037  36.281 0.0000000000
31356  -32.041  -78.792  35.217 0.0000000000
31357  -32.882  -80.079  32.864 0.0000000000
31358  -32.252  -79.365  33.467 0.0000000000
31359  -31.898  -78.162  34.003 0.0000000000
31360  -31.998  -77.408  32.578 0.0000000000
31361  -32.052  -76.551  31.270 0.0000000000
31362  -31.839  -75.651  30.289 0.0000000000
31363  -31.651  -74.687  29.175 0.0000000000
31364  -32.058  -76.239  28.503 0.0000000000
33707  -35.589  -74.090  42.610 0.0000000000
33708  -35.074  -75.347  41.151 0.0000000000
33709  -34.647  -76.501  39.461 0.0000000000
33717  -35.315  -76.324  37.841 0.0000000000
33718  -34.591  -77.383  37.828 0.0000000000
33719  -34.957  -77.887  36.213 0.0000000000
33720  -35.238  -78.389  34.704 0.0000000000
33721  -35.364  -78.732  33.304 0.0000000000
33723  -36.239  -77.997  32.288 0.0000000000
33724  -35.409  -79.156  31.802 0.0000000000
33725  -35.657  -79.878  30.460 0.0000000000
33726  -36.331  -80.579  29.154 0.0000000000
38840  -24.577  -64.679  27.465 0.0000000000
38841  -23.942  -65.293  27.671 0.0000000000
38842  -23.510  -66.157  27.960 0.0000000000
38843  -23.893  -67.480  27.203 0.0000000000
38849  -25.949  -70.366  22.130 0.0000000000
38850  -25.903  -72.027  21.625 0.0000000000
38891  -32.148  -76.969  39.850 0.0000000000
38892  -32.119  -75.503  40.761 0.0000000000
38893  -32.038  -73.915  41.546 0.0000000000
38894  -31.907  -74.697  38.082 0.0000000000
38895  -31.872  -73.445  40.405 0.0000000000
38896  -31.989  -72.351  42.279 0.0000000000
38897  -31.613  -70.998  42.717 0.0000000000
38903  -30.469  -69.073  38.911 0.0000000000
38904  -29.577  -68.259  39.333 0.0000000000
38906  -28.633  -66.946  38.618 0.0000000000
38907  -28.349  -66.192  37.341 0.0000000000
38908  -27.937  -65.337  36.199 0.0000000000
38909  -28.279  -65.302  34.763 0.0000000000
38910  -28.672  -65.202  33.323 0.0000000000
38911  -29.026  -65.254  31.859 0.0000000000
38912  -30.404  -67.402  32.054 0.0000000000
38913  -29.872  -66.539  31.090 0.0000000000
38914  -29.288  -65.694  30.153 0.0000000000
38915  -29.314  -66.265  28.302 0.0000000000
38916  -29.281  -66.925  26.520 0.0000000000
38917  -29.233  -67.564  24.771 0.0000000000
38918  -31.452  -73.592  28.246 0.0000000000
38919  -31.142  -72.590  27.166 0.0000000000
38920  -30.852  -71.637  26.140 0.0000000000
38921  -32.033  -73.573  23.320 0.0000000000
38922  -31.388  -72.131  24.165 0.0000000000
38923  -30.695  -70.662  25.105 0.0000000000
38924  -30.311  -69.729  24.373 0.0000000000
38925  -29.929  -68.940  23.619 0.0000000000
38926  -29.169  -68.291  23.171 0.0000000000
38927  -29.105  -69.140  21.664 0.0000000000
38928  -28.892  -70.243  20.286 0.0000000000
38929  -28.379  -71.517  19.204 0.0000000000
42640  -21.223  -78.922  37.831 0.0000000000
42642  -21.200  -79.503  37.893 0.0000000000
43570  -28.186  -66.484  24.927 0.0000000000
43571  -27.801  -66.409  24.728 0.0000000000
43572  -28.124  -66.919  24.177 0.0000000000
43573  -28.018  -67.396  23.488 0.0000000000
43574  -28.408  -67.442  23.646 0.0000000000
43583  -33.769  -76.974  40.301 0.0000000000
43584  -33.427  -76.697  41.041 0.0000000000
43585  -33.239  -77.320  40.168 0.0000000000
43586  -31.625  -74.510  31.626 0.0000000000
43587  -31.621  -74.207  32.591 0.0000000000
43588  -31.519  -73.649  32.211 0.0000000000
43589  -31.512  -72.863  32.700 0.0000000000
43590  -31.406  -73.179  31.664 0.0000000000
43591  -31.289  -72.660  31.178 0.0000000000
43592  -31.419  -73.467  30.657 0.0000000000
45970  -27.849  -64.011  31.536 0.0000000000
45971  -27.522  -63.737  31.226 0.0000000000
45972  -28.018  -64.184  30.783 0.0000000000
45973  -28.144  -64.389  29.909 0.0000000000
45974  -28.440  -64.652  30.317 0.0000000000
45983  -34.474  -79.421  33.579 0.0000000000
45984  -33.965  -79.630  34.099 0.0000000000
45985  -34.061  -79.805  33.290 0.0000000000
45986  -32.639  -80.132  29.504 0.0000000000
45987  -32.471  -79.815  30.291 0.0000000000
45988  -32.428  -79.490  29.663 0.0000000000
45989  -32.287  -78.827  29.820 0.0000000000
51992  -24.803  -63.445  28.875 0.0000000000
51993  -25.491  -67.278  24.594 0.0000000000
51994  -25.189  -66.875  25.248 0.0000000000
51995  -25.197  -67.592  24.778 0.0000000000
51996  -24.925  -67.923  25.006 0.0000000000
51997  -25.151  -68.344  24.355 0.0000000000
51998  -25.134  -69.135  23.947 0.0000000000
51999  -25.404  -68.759  23.701 0.0000000000
52000  -27.379  -71.168  20.218 0.0000000000
52001  -27.035  -71.431  20.399 0.0000000000
52002  -27.167  -71.985  19.827 0.0000000000
52031  -32.440  -72.970  43.746 0.0000000000
52033  -32.362  -72.262  44.046 0.0000000000
52035  -32.201  -72.077  43.570 0.0000000000
52036  -31.805  -77.787  36.126 0.0000000000
52037  -31.748  -77.245  36.946 0.0000000000
52038  -31.766  -77.093  36.263 0.0000000000
52039  -31.549  -71.524  38.727 0.0000000000
52040  -31.591  -71.800  39.242 0.0000000000
52041  -31.334  -71.081  39.743 0.0000000000
52042  -31.096  -70.682  40.564 0.0000000000
52043  -30.978  -70.408  40.108 0.0000000000
52044  -30.632  -69.881  40.285 0.0000000000
52045  -30.884  -70.137  39.629 0.0000000000
52046  -30.904  -68.298  35.498 0.0000000000
52047  -30.665  -68.165  36.349 0.0000000000
52048  -30.582  -67.728  35.690 0.0000000000
52049  -30.078  -67.284  35.895 0.0000000000
52050  -30.385  -67.333  35.068 0.0000000000
52051  -30.167  -66.931  34.614 0.0000000000
52052  -30.546  -67.391  34.302 0.0000000000
52053  -30.468  -69.803  28.165 0.0000000000
52054  -30.384  -69.050  28.624 0.0000000000
52055  -30.308  -69.327  27.671 0.0000000000
52056  -30.159  -68.933  27.172 0.0000000000
52057  -30.310  -69.664  26.663 0.0000000000
52059  -32.288  -75.191  24.978 0.0000000000
52062  -31.531  -72.510  20.945 0.0000000000
52063  -31.246  -72.107  20.535 0.0000000000
52064  -31.037  -71.356  21.012 0.0000000000
52065  -30.928  -71.749  20.183 0.0000000000
52066  -30.566  -71.398  19.920 0.0000000000
52067  -30.718  -72.153  19.393 0.0000000000
55573  -27.532  -63.902  32.948 0.0000000000
55574  -27.773  -64.309  33.293 0.0000000000
55583  -34.967  -80.572  30.683 0.0000000000
55584  -34.438  -80.622  31.072 0.0000000000
55585  -34.668  -80.971  30.394 0.0000000000
58800  -20.399  -77.370  40.352 0.0000000000
58802  -20.463  -78.012  40.507 0.0000000000
58804  -20.466  -79.174  40.597 0.0000000000
61590  -26.669  -64.472  27.114 0.0000000000
61591  -26.249  -64.524  26.961 0.0000000000
61592  -26.700  -64.964  26.364 0.0000000000
61593  -26.970  -66.438  24.496 0.0000000000
61594  -26.645  -65.992  25.043 0.0000000000
61595  -26.577  -66.613  24.412 0.0000000000
61596  -26.205  -66.798  24.401 0.0000000000
61597  -26.530  -67.232  23.811 0.0000000000
61598  -26.439  -67.853  23.274 0.0000000000
61599  -26.806  -67.650  23.271 0.0000000000
61600  -27.866  -68.475  22.156 0.0000000000
61601  -27.443  -68.596  22.124 0.0000000000
61602  -27.757  -69.090  21.585 0.0000000000
61603  -27.658  -69.745  21.044 0.0000000000
61604  -28.046  -69.576  21.045 0.0000000000
61628  -34.808  -74.258  43.223 0.0000000000
61630  -34.274  -74.549  43.251 0.0000000000
61631  -32.988  -75.652  42.185 0.0000000000
61632  -33.275  -74.899  42.969 0.0000000000
61633  -32.860  -74.998  42.653 0.0000000000
61634  -32.763  -74.302  43.019 0.0000000000
61635  -32.580  -74.848  42.253 0.0000000000
61636  -31.852  -76.556  33.557 0.0000000000
61637  -31.814  -76.162  34.450 0.0000000000
61638  -31.761  -75.752  33.888 0.0000000000
61639  -31.752  -73.572  34.490 0.0000000000
61640  -31.841  -74.024  34.909 0.0000000000
61641  -31.808  -73.116  35.466 0.0000000000
61642  -31.841  -72.599  36.485 0.0000000000
61643  -31.767  -72.216  36.116 0.0000000000
61644  -31.665  -71.373  36.821 0.0000000000
61645  -31.726  -71.806  35.690 0.0000000000
61646  -31.571  -71.293  33.653 0.0000000000
61647  -31.628  -70.980  34.739 0.0000000000
61648  -31.515  -70.494  34.161 0.0000000000
61649  -31.336  -69.710  34.624 0.0000000000
61650  -31.384  -70.007  33.563 0.0000000000
61651  -31.213  -69.512  33.081 0.0000000000
61652  -31.272  -70.297  32.600 0.0000000000
61653  -30.992  -71.634  30.167 0.0000000000
61654  -31.008  -70.844  30.686 0.0000000000
61655  -30.894  -71.146  29.738 0.0000000000
61656  -30.751  -70.700  29.233 0.0000000000
61657  -30.845  -71.448  28.769 0.0000000000
66010  -21.188  -76.193  37.424 0.0000000000
66011  -20.993  -76.524  38.190 0.0000000000
66012  -21.208  -76.952  37.476 0.0000000000
66014  -21.387  -77.319  36.816 0.0000000000
66015  -21.573  -77.639  36.178 0.0000000000
66016  -21.614  -76.918  36.114 0.0000000000
66017  -21.964  -75.548  34.596 0.0000000000
66018  -21.897  -76.269  34.620 0.0000000000
66019  -22.073  -75.832  33.914 0.0000000000
66020  -22.128  -76.104  33.228 0.0000000000
66021  -22.272  -75.342  33.229 0.0000000000
68793  -26.781  -63.281  30.650 0.0000000000
68795  -26.371  -63.121  30.418 0.0000000000
68797  -26.499  -63.398  29.577 0.0000000000
68798  -26.592  -63.750  28.715 0.0000000000
68799  -27.054  -63.844  28.970 0.0000000000
68800  -28.281  -64.923  28.143 0.0000000000
68801  -27.939  -64.755  27.798 0.0000000000
68802  -28.274  -65.297  27.310 0.0000000000
68803  -28.279  -65.679  26.481 0.0000000000
68804  -28.621  -65.849  26.841 0.0000000000
68828  -34.117  -78.420  36.777 0.0000000000
68829  -33.570  -78.470  37.397 0.0000000000
68830  -33.732  -78.751  36.580 0.0000000000
68831  -32.989  -79.534  35.016 0.0000000000
68832  -32.860  -79.248  35.913 0.0000000000
68833  -32.538  -79.298  35.424 0.0000000000
68834  -32.162  -78.929  35.784 0.0000000000
68835  -32.272  -79.210  34.979 0.0000000000
68836  -33.395  -80.492  31.830 0.0000000000
68837  -33.298  -80.281  32.592 0.0000000000
68838  -32.948  -80.303  32.109 0.0000000000
68839  -32.211  -79.353  31.925 0.0000000000
68840  -32.345  -79.610  32.536 0.0000000000
68841  -32.131  -79.104  32.854 0.0000000000
68842  -32.029  -78.817  33.780 0.0000000000
68843  -32.006  -78.493  33.126 0.0000000000
68844  -31.926  -77.848  33.303 0.0000000000
68845  -32.030  -78.099  32.388 0.0000000000
68846  -32.132  -77.506  30.250 0.0000000000
68847  -32.086  -77.255  31.071 0.0000000000
68848  -32.093  -76.828  30.505 0.0000000000
68849  -31.975  -76.121  30.774 0.0000000000
68850  -32.073  -76.364  29.988 0.0000000000
68851  -31.979  -75.958  29.394 0.0000000000
68852  -32.123  -76.652  29.126 0.0000000000
68854  -32.251  -77.035  27.432 0.0000000000
74223  -35.727  -74.846  40.235 0.0000000000
74224  -35.542  -74.810  41.097 0.0000000000
74225  -35.327  -75.351  40.299 0.0000000000
74226  -34.850  -75.914  40.326 0.0000000000
74227  -35.105  -75.892  39.437 0.0000000000
74246  -35.940  -76.435  36.387 0.0000000000
74247  -35.795  -76.119  37.101 0.0000000000
74248  -35.430  -76.662  37.099 0.0000000000
74249  -34.934  -76.905  37.867 0.0000000000
74250  -35.090  -77.174  37.080 0.0000000000
74251  -34.758  -77.654  37.020 0.0000000000
74252  -35.261  -77.428  36.332 0.0000000000
74253  -36.151  -77.614  34.162 0.0000000000
74254  -35.645  -77.941  34.761 0.0000000000
74255  -35.738  -78.086  34.117 0.0000000000
74256  -35.306  -78.557  34.033 0.0000000000
74257  -35.794  -78.211  33.468 0.0000000000
74262  -36.642  -77.564  31.814 0.0000000000
74263  -36.189  -78.217  31.571 0.0000000000
74264  -35.805  -78.582  32.055 0.0000000000
74265  -35.831  -78.838  31.287 0.0000000000
74266  -35.498  -79.505  31.087 0.0000000000
74267  -35.922  -79.202  30.592 0.0000000000
74269  -36.442  -79.852  29.288 0.0000000000
86858  -25.447  -64.819  26.772 0.0000000000
86859  -24.950  -64.446  27.436 0.0000000000
86860  -25.060  -64.990  26.791 0.0000000000
86861  -24.520  -66.253  26.508 0.0000000000
86862  -24.376  -65.570  27.023 0.0000000000
86863  -24.111  -65.959  27.159 0.0000000000
86864  -23.704  -65.712  27.789 0.0000000000
86865  -23.890  -66.377  27.320 0.0000000000
86866  -23.723  -66.805  27.564 0.0000000000
86867  -24.061  -67.029  26.945 0.0000000000
86868  -24.451  -68.828  25.519 0.0000000000
86869  -24.234  -68.533  26.181 0.0000000000
86870  -24.246  -69.342  25.802 0.0000000000
86872  -24.221  -70.180  25.443 0.0000000000
86873  -24.257  -71.078  25.096 0.0000000000
86879  -25.438  -72.025  22.425 0.0000000000
86880  -26.326  -69.209  22.359 0.0000000000
86881  -25.981  -69.557  22.501 0.0000000000
86882  -26.305  -70.013  21.919 0.0000000000
86962  -28.084  -65.668  38.393 0.0000000000
86986  -32.443  -77.994  38.406 0.0000000000
86987  -32.375  -77.520  39.365 0.0000000000
86988  -32.097  -77.528  38.795 0.0000000000
86989  -31.959  -76.021  38.948 0.0000000000
86990  -32.012  -76.138  39.661 0.0000000000
86991  -32.052  -75.377  40.050 0.0000000000
86992  -32.126  -74.731  41.144 0.0000000000
86993  -32.013  -74.588  40.499 0.0000000000
86994  -31.869  -75.132  36.368 0.0000000000
86995  -31.849  -75.409  36.948 0.0000000000
86996  -31.898  -74.481  37.464 0.0000000000
86997  -31.670  -72.323  40.327 0.0000000000
86998  -31.831  -73.149  39.828 0.0000000000
86999  -31.754  -72.586  40.903 0.0000000000
87000  -31.917  -72.896  41.407 0.0000000000
87001  -31.789  -72.097  41.800 0.0000000000
87003  -31.586  -71.415  42.046 0.0000000000
87011  -30.003  -68.954  40.587 0.0000000000
87016  -31.247  -69.786  37.973 0.0000000000
87017  -30.907  -69.513  38.741 0.0000000000
87018  -30.873  -69.260  38.228 0.0000000000
87019  -29.884  -68.067  38.025 0.0000000000
87020  -29.960  -68.383  38.630 0.0000000000
87021  -29.503  -67.981  38.824 0.0000000000
87022  -29.159  -67.841  39.549 0.0000000000
87023  -29.034  -67.605  38.971 0.0000000000
87024  -28.753  -67.243  39.158 0.0000000000
87025  -28.905  -67.342  38.387 0.0000000000
87026  -28.927  -66.603  36.253 0.0000000000
87027  -28.621  -66.630  37.033 0.0000000000
87028  -28.519  -66.204  36.545 0.0000000000
87029  -28.150  -65.775  36.772 0.0000000000
87030  -28.291  -65.774  35.943 0.0000000000
87031  -28.088  -65.322  35.457 0.0000000000
87032  -28.523  -65.708  35.220 0.0000000000
87033  -29.588  -66.058  33.441 0.0000000000
87034  -29.072  -65.637  33.723 0.0000000000
87035  -29.227  -65.610  32.969 0.0000000000
87036  -28.868  -65.165  32.599 0.0000000000
87037  -29.410  -65.653  32.271 0.0000000000
87038  -30.817  -68.577  32.099 0.0000000000
87039  -30.631  -67.844  32.518 0.0000000000
87040  -30.576  -68.093  31.616 0.0000000000
87041  -30.055  -67.532  29.656 0.0000000000
87042  -30.112  -67.237  30.654 0.0000000000
87043  -29.895  -66.811  30.184 0.0000000000
87044  -29.604  -66.119  30.589 0.0000000000
87045  -29.630  -66.394  29.698 0.0000000000
87046  -29.322  -65.957  29.253 0.0000000000
87047  -29.594  -66.708  28.738 0.0000000000
87048  -29.776  -68.044  26.361 0.0000000000
87049  -29.540  -67.313  26.917 0.0000000000
87050  -29.531  -67.643  25.975 0.0000000000
87051  -29.261  -67.250  25.643 0.0000000000
87052  -29.529  -67.939  25.058 0.0000000000
87053  -31.806  -75.031  28.272 0.0000000000
87054  -31.593  -74.080  28.777 0.0000000000
87055  -31.680  -74.477  27.724 0.0000000000
87056  -31.684  -73.703  25.703 0.0000000000
87057  -31.447  -73.435  26.662 0.0000000000
87058  -31.343  -72.907  26.133 0.0000000000
87059  -31.020  -72.097  26.657 0.0000000000
87060  -31.227  -72.390  25.628 0.0000000000
87062  -32.274  -74.320  22.954 0.0000000000
87063  -32.123  -73.821  22.412 0.0000000000
87064  -31.501  -71.912  22.734 0.0000000000
87065  -31.616  -72.373  23.232 0.0000000000
87066  -31.279  -71.639  23.681 0.0000000000
87067  -31.051  -71.398  24.612 0.0000000000
87068  -30.917  -70.892  24.178 0.0000000000
87069  -30.532  -70.164  24.693 0.0000000000
87070  -30.744  -70.441  23.723 0.0000000000
87071  -30.384  -69.899  22.149 0.0000000000
87072  -30.310  -69.609  23.018 0.0000000000
87073  -30.007  -69.238  22.771 0.0000000000
87074  -29.573  -68.575  23.373 0.0000000000
87075  -29.602  -68.934  22.568 0.0000000000
87076  -29.157  -68.703  22.397 0.0000000000
87077  -29.579  -69.349  21.758 0.0000000000
87078  -29.606  -70.992  19.658 0.0000000000
87079  -29.336  -70.261  20.302 0.0000000000
87080  -29.124  -70.875  19.667 0.0000000000
87081  -28.662  -70.838  19.733 0.0000000000
87082  -28.862  -71.499  19.092 0.0000000000
93254  -35.529  -81.252  29.452 0.0000000000
93255  -34.932  -81.290  29.755 0.0000000000
93256  -35.249  -81.553  29.211 0.0000000000
95184  -20.850  -78.150  39.128 0.0000000000
95185  -20.652  -78.371  39.893 0.0000000000
95186  -20.840  -78.768  39.248 0.0000000000
95187  -20.901  -79.357  39.347 0.0000000000
96858  -27.507  -65.438  26.004 0.0000000000
96859  -27.101  -65.426  25.780 0.0000000000
96860  -27.463  -65.913  25.259 0.0000000000
96861  -27.409  -66.399  24.573 0.0000000000
96862  -27.287  -66.943  23.945 0.0000000000
96863  -27.180  -67.476  23.326 0.0000000000
96864  -27.599  -67.421  23.360 0.0000000000
96865  -27.913  -67.907  22.805 0.0000000000
96866  -28.264  -68.436  22.282 0.0000000000
96881  -34.297  -75.581  41.947 0.0000000000
96882  -34.012  -75.197  42.607 0.0000000000
96883  -33.704  -75.952  41.867 0.0000000000
96884  -33.147  -76.266  41.665 0.0000000000
96885  -32.708  -76.407  41.373 0.0000000000
96886  -31.768  -75.588  32.470 0.0000000000
96887  -31.718  -75.250  33.421 0.0000000000
96888  -31.694  -74.750  32.986 0.0000000000
96889  -31.690  -73.934  33.513 0.0000000000
96890  -31.711  -73.073  34.044 0.0000000000
96891  -31.720  -72.232  34.645 0.0000000000
96892  -31.635  -72.597  33.651 0.0000000000
96893  -31.549  -72.074  33.167 0.0000000000
96894  -31.429  -71.578  32.603 0.0000000000
96895  -31.286  -71.086  32.099 0.0000000000
96896  -31.250  -71.894  31.652 0.0000000000
96897  -31.152  -72.106  30.709 0.0000000000
96898  -31.130  -72.381  29.713 0.0000000000
99512  -21.379  -75.867  36.671 0.0000000000
99513  -21.592  -76.223  36.049 0.0000000000
101181  -27.182  -63.495  30.908 0.0000000000
101182  -27.316  -63.706  30.093 0.0000000000
101183  -27.464  -63.956  29.276 0.0000000000
101184  -27.827  -64.149  29.539 0.0000000000
101185  -28.237  -64.635  29.020 0.0000000000
101186  -28.613  -65.159  28.521 0.0000000000
101201  -34.345  -79.015  35.217 0.0000000000
101202  -33.815  -79.100  35.784 0.0000000000
101203  -33.869  -79.385  34.948 0.0000000000
101204  -33.459  -79.643  34.575 0.0000000000
101205  -33.116  -79.790  34.176 0.0000000000
101206  -32.857  -80.485  30.741 0.0000000000
101207  -32.683  -80.219  31.546 0.0000000000
101208  -32.551  -80.074  30.922 0.0000000000
101209  -32.320  -79.549  31.110 0.0000000000
101210  -32.180  -78.969  31.338 0.0000000000
101211  -32.113  -78.327  31.508 0.0000000000
101212  -32.193  -78.578  30.719 0.0000000000
101213  -32.186  -78.212  30.034 0.0000000000
101214  -32.190  -77.718  29.355 0.0000000000
101215  -32.161  -77.356  28.860 0.0000000000
101216  -32.271  -78.050  28.606 0.0000000000
104439  -36.185  -74.328  40.138 0.0000000000
104440  -35.939  -74.812  39.335 0.0000000000
104453  -36.511  -76.220  35.686 0.0000000000
104454  -36.078  -76.680  35.711 0.0000000000
104455  -35.752  -77.157  35.656 0.0000000000
104456  -36.289  -76.981  34.986 0.0000000000
104457  -36.511  -77.146  34.241 0.0000000000
104458  -36.671  -77.222  33.595 0.0000000000
112017  -23.903  -63.294  29.522 0.0000000000
112018  -24.005  -63.819  28.801 0.0000000000
112019  -25.517  -65.943  25.643 0.0000000000
112020  -25.117  -65.594  26.278 0.0000000000
112021  -25.153  -66.225  25.764 0.0000000000
112022  -24.862  -66.552  25.890 0.0000000000
112023  -24.596  -66.916  26.063 0.0000000000
112024  -24.331  -67.318  26.303 0.0000000000
112025  -24.638  -67.611  25.646 0.0000000000
112026  -24.665  -68.313  25.209 0.0000000000
112027  -24.686  -69.158  24.842 0.0000000000
112028  -24.697  -70.033  24.472 0.0000000000
112029  -24.922  -69.579  24.190 0.0000000000
112031  -25.414  -70.341  22.962 0.0000000000
112032  -26.886  -70.142  21.279 0.0000000000
112033  -26.546  -70.468  21.435 0.0000000000
112034  -26.791  -70.942  20.930 0.0000000000
112035  -26.700  -71.731  20.599 0.0000000000
112096  -32.003  -77.984  37.376 0.0000000000
112097  -31.918  -77.467  38.229 0.0000000000
112098  -31.815  -77.369  37.623 0.0000000000
112099  -31.808  -76.664  37.887 0.0000000000
112100  -31.877  -75.857  38.249 0.0000000000
112101  -31.864  -73.231  37.483 0.0000000000
112102  -31.896  -73.534  38.033 0.0000000000
112103  -31.758  -72.630  38.706 0.0000000000
112104  -31.638  -72.064  39.763 0.0000000000
112105  -31.501  -71.568  40.727 0.0000000000
112106  -31.423  -71.153  41.530 0.0000000000
112107  -31.249  -70.922  41.022 0.0000000000
112108  -30.952  -70.325  41.228 0.0000000000
112111  -30.459  -69.629  40.924 0.0000000000
112112  -30.300  -69.422  40.443 0.0000000000
112113  -30.171  -69.196  39.973 0.0000000000
112114  -31.119  -69.138  36.793 0.0000000000
112115  -30.845  -68.925  37.653 0.0000000000
112116  -30.748  -68.567  37.021 0.0000000000
112117  -30.303  -68.112  37.195 0.0000000000
112118  -29.808  -67.710  37.362 0.0000000000
112119  -29.226  -67.388  37.517 0.0000000000
112120  -29.702  -67.322  36.706 0.0000000000
112121  -29.493  -66.917  36.084 0.0000000000
112122  -29.308  -66.524  35.506 0.0000000000
112123  -29.062  -66.089  34.973 0.0000000000
112124  -29.623  -66.497  34.789 0.0000000000
112125  -29.908  -66.503  34.027 0.0000000000
112126  -30.043  -66.555  33.237 0.0000000000
112127  -30.640  -69.163  30.170 0.0000000000
112128  -30.517  -68.388  30.691 0.0000000000
112129  -30.438  -68.720  29.657 0.0000000000
112130  -30.242  -68.279  29.142 0.0000000000
112131  -30.027  -67.841  28.656 0.0000000000
112132  -29.810  -67.435  28.254 0.0000000000
112133  -30.015  -68.155  27.717 0.0000000000
112134  -29.983  -68.461  26.775 0.0000000000
112135  -29.996  -68.747  25.807 0.0000000000
112136  -32.145  -75.470  26.454 0.0000000000
112137  -31.848  -74.752  26.741 0.0000000000
112138  -32.087  -74.980  25.827 0.0000000000
112139  -32.026  -74.455  25.292 0.0000000000
112140  -31.953  -73.915  24.796 0.0000000000
112142  -31.953  -73.376  21.884 0.0000000000
112143  -31.766  -72.930  21.402 0.0000000000
112144  -31.584  -72.185  21.800 0.0000000000
112145  -31.306  -71.426  22.314 0.0000000000
112146  -30.949  -70.699  22.765 0.0000000000
112147  -31.051  -70.983  21.900 0.0000000000
112148  -30.755  -70.605  21.520 0.0000000000
112149  -30.403  -70.216  21.295 0.0000000000
112150  -29.981  -70.016  21.065 0.0000000000
112151  -30.314  -70.692  20.502 0.0000000000
112152  -30.092  -71.174  19.734 0.0000000000
112153  -29.817  -71.729  19.000 0.0000000000
117739  -27.689  -63.924  32.236 0.0000000000
117740  -28.168  -64.322  31.825 0.0000000000
117752  -34.628  -79.907  31.989 0.0000000000
117753  -34.168  -80.080  32.511 0.0000000000
117754  -34.242  -80.314  31.739 0.0000000000
117755  -33.860  -80.573  31.484 0.0000000000
117756  -33.554  -80.808  31.070 0.0000000000
117757  -34.356  -81.289  30.008 0.0000000000
117758  -33.791  -81.087  30.270 0.0000000000
117759  -33.296  -80.756  30.513 0.0000000000
122261  -20.484  -78.623  40.579 0.0000000000
122262  -20.242  -78.851  41.231 0.0000000000
126162  -25.714  -63.673  28.370 0.0000000000
126164  -25.792  -64.100  27.588 0.0000000000
126165  -25.837  -64.655  26.838 0.0000000000
126166  -25.891  -65.185  26.165 0.0000000000
126167  -26.705  -65.465  25.688 0.0000000000
126168  -26.314  -65.573  25.605 0.0000000000
126169  -25.909  -65.744  25.578 0.0000000000
126170  -25.885  -66.354  25.019 0.0000000000
126171  -25.823  -66.957  24.494 0.0000000000
126172  -25.775  -67.662  23.987 0.0000000000
126173  -25.722  -68.394  23.502 0.0000000000
126174  -26.071  -68.017  23.399 0.0000000000
126175  -26.370  -68.492  22.815 0.0000000000
126176  -26.671  -68.923  22.245 0.0000000000
126177  -27.108  -68.080  22.719 0.0000000000
126178  -27.046  -68.730  22.159 0.0000000000
126179  -26.960  -69.394  21.691 0.0000000000
126180  -27.259  -69.911  21.147 0.0000000000
126181  -27.542  -70.415  20.618 0.0000000000
126182  -27.756  -70.949  20.065 0.0000000000
126220  -33.785  -74.689  43.192 0.0000000000
126221  -33.535  -74.226  43.687 0.0000000000
126222  -33.295  -73.692  44.211 0.0000000000
126223  -32.923  -73.688  43.815 0.0000000000
126224  -32.607  -73.635  43.395 0.0000000000
126225  -32.363  -73.494  42.996 0.0000000000
126226  -31.786  -77.252  34.880 0.0000000000
126227  -31.758  -76.836  35.643 0.0000000000
126228  -31.819  -76.495  35.067 0.0000000000
126229  -31.816  -75.684  35.334 0.0000000000
126230  -31.866  -74.806  35.830 0.0000000000
126231  -31.816  -74.908  34.389 0.0000000000
126232  -31.860  -74.433  35.348 0.0000000000
126233  -31.872  -73.865  36.368 0.0000000000
126234  -31.848  -72.919  36.950 0.0000000000
126235  -31.695  -72.054  37.583 0.0000000000
126236  -31.519  -71.216  38.252 0.0000000000
126237  -31.223  -70.476  38.813 0.0000000000
126238  -31.486  -70.886  37.897 0.0000000000
126239  -31.510  -70.524  37.487 0.0000000000
126240  -31.447  -70.153  37.003 0.0000000000
126241  -31.718  -71.429  35.228 0.0000000000
126242  -31.555  -70.562  35.871 0.0000000000
126243  -31.365  -69.794  36.386 0.0000000000
126244  -31.262  -69.396  35.743 0.0000000000
126245  -31.133  -68.964  35.118 0.0000000000
126246  -30.975  -68.503  34.528 0.0000000000
126247  -30.797  -68.039  33.965 0.0000000000
126248  -30.992  -68.742  33.580 0.0000000000
126249  -31.001  -68.957  32.667 0.0000000000
126250  -30.949  -69.303  31.673 0.0000000000
126251  -31.132  -70.574  31.655 0.0000000000
126252  -31.022  -70.081  31.189 0.0000000000
126253  -30.844  -69.611  30.675 0.0000000000
126254  -30.711  -69.948  29.665 0.0000000000
126255  -30.612  -70.262  28.693 0.0000000000
126256  -30.592  -70.548  27.683 0.0000000000
131995  -20.320  -76.752  40.189 0.0000000000
131996  -20.604  -77.108  39.626 0.0000000000
131997  -20.741  -76.117  38.845 0.0000000000
131998  -20.797  -76.829  38.926 0.0000000000
131999  -20.868  -77.513  39.009 0.0000000000
132000  -21.012  -77.914  38.364 0.0000000000
132001  -21.193  -78.314  37.697 0.0000000000
132004  -21.485  -78.325  36.283 0.0000000000
132007  -21.744  -76.564  35.376 0.0000000000
132018  -22.356  -74.636  33.269 0.0000000000
132019  -22.469  -74.854  32.567 0.0000000000
135527  -25.642  -63.303  29.166 0.0000000000
135528  -26.131  -63.676  28.525 0.0000000000
135529  -26.607  -64.073  27.893 0.0000000000
135530  -27.093  -64.535  27.278 0.0000000000
135531  -27.515  -64.275  28.373 0.0000000000
135532  -27.517  -64.632  27.497 0.0000000000
135533  -27.558  -65.030  26.702 0.0000000000
135534  -27.903  -65.533  26.225 0.0000000000
135535  -28.258  -66.073  25.706 0.0000000000
135536  -28.569  -66.615  25.166 0.0000000000
135566  -33.788  -77.873  38.430 0.0000000000
135567  -33.247  -77.735  39.169 0.0000000000
135568  -33.338  -78.133  38.278 0.0000000000
135569  -32.950  -78.291  37.959 0.0000000000
135570  -32.620  -78.412  37.597 0.0000000000
135571  -33.276  -79.050  36.316 0.0000000000
135572  -32.763  -78.894  36.826 0.0000000000
135573  -32.336  -78.492  37.125 0.0000000000
135574  -32.119  -78.504  36.549 0.0000000000
135575  -31.972  -78.403  35.988 0.0000000000
135576  -31.825  -78.262  35.388 0.0000000000
135577  -33.674  -80.112  32.979 0.0000000000
135578  -33.214  -80.019  33.373 0.0000000000
135579  -32.784  -79.861  33.718 0.0000000000
135580  -32.596  -80.003  32.310 0.0000000000
135581  -32.520  -79.809  33.105 0.0000000000
135582  -32.420  -79.513  34.065 0.0000000000
135583  -32.156  -79.115  34.382 0.0000000000
135584  -31.962  -78.536  34.621 0.0000000000
135585  -31.816  -77.908  34.764 0.0000000000
135586  -31.837  -77.603  34.124 0.0000000000
135587  -31.899  -77.239  33.412 0.0000000000
135588  -31.932  -76.795  32.728 0.0000000000
135589  -32.061  -77.670  31.689 0.0000000000
135590  -32.037  -76.971  31.880 0.0000000000
135591  -31.905  -76.332  32.121 0.0000000000
135592  -31.874  -75.887  31.538 0.0000000000
135593  -31.769  -75.380  31.100 0.0000000000
135594  -31.673  -74.802  30.697 0.0000000000
135595  -31.578  -74.278  30.195 0.0000000000
135596  -31.730  -75.172  29.746 0.0000000000
135597  -31.898  -75.525  28.820 0.0000000000
135598  -32.023  -75.797  27.969 0.0000000000
135599  -32.139  -76.897  28.255 0.0000000000
135600  -32.137  -76.435  27.678 0.0000000000
135601  -32.146  -75.969  27.101 0.0000000000
135602  -32.305  -76.162  26.200 0.0000000000
135603  -32.497  -76.305  25.360 0.0000000000
142237  -35.119  -74.511  42.610 0.0000000000
142239  -35.345  -74.717  41.885 0.0000000000
142240  -34.845  -75.161  41.949 0.0000000000
142241  -34.601  -75.828  41.250 0.0000000000
142242  -34.314  -76.482  40.328 0.0000000000
142243  -34.168  -77.008  39.468 0.0000000000
142266  -35.719  -75.733  37.790 0.0000000000
142267  -35.359  -75.848  38.560 0.0000000000
142268  -34.959  -76.434  38.610 0.0000000000
142269  -34.558  -76.969  38.628 0.0000000000
142270  -34.164  -77.441  38.560 0.0000000000
142271  -34.222  -77.803  37.768 0.0000000000
142272  -34.433  -78.075  36.904 0.0000000000
142273  -34.628  -78.304  36.098 0.0000000000
142274  -35.463  -77.645  35.549 0.0000000000
142275  -35.136  -78.128  35.440 0.0000000000
142276  -34.763  -78.595  35.315 0.0000000000
142277  -34.816  -78.815  34.598 0.0000000000
142278  -34.886  -79.016  33.846 0.0000000000
142279  -34.933  -79.216  33.080 0.0000000000
142282  -36.656  -77.289  33.034 0.0000000000
142285  -36.219  -77.814  32.966 0.0000000000
142286  -35.838  -78.361  32.809 0.0000000000
142287  -35.370  -78.937  32.587 0.0000000000
142288  -34.989  -79.437  32.277 0.0000000000
142289  -35.063  -79.753  31.539 0.0000000000
142290  -35.222  -80.092  30.898 0.0000000000
142291  -35.478  -80.435  30.269 0.0000000000
142292  -36.115  -79.526  29.953 0.0000000000
142293  -35.939  -80.220  29.787 0.0000000000
142294  -35.747  -80.810  29.630 0.0000000000
142295  -36.082  -81.165  29.028 0.0000000000
157481  -24.693  -65.240  26.898 0.0000000000
157482  -24.225  -64.952  27.553 0.0000000000
157488  -23.558  -67.244  27.818 0.0000000000
157489  -23.721  -67.943  27.472 0.0000000000
157490  -24.186  -67.746  26.555 0.0000000000
157491  -24.033  -68.204  26.838 0.0000000000
157505  -25.686  -69.132  23.068 0.0000000000
157506  -25.680  -69.926  22.714 0.0000000000
157507  -25.675  -70.757  22.397 0.0000000000
157508  -26.234  -70.803  21.644 0.0000000000
157509  -25.946  -71.171  21.896 0.0000000000
157510  -25.669  -71.565  22.183 0.0000000000
157603  -27.711  -64.850  37.245 0.0000000000
157631  -32.743  -77.455  39.876 0.0000000000
157632  -32.465  -77.062  40.423 0.0000000000
157633  -32.327  -76.358  40.879 0.0000000000
157634  -31.949  -76.871  39.211 0.0000000000
157635  -32.105  -76.251  40.311 0.0000000000
157636  -32.294  -75.559  41.334 0.0000000000
157637  -32.326  -74.785  41.740 0.0000000000
157638  -32.239  -74.057  42.121 0.0000000000
157639  -32.159  -73.309  42.505 0.0000000000
157640  -31.774  -76.330  36.477 0.0000000000
157641  -31.840  -75.645  37.556 0.0000000000
157642  -31.932  -74.964  38.713 0.0000000000
157643  -31.910  -73.790  38.599 0.0000000000
157644  -31.951  -73.992  39.275 0.0000000000
157645  -31.969  -74.365  39.877 0.0000000000
157646  -31.916  -73.721  40.974 0.0000000000
157647  -32.003  -73.121  41.924 0.0000000000
157648  -32.101  -72.556  42.796 0.0000000000
157649  -32.038  -71.807  43.080 0.0000000000
157667  -30.796  -69.863  39.190 0.0000000000
157668  -30.465  -69.349  39.366 0.0000000000
157669  -30.125  -68.890  39.579 0.0000000000
157670  -30.440  -68.816  38.405 0.0000000000
157671  -30.041  -68.675  39.105 0.0000000000
157672  -29.729  -68.486  39.775 0.0000000000
157673  -29.338  -68.079  39.999 0.0000000000
157674  -29.004  -67.635  40.161 0.0000000000
157679  -28.758  -67.014  37.748 0.0000000000
157680  -28.498  -66.593  37.917 0.0000000000
157681  -28.300  -66.148  38.172 0.0000000000
157682  -28.099  -65.728  37.595 0.0000000000
157683  -27.871  -65.316  37.001 0.0000000000
157686  -27.847  -64.865  35.039 0.0000000000
157687  -28.011  -64.834  34.393 0.0000000000
157688  -28.825  -65.671  34.496 0.0000000000
157689  -28.513  -65.246  34.063 0.0000000000
157692  -28.541  -64.710  32.195 0.0000000000
157693  -28.655  -64.850  31.492 0.0000000000
157694  -30.606  -67.582  33.421 0.0000000000
157695  -30.384  -67.172  32.915 0.0000000000
157696  -30.111  -66.717  32.435 0.0000000000
157697  -30.335  -67.647  31.142 0.0000000000
157698  -30.124  -66.938  31.601 0.0000000000
157699  -29.817  -66.267  31.955 0.0000000000
157700  -29.516  -65.864  31.466 0.0000000000
157701  -29.183  -65.468  31.006 0.0000000000
157702  -28.809  -65.033  30.669 0.0000000000
157703  -28.916  -65.264  29.789 0.0000000000
157704  -28.984  -65.538  28.871 0.0000000000
157705  -29.002  -65.826  27.972 0.0000000000
157706  -29.565  -67.008  27.804 0.0000000000
157707  -29.296  -66.576  27.425 0.0000000000
157708  -28.985  -66.180  27.109 0.0000000000
157709  -28.983  -66.536  26.266 0.0000000000
157710  -28.972  -66.850  25.394 0.0000000000
157711  -28.884  -67.250  24.549 0.0000000000
157712  -31.471  -73.720  29.706 0.0000000000
157713  -31.345  -73.160  29.250 0.0000000000
157714  -31.177  -72.731  28.710 0.0000000000
157715  -31.555  -73.946  27.155 0.0000000000
157716  -31.285  -73.108  27.694 0.0000000000
157717  -31.020  -72.244  28.242 0.0000000000
157718  -30.863  -71.755  27.735 0.0000000000
157719  -30.735  -71.291  27.194 0.0000000000
157720  -30.628  -70.857  26.654 0.0000000000
157722  -32.147  -74.108  23.890 0.0000000000
157723  -31.859  -73.384  24.280 0.0000000000
157724  -31.896  -73.087  22.789 0.0000000000
157725  -31.747  -72.882  23.709 0.0000000000
157726  -31.486  -72.635  24.673 0.0000000000
157727  -31.109  -71.876  25.144 0.0000000000
157728  -30.784  -71.166  25.612 0.0000000000
157729  -30.515  -70.432  26.128 0.0000000000
157730  -30.397  -69.944  25.648 0.0000000000
157731  -30.220  -69.481  25.251 0.0000000000
157732  -30.052  -69.009  24.878 0.0000000000
157733  -30.546  -70.015  23.337 0.0000000000
157734  -30.169  -69.376  23.937 0.0000000000
157735  -29.843  -68.598  24.509 0.0000000000
157736  -29.544  -68.251  24.169 0.0000000000
157737  -29.201  -67.903  23.929 0.0000000000
157738  -28.815  -67.646  23.752 0.0000000000
157739  -28.761  -68.048  23.030 0.0000000000
157740  -28.715  -68.535  22.322 0.0000000000
157741  -28.658  -69.061  21.611 0.0000000000
157742  -29.509  -69.790  21.010 0.0000000000
157743  -29.033  -69.658  20.960 0.0000000000
157744  -28.547  -69.611  20.934 0.0000000000
157745  -28.453  -70.221  20.376 0.0000000000
157746  -28.208  -70.882  19.835 0.0000000000
157747  -27.925  -71.596  19.378 0.0000000000
