#!ascii label  , from subject fsaverage vox2ras=TkReg
901
110  -11.241  10.613  61.685 0.0000000000
243  -19.496  -5.327  63.739 0.0000000000
244  -19.960  7.586  62.702 0.0000000000
245  -13.479  -0.429  68.427 0.0000000000
724  -17.588  -2.049  67.902 0.0000000000
725  -14.507  -5.610  68.705 0.0000000000
726  -12.081  -4.892  65.752 0.0000000000
1091  -15.800  8.486  60.815 0.0000000000
1589  -19.556  -2.675  60.136 0.0000000000
1591  -19.443  0.988  65.078 0.0000000000
1592  -16.853  3.966  66.314 0.0000000000
1593  -12.436  4.967  65.213 0.0000000000
1594  -9.076  6.121  66.261 0.0000000000
1595  -10.007  0.050  67.350 0.0000000000
3011  -13.306  9.152  60.594 0.0000000000
3017  -9.756  11.984  63.196 0.0000000000
3608  -20.352  -4.197  62.317 0.0000000000
3609  -19.453  -1.009  62.889 0.0000000000
3610  -19.848  -2.373  65.094 0.0000000000
3611  -15.645  -1.010  68.360 0.0000000000
3612  -17.194  0.914  67.660 0.0000000000
3613  -14.948  1.785  67.296 0.0000000000
3614  -14.631  4.588  65.467 0.0000000000
3615  -12.866  2.337  67.233 0.0000000000
3616  -11.346  2.754  67.346 0.0000000000
3617  -11.667  -0.091  68.160 0.0000000000
3619  -11.237  -4.759  64.013 0.0000000000
4711  -20.411  5.865  61.471 0.0000000000
4712  -20.018  7.270  58.598 0.0000000000
4713  -20.480  8.873  59.936 0.0000000000
4733  -7.960  3.001  66.821 0.0000000000
4734  -7.370  6.547  66.032 0.0000000000
5909  -17.906  -6.069  64.511 0.0000000000
5910  -18.874  -3.458  66.287 0.0000000000
5911  -17.389  -4.783  67.004 0.0000000000
5912  -16.184  -3.791  68.395 0.0000000000
5913  -14.298  -3.072  68.189 0.0000000000
5914  -12.662  -2.562  67.139 0.0000000000
5915  -13.063  -5.120  67.540 0.0000000000
6571  -17.902  8.492  62.212 0.0000000000
6572  -19.397  10.733  60.879 0.0000000000
7550  -19.583  2.719  62.489 0.0000000000
7551  -19.933  4.540  64.305 0.0000000000
7552  -18.826  -0.523  67.047 0.0000000000
7553  -18.768  2.880  66.567 0.0000000000
7554  -18.442  6.074  64.808 0.0000000000
7555  -16.265  6.328  63.465 0.0000000000
7556  -13.925  6.626  62.561 0.0000000000
7557  -11.798  7.554  63.272 0.0000000000
7558  -10.203  8.663  64.267 0.0000000000
7559  -10.914  5.599  65.637 0.0000000000
7560  -9.685  2.973  67.298 0.0000000000
7562  -11.267  -2.250  65.758 0.0000000000
8174  -19.534  -3.917  57.748 0.0000000000
8175  -20.331  -5.567  60.128 0.0000000000
9004  -8.548  9.656  65.240 0.0000000000
10691  -12.210  9.880  61.023 0.0000000000
11288  -20.183  -4.922  63.108 0.0000000000
11289  -20.132  -3.298  63.704 0.0000000000
11290  -19.907  -3.947  64.576 0.0000000000
11291  -14.600  -0.682  68.368 0.0000000000
11292  -15.240  0.339  67.957 0.0000000000
11293  -14.199  0.688  67.975 0.0000000000
11294  -13.873  2.045  67.238 0.0000000000
11295  -13.114  0.931  68.038 0.0000000000
11296  -12.277  1.153  68.071 0.0000000000
11297  -12.566  -0.198  68.361 0.0000000000
12391  -20.398  6.681  62.214 0.0000000000
12392  -20.496  7.415  60.720 0.0000000000
12393  -20.367  8.286  61.295 0.0000000000
13689  -17.662  -5.388  65.837 0.0000000000
13690  -16.871  -6.204  66.201 0.0000000000
13692  -16.219  -5.179  68.192 0.0000000000
13693  -15.460  -4.715  68.610 0.0000000000
13694  -15.266  -3.397  68.517 0.0000000000
13695  -14.529  -4.340  68.412 0.0000000000
13696  -13.740  -4.100  67.911 0.0000000000
13697  -13.741  -5.321  68.303 0.0000000000
14791  -16.927  8.491  61.483 0.0000000000
14792  -17.771  9.812  61.057 0.0000000000
14793  -16.795  9.741  60.234 0.0000000000
16583  -19.125  -1.775  58.855 0.0000000000
16585  -19.164  -0.940  60.324 0.0000000000
16586  -19.404  -0.057  64.052 0.0000000000
16587  -19.271  0.801  62.824 0.0000000000
16588  -19.554  1.769  63.858 0.0000000000
16589  -19.892  3.606  63.493 0.0000000000
16590  -19.716  2.840  64.814 0.0000000000
16591  -18.287  -2.727  67.266 0.0000000000
16592  -18.882  -2.127  66.823 0.0000000000
16593  -18.215  -1.304  67.504 0.0000000000
16594  -17.030  2.399  67.290 0.0000000000
16595  -18.033  1.846  67.320 0.0000000000
16596  -17.910  3.478  66.607 0.0000000000
16597  -18.790  4.607  65.925 0.0000000000
16598  -17.717  5.093  65.586 0.0000000000
16599  -17.323  6.327  64.225 0.0000000000
16600  -16.596  5.303  64.950 0.0000000000
16601  -13.475  4.713  65.242 0.0000000000
16602  -14.267  5.591  63.906 0.0000000000
16603  -13.108  5.845  63.819 0.0000000000
16604  -12.817  7.015  62.749 0.0000000000
16605  -12.122  6.236  64.074 0.0000000000
16606  -11.319  6.691  64.465 0.0000000000
16607  -11.640  5.279  65.337 0.0000000000
16608  -10.589  1.316  67.895 0.0000000000
16609  -10.562  2.918  67.339 0.0000000000
16610  -9.782  1.377  67.608 0.0000000000
16611  -8.934  1.363  67.217 0.0000000000
16612  -9.188  0.038  66.812 0.0000000000
16613  -12.451  -3.651  66.386 0.0000000000
16614  -11.885  -2.392  66.472 0.0000000000
16615  -11.853  -3.486  65.492 0.0000000000
16617  -10.828  -3.349  63.949 0.0000000000
19958  -9.686  7.447  65.353 0.0000000000
19959  -9.362  9.216  64.846 0.0000000000
19960  -8.773  7.777  65.724 0.0000000000
19961  -6.815  6.698  65.483 0.0000000000
19962  -7.156  8.329  65.528 0.0000000000
23851  -14.566  8.695  60.501 0.0000000000
23852  -15.593  9.774  59.509 0.0000000000
23853  -14.204  10.126  59.313 0.0000000000
24926  -19.927  -3.446  61.288 0.0000000000
24927  -19.498  -1.841  61.582 0.0000000000
24928  -19.867  -2.583  62.669 0.0000000000
24929  -19.733  -1.727  64.017 0.0000000000
24930  -19.571  -0.773  65.245 0.0000000000
24931  -16.668  -1.500  68.266 0.0000000000
24932  -17.348  -0.604  67.878 0.0000000000
24933  -16.361  -0.078  68.033 0.0000000000
24934  -16.110  1.359  67.526 0.0000000000
24935  -15.981  2.868  66.996 0.0000000000
24936  -15.766  4.299  65.806 0.0000000000
24937  -14.893  3.169  66.669 0.0000000000
24938  -13.780  3.494  66.423 0.0000000000
24939  -12.796  3.716  66.400 0.0000000000
24940  -11.986  4.027  66.450 0.0000000000
24941  -12.088  2.609  67.312 0.0000000000
24942  -11.458  1.335  68.038 0.0000000000
24943  -10.782  -0.024  67.849 0.0000000000
24945  -11.634  -4.794  64.863 0.0000000000
24946  -11.195  -6.090  64.510 0.0000000000
24947  -10.845  -6.080  63.699 0.0000000000
26911  -20.116  5.079  60.595 0.0000000000
26912  -20.049  5.802  59.138 0.0000000000
26913  -20.319  6.595  59.991 0.0000000000
26914  -20.313  8.065  59.285 0.0000000000
26915  -20.252  9.595  58.526 0.0000000000
26951  -8.448  4.650  66.842 0.0000000000
26952  -8.156  6.372  66.271 0.0000000000
26953  -7.656  4.820  66.560 0.0000000000
29148  -19.310  -4.407  65.068 0.0000000000
29149  -18.658  -4.780  65.466 0.0000000000
29150  -18.188  -4.042  66.621 0.0000000000
29151  -17.640  -3.439  67.556 0.0000000000
29153  -16.882  -4.267  67.885 0.0000000000
29154  -16.911  -2.884  68.190 0.0000000000
29155  -16.013  -2.461  68.457 0.0000000000
29156  -14.982  -2.050  68.421 0.0000000000
29157  -13.931  -1.723  68.215 0.0000000000
29158  -13.052  -1.481  68.000 0.0000000000
29159  -13.465  -2.773  67.712 0.0000000000
29160  -13.046  -3.862  67.166 0.0000000000
29161  -12.478  -4.994  66.700 0.0000000000
29162  -12.813  -6.368  68.220 0.0000000000
30691  -18.965  8.251  62.689 0.0000000000
30692  -19.772  9.203  61.628 0.0000000000
30693  -18.667  9.717  61.550 0.0000000000
33106  -19.190  -0.106  61.658 0.0000000000
33107  -19.267  1.792  61.354 0.0000000000
33109  -20.068  4.373  62.026 0.0000000000
33110  -20.280  5.187  62.907 0.0000000000
33111  -20.058  6.128  63.593 0.0000000000
33112  -19.463  -3.040  65.860 0.0000000000
33113  -19.368  -1.444  66.292 0.0000000000
33114  -19.253  0.209  66.267 0.0000000000
33115  -18.099  0.272  67.533 0.0000000000
33116  -18.785  1.113  66.971 0.0000000000
33117  -19.274  2.007  66.021 0.0000000000
33118  -19.450  3.827  65.578 0.0000000000
33119  -19.356  5.481  64.808 0.0000000000
33120  -19.177  7.011  63.828 0.0000000000
33121  -18.135  7.345  63.468 0.0000000000
33122  -17.046  7.391  62.885 0.0000000000
33123  -15.995  7.323  62.105 0.0000000000
33124  -15.428  5.430  64.276 0.0000000000
33125  -15.109  6.387  62.778 0.0000000000
33126  -14.838  7.454  61.538 0.0000000000
33127  -13.653  7.768  61.540 0.0000000000
33128  -12.523  8.331  61.861 0.0000000000
33129  -11.530  9.080  62.387 0.0000000000
33130  -10.771  9.661  63.007 0.0000000000
33131  -10.966  8.138  63.763 0.0000000000
33132  -10.549  7.068  64.893 0.0000000000
33133  -9.994  5.904  66.075 0.0000000000
33134  -11.253  4.286  66.516 0.0000000000
33135  -10.400  4.430  66.738 0.0000000000
33136  -9.428  4.544  66.856 0.0000000000
33137  -8.820  3.028  67.091 0.0000000000
33138  -8.182  1.319  66.657 0.0000000000
33140  -12.111  -1.268  67.608 0.0000000000
33141  -11.309  -1.170  67.140 0.0000000000
33142  -10.536  -1.076  66.468 0.0000000000
33143  -11.334  -3.396  64.703 0.0000000000
33144  -10.668  -2.131  65.041 0.0000000000
33145  -9.799  -1.020  65.875 0.0000000000
34827  -19.188  -2.435  57.627 0.0000000000
34828  -19.480  -3.301  58.960 0.0000000000
34830  -20.004  -4.785  58.972 0.0000000000
34831  -19.930  -4.121  60.153 0.0000000000
34832  -20.357  -4.878  61.219 0.0000000000
37186  -20.185  9.817  60.493 0.0000000000
37187  -20.312  10.577  59.235 0.0000000000
37258  -9.948  10.365  63.707 0.0000000000
37259  -9.179  10.949  64.330 0.0000000000
37260  -8.324  11.369  64.762 0.0000000000
37261  -7.883  8.112  65.828 0.0000000000
37262  -7.689  9.951  65.283 0.0000000000
41411  -11.728  10.253  61.313 0.0000000000
41412  -12.038  10.717  60.627 0.0000000000
41417  -10.848  10.983  62.025 0.0000000000
42008  -19.872  -5.112  63.442 0.0000000000
42009  -20.076  -4.439  63.815 0.0000000000
42010  -19.767  -4.673  64.123 0.0000000000
42011  -14.048  -0.544  68.374 0.0000000000
42012  -14.376  0.013  68.230 0.0000000000
42013  -13.826  0.156  68.260 0.0000000000
42014  -13.637  0.817  68.022 0.0000000000
42015  -13.289  0.240  68.323 0.0000000000
42016  -12.846  0.307  68.343 0.0000000000
42017  -13.030  -0.306  68.416 0.0000000000
43111  -20.259  7.154  62.489 0.0000000000
43112  -20.419  7.468  61.749 0.0000000000
43113  -20.222  7.956  61.998 0.0000000000
44409  -16.931  -6.474  65.605 0.0000000000
44412  -15.464  -5.438  68.619 0.0000000000
44413  -15.019  -5.205  68.659 0.0000000000
44414  -14.998  -4.526  68.556 0.0000000000
44415  -14.544  -4.946  68.538 0.0000000000
44416  -14.146  -4.830  68.380 0.0000000000
44417  -14.122  -5.454  68.547 0.0000000000
45511  -16.380  8.447  61.073 0.0000000000
45512  -16.881  9.102  60.845 0.0000000000
45513  -16.305  9.089  60.442 0.0000000000
45532  -7.659  13.080  64.019 0.0000000000
47303  -19.289  -2.198  59.533 0.0000000000
47304  -19.139  -1.363  59.594 0.0000000000
47305  -19.341  -1.883  60.236 0.0000000000
47306  -19.447  0.494  64.539 0.0000000000
47307  -19.385  0.837  63.957 0.0000000000
47308  -19.490  1.381  64.475 0.0000000000
47309  -19.653  2.318  64.378 0.0000000000
47310  -19.562  1.966  64.974 0.0000000000
47311  -17.972  -2.373  67.618 0.0000000000
47312  -18.265  -1.988  67.433 0.0000000000
47313  -17.918  -1.669  67.688 0.0000000000
47314  -16.955  3.169  66.865 0.0000000000
47315  -17.492  2.895  66.971 0.0000000000
47316  -17.398  3.732  66.493 0.0000000000
47317  -17.831  4.290  66.148 0.0000000000
47318  -17.276  4.560  65.900 0.0000000000
47319  -17.159  5.242  65.283 0.0000000000
47320  -16.714  4.710  65.617 0.0000000000
47321  -12.943  4.830  65.200 0.0000000000
47322  -13.264  5.303  64.511 0.0000000000
47323  -12.730  5.461  64.529 0.0000000000
47324  -12.605  6.041  63.923 0.0000000000
47325  -12.248  5.618  64.600 0.0000000000
47326  -11.851  5.809  64.687 0.0000000000
47327  -12.048  5.123  65.240 0.0000000000
47328  -10.270  0.680  67.806 0.0000000000
47329  -10.208  1.360  67.782 0.0000000000
47330  -9.854  0.647  67.590 0.0000000000
47331  -9.408  0.647  67.356 0.0000000000
47332  -9.618  0.059  67.081 0.0000000000
47333  -12.252  -4.313  65.968 0.0000000000
47334  -12.141  -3.551  65.926 0.0000000000
47335  -12.001  -4.211  65.563 0.0000000000
50612  -19.798  4.382  58.335 0.0000000000
50613  -19.866  4.701  58.848 0.0000000000
50678  -9.397  6.773  65.835 0.0000000000
50679  -9.232  7.630  65.528 0.0000000000
50680  -8.928  6.940  65.945 0.0000000000
55111  -13.918  8.877  60.500 0.0000000000
55112  -14.360  9.382  59.905 0.0000000000
55113  -13.711  9.631  59.962 0.0000000000
56903  -20.167  -3.815  61.857 0.0000000000
56904  -19.893  -2.973  61.982 0.0000000000
56905  -20.124  -3.377  62.540 0.0000000000
56906  -20.004  -2.890  64.384 0.0000000000
56907  -19.900  -2.555  63.913 0.0000000000
56908  -19.820  -2.118  64.550 0.0000000000
56909  -19.651  -1.263  64.633 0.0000000000
56910  -19.709  -1.650  65.210 0.0000000000
56911  -16.183  -1.233  68.365 0.0000000000
56912  -16.495  -0.802  68.202 0.0000000000
56913  -15.956  -0.546  68.244 0.0000000000
56914  -15.094  1.029  67.585 0.0000000000
56915  -15.666  0.882  67.673 0.0000000000
56916  -15.519  1.602  67.401 0.0000000000
56917  -16.026  2.141  67.321 0.0000000000
56918  -15.496  2.319  67.161 0.0000000000
56919  -15.466  3.011  66.832 0.0000000000
56920  -14.944  2.488  67.016 0.0000000000
56921  -13.384  2.184  67.227 0.0000000000
56922  -13.811  2.744  66.856 0.0000000000
56923  -13.313  2.885  66.793 0.0000000000
56924  -13.288  3.648  66.387 0.0000000000
56925  -12.844  3.033  66.825 0.0000000000
56926  -12.430  3.198  66.854 0.0000000000
56927  -12.454  2.474  67.295 0.0000000000
56928  -11.967  0.521  68.264 0.0000000000
56929  -11.848  1.238  68.060 0.0000000000
56930  -11.542  0.589  68.240 0.0000000000
56931  -11.090  0.626  68.163 0.0000000000
56932  -11.241  -0.045  68.016 0.0000000000
56933  -11.202  -6.718  65.189 0.0000000000
56934  -11.354  -6.094  64.918 0.0000000000
56935  -11.072  -6.703  64.775 0.0000000000
56937  -10.751  -6.704  63.930 0.0000000000
60211  -20.312  5.466  61.034 0.0000000000
60212  -20.226  5.790  60.271 0.0000000000
60213  -20.388  6.193  60.699 0.0000000000
60214  -20.492  8.121  60.339 0.0000000000
60215  -20.457  7.686  60.042 0.0000000000
60216  -20.443  8.492  59.596 0.0000000000
60217  -20.306  8.817  58.893 0.0000000000
60218  -20.414  9.269  59.232 0.0000000000
60278  -8.180  3.843  66.907 0.0000000000
60279  -8.040  4.742  66.736 0.0000000000
60280  -7.752  3.953  66.745 0.0000000000
64103  -18.347  -5.796  64.365 0.0000000000
64104  -18.706  -5.211  64.797 0.0000000000
64105  -18.272  -5.362  65.040 0.0000000000
64106  -17.538  -5.073  66.417 0.0000000000
64107  -17.941  -4.685  66.275 0.0000000000
64108  -17.755  -4.427  66.819 0.0000000000
64109  -17.924  -3.751  67.141 0.0000000000
64110  -17.542  -4.148  67.308 0.0000000000
64112  -16.424  -6.410  66.999 0.0000000000
64114  -16.253  -4.492  68.368 0.0000000000
64115  -16.589  -4.756  68.099 0.0000000000
64116  -16.574  -4.028  68.173 0.0000000000
64117  -16.924  -3.579  68.069 0.0000000000
64118  -16.554  -3.318  68.267 0.0000000000
64119  -16.476  -2.646  68.355 0.0000000000
64120  -16.120  -3.098  68.398 0.0000000000
64121  -14.789  -3.257  68.416 0.0000000000
64122  -15.121  -2.729  68.429 0.0000000000
64123  -14.644  -2.561  68.327 0.0000000000
64124  -14.455  -1.867  68.338 0.0000000000
64125  -14.172  -2.389  68.188 0.0000000000
64126  -13.740  -2.244  68.044 0.0000000000
64127  -13.878  -2.912  67.960 0.0000000000
64128  -13.418  -4.600  67.727 0.0000000000
64129  -13.396  -3.984  67.554 0.0000000000
64130  -13.107  -4.514  67.327 0.0000000000
64131  -12.832  -4.427  66.890 0.0000000000
64132  -12.769  -5.035  67.100 0.0000000000
64134  -13.149  -6.475  68.605 0.0000000000
67411  -18.419  8.374  62.484 0.0000000000
67412  -18.803  8.973  62.110 0.0000000000
67413  -18.311  9.093  61.896 0.0000000000
67414  -17.646  10.459  60.489 0.0000000000
67415  -18.054  10.493  60.837 0.0000000000
67420  -16.055  10.413  59.244 0.0000000000
72796  -19.448  -1.452  62.239 0.0000000000
72797  -19.318  -0.948  61.679 0.0000000000
72798  -19.286  -0.556  62.319 0.0000000000
72799  -19.400  1.787  62.665 0.0000000000
72800  -19.286  1.328  62.084 0.0000000000
72801  -19.415  2.252  61.935 0.0000000000
72802  -19.499  2.756  61.138 0.0000000000
72803  -19.661  3.181  61.680 0.0000000000
72804  -19.901  3.957  61.477 0.0000000000
72805  -19.864  3.581  62.235 0.0000000000
72806  -19.976  4.065  63.947 0.0000000000
72807  -20.107  4.440  63.213 0.0000000000
72808  -20.168  4.875  63.646 0.0000000000
72809  -20.258  5.671  63.291 0.0000000000
72810  -20.036  5.389  63.958 0.0000000000
72811  -19.126  -3.962  65.711 0.0000000000
72812  -19.447  -3.781  65.504 0.0000000000
72813  -19.208  -3.312  66.071 0.0000000000
72814  -18.850  -1.371  66.953 0.0000000000
72815  -19.132  -1.804  66.583 0.0000000000
72816  -19.106  -0.955  66.708 0.0000000000
72817  -19.303  -0.636  66.290 0.0000000000
72818  -19.077  -0.116  66.728 0.0000000000
72819  -17.262  0.141  67.787 0.0000000000
72820  -17.693  -0.157  67.684 0.0000000000
72821  -17.667  0.608  67.655 0.0000000000
72822  -18.404  2.334  66.986 0.0000000000
72823  -18.462  1.511  67.185 0.0000000000
72824  -18.757  1.967  66.796 0.0000000000
72825  -19.060  1.571  66.518 0.0000000000
72826  -19.089  2.517  66.362 0.0000000000
72827  -19.347  2.938  65.844 0.0000000000
72828  -19.104  3.385  66.139 0.0000000000
72829  -18.599  5.331  65.379 0.0000000000
72830  -19.077  5.030  65.393 0.0000000000
72831  -18.926  5.828  64.850 0.0000000000
72832  -19.259  6.289  64.316 0.0000000000
72833  -18.756  6.557  64.252 0.0000000000
72834  -18.688  7.222  63.643 0.0000000000
72835  -18.232  6.756  64.194 0.0000000000
72836  -16.791  6.327  63.863 0.0000000000
72837  -17.182  6.857  63.558 0.0000000000
72838  -16.647  6.823  63.190 0.0000000000
72839  -16.558  7.326  62.534 0.0000000000
72840  -16.091  6.900  62.726 0.0000000000
72841  -15.208  4.476  65.607 0.0000000000
72842  -15.615  4.888  65.073 0.0000000000
72843  -15.013  4.981  64.841 0.0000000000
72844  -14.062  6.086  63.205 0.0000000000
72845  -14.633  5.979  63.340 0.0000000000
72846  -14.486  6.500  62.592 0.0000000000
72847  -14.945  6.881  62.102 0.0000000000
72848  -14.355  7.017  61.985 0.0000000000
72849  -14.258  7.589  61.511 0.0000000000
72850  -13.773  7.182  62.041 0.0000000000
72851  -12.277  7.261  63.021 0.0000000000
72852  -12.645  7.621  62.317 0.0000000000
72853  -12.118  7.956  62.557 0.0000000000
72854  -12.011  8.694  62.108 0.0000000000
72855  -11.659  8.296  62.840 0.0000000000
72856  -11.281  8.533  63.132 0.0000000000
72857  -11.393  7.838  63.514 0.0000000000
72858  -11.125  6.144  65.004 0.0000000000
72859  -10.932  6.870  64.673 0.0000000000
72860  -10.702  6.294  65.248 0.0000000000
72861  -10.261  6.447  65.508 0.0000000000
72862  -10.445  5.754  65.893 0.0000000000
72863  -11.671  3.445  66.921 0.0000000000
72864  -11.631  4.150  66.506 0.0000000000
72865  -11.295  3.543  66.964 0.0000000000
72866  -10.166  2.975  67.329 0.0000000000
72867  -10.539  3.704  67.040 0.0000000000
72868  -10.074  3.719  67.092 0.0000000000
72869  -9.903  4.419  66.832 0.0000000000
72870  -9.598  3.737  67.129 0.0000000000
72871  -9.130  3.812  67.059 0.0000000000
72872  -9.235  3.009  67.217 0.0000000000
72873  -8.537  0.659  66.858 0.0000000000
72874  -8.556  1.341  66.946 0.0000000000
72878  -12.837  -2.014  67.591 0.0000000000
72879  -12.572  -1.356  67.857 0.0000000000
72880  -12.419  -1.916  67.332 0.0000000000
72881  -11.559  -2.330  66.104 0.0000000000
72882  -11.582  -1.731  66.752 0.0000000000
72883  -11.199  -1.694  66.432 0.0000000000
72884  -10.918  -1.132  66.792 0.0000000000
72885  -10.904  -1.658  66.060 0.0000000000
72886  -11.436  -4.771  64.437 0.0000000000
72887  -11.511  -4.084  64.746 0.0000000000
72888  -11.320  -4.060  64.323 0.0000000000
72890  -10.774  -2.717  64.420 0.0000000000
72892  -10.233  -1.552  65.415 0.0000000000
72893  -9.847  -1.559  65.148 0.0000000000
76910  -19.335  -3.186  57.709 0.0000000000
76911  -19.312  -2.818  58.312 0.0000000000
76912  -19.460  -3.584  58.385 0.0000000000
76917  -20.167  -5.518  59.015 0.0000000000
76918  -20.155  -5.206  59.532 0.0000000000
76919  -19.952  -4.443  59.582 0.0000000000
76920  -20.155  -4.845  60.123 0.0000000000
76921  -20.162  -4.498  60.659 0.0000000000
76922  -20.348  -5.255  60.679 0.0000000000
76951  -18.360  -6.598  63.276 0.0000000000
82719  -20.020  6.528  58.901 0.0000000000
82720  -19.936  6.143  58.476 0.0000000000
82734  -19.559  9.966  61.199 0.0000000000
82735  -20.023  9.601  61.113 0.0000000000
82736  -19.850  10.342  60.768 0.0000000000
82738  -20.140  10.996  59.597 0.0000000000
82739  -20.126  11.364  58.915 0.0000000000
82740  -20.207  10.883  58.561 0.0000000000
82913  -10.490  9.181  63.645 0.0000000000
82914  -10.339  10.028  63.342 0.0000000000
82915  -10.071  9.489  63.983 0.0000000000
82916  -8.962  9.445  65.072 0.0000000000
82917  -9.246  10.077  64.596 0.0000000000
82918  -8.860  10.309  64.830 0.0000000000
82919  -8.736  11.174  64.609 0.0000000000
82920  -8.456  10.540  65.035 0.0000000000
82921  -7.740  6.445  66.209 0.0000000000
82922  -8.004  7.179  66.102 0.0000000000
82923  -7.610  7.308  65.988 0.0000000000
82924  -7.097  9.240  65.179 0.0000000000
82925  -7.410  9.162  65.418 0.0000000000
82926  -7.310  10.051  65.153 0.0000000000
82927  -7.608  10.783  65.049 0.0000000000
82928  -7.247  10.841  64.879 0.0000000000
92971  -12.712  9.508  60.785 0.0000000000
92972  -13.102  9.955  60.080 0.0000000000
92973  -12.536  10.322  60.303 0.0000000000
92983  -10.105  11.661  62.781 0.0000000000
94046  -20.338  -4.543  62.765 0.0000000000
94047  -20.259  -3.719  63.005 0.0000000000
94048  -20.264  -4.137  63.433 0.0000000000
94049  -20.125  -3.691  64.154 0.0000000000
94050  -19.925  -3.237  64.898 0.0000000000
94051  -15.092  -0.824  68.360 0.0000000000
94052  -15.445  -0.320  68.213 0.0000000000
94053  -14.925  -0.139  68.207 0.0000000000
94054  -14.722  0.524  67.950 0.0000000000
94055  -14.498  1.167  67.552 0.0000000000
94056  -14.400  1.924  67.261 0.0000000000
94057  -13.989  1.348  67.605 0.0000000000
94058  -13.476  1.506  67.643 0.0000000000
94059  -12.941  1.636  67.662 0.0000000000
94060  -12.547  1.737  67.685 0.0000000000
94061  -12.693  1.051  68.074 0.0000000000
94062  -12.399  0.447  68.286 0.0000000000
94063  -12.066  -0.145  68.266 0.0000000000
96031  -20.431  6.242  61.869 0.0000000000
96032  -20.474  6.612  61.086 0.0000000000
96033  -20.504  6.993  61.474 0.0000000000
96034  -20.459  7.803  61.022 0.0000000000
96035  -20.453  8.540  60.636 0.0000000000
96071  -7.729  2.115  66.540 0.0000000000
96072  -7.565  3.048  66.636 0.0000000000
98366  -17.430  -6.437  64.747 0.0000000000
98367  -17.802  -5.724  65.211 0.0000000000
98368  -17.326  -6.025  65.377 0.0000000000
98369  -17.239  -5.687  65.994 0.0000000000
98370  -17.146  -5.432  66.616 0.0000000000
98371  -15.668  -6.412  68.205 0.0000000000
98373  -15.838  -5.630  68.404 0.0000000000
98374  -15.870  -4.919  68.455 0.0000000000
98375  -15.844  -4.270  68.503 0.0000000000
98376  -15.728  -3.580  68.502 0.0000000000
98377  -15.385  -4.065  68.538 0.0000000000
98378  -14.909  -3.876  68.459 0.0000000000
98379  -14.434  -3.716  68.267 0.0000000000
98380  -14.029  -3.575  68.021 0.0000000000
98381  -14.126  -4.215  68.200 0.0000000000
98382  -13.763  -4.703  68.073 0.0000000000
98383  -13.380  -5.223  67.974 0.0000000000
100351  -17.418  8.511  61.830 0.0000000000
100352  -17.842  9.115  61.598 0.0000000000
100353  -17.360  9.098  61.193 0.0000000000
100354  -17.279  9.776  60.639 0.0000000000
103581  -19.028  -0.032  60.308 0.0000000000
103582  -19.443  -0.495  63.492 0.0000000000
103583  -19.238  -0.221  62.874 0.0000000000
103584  -19.283  0.322  63.421 0.0000000000
103585  -19.402  1.282  63.337 0.0000000000
103586  -19.589  2.277  63.223 0.0000000000
103587  -19.765  3.154  62.992 0.0000000000
103588  -19.712  2.692  63.722 0.0000000000
103589  -19.807  3.175  64.193 0.0000000000
103590  -19.790  3.693  64.579 0.0000000000
103591  -18.597  -3.091  66.783 0.0000000000
103592  -18.885  -2.825  66.552 0.0000000000
103593  -18.581  -2.380  67.002 0.0000000000
103594  -18.574  -1.652  67.224 0.0000000000
103595  -18.526  -0.932  67.292 0.0000000000
103596  -17.095  1.701  67.518 0.0000000000
103597  -17.567  1.411  67.515 0.0000000000
103598  -17.555  2.142  67.379 0.0000000000
103599  -17.988  2.638  67.018 0.0000000000
103600  -18.370  3.204  66.639 0.0000000000
103601  -18.770  3.749  66.266 0.0000000000
103602  -18.351  4.082  66.259 0.0000000000
103603  -18.230  4.868  65.803 0.0000000000
103604  -18.066  5.588  65.212 0.0000000000
103605  -17.892  6.276  64.592 0.0000000000
103606  -17.539  5.754  64.946 0.0000000000
103607  -16.956  5.841  64.571 0.0000000000
103608  -16.431  5.816  64.203 0.0000000000
103609  -14.012  4.644  65.264 0.0000000000
103610  -14.445  5.105  64.655 0.0000000000
103611  -13.847  5.196  64.519 0.0000000000
103612  -13.664  5.699  63.811 0.0000000000
103613  -13.484  6.275  63.194 0.0000000000
103614  -13.388  6.800  62.609 0.0000000000
103615  -12.957  6.447  63.268 0.0000000000
103616  -12.462  6.647  63.435 0.0000000000
103617  -11.942  6.880  63.671 0.0000000000
103618  -11.549  7.145  63.904 0.0000000000
103619  -11.725  6.450  64.239 0.0000000000
103620  -11.476  5.977  64.824 0.0000000000
103621  -11.282  5.434  65.477 0.0000000000
103622  -10.976  2.141  67.710 0.0000000000
103623  -10.964  2.839  67.350 0.0000000000
103624  -10.559  2.150  67.640 0.0000000000
103625  -10.172  2.172  67.578 0.0000000000
103626  -9.776  2.184  67.494 0.0000000000
103627  -9.332  2.081  67.316 0.0000000000
103628  -9.359  1.373  67.405 0.0000000000
103629  -8.963  0.654  67.121 0.0000000000
103630  -8.751  0.020  66.556 0.0000000000
103631  -12.529  -3.082  66.736 0.0000000000
103632  -12.266  -2.463  66.807 0.0000000000
103633  -12.198  -2.965  66.339 0.0000000000
103634  -11.896  -2.883  65.930 0.0000000000
103635  -11.638  -2.872  65.558 0.0000000000
103636  -11.010  -4.740  63.587 0.0000000000
103637  -11.091  -4.067  63.910 0.0000000000
103638  -10.837  -4.048  63.553 0.0000000000
109546  -19.632  11.126  60.454 0.0000000000
109652  -9.942  8.094  64.833 0.0000000000
109653  -9.796  8.942  64.547 0.0000000000
109654  -9.500  8.355  65.072 0.0000000000
109655  -9.029  8.568  65.339 0.0000000000
109656  -8.615  8.799  65.492 0.0000000000
109657  -7.061  6.632  65.788 0.0000000000
109658  -7.255  7.418  65.799 0.0000000000
109659  -6.951  7.512  65.552 0.0000000000
115558  -13.962  -6.132  68.807 0.0000000000
117091  -15.219  8.554  60.600 0.0000000000
117092  -15.686  9.125  60.130 0.0000000000
117093  -15.042  9.212  59.963 0.0000000000
117094  -14.877  9.920  59.350 0.0000000000
117096  -13.520  10.421  59.452 0.0000000000
119600  -19.700  -3.087  60.775 0.0000000000
119601  -19.500  -2.247  60.943 0.0000000000
119602  -19.687  -2.686  61.446 0.0000000000
119603  -19.698  -2.245  62.138 0.0000000000
119604  -19.652  -1.787  62.823 0.0000000000
119605  -20.037  -2.932  63.237 0.0000000000
119606  -19.813  -2.178  63.343 0.0000000000
119607  -19.607  -1.346  63.454 0.0000000000
119608  -19.555  -0.918  64.070 0.0000000000
119609  -19.489  -0.340  64.634 0.0000000000
119610  -19.434  0.106  65.139 0.0000000000
119611  -17.137  -1.762  68.155 0.0000000000
119612  -17.471  -1.335  67.929 0.0000000000
119613  -17.021  -1.062  68.101 0.0000000000
119614  -16.909  -0.354  67.981 0.0000000000
119615  -16.748  0.385  67.781 0.0000000000
119616  -15.781  0.171  67.998 0.0000000000
119617  -16.233  0.643  67.735 0.0000000000
119618  -16.662  1.158  67.620 0.0000000000
119619  -16.570  1.928  67.425 0.0000000000
119620  -16.501  2.648  67.163 0.0000000000
119621  -16.412  3.418  66.742 0.0000000000
119622  -16.327  4.135  66.036 0.0000000000
119623  -15.903  3.661  66.523 0.0000000000
119624  -15.352  3.808  66.294 0.0000000000
119625  -14.778  3.927  66.103 0.0000000000
119626  -14.382  2.633  66.926 0.0000000000
119627  -14.310  3.336  66.503 0.0000000000
119628  -14.187  4.014  65.952 0.0000000000
119629  -13.651  4.098  65.896 0.0000000000
119630  -13.131  4.207  65.819 0.0000000000
119631  -12.633  4.338  65.834 0.0000000000
119632  -12.234  4.512  65.869 0.0000000000
119633  -12.361  3.888  66.389 0.0000000000
119634  -12.041  3.346  66.851 0.0000000000
119635  -11.726  2.712  67.336 0.0000000000
119636  -12.163  1.883  67.691 0.0000000000
119637  -11.794  1.975  67.717 0.0000000000
119638  -11.412  2.064  67.730 0.0000000000
119639  -11.014  1.337  67.990 0.0000000000
119640  -10.679  0.670  68.007 0.0000000000
119641  -10.386  0.022  67.603 0.0000000000
119642  -11.818  -5.506  65.554 0.0000000000
119643  -11.860  -4.843  65.324 0.0000000000
119644  -11.615  -5.481  65.096 0.0000000000
119645  -11.436  -5.440  64.641 0.0000000000
119646  -11.250  -5.444  64.241 0.0000000000
119647  -10.917  -6.695  64.347 0.0000000000
119648  -11.034  -6.086  64.098 0.0000000000
119649  -11.042  -5.438  63.824 0.0000000000
119650  -10.835  -5.445  63.419 0.0000000000
124231  -19.924  4.695  60.111 0.0000000000
124232  -19.934  5.070  59.363 0.0000000000
124233  -20.045  5.459  59.876 0.0000000000
124234  -20.167  6.200  59.595 0.0000000000
124235  -20.142  6.898  59.302 0.0000000000
124236  -20.429  6.973  60.384 0.0000000000
124237  -20.263  7.315  59.651 0.0000000000
124238  -20.175  7.630  58.982 0.0000000000
124239  -20.154  8.388  58.562 0.0000000000
124325  -8.788  5.420  66.594 0.0000000000
124326  -8.609  6.263  66.275 0.0000000000
124327  -8.314  5.517  66.568 0.0000000000
124328  -7.880  5.616  66.477 0.0000000000
124329  -7.483  5.714  66.304 0.0000000000
124330  -7.411  3.982  66.474 0.0000000000
124331  -7.296  4.890  66.305 0.0000000000
124332  -7.158  5.794  66.028 0.0000000000
129581  -19.121  -5.403  63.941 0.0000000000
129582  -19.425  -4.863  64.392 0.0000000000
129583  -19.063  -5.034  64.589 0.0000000000
129584  -18.977  -4.585  65.301 0.0000000000
129585  -18.811  -4.140  65.922 0.0000000000
129586  -18.151  -5.004  65.619 0.0000000000
129587  -18.436  -4.372  66.050 0.0000000000
129588  -18.549  -3.761  66.449 0.0000000000
129589  -18.305  -3.453  66.992 0.0000000000
129590  -17.990  -3.084  67.455 0.0000000000
129591  -17.633  -2.768  67.789 0.0000000000
129593  -16.811  -5.949  66.785 0.0000000000
129594  -17.012  -5.219  67.172 0.0000000000
129595  -16.494  -5.432  67.815 0.0000000000
129596  -16.827  -5.004  67.675 0.0000000000
129597  -17.171  -4.504  67.530 0.0000000000
129598  -17.261  -3.865  67.748 0.0000000000
129599  -17.285  -3.164  67.925 0.0000000000
129600  -17.227  -2.465  68.075 0.0000000000
129601  -16.820  -2.190  68.259 0.0000000000
129602  -16.351  -1.938  68.380 0.0000000000
129603  -15.841  -1.767  68.460 0.0000000000
129604  -15.602  -2.912  68.473 0.0000000000
129605  -15.489  -2.257  68.489 0.0000000000
129606  -15.285  -1.555  68.472 0.0000000000
129607  -14.812  -1.373  68.413 0.0000000000
129608  -14.280  -1.208  68.361 0.0000000000
129609  -13.700  -1.057  68.285 0.0000000000
129610  -13.212  -0.940  68.212 0.0000000000
129611  -13.491  -1.604  68.116 0.0000000000
129612  -13.282  -2.105  67.831 0.0000000000
129613  -13.059  -2.674  67.450 0.0000000000
129614  -13.623  -3.437  67.730 0.0000000000
129615  -13.241  -3.322  67.426 0.0000000000
129616  -12.872  -3.218  67.097 0.0000000000
129617  -12.721  -3.740  66.773 0.0000000000
129618  -12.549  -4.366  66.431 0.0000000000
129619  -12.285  -4.946  66.206 0.0000000000
129620  -13.640  -5.957  68.608 0.0000000000
129621  -13.308  -5.834  68.329 0.0000000000
129622  -12.968  -5.767  67.975 0.0000000000
129623  -12.361  -6.844  68.049 0.0000000000
129625  -12.698  -5.695  67.504 0.0000000000
129626  -12.436  -5.639  66.984 0.0000000000
129627  -12.207  -5.584  66.468 0.0000000000
129628  -12.023  -5.520  65.995 0.0000000000
129629  -11.711  -6.101  65.844 0.0000000000
133771  -19.527  7.930  62.762 0.0000000000
133772  -19.858  8.381  62.168 0.0000000000
133773  -19.365  8.694  62.205 0.0000000000
133774  -19.191  9.522  61.695 0.0000000000
133775  -19.045  10.274  61.262 0.0000000000
133776  -18.191  9.809  61.336 0.0000000000
133777  -18.554  10.443  61.114 0.0000000000
133778  -18.866  11.016  60.897 0.0000000000
133782  -16.210  9.738  59.834 0.0000000000
140494  -19.329  -1.390  60.976 0.0000000000
140495  -19.178  -0.522  61.017 0.0000000000
140496  -19.073  0.435  60.981 0.0000000000
140497  -19.158  0.330  62.299 0.0000000000
140498  -19.145  0.869  61.535 0.0000000000
140499  -19.160  1.337  60.773 0.0000000000
140500  -19.377  2.267  60.566 0.0000000000
140504  -20.109  4.723  61.271 0.0000000000
140505  -20.270  5.136  61.767 0.0000000000
140506  -20.012  4.004  62.728 0.0000000000
140507  -20.218  4.792  62.479 0.0000000000
140508  -20.371  5.516  62.200 0.0000000000
140509  -20.394  5.949  62.589 0.0000000000
140510  -20.303  6.460  62.918 0.0000000000
140511  -20.023  6.881  63.224 0.0000000000
140512  -19.607  -4.223  64.841 0.0000000000
140513  -19.705  -3.500  65.272 0.0000000000
140514  -19.665  -2.771  65.576 0.0000000000
140515  -19.173  -2.597  66.368 0.0000000000
140516  -19.422  -2.288  66.097 0.0000000000
140517  -19.572  -1.959  65.740 0.0000000000
140518  -19.504  -1.152  65.793 0.0000000000
140519  -19.429  -0.266  65.794 0.0000000000
140520  -19.332  0.621  65.664 0.0000000000
140521  -17.798  -0.941  67.724 0.0000000000
140522  -18.136  -0.533  67.536 0.0000000000
140523  -18.527  -0.123  67.357 0.0000000000
140524  -18.037  1.070  67.448 0.0000000000
140525  -18.466  0.710  67.301 0.0000000000
140526  -18.826  0.314  67.045 0.0000000000
140527  -19.058  0.664  66.651 0.0000000000
140528  -19.234  1.095  66.153 0.0000000000
140529  -19.378  1.486  65.575 0.0000000000
140530  -19.494  2.442  65.430 0.0000000000
140531  -19.640  3.360  65.207 0.0000000000
140532  -19.696  4.191  64.929 0.0000000000
140533  -19.147  4.230  65.856 0.0000000000
140534  -19.492  4.653  65.236 0.0000000000
140535  -19.730  5.016  64.600 0.0000000000
140536  -19.707  5.860  64.194 0.0000000000
140537  -19.679  6.604  63.791 0.0000000000
140538  -19.647  7.296  63.292 0.0000000000
140539  -19.095  7.631  63.248 0.0000000000
140540  -18.558  7.786  63.086 0.0000000000
140541  -18.016  7.893  62.825 0.0000000000
140542  -17.729  6.821  63.902 0.0000000000
140543  -17.580  7.387  63.189 0.0000000000
140544  -17.472  7.942  62.482 0.0000000000
140545  -16.968  7.930  62.190 0.0000000000
140546  -16.453  7.922  61.827 0.0000000000
140547  -15.910  7.897  61.442 0.0000000000
140548  -16.138  4.862  65.299 0.0000000000
140549  -15.983  5.361  64.576 0.0000000000
140550  -15.872  5.867  63.832 0.0000000000
140551  -14.854  5.492  64.043 0.0000000000
140552  -15.262  5.926  63.535 0.0000000000
140553  -15.732  6.355  63.086 0.0000000000
140554  -15.540  6.846  62.393 0.0000000000
140555  -15.408  7.368  61.757 0.0000000000
140556  -15.315  7.933  61.120 0.0000000000
140557  -14.705  8.069  61.043 0.0000000000
140558  -14.073  8.223  61.060 0.0000000000
140559  -13.475  8.435  61.118 0.0000000000
140560  -13.204  7.371  62.169 0.0000000000
140561  -13.061  8.030  61.683 0.0000000000
140562  -12.903  8.744  61.216 0.0000000000
140563  -12.390  9.092  61.426 0.0000000000
140564  -11.890  9.455  61.671 0.0000000000
140565  -11.404  9.828  62.007 0.0000000000
140566  -11.006  10.156  62.354 0.0000000000
140567  -11.147  9.386  62.697 0.0000000000
140568  -10.905  8.850  63.362 0.0000000000
140569  -10.579  8.434  63.995 0.0000000000
140570  -11.144  7.385  64.128 0.0000000000
140571  -10.751  7.578  64.348 0.0000000000
140572  -10.355  7.828  64.587 0.0000000000
140573  -10.118  7.270  65.167 0.0000000000
140574  -9.843  6.618  65.722 0.0000000000
140575  -9.540  6.016  66.196 0.0000000000
140576  -11.848  4.694  65.951 0.0000000000
140577  -11.464  4.795  66.032 0.0000000000
140578  -11.078  4.931  66.117 0.0000000000
140579  -10.920  3.631  66.992 0.0000000000
140580  -10.832  4.371  66.627 0.0000000000
140581  -10.646  5.052  66.261 0.0000000000
140582  -10.206  5.176  66.443 0.0000000000
140583  -9.741  5.254  66.534 0.0000000000
140584  -9.264  5.339  66.569 0.0000000000
140585  -8.946  4.613  66.861 0.0000000000
140586  -8.630  3.814  67.005 0.0000000000
140587  -8.383  2.983  66.972 0.0000000000
140588  -8.919  2.097  67.144 0.0000000000
140589  -8.518  2.129  66.957 0.0000000000
140590  -8.128  2.115  66.745 0.0000000000
140591  -7.819  1.300  66.366 0.0000000000
140594  -12.774  -0.825  68.212 0.0000000000
140595  -12.309  -0.750  68.106 0.0000000000
140596  -11.849  -0.704  67.914 0.0000000000
140597  -11.991  -1.797  67.036 0.0000000000
140598  -11.681  -1.186  67.362 0.0000000000
140599  -11.424  -0.634  67.721 0.0000000000
140600  -11.013  -0.587  67.505 0.0000000000
140601  -10.623  -0.549  67.243 0.0000000000
140602  -10.216  -0.503  66.960 0.0000000000
140603  -11.739  -4.137  65.160 0.0000000000
140604  -11.583  -3.435  65.090 0.0000000000
140605  -11.339  -2.801  65.193 0.0000000000
140606  -11.091  -3.372  64.310 0.0000000000
140607  -11.047  -2.746  64.818 0.0000000000
140608  -10.979  -2.170  65.415 0.0000000000
140609  -10.580  -1.584  65.728 0.0000000000
140610  -10.172  -1.015  66.173 0.0000000000
140611  -9.859  -0.480  66.664 0.0000000000
140612  -9.480  -0.486  66.365 0.0000000000
145507  -19.080  -1.744  57.568 0.0000000000
145508  -19.126  -2.103  58.259 0.0000000000
145509  -19.286  -2.513  58.906 0.0000000000
145510  -19.508  -2.985  59.549 0.0000000000
145513  -19.760  -4.632  57.846 0.0000000000
145514  -20.188  -5.844  58.457 0.0000000000
145515  -20.018  -5.087  58.406 0.0000000000
145516  -19.738  -4.364  58.362 0.0000000000
145517  -19.733  -4.038  58.956 0.0000000000
145518  -19.708  -3.696  59.576 0.0000000000
145519  -19.735  -3.390  60.159 0.0000000000
145520  -19.951  -3.821  60.676 0.0000000000
145521  -20.159  -4.147  61.271 0.0000000000
145522  -20.364  -4.526  61.754 0.0000000000
145524  -20.383  -5.296  61.633 0.0000000000
145525  -20.362  -4.912  62.202 0.0000000000
145526  -20.221  -5.280  62.549 0.0000000000
145527  -19.935  -5.490  62.902 0.0000000000
145557  -18.388  -6.200  63.777 0.0000000000
145558  -17.911  -6.430  63.960 0.0000000000
152506  -19.925  5.469  58.657 0.0000000000
152524  -20.112  8.813  61.508 0.0000000000
152525  -20.355  9.038  60.902 0.0000000000
152526  -20.419  9.310  60.236 0.0000000000
152527  -20.036  10.644  60.183 0.0000000000
152528  -20.309  10.157  59.895 0.0000000000
152529  -20.465  9.655  59.597 0.0000000000
152530  -20.328  10.069  58.896 0.0000000000
152740  -10.607  10.521  62.682 0.0000000000
152741  -10.234  10.857  63.057 0.0000000000
152742  -9.855  11.215  63.452 0.0000000000
152743  -9.649  9.802  64.311 0.0000000000
152744  -9.567  10.676  64.036 0.0000000000
152745  -9.456  11.563  63.792 0.0000000000
152746  -9.039  11.769  64.114 0.0000000000
152747  -8.605  11.987  64.341 0.0000000000
152748  -8.191  12.167  64.476 0.0000000000
152749  -8.472  7.092  66.013 0.0000000000
152750  -8.305  7.978  65.825 0.0000000000
152751  -8.197  8.945  65.561 0.0000000000
152752  -7.499  8.230  65.725 0.0000000000
152753  -7.788  9.047  65.552 0.0000000000
152754  -8.126  9.831  65.334 0.0000000000
152755  -8.023  10.695  65.091 0.0000000000
152756  -7.924  11.539  64.798 0.0000000000
152757  -7.806  12.305  64.446 0.0000000000
152758  -7.450  12.429  64.259 0.0000000000
