#!ascii label  , from subject fsaverage vox2ras=TkReg
596
135  -36.249  -82.240  27.524 0.0000000000
565  -32.630  -77.747  17.068 0.0000000000
1250  -32.599  -79.827  28.893 0.0000000000
1251  -32.608  -76.007  23.964 0.0000000000
1252  -34.977  -80.953  23.207 0.0000000000
1253  -34.096  -81.862  16.667 0.0000000000
1254  -36.535  -84.356  21.727 0.0000000000
1687  -37.501  -76.562  29.053 0.0000000000
2326  -27.524  -71.706  19.627 0.0000000000
2334  -31.091  -72.498  19.689 0.0000000000
2335  -27.774  -77.021  14.575 0.0000000000
2336  -29.393  -81.026  12.656 0.0000000000
3169  -33.088  -80.519  31.334 0.0000000000
3170  -34.216  -81.694  28.524 0.0000000000
3171  -33.735  -80.417  26.393 0.0000000000
3172  -35.318  -82.526  25.929 0.0000000000
3173  -35.714  -82.918  22.737 0.0000000000
3801  -27.328  -87.897  12.913 0.0000000000
5193  -32.836  -76.697  20.602 0.0000000000
5194  -32.114  -74.107  21.524 0.0000000000
5195  -31.361  -75.456  17.918 0.0000000000
5197  -30.298  -77.114  15.114 0.0000000000
5198  -28.537  -78.943  13.417 0.0000000000
5199  -31.244  -78.947  14.429 0.0000000000
6860  -32.606  -77.960  26.467 0.0000000000
6861  -33.741  -78.414  23.502 0.0000000000
6862  -34.214  -79.068  19.948 0.0000000000
6863  -33.636  -79.585  16.935 0.0000000000
6864  -35.073  -81.104  19.917 0.0000000000
6865  -35.665  -83.284  19.422 0.0000000000
6869  -41.263  -78.978  16.935 0.0000000000
7776  -36.211  -78.482  30.818 0.0000000000
7777  -37.158  -79.912  28.223 0.0000000000
9537  -26.185  -73.056  20.540 0.0000000000
9563  -29.351  -71.574  19.017 0.0000000000
9566  -25.811  -79.268  13.586 0.0000000000
9567  -26.571  -81.258  12.624 0.0000000000
9569  -31.929  -81.167  14.194 0.0000000000
10848  -35.814  -81.584  28.849 0.0000000000
10849  -34.654  -81.525  29.417 0.0000000000
10850  -35.179  -82.094  28.172 0.0000000000
10851  -34.808  -82.117  27.237 0.0000000000
10852  -35.778  -82.551  26.810 0.0000000000
10853  -36.052  -83.022  25.419 0.0000000000
11479  -25.262  -87.574  12.874 0.0000000000
11481  -26.573  -86.957  12.701 0.0000000000
12873  -32.792  -77.294  18.785 0.0000000000
12874  -32.121  -76.104  19.138 0.0000000000
12875  -31.903  -76.709  17.426 0.0000000000
12876  -30.874  -76.265  16.478 0.0000000000
12877  -31.556  -77.299  15.848 0.0000000000
12878  -30.829  -77.973  14.683 0.0000000000
12879  -32.106  -78.222  15.584 0.0000000000
15266  -32.724  -80.396  30.100 0.0000000000
15267  -32.405  -79.803  31.739 0.0000000000
15268  -32.289  -79.151  30.503 0.0000000000
15270  -32.290  -78.477  29.167 0.0000000000
15271  -32.246  -77.545  28.056 0.0000000000
15272  -32.567  -78.955  27.747 0.0000000000
15273  -34.457  -80.641  24.904 0.0000000000
15274  -33.839  -79.392  24.885 0.0000000000
15275  -34.377  -79.685  23.354 0.0000000000
15276  -34.146  -78.738  21.750 0.0000000000
15277  -34.768  -80.043  21.517 0.0000000000
15278  -34.673  -80.092  19.906 0.0000000000
15279  -35.107  -81.021  21.472 0.0000000000
15280  -35.994  -83.726  22.288 0.0000000000
15281  -35.725  -83.083  21.073 0.0000000000
15282  -36.042  -83.985  20.761 0.0000000000
15283  -35.910  -84.278  19.040 0.0000000000
17074  -36.993  -77.125  31.327 0.0000000000
17075  -36.854  -77.541  29.894 0.0000000000
17076  -36.513  -79.094  29.497 0.0000000000
17077  -37.183  -78.228  28.479 0.0000000000
17082  -39.545  -76.606  25.370 0.0000000000
17084  -39.816  -76.299  24.609 0.0000000000
18515  -24.696  -77.763  20.148 0.0000000000
18516  -25.418  -75.914  20.532 0.0000000000
21282  -26.830  -72.281  20.051 0.0000000000
21283  -26.279  -74.034  19.353 0.0000000000
21284  -26.849  -73.419  18.818 0.0000000000
21341  -31.668  -73.242  20.533 0.0000000000
21347  -30.287  -71.891  19.155 0.0000000000
21348  -28.733  -75.660  15.514 0.0000000000
21349  -28.631  -74.334  16.588 0.0000000000
21353  -25.660  -78.343  14.362 0.0000000000
21354  -26.772  -78.100  14.043 0.0000000000
21355  -28.949  -79.915  12.969 0.0000000000
21356  -27.515  -80.031  12.908 0.0000000000
21360  -33.991  -80.633  16.871 0.0000000000
21361  -32.890  -80.209  15.497 0.0000000000
21362  -33.062  -81.409  15.386 0.0000000000
24137  -33.535  -81.091  29.797 0.0000000000
24138  -33.275  -80.909  28.747 0.0000000000
24139  -33.072  -80.209  27.680 0.0000000000
24140  -33.950  -81.279  27.548 0.0000000000
24141  -34.513  -81.583  26.239 0.0000000000
24142  -35.108  -81.915  24.716 0.0000000000
24143  -35.456  -82.001  23.119 0.0000000000
24144  -35.664  -82.713  24.436 0.0000000000
24145  -36.102  -83.405  23.873 0.0000000000
25275  -28.202  -88.688  13.117 0.0000000000
27779  -32.880  -76.317  22.275 0.0000000000
27780  -32.463  -75.048  22.626 0.0000000000
27781  -32.392  -75.540  20.945 0.0000000000
27782  -31.857  -74.697  19.728 0.0000000000
27783  -31.244  -73.953  18.817 0.0000000000
27784  -30.464  -73.374  18.120 0.0000000000
27785  -30.536  -74.862  17.205 0.0000000000
27786  -29.831  -75.861  15.868 0.0000000000
27787  -29.062  -76.917  14.853 0.0000000000
27788  -28.101  -77.979  13.993 0.0000000000
27789  -29.462  -77.964  14.239 0.0000000000
27790  -29.912  -78.858  13.756 0.0000000000
27791  -30.301  -79.901  13.474 0.0000000000
31365  -32.275  -76.659  26.828 0.0000000000
31366  -32.693  -76.945  25.189 0.0000000000
31367  -33.077  -79.197  26.407 0.0000000000
31368  -33.226  -78.143  25.037 0.0000000000
31369  -33.143  -77.100  23.690 0.0000000000
31370  -33.427  -77.456  22.050 0.0000000000
31371  -33.519  -77.958  20.170 0.0000000000
31372  -33.485  -78.404  18.446 0.0000000000
31373  -33.162  -78.656  16.967 0.0000000000
31374  -34.011  -79.285  18.415 0.0000000000
31375  -34.491  -80.244  18.403 0.0000000000
31376  -34.832  -81.326  18.255 0.0000000000
31377  -35.470  -82.095  21.344 0.0000000000
31378  -35.420  -82.188  19.716 0.0000000000
31379  -35.064  -82.509  18.029 0.0000000000
31380  -35.234  -83.714  17.821 0.0000000000
31381  -35.514  -84.710  17.421 0.0000000000
31387  -40.486  -80.007  16.260 0.0000000000
31388  -40.860  -78.234  16.107 0.0000000000
31389  -40.185  -79.211  15.657 0.0000000000
33722  -37.121  -76.907  32.541 0.0000000000
33726  -36.331  -80.579  29.154 0.0000000000
38853  -25.398  -75.928  18.625 0.0000000000
38929  -28.379  -71.517  19.204 0.0000000000
38930  -29.578  -73.037  17.774 0.0000000000
38931  -28.618  -72.879  17.887 0.0000000000
38932  -27.670  -73.007  18.217 0.0000000000
38935  -24.642  -77.942  15.927 0.0000000000
38936  -24.585  -78.773  15.009 0.0000000000
38939  -27.111  -79.096  13.358 0.0000000000
38940  -26.133  -80.269  12.974 0.0000000000
38945  -32.516  -79.179  15.518 0.0000000000
38946  -31.625  -80.013  14.305 0.0000000000
38947  -30.713  -81.062  13.170 0.0000000000
38954  -28.141  -86.683  12.641 0.0000000000
38965  -37.266  -84.190  22.560 0.0000000000
41568  -36.048  -81.968  28.233 0.0000000000
41569  -35.497  -81.895  28.576 0.0000000000
41570  -35.728  -82.202  27.918 0.0000000000
41571  -35.464  -82.304  27.479 0.0000000000
42199  -25.581  -86.731  12.705 0.0000000000
42200  -25.861  -87.301  12.735 0.0000000000
42201  -26.219  -86.394  12.615 0.0000000000
43593  -32.747  -77.516  17.919 0.0000000000
43594  -32.361  -76.978  18.097 0.0000000000
43595  -32.276  -77.234  17.221 0.0000000000
43596  -31.744  -76.997  16.608 0.0000000000
43597  -32.111  -77.481  16.394 0.0000000000
43598  -31.830  -77.769  15.710 0.0000000000
43599  -32.395  -77.970  16.309 0.0000000000
45986  -32.639  -80.132  29.504 0.0000000000
45987  -32.471  -79.815  30.291 0.0000000000
45988  -32.428  -79.490  29.663 0.0000000000
45990  -32.422  -79.152  29.013 0.0000000000
45991  -32.420  -78.784  28.417 0.0000000000
45992  -32.581  -79.425  28.311 0.0000000000
45993  -34.737  -80.796  24.063 0.0000000000
45994  -34.447  -80.153  24.125 0.0000000000
45995  -34.678  -80.298  23.271 0.0000000000
45996  -34.593  -79.850  22.452 0.0000000000
45997  -34.889  -80.478  22.342 0.0000000000
45998  -34.916  -80.497  21.455 0.0000000000
45999  -35.079  -81.003  22.352 0.0000000000
46000  -36.205  -84.101  22.023 0.0000000000
46001  -35.988  -83.887  21.528 0.0000000000
46002  -36.272  -84.225  21.270 0.0000000000
46003  -36.281  -84.388  20.515 0.0000000000
46004  -36.559  -84.546  20.981 0.0000000000
47793  -37.587  -76.400  29.708 0.0000000000
47794  -37.224  -76.828  30.150 0.0000000000
47795  -37.203  -77.059  29.460 0.0000000000
47796  -36.957  -77.826  29.229 0.0000000000
47797  -37.242  -77.423  28.729 0.0000000000
47798  -37.425  -77.908  28.075 0.0000000000
47803  -39.708  -76.484  25.006 0.0000000000
47804  -39.663  -75.764  25.133 0.0000000000
52002  -27.167  -71.985  19.827 0.0000000000
52003  -26.883  -72.869  19.449 0.0000000000
52058  -32.470  -75.863  24.779 0.0000000000
52060  -32.442  -75.369  24.186 0.0000000000
52061  -31.403  -72.875  20.043 0.0000000000
52062  -31.531  -72.510  20.945 0.0000000000
52063  -31.246  -72.107  20.535 0.0000000000
52065  -30.928  -71.749  20.183 0.0000000000
52067  -30.718  -72.153  19.393 0.0000000000
52072  -27.187  -77.051  14.620 0.0000000000
52073  -26.683  -77.616  14.395 0.0000000000
52074  -27.248  -77.542  14.276 0.0000000000
52075  -29.164  -80.458  12.766 0.0000000000
52076  -28.468  -80.481  12.696 0.0000000000
52080  -34.074  -81.230  16.800 0.0000000000
52081  -33.576  -80.972  16.137 0.0000000000
52082  -33.571  -81.597  15.998 0.0000000000
55586  -34.390  -81.652  29.022 0.0000000000
55587  -34.059  -81.367  29.622 0.0000000000
55588  -33.865  -81.398  29.168 0.0000000000
55589  -33.377  -81.085  29.295 0.0000000000
55590  -33.737  -81.320  28.654 0.0000000000
55591  -33.625  -81.118  28.157 0.0000000000
55592  -34.098  -81.559  28.055 0.0000000000
55593  -35.101  -82.317  26.568 0.0000000000
55594  -34.661  -81.918  26.770 0.0000000000
55595  -34.906  -82.112  26.129 0.0000000000
55596  -34.777  -81.766  25.535 0.0000000000
55597  -35.165  -82.269  25.389 0.0000000000
55598  -35.374  -82.322  24.617 0.0000000000
55599  -35.501  -82.640  25.223 0.0000000000
55601  -36.134  -83.212  24.679 0.0000000000
55603  -36.280  -83.661  23.557 0.0000000000
57482  -26.662  -88.112  12.892 0.0000000000
57484  -27.142  -88.465  12.952 0.0000000000
57486  -27.785  -88.287  13.024 0.0000000000
61658  -32.896  -76.503  21.445 0.0000000000
61659  -32.651  -75.932  21.595 0.0000000000
61660  -32.602  -76.141  20.774 0.0000000000
61661  -31.753  -75.745  18.539 0.0000000000
61662  -31.970  -75.419  19.417 0.0000000000
61663  -31.633  -75.053  18.844 0.0000000000
61664  -31.541  -74.307  19.218 0.0000000000
61665  -31.282  -74.707  18.369 0.0000000000
61666  -30.915  -74.377  17.997 0.0000000000
61667  -30.961  -75.131  17.546 0.0000000000
61668  -30.598  -76.665  15.736 0.0000000000
61669  -30.362  -76.052  16.149 0.0000000000
61670  -30.016  -76.513  15.492 0.0000000000
61671  -29.457  -76.404  15.293 0.0000000000
61672  -29.659  -77.067  14.917 0.0000000000
61673  -29.229  -77.488  14.532 0.0000000000
61674  -29.894  -77.530  14.654 0.0000000000
61675  -31.032  -78.460  14.523 0.0000000000
61676  -30.362  -78.381  14.186 0.0000000000
61677  -30.563  -78.878  14.050 0.0000000000
61678  -30.081  -79.349  13.581 0.0000000000
61679  -30.776  -79.381  13.957 0.0000000000
68836  -33.395  -80.492  31.830 0.0000000000
68853  -32.395  -77.767  27.262 0.0000000000
68854  -32.251  -77.035  27.432 0.0000000000
68855  -32.430  -77.299  26.610 0.0000000000
68856  -32.470  -76.838  25.979 0.0000000000
68857  -32.670  -77.469  25.822 0.0000000000
68858  -33.358  -80.325  27.075 0.0000000000
68859  -33.028  -79.707  27.066 0.0000000000
68860  -33.373  -79.805  26.394 0.0000000000
68861  -33.826  -78.909  24.180 0.0000000000
68862  -33.497  -78.767  24.980 0.0000000000
68863  -33.525  -78.254  24.264 0.0000000000
68864  -33.223  -77.609  24.350 0.0000000000
68865  -33.438  -77.722  23.598 0.0000000000
68866  -33.309  -77.253  22.921 0.0000000000
68867  -33.606  -77.920  22.803 0.0000000000
68868  -34.204  -78.933  20.840 0.0000000000
68869  -33.881  -78.310  20.975 0.0000000000
68870  -33.877  -78.539  20.048 0.0000000000
68871  -33.513  -78.194  19.284 0.0000000000
68872  -33.860  -78.743  19.150 0.0000000000
68873  -33.747  -78.838  18.409 0.0000000000
68874  -34.123  -79.185  19.167 0.0000000000
68875  -34.850  -80.568  19.926 0.0000000000
68876  -34.585  -80.150  19.195 0.0000000000
68877  -34.788  -80.637  19.150 0.0000000000
68878  -34.709  -80.727  18.334 0.0000000000
68879  -35.022  -81.143  19.093 0.0000000000
68880  -35.586  -82.471  22.895 0.0000000000
68881  -35.464  -82.054  22.164 0.0000000000
68882  -35.578  -82.547  22.017 0.0000000000
68883  -35.735  -83.134  20.267 0.0000000000
68884  -35.604  -82.612  20.422 0.0000000000
68885  -35.558  -82.712  19.585 0.0000000000
68886  -35.314  -82.313  18.858 0.0000000000
68887  -35.405  -82.876  18.741 0.0000000000
68888  -35.153  -83.104  17.939 0.0000000000
68889  -35.488  -83.456  18.609 0.0000000000
74259  -37.604  -76.484  32.602 0.0000000000
74260  -37.582  -76.538  32.089 0.0000000000
74261  -36.553  -77.777  31.088 0.0000000000
74262  -36.642  -77.564  31.814 0.0000000000
74263  -36.189  -78.217  31.571 0.0000000000
74267  -35.922  -79.202  30.592 0.0000000000
74268  -36.845  -79.451  28.819 0.0000000000
74269  -36.442  -79.852  29.288 0.0000000000
74270  -36.793  -80.247  28.683 0.0000000000
74271  -36.623  -80.954  28.575 0.0000000000
74311  -39.839  -75.438  24.259 0.0000000000
78586  -24.212  -79.150  20.440 0.0000000000
78587  -24.786  -77.318  19.683 0.0000000000
78588  -24.323  -78.198  19.562 0.0000000000
78589  -24.446  -77.748  19.062 0.0000000000
78590  -24.138  -78.128  18.461 0.0000000000
78591  -24.645  -77.264  18.561 0.0000000000
86887  -25.943  -73.444  20.836 0.0000000000
86888  -25.794  -74.419  20.551 0.0000000000
86889  -25.998  -73.953  20.256 0.0000000000
86890  -26.163  -74.561  18.705 0.0000000000
87061  -32.303  -74.565  22.065 0.0000000000
87062  -32.274  -74.320  22.954 0.0000000000
87082  -28.862  -71.499  19.092 0.0000000000
87083  -30.071  -73.894  17.385 0.0000000000
87084  -30.020  -73.171  17.899 0.0000000000
87085  -29.609  -73.751  17.240 0.0000000000
87086  -28.127  -74.326  16.684 0.0000000000
87087  -28.613  -73.600  17.245 0.0000000000
87088  -28.152  -73.590  17.334 0.0000000000
87089  -28.145  -72.912  18.010 0.0000000000
87090  -27.661  -73.690  17.483 0.0000000000
87091  -27.231  -73.825  17.747 0.0000000000
87093  -26.086  -76.638  15.585 0.0000000000
87095  -25.640  -76.820  15.875 0.0000000000
87097  -25.078  -77.658  15.563 0.0000000000
87100  -25.682  -78.828  13.981 0.0000000000
87101  -25.140  -78.988  14.245 0.0000000000
87105  -28.322  -78.473  13.695 0.0000000000
87106  -27.637  -78.526  13.630 0.0000000000
87107  -27.829  -79.004  13.328 0.0000000000
87108  -27.044  -80.617  12.762 0.0000000000
87109  -26.811  -80.159  12.921 0.0000000000
87110  -26.346  -80.763  12.777 0.0000000000
87120  -33.429  -79.101  16.979 0.0000000000
87121  -32.885  -78.888  16.203 0.0000000000
87122  -33.110  -79.357  16.214 0.0000000000
87123  -32.417  -80.627  14.821 0.0000000000
87124  -32.267  -80.084  14.865 0.0000000000
87125  -31.802  -80.568  14.268 0.0000000000
87126  -31.161  -80.500  13.791 0.0000000000
87127  -31.325  -81.107  13.683 0.0000000000
93254  -35.529  -81.252  29.452 0.0000000000
93256  -35.249  -81.553  29.211 0.0000000000
93257  -34.909  -81.824  28.832 0.0000000000
93258  -34.705  -81.942  28.327 0.0000000000
93259  -34.529  -81.916  27.887 0.0000000000
93260  -34.971  -82.153  27.661 0.0000000000
93261  -35.265  -82.351  27.013 0.0000000000
93262  -35.573  -82.639  26.379 0.0000000000
93263  -35.711  -82.809  25.684 0.0000000000
93264  -35.937  -82.786  26.099 0.0000000000
94394  -26.264  -87.711  12.818 0.0000000000
94395  -26.951  -87.424  12.799 0.0000000000
96899  -32.838  -77.021  19.684 0.0000000000
96900  -32.486  -76.400  19.856 0.0000000000
96901  -32.409  -76.724  18.972 0.0000000000
96902  -31.990  -76.419  18.313 0.0000000000
96903  -31.546  -76.145  17.715 0.0000000000
96904  -31.105  -75.881  17.231 0.0000000000
96905  -31.368  -76.464  16.878 0.0000000000
96906  -31.169  -76.802  16.107 0.0000000000
96907  -30.946  -77.175  15.427 0.0000000000
96908  -30.587  -77.522  14.871 0.0000000000
96909  -31.217  -77.620  15.223 0.0000000000
96910  -31.472  -78.080  15.063 0.0000000000
96911  -31.688  -78.557  14.982 0.0000000000
101206  -32.857  -80.485  30.741 0.0000000000
101207  -32.683  -80.219  31.546 0.0000000000
101208  -32.551  -80.074  30.922 0.0000000000
101209  -32.320  -79.549  31.110 0.0000000000
101217  -32.380  -78.264  27.897 0.0000000000
101218  -32.565  -78.457  27.168 0.0000000000
101219  -34.099  -80.497  25.661 0.0000000000
101220  -33.764  -79.892  25.680 0.0000000000
101221  -34.140  -80.023  24.930 0.0000000000
101222  -34.151  -79.546  24.181 0.0000000000
101223  -34.068  -79.050  23.418 0.0000000000
101224  -34.016  -78.560  22.644 0.0000000000
101225  -34.289  -79.207  22.553 0.0000000000
101226  -34.459  -79.384  21.644 0.0000000000
101227  -34.579  -79.600  20.769 0.0000000000
101228  -34.469  -79.602  19.941 0.0000000000
101229  -34.750  -80.073  20.693 0.0000000000
101230  -34.905  -80.537  20.666 0.0000000000
101231  -35.140  -81.070  20.699 0.0000000000
101232  -35.830  -83.316  22.535 0.0000000000
101233  -35.684  -82.994  21.894 0.0000000000
101234  -35.830  -83.452  21.718 0.0000000000
101235  -35.867  -83.549  20.919 0.0000000000
101236  -35.846  -83.659  20.152 0.0000000000
101237  -35.759  -83.796  19.276 0.0000000000
101238  -36.010  -84.116  19.934 0.0000000000
104460  -37.498  -76.611  31.557 0.0000000000
104461  -37.380  -76.689  30.879 0.0000000000
104462  -36.879  -77.326  30.593 0.0000000000
104463  -36.484  -78.044  30.314 0.0000000000
104464  -36.276  -78.818  30.138 0.0000000000
104465  -36.631  -78.315  29.694 0.0000000000
104466  -36.853  -78.640  29.022 0.0000000000
104467  -37.186  -79.052  28.315 0.0000000000
104469  -37.382  -78.708  27.874 0.0000000000
104475  -39.361  -76.644  25.687 0.0000000000
104476  -39.498  -77.200  25.141 0.0000000000
104478  -39.730  -77.131  24.850 0.0000000000
107057  -25.156  -76.833  20.289 0.0000000000
107058  -25.240  -76.417  19.855 0.0000000000
112036  -26.510  -72.629  20.290 0.0000000000
112037  -26.257  -73.538  19.973 0.0000000000
112038  -26.585  -73.142  19.710 0.0000000000
112039  -26.551  -73.716  19.074 0.0000000000
112040  -26.476  -74.230  18.427 0.0000000000
112141  -31.900  -73.664  20.992 0.0000000000
112142  -31.953  -73.376  21.884 0.0000000000
112153  -29.817  -71.729  19.000 0.0000000000
112154  -29.179  -75.049  16.073 0.0000000000
112155  -29.140  -74.343  16.612 0.0000000000
112156  -28.654  -75.001  16.004 0.0000000000
112161  -26.568  -76.516  15.339 0.0000000000
112163  -25.612  -77.879  14.804 0.0000000000
112164  -26.138  -77.724  14.573 0.0000000000
112165  -26.204  -78.196  14.174 0.0000000000
112166  -26.290  -78.659  13.791 0.0000000000
112167  -28.757  -79.412  13.150 0.0000000000
112168  -28.012  -79.489  13.064 0.0000000000
112169  -28.252  -79.957  12.895 0.0000000000
112170  -27.754  -80.520  12.729 0.0000000000
112176  -33.841  -80.070  16.880 0.0000000000
112177  -33.346  -79.826  16.166 0.0000000000
112178  -33.467  -80.395  16.167 0.0000000000
112179  -33.016  -80.779  15.470 0.0000000000
112180  -32.512  -81.265  14.765 0.0000000000
112219  -40.917  -81.001  17.350 0.0000000000
112220  -40.332  -81.555  16.943 0.0000000000
117756  -33.554  -80.808  31.070 0.0000000000
117757  -34.356  -81.289  30.008 0.0000000000
117758  -33.791  -81.087  30.270 0.0000000000
117759  -33.296  -80.756  30.513 0.0000000000
117760  -33.080  -80.782  29.928 0.0000000000
117761  -32.947  -80.651  29.363 0.0000000000
117762  -32.863  -80.403  28.793 0.0000000000
117763  -32.792  -80.112  28.219 0.0000000000
117764  -33.178  -80.637  28.235 0.0000000000
117765  -33.497  -80.794  27.657 0.0000000000
117766  -33.812  -80.890  27.006 0.0000000000
117767  -34.363  -81.759  27.445 0.0000000000
117768  -34.244  -81.455  26.901 0.0000000000
117769  -34.114  -80.980  26.345 0.0000000000
117770  -34.421  -81.143  25.622 0.0000000000
117771  -34.757  -81.306  24.830 0.0000000000
117772  -34.992  -81.511  23.939 0.0000000000
117773  -35.203  -81.501  23.166 0.0000000000
117774  -35.293  -81.947  23.922 0.0000000000
117775  -35.516  -82.387  23.825 0.0000000000
117776  -35.717  -82.838  23.611 0.0000000000
117777  -35.850  -82.937  24.965 0.0000000000
117778  -35.904  -83.138  24.161 0.0000000000
117779  -35.885  -83.221  23.344 0.0000000000
117780  -36.020  -83.550  23.095 0.0000000000
117781  -36.233  -83.880  22.789 0.0000000000
126257  -32.713  -76.144  23.084 0.0000000000
126258  -32.570  -75.557  23.347 0.0000000000
126259  -32.583  -75.739  22.411 0.0000000000
126260  -32.421  -75.287  21.732 0.0000000000
126261  -32.241  -74.801  21.214 0.0000000000
126262  -32.274  -75.834  20.035 0.0000000000
126263  -32.129  -75.124  20.318 0.0000000000
126264  -31.990  -74.356  20.596 0.0000000000
126265  -31.729  -73.954  20.079 0.0000000000
126266  -31.464  -73.571  19.621 0.0000000000
126267  -31.187  -73.226  19.203 0.0000000000
126268  -30.867  -72.918  18.831 0.0000000000
126269  -30.877  -73.636  18.432 0.0000000000
126270  -30.498  -74.103  17.643 0.0000000000
126271  -30.112  -74.637  16.915 0.0000000000
126272  -30.691  -75.618  16.875 0.0000000000
126273  -30.209  -75.367  16.513 0.0000000000
126274  -29.691  -75.177  16.237 0.0000000000
126275  -29.295  -75.741  15.634 0.0000000000
126276  -28.870  -76.346  15.132 0.0000000000
126277  -28.391  -77.006  14.661 0.0000000000
126278  -27.906  -77.508  14.289 0.0000000000
126279  -28.566  -77.478  14.405 0.0000000000
126280  -28.757  -77.977  14.119 0.0000000000
126281  -29.014  -78.434  13.816 0.0000000000
126282  -30.164  -77.944  14.419 0.0000000000
126283  -29.732  -78.398  13.959 0.0000000000
126284  -29.250  -78.885  13.548 0.0000000000
126285  -29.448  -79.346  13.312 0.0000000000
126286  -29.630  -79.898  13.161 0.0000000000
126287  -29.837  -80.465  13.011 0.0000000000
126288  -34.205  -82.467  16.557 0.0000000000
126289  -33.683  -82.207  15.914 0.0000000000
126290  -33.815  -82.805  15.810 0.0000000000
135603  -32.497  -76.305  25.360 0.0000000000
135604  -32.665  -76.454  24.579 0.0000000000
135605  -32.765  -79.590  27.676 0.0000000000
135606  -32.800  -79.091  27.079 0.0000000000
135607  -32.831  -78.540  26.434 0.0000000000
135608  -33.433  -79.286  25.695 0.0000000000
135609  -33.132  -78.652  25.766 0.0000000000
135610  -32.890  -78.030  25.771 0.0000000000
135611  -32.961  -77.570  25.105 0.0000000000
135612  -32.937  -77.045  24.437 0.0000000000
135613  -32.822  -76.554  23.731 0.0000000000
135614  -33.019  -76.659  23.020 0.0000000000
135615  -33.130  -76.861  22.168 0.0000000000
135616  -33.147  -77.075  21.275 0.0000000000
135617  -33.811  -78.101  21.912 0.0000000000
135618  -33.508  -77.707  21.122 0.0000000000
135619  -33.167  -77.355  20.344 0.0000000000
135620  -33.170  -77.622  19.458 0.0000000000
135621  -33.144  -77.858  18.583 0.0000000000
135622  -33.081  -78.065  17.761 0.0000000000
135623  -32.910  -78.219  17.000 0.0000000000
135624  -33.350  -78.487  17.710 0.0000000000
135625  -33.605  -78.933  17.687 0.0000000000
135626  -33.860  -79.403  17.678 0.0000000000
135627  -34.390  -79.649  19.188 0.0000000000
135628  -34.257  -79.762  18.439 0.0000000000
135629  -34.082  -79.884  17.646 0.0000000000
135630  -34.307  -80.371  17.602 0.0000000000
135631  -34.436  -80.946  17.550 0.0000000000
135632  -34.532  -81.549  17.463 0.0000000000
135633  -35.292  -81.541  22.312 0.0000000000
135634  -35.323  -81.585  21.439 0.0000000000
135635  -35.312  -81.610  20.650 0.0000000000
135636  -35.568  -82.577  21.237 0.0000000000
135637  -35.443  -82.106  20.564 0.0000000000
135638  -35.270  -81.639  19.866 0.0000000000
135639  -35.164  -81.752  18.985 0.0000000000
135640  -34.979  -81.920  18.144 0.0000000000
135641  -34.624  -82.174  17.329 0.0000000000
135642  -34.737  -82.756  17.216 0.0000000000
135648  -35.405  -84.967  16.686 0.0000000000
135664  -41.028  -78.632  16.456 0.0000000000
135665  -40.370  -78.307  15.528 0.0000000000
135666  -40.537  -78.728  15.883 0.0000000000
135667  -40.731  -79.163  16.237 0.0000000000
135668  -40.382  -79.598  15.906 0.0000000000
135669  -39.943  -80.188  15.642 0.0000000000
142280  -37.545  -76.460  33.133 0.0000000000
142281  -37.108  -76.840  33.079 0.0000000000
142282  -36.656  -77.289  33.034 0.0000000000
142283  -37.099  -77.014  31.986 0.0000000000
142284  -36.691  -77.396  32.480 0.0000000000
142285  -36.219  -77.814  32.966 0.0000000000
142292  -36.115  -79.526  29.953 0.0000000000
142295  -36.082  -81.165  29.028 0.0000000000
142296  -36.338  -81.546  28.443 0.0000000000
142297  -36.526  -81.873  27.813 0.0000000000
142344  -39.760  -75.585  24.712 0.0000000000
142345  -39.925  -76.184  24.127 0.0000000000
147532  -24.247  -78.667  20.009 0.0000000000
157514  -25.622  -74.891  20.859 0.0000000000
157515  -25.589  -75.405  20.234 0.0000000000
157516  -25.418  -75.907  19.575 0.0000000000
157518  -25.632  -75.430  19.293 0.0000000000
157519  -25.163  -76.363  18.905 0.0000000000
157721  -32.382  -74.845  23.561 0.0000000000
157747  -27.925  -71.596  19.378 0.0000000000
157748  -30.424  -72.618  18.613 0.0000000000
157749  -29.968  -72.450  18.438 0.0000000000
157750  -29.526  -72.299  18.409 0.0000000000
157751  -29.114  -73.655  17.201 0.0000000000
157752  -29.074  -72.908  17.841 0.0000000000
157753  -29.068  -72.198  18.463 0.0000000000
157754  -28.565  -72.200  18.518 0.0000000000
157755  -28.079  -72.229  18.734 0.0000000000
157756  -27.643  -72.378  18.900 0.0000000000
157757  -27.243  -73.176  18.475 0.0000000000
157758  -26.837  -74.007  18.067 0.0000000000
157765  -24.280  -78.237  16.329 0.0000000000
157770  -24.632  -79.185  14.554 0.0000000000
157775  -27.406  -78.032  13.978 0.0000000000
157777  -26.449  -79.160  13.441 0.0000000000
157778  -27.269  -79.580  13.060 0.0000000000
157779  -26.582  -79.675  13.124 0.0000000000
157780  -25.990  -79.719  13.193 0.0000000000
157793  -32.660  -78.433  16.243 0.0000000000
157794  -32.314  -78.695  15.549 0.0000000000
157795  -31.897  -79.039  14.916 0.0000000000
157796  -32.736  -79.650  15.499 0.0000000000
157797  -32.085  -79.548  14.873 0.0000000000
157798  -31.442  -79.453  14.375 0.0000000000
157799  -30.974  -79.924  13.881 0.0000000000
157800  -30.501  -80.462  13.368 0.0000000000
157801  -30.049  -81.062  12.864 0.0000000000
157802  -33.176  -82.000  15.302 0.0000000000
157803  -32.663  -81.842  14.714 0.0000000000
157804  -32.110  -81.746  14.103 0.0000000000
157808  -30.919  -81.603  13.116 0.0000000000
157809  -30.279  -81.582  12.761 0.0000000000
157821  -27.391  -86.785  12.664 0.0000000000
157822  -27.778  -87.278  12.783 0.0000000000
157823  -28.782  -86.659  12.648 0.0000000000
157825  -28.093  -87.834  12.957 0.0000000000
157864  -36.873  -84.554  21.454 0.0000000000
157865  -36.884  -84.769  20.706 0.0000000000
