#!ascii label  , from subject fsaverage vox2ras=TkReg
550
103  -31.550  -46.851  57.637 0.0000000000
479  -34.358  -44.005  52.268 0.0000000000
1041  -32.177  -51.392  62.764 0.0000000000
1042  -35.261  -49.828  60.652 0.0000000000
1044  -37.353  -48.834  57.728 0.0000000000
2074  -28.737  -52.859  63.248 0.0000000000
2085  -33.833  -45.083  55.317 0.0000000000
2960  -30.229  -47.042  58.805 0.0000000000
2961  -32.207  -48.524  60.700 0.0000000000
2962  -33.623  -48.166  59.407 0.0000000000
2963  -36.489  -49.322  59.326 0.0000000000
2964  -34.886  -47.601  58.165 0.0000000000
4557  -28.227  -50.252  62.325 0.0000000000
4559  -32.191  -53.906  62.203 0.0000000000
4566  -32.433  -51.729  53.473 0.0000000000
4585  -34.451  -44.470  54.211 0.0000000000
4586  -36.518  -46.101  55.483 0.0000000000
4587  -36.267  -45.801  53.083 0.0000000000
6479  -29.479  -49.541  62.631 0.0000000000
6480  -30.832  -48.968  62.105 0.0000000000
6481  -33.729  -50.481  62.004 0.0000000000
6496  -33.898  -43.439  50.197 0.0000000000
6497  -35.759  -45.029  50.965 0.0000000000
8789  -26.710  -53.843  63.248 0.0000000000
8790  -28.124  -55.314  63.549 0.0000000000
8791  -30.470  -51.977  63.129 0.0000000000
8792  -30.256  -54.593  62.919 0.0000000000
8800  -32.613  -52.861  55.212 0.0000000000
8823  -32.868  -46.167  56.328 0.0000000000
8824  -35.949  -46.687  56.974 0.0000000000
8825  -37.706  -48.444  55.353 0.0000000000
10640  -30.870  -47.041  58.149 0.0000000000
10641  -31.820  -47.727  59.067 0.0000000000
10642  -32.553  -47.502  58.520 0.0000000000
10643  -34.236  -47.954  58.820 0.0000000000
10644  -33.212  -47.248  57.968 0.0000000000
12245  -34.398  -50.742  53.161 0.0000000000
12246  -33.272  -50.968  52.863 0.0000000000
12247  -32.966  -50.687  51.729 0.0000000000
12263  -33.660  -43.361  52.800 0.0000000000
12264  -33.552  -43.572  53.536 0.0000000000
12265  -34.458  -44.208  53.352 0.0000000000
12266  -35.323  -45.077  53.852 0.0000000000
12267  -35.279  -44.833  52.665 0.0000000000
14637  -29.972  -47.853  61.165 0.0000000000
14638  -33.824  -49.136  60.863 0.0000000000
14639  -33.043  -49.395  61.606 0.0000000000
14640  -34.524  -50.106  61.388 0.0000000000
14645  -36.919  -49.119  58.542 0.0000000000
14646  -37.097  -50.121  58.568 0.0000000000
14647  -37.398  -49.894  57.558 0.0000000000
14649  -37.587  -49.720  56.415 0.0000000000
14666  -34.406  -43.842  49.637 0.0000000000
14667  -33.865  -43.514  48.655 0.0000000000
19425  -27.740  -53.333  63.198 0.0000000000
19426  -27.491  -54.625  63.689 0.0000000000
19427  -28.528  -54.169  63.521 0.0000000000
19428  -30.849  -50.484  62.857 0.0000000000
19429  -30.152  -50.759  62.922 0.0000000000
19430  -31.355  -51.723  62.972 0.0000000000
19431  -31.835  -54.986  61.691 0.0000000000
19432  -31.250  -54.284  62.644 0.0000000000
19433  -30.734  -55.361  62.074 0.0000000000
19434  -29.692  -55.688  62.400 0.0000000000
19445  -30.162  -54.481  54.475 0.0000000000
19508  -32.218  -44.784  54.633 0.0000000000
19509  -31.631  -45.368  55.118 0.0000000000
19510  -33.374  -45.637  55.755 0.0000000000
19511  -34.483  -46.381  56.794 0.0000000000
19512  -34.905  -45.871  56.244 0.0000000000
19513  -37.420  -47.013  54.366 0.0000000000
19514  -37.421  -47.214  55.568 0.0000000000
19515  -37.626  -48.188  54.168 0.0000000000
19516  -37.275  -49.300  53.734 0.0000000000
19518  -36.083  -45.639  50.011 0.0000000000
19519  -36.465  -45.973  51.016 0.0000000000
23758  -29.735  -47.012  59.459 0.0000000000
23759  -30.492  -47.738  60.451 0.0000000000
23760  -31.093  -47.751  59.759 0.0000000000
23761  -32.844  -48.359  60.043 0.0000000000
23762  -34.515  -48.881  60.208 0.0000000000
23763  -35.890  -49.521  60.008 0.0000000000
23764  -35.210  -48.649  59.592 0.0000000000
23765  -35.767  -48.373  58.898 0.0000000000
23766  -36.291  -48.119  58.252 0.0000000000
26632  -27.547  -50.705  62.179 0.0000000000
26633  -28.553  -51.450  62.897 0.0000000000
26635  -32.448  -52.602  62.569 0.0000000000
26648  -33.732  -51.801  55.007 0.0000000000
26649  -33.503  -51.374  53.923 0.0000000000
26650  -32.199  -51.278  52.474 0.0000000000
26651  -31.003  -51.201  51.067 0.0000000000
26682  -33.219  -43.864  53.960 0.0000000000
26683  -34.220  -44.710  54.869 0.0000000000
26684  -35.299  -45.422  55.710 0.0000000000
26685  -35.476  -45.223  54.941 0.0000000000
26686  -36.430  -45.920  54.300 0.0000000000
26687  -37.172  -46.683  53.217 0.0000000000
30475  -30.146  -49.265  62.555 0.0000000000
30476  -31.612  -50.179  62.642 0.0000000000
30477  -31.475  -48.721  61.484 0.0000000000
30478  -32.373  -49.796  62.235 0.0000000000
30479  -32.958  -50.950  62.471 0.0000000000
30514  -34.245  -43.753  51.192 0.0000000000
30515  -35.161  -44.503  51.560 0.0000000000
30517  -35.332  -44.650  49.969 0.0000000000
30518  -35.699  -45.210  49.139 0.0000000000
30519  -34.267  -43.923  47.976 0.0000000000
32929  -29.068  -46.240  58.475 0.0000000000
32930  -29.530  -46.295  57.818 0.0000000000
32931  -30.037  -46.274  57.273 0.0000000000
36616  -26.439  -55.054  63.878 0.0000000000
36617  -27.100  -55.691  63.820 0.0000000000
36619  -28.893  -49.860  62.509 0.0000000000
36620  -29.355  -51.037  62.945 0.0000000000
36621  -29.568  -52.351  63.250 0.0000000000
36622  -31.470  -53.008  62.830 0.0000000000
36623  -30.504  -53.415  63.145 0.0000000000
36624  -29.562  -53.691  63.385 0.0000000000
36625  -29.157  -54.990  63.214 0.0000000000
36649  -32.568  -52.258  54.419 0.0000000000
36690  -30.524  -46.039  56.542 0.0000000000
36715  -30.045  -44.780  54.530 0.0000000000
36716  -31.108  -45.778  55.806 0.0000000000
36717  -32.287  -46.580  57.009 0.0000000000
36718  -33.959  -46.928  57.295 0.0000000000
36719  -35.434  -47.215  57.534 0.0000000000
36720  -36.784  -47.769  57.422 0.0000000000
36721  -36.351  -46.280  56.351 0.0000000000
36722  -37.187  -47.356  56.584 0.0000000000
36723  -37.674  -48.650  56.541 0.0000000000
36724  -37.524  -49.579  55.015 0.0000000000
36727  -36.026  -45.386  51.967 0.0000000000
36728  -36.810  -46.361  52.018 0.0000000000
36735  -33.643  -50.181  50.613 0.0000000000
41360  -31.196  -46.969  57.903 0.0000000000
41361  -31.695  -47.354  58.332 0.0000000000
41362  -32.053  -47.152  58.043 0.0000000000
41363  -32.857  -47.392  58.232 0.0000000000
41364  -32.323  -47.091  57.809 0.0000000000
42965  -34.208  -50.621  52.562 0.0000000000
42966  -33.661  -50.704  52.466 0.0000000000
42967  -33.491  -50.554  51.896 0.0000000000
42981  -33.891  -43.607  52.096 0.0000000000
42983  -34.007  -43.660  52.581 0.0000000000
42984  -34.036  -43.799  53.096 0.0000000000
42985  -34.398  -44.082  52.806 0.0000000000
42986  -34.871  -44.535  52.986 0.0000000000
42987  -34.798  -44.350  52.500 0.0000000000
45356  -29.365  -47.430  61.042 0.0000000000
45357  -29.627  -47.382  60.670 0.0000000000
45358  -34.596  -49.441  60.829 0.0000000000
45359  -34.225  -49.599  61.176 0.0000000000
45360  -34.914  -50.004  61.022 0.0000000000
45362  -35.470  -50.424  60.738 0.0000000000
45364  -35.835  -50.225  60.435 0.0000000000
45365  -37.123  -48.963  58.169 0.0000000000
45366  -37.260  -49.482  58.137 0.0000000000
45367  -37.422  -49.366  57.651 0.0000000000
45368  -37.487  -49.784  57.025 0.0000000000
45369  -37.556  -49.280  57.118 0.0000000000
50143  -28.248  -52.421  62.955 0.0000000000
50144  -27.784  -52.664  62.927 0.0000000000
50145  -28.246  -53.100  63.198 0.0000000000
50146  -28.176  -53.729  63.437 0.0000000000
50147  -28.658  -53.522  63.405 0.0000000000
50148  -31.560  -50.968  62.879 0.0000000000
50149  -31.135  -51.104  62.947 0.0000000000
50150  -31.776  -51.589  62.867 0.0000000000
50152  -31.283  -55.193  61.866 0.0000000000
50165  -30.249  -54.220  54.126 0.0000000000
50166  -29.644  -54.493  53.805 0.0000000000
50226  -33.322  -44.712  54.804 0.0000000000
50227  -32.548  -44.512  54.434 0.0000000000
50228  -33.040  -44.909  54.974 0.0000000000
50229  -32.765  -45.212  55.179 0.0000000000
50230  -33.557  -45.298  55.502 0.0000000000
50231  -34.097  -45.715  56.049 0.0000000000
50232  -34.319  -45.440  55.788 0.0000000000
50233  -37.540  -47.456  53.664 0.0000000000
50234  -37.614  -47.614  54.292 0.0000000000
50235  -37.532  -48.008  53.553 0.0000000000
54955  -29.914  -46.993  59.124 0.0000000000
54956  -30.307  -47.373  59.627 0.0000000000
54957  -30.648  -47.392  59.298 0.0000000000
54958  -32.709  -47.947  59.256 0.0000000000
54959  -32.327  -48.054  59.567 0.0000000000
54960  -33.228  -48.313  59.746 0.0000000000
54961  -33.690  -48.631  60.180 0.0000000000
54962  -34.083  -48.514  59.840 0.0000000000
54963  -34.854  -48.756  59.900 0.0000000000
54964  -34.405  -48.377  59.555 0.0000000000
54965  -34.570  -47.743  58.494 0.0000000000
54966  -35.057  -48.109  58.909 0.0000000000
54967  -35.334  -47.942  58.516 0.0000000000
54968  -36.053  -48.248  58.546 0.0000000000
54969  -35.649  -47.835  58.246 0.0000000000
59744  -27.378  -50.162  61.822 0.0000000000
59745  -27.853  -50.478  62.246 0.0000000000
59746  -28.019  -51.012  62.577 0.0000000000
59747  -28.412  -50.818  62.677 0.0000000000
59773  -32.613  -50.953  52.130 0.0000000000
59774  -32.718  -51.110  52.658 0.0000000000
59775  -32.096  -51.131  51.943 0.0000000000
59776  -31.582  -51.280  51.765 0.0000000000
59777  -31.459  -51.108  51.264 0.0000000000
59779  -31.324  -50.963  50.735 0.0000000000
59826  -33.942  -44.021  53.833 0.0000000000
59827  -33.388  -43.680  53.753 0.0000000000
59828  -33.899  -44.131  54.180 0.0000000000
59829  -33.687  -44.304  54.411 0.0000000000
59830  -34.353  -44.552  54.559 0.0000000000
59831  -34.903  -44.965  55.000 0.0000000000
59832  -34.961  -44.795  54.575 0.0000000000
59833  -35.788  -45.402  53.468 0.0000000000
59834  -35.827  -45.435  54.140 0.0000000000
59835  -36.320  -45.854  53.678 0.0000000000
59836  -36.846  -46.327  53.761 0.0000000000
59837  -36.730  -46.244  53.200 0.0000000000
66943  -30.067  -48.534  61.927 0.0000000000
66944  -29.767  -48.698  62.175 0.0000000000
66945  -30.410  -49.114  62.304 0.0000000000
66946  -30.810  -49.744  62.581 0.0000000000
66947  -31.239  -49.567  62.420 0.0000000000
66948  -31.321  -48.152  60.577 0.0000000000
66949  -30.990  -48.249  60.972 0.0000000000
66950  -31.818  -48.588  61.101 0.0000000000
66951  -33.399  -49.916  61.859 0.0000000000
66952  -32.642  -49.552  61.940 0.0000000000
66953  -33.013  -50.122  62.150 0.0000000000
66954  -32.671  -50.373  62.399 0.0000000000
66955  -33.306  -50.717  62.250 0.0000000000
66956  -33.562  -51.291  62.272 0.0000000000
66957  -33.914  -51.136  61.995 0.0000000000
66970  -36.197  -49.468  59.694 0.0000000000
66971  -36.421  -49.966  59.803 0.0000000000
66972  -36.686  -49.810  59.436 0.0000000000
67030  -34.073  -43.573  50.703 0.0000000000
67031  -34.591  -43.916  50.889 0.0000000000
67032  -34.418  -43.782  50.417 0.0000000000
67033  -34.602  -44.103  49.308 0.0000000000
67035  -35.081  -44.521  49.475 0.0000000000
67036  -35.510  -44.956  49.568 0.0000000000
67037  -35.287  -44.753  49.121 0.0000000000
67039  -33.773  -43.498  47.829 0.0000000000
72381  -28.850  -45.844  57.574 0.0000000000
72382  -29.092  -45.864  57.266 0.0000000000
72383  -29.751  -46.268  57.482 0.0000000000
72384  -29.378  -45.844  56.970 0.0000000000
81310  -26.177  -54.110  63.205 0.0000000000
81313  -27.833  -54.963  63.681 0.0000000000
81314  -27.302  -55.167  63.811 0.0000000000
81315  -27.603  -55.488  63.713 0.0000000000
81317  -27.845  -55.843  63.387 0.0000000000
81318  -28.872  -49.156  62.309 0.0000000000
81319  -28.587  -49.290  62.232 0.0000000000
81320  -29.188  -49.673  62.540 0.0000000000
81321  -30.343  -51.362  63.031 0.0000000000
81322  -29.718  -50.825  62.922 0.0000000000
81323  -29.894  -51.453  63.081 0.0000000000
81324  -29.506  -51.698  63.078 0.0000000000
81325  -30.007  -52.127  63.185 0.0000000000
81326  -32.295  -53.319  62.386 0.0000000000
81327  -31.898  -52.835  62.688 0.0000000000
81328  -31.793  -53.445  62.567 0.0000000000
81329  -30.771  -54.448  62.802 0.0000000000
81330  -30.899  -53.833  62.987 0.0000000000
81331  -30.412  -54.056  63.060 0.0000000000
81332  -30.048  -53.577  63.246 0.0000000000
81333  -29.907  -54.210  63.159 0.0000000000
81334  -29.380  -54.374  63.313 0.0000000000
81335  -29.689  -54.811  63.035 0.0000000000
81337  -29.137  -55.810  62.596 0.0000000000
81390  -32.589  -53.167  55.564 0.0000000000
81391  -32.001  -53.391  55.154 0.0000000000
81392  -32.020  -53.106  54.811 0.0000000000
81393  -33.074  -51.760  54.246 0.0000000000
81394  -33.144  -52.023  54.740 0.0000000000
81395  -32.498  -51.965  53.971 0.0000000000
81496  -29.863  -45.722  56.299 0.0000000000
81497  -30.018  -45.590  55.879 0.0000000000
81561  -32.274  -45.766  55.783 0.0000000000
81562  -31.366  -45.542  55.500 0.0000000000
81563  -32.017  -46.021  56.109 0.0000000000
81564  -31.719  -46.189  56.466 0.0000000000
81565  -32.607  -46.379  56.635 0.0000000000
81566  -33.130  -46.764  57.159 0.0000000000
81567  -33.420  -46.540  56.809 0.0000000000
81568  -35.202  -46.549  56.934 0.0000000000
81569  -35.002  -46.799  57.184 0.0000000000
81570  -35.699  -46.990  57.272 0.0000000000
81571  -36.141  -47.479  57.578 0.0000000000
81572  -36.386  -47.234  57.223 0.0000000000
81573  -35.946  -45.686  55.753 0.0000000000
81574  -35.866  -45.848  56.047 0.0000000000
81575  -36.508  -46.185  55.955 0.0000000000
81576  -37.703  -47.770  55.532 0.0000000000
81577  -37.351  -47.249  56.097 0.0000000000
81578  -37.596  -47.811  56.099 0.0000000000
81579  -37.476  -47.967  56.592 0.0000000000
81580  -37.704  -48.514  55.983 0.0000000000
81581  -37.705  -49.098  55.852 0.0000000000
81582  -37.664  -49.081  55.155 0.0000000000
81584  -36.886  -49.753  53.601 0.0000000000
81588  -35.488  -44.762  51.297 0.0000000000
81589  -35.598  -44.900  51.805 0.0000000000
81590  -35.907  -45.210  51.478 0.0000000000
92878  -30.536  -47.081  58.429 0.0000000000
92879  -30.996  -47.462  58.919 0.0000000000
92880  -31.297  -47.389  58.546 0.0000000000
92881  -32.184  -47.626  58.777 0.0000000000
92882  -33.080  -47.825  58.994 0.0000000000
92883  -33.909  -48.037  59.160 0.0000000000
92884  -33.401  -47.713  58.704 0.0000000000
92885  -33.714  -47.575  58.362 0.0000000000
92886  -34.058  -47.443  58.076 0.0000000000
95753  -28.012  -49.771  61.984 0.0000000000
95768  -33.983  -51.011  53.629 0.0000000000
95769  -33.854  -50.865  53.057 0.0000000000
95770  -33.138  -50.820  52.306 0.0000000000
95801  -33.667  -43.468  53.250 0.0000000000
95802  -34.054  -43.893  53.509 0.0000000000
95803  -34.389  -44.329  53.786 0.0000000000
95804  -34.923  -44.747  54.083 0.0000000000
95805  -34.884  -44.661  53.584 0.0000000000
95806  -35.333  -44.989  53.242 0.0000000000
95807  -35.719  -45.292  52.894 0.0000000000
100071  -29.077  -47.571  61.376 0.0000000000
100072  -29.697  -47.945  61.503 0.0000000000
100073  -30.378  -48.405  61.670 0.0000000000
100074  -33.035  -48.856  60.811 0.0000000000
100075  -32.629  -48.925  61.205 0.0000000000
100076  -33.455  -49.276  61.212 0.0000000000
100077  -33.822  -49.750  61.532 0.0000000000
100078  -34.133  -50.302  61.718 0.0000000000
100087  -36.708  -49.179  58.956 0.0000000000
100088  -36.927  -49.693  59.036 0.0000000000
100089  -37.075  -49.590  58.593 0.0000000000
100090  -37.248  -49.994  58.077 0.0000000000
100093  -37.329  -50.290  56.929 0.0000000000
100094  -37.419  -50.189  56.291 0.0000000000
100095  -37.402  -50.201  55.585 0.0000000000
100124  -34.155  -43.635  49.912 0.0000000000
100125  -33.933  -43.439  49.422 0.0000000000
100126  -34.142  -43.683  49.131 0.0000000000
100127  -34.318  -43.921  48.826 0.0000000000
108690  -27.321  -53.012  62.860 0.0000000000
108691  -27.233  -53.675  63.210 0.0000000000
108692  -27.117  -54.273  63.544 0.0000000000
108693  -27.635  -53.992  63.470 0.0000000000
108694  -28.027  -54.363  63.587 0.0000000000
108695  -28.349  -54.788  63.578 0.0000000000
108696  -30.145  -50.017  62.802 0.0000000000
108697  -29.838  -50.115  62.800 0.0000000000
108698  -30.469  -50.626  62.904 0.0000000000
108699  -30.732  -51.236  62.985 0.0000000000
108700  -30.922  -51.841  63.050 0.0000000000
108702  -31.725  -54.077  62.404 0.0000000000
108703  -31.556  -54.656  62.175 0.0000000000
108704  -31.031  -54.853  62.378 0.0000000000
108705  -30.528  -55.006  62.547 0.0000000000
108706  -30.035  -55.203  62.698 0.0000000000
108722  -27.485  -56.441  55.131 0.0000000000
108724  -27.687  -56.313  54.885 0.0000000000
108725  -27.861  -56.084  54.709 0.0000000000
108727  -30.012  -54.794  54.786 0.0000000000
108740  -33.188  -52.606  55.587 0.0000000000
108741  -31.788  -51.665  52.725 0.0000000000
108742  -31.896  -51.884  53.261 0.0000000000
108840  -31.382  -44.547  54.327 0.0000000000
108841  -31.117  -44.835  54.593 0.0000000000
108842  -31.944  -45.075  54.921 0.0000000000
108843  -32.552  -45.519  55.461 0.0000000000
108844  -33.152  -45.924  56.054 0.0000000000
108845  -33.708  -46.287  56.580 0.0000000000
108846  -33.903  -46.036  56.295 0.0000000000
108847  -34.679  -46.118  56.520 0.0000000000
108848  -35.444  -46.255  56.649 0.0000000000
108849  -36.994  -46.538  54.971 0.0000000000
108850  -37.023  -46.633  55.573 0.0000000000
108851  -37.411  -47.119  54.965 0.0000000000
108852  -37.690  -47.799  54.847 0.0000000000
108853  -37.689  -48.356  54.750 0.0000000000
108854  -37.564  -48.937  54.568 0.0000000000
108855  -37.516  -48.767  53.988 0.0000000000
108858  -35.923  -45.323  50.536 0.0000000000
108859  -36.127  -45.492  51.048 0.0000000000
116873  -29.893  -47.399  60.330 0.0000000000
116874  -30.113  -47.370  59.975 0.0000000000
116875  -30.769  -47.721  60.091 0.0000000000
116876  -31.652  -48.119  60.222 0.0000000000
116877  -31.467  -47.781  59.429 0.0000000000
116878  -31.979  -48.089  59.908 0.0000000000
116879  -32.515  -48.422  60.365 0.0000000000
116880  -33.350  -48.711  60.487 0.0000000000
116881  -34.155  -48.996  60.535 0.0000000000
116882  -34.958  -49.296  60.487 0.0000000000
116883  -35.596  -49.661  60.344 0.0000000000
116884  -35.288  -49.179  60.161 0.0000000000
116885  -35.595  -49.070  59.837 0.0000000000
116886  -35.901  -48.984  59.509 0.0000000000
116887  -34.732  -48.309  59.225 0.0000000000
116888  -35.495  -48.522  59.267 0.0000000000
116889  -36.165  -48.845  59.154 0.0000000000
116890  -36.409  -48.709  58.778 0.0000000000
116891  -36.645  -48.610  58.418 0.0000000000
116892  -36.854  -48.460  58.078 0.0000000000
123577  -27.074  -50.402  61.731 0.0000000000
123580  -28.170  -51.716  62.755 0.0000000000
123581  -28.674  -52.139  63.057 0.0000000000
123582  -32.776  -51.809  62.572 0.0000000000
123583  -32.349  -51.994  62.688 0.0000000000
123584  -32.895  -52.435  62.425 0.0000000000
123585  -32.819  -53.013  62.263 0.0000000000
123586  -32.666  -53.653  62.044 0.0000000000
123588  -32.951  -54.005  61.599 0.0000000000
123589  -32.500  -54.253  61.803 0.0000000000
123591  -31.958  -55.196  61.166 0.0000000000
123611  -30.814  -54.194  54.814 0.0000000000
123616  -33.631  -51.559  54.493 0.0000000000
123617  -32.960  -51.543  53.719 0.0000000000
123618  -33.376  -51.162  53.383 0.0000000000
123619  -32.825  -51.329  53.179 0.0000000000
123620  -32.293  -51.515  52.951 0.0000000000
123621  -31.671  -51.476  52.231 0.0000000000
123622  -31.085  -51.411  51.530 0.0000000000
123695  -32.956  -44.065  54.081 0.0000000000
123696  -33.510  -44.511  54.623 0.0000000000
123697  -34.057  -44.935  55.126 0.0000000000
123698  -34.566  -45.254  55.581 0.0000000000
123699  -34.761  -45.029  55.338 0.0000000000
123700  -35.420  -45.286  55.409 0.0000000000
123701  -36.024  -45.623  55.294 0.0000000000
123702  -35.440  -45.111  54.410 0.0000000000
123703  -35.950  -45.564  54.723 0.0000000000
123704  -36.519  -46.022  54.894 0.0000000000
123705  -36.979  -46.451  54.355 0.0000000000
123706  -37.285  -46.876  53.710 0.0000000000
133178  -29.120  -49.004  62.375 0.0000000000
133180  -29.432  -48.872  62.338 0.0000000000
133181  -29.776  -49.441  62.593 0.0000000000
133182  -30.525  -49.874  62.720 0.0000000000
133183  -31.216  -50.368  62.768 0.0000000000
133184  -31.935  -50.790  62.779 0.0000000000
133185  -30.233  -47.820  60.803 0.0000000000
133186  -30.694  -48.371  61.315 0.0000000000
133187  -31.178  -48.866  61.788 0.0000000000
133188  -32.285  -49.022  61.623 0.0000000000
133189  -31.949  -49.215  61.923 0.0000000000
133190  -31.635  -49.434  62.159 0.0000000000
133191  -32.034  -50.051  62.414 0.0000000000
133192  -32.323  -50.587  62.625 0.0000000000
133193  -32.571  -51.182  62.647 0.0000000000
133213  -36.125  -50.046  60.106 0.0000000000
133216  -36.933  -50.229  59.014 0.0000000000
133230  -34.733  -50.503  52.681 0.0000000000
133287  -33.781  -43.462  51.546 0.0000000000
133288  -34.287  -43.854  51.717 0.0000000000
133289  -34.789  -44.254  51.914 0.0000000000
133290  -34.699  -44.098  51.361 0.0000000000
133292  -35.364  -44.553  50.795 0.0000000000
133293  -34.660  -43.991  50.125 0.0000000000
133295  -35.542  -44.845  50.476 0.0000000000
133296  -35.718  -45.105  50.078 0.0000000000
133297  -35.862  -45.370  49.637 0.0000000000
133300  -34.074  -43.726  48.344 0.0000000000
133301  -34.488  -44.110  48.528 0.0000000000
133302  -34.492  -44.103  47.733 0.0000000000
133304  -34.968  -44.496  48.650 0.0000000000
133305  -35.430  -44.935  48.701 0.0000000000
139981  -29.279  -46.649  59.352 0.0000000000
139982  -29.407  -46.653  58.949 0.0000000000
139983  -29.599  -46.632  58.616 0.0000000000
139985  -29.272  -46.263  58.132 0.0000000000
139986  -29.858  -46.689  58.305 0.0000000000
139987  -30.154  -46.689  57.975 0.0000000000
139988  -30.456  -46.663  57.717 0.0000000000
139989  -30.769  -46.603  57.475 0.0000000000
150816  -26.300  -55.548  64.027 0.0000000000
150817  -26.954  -54.853  63.822 0.0000000000
150818  -26.798  -55.364  63.924 0.0000000000
150819  -26.617  -55.904  63.935 0.0000000000
150824  -28.321  -49.546  62.161 0.0000000000
150825  -28.582  -50.041  62.414 0.0000000000
150826  -29.486  -50.240  62.756 0.0000000000
150827  -29.152  -50.445  62.745 0.0000000000
150828  -28.813  -50.582  62.731 0.0000000000
150829  -29.000  -51.181  63.000 0.0000000000
150830  -29.134  -51.859  63.123 0.0000000000
150831  -29.151  -52.586  63.283 0.0000000000
150832  -31.900  -52.214  62.797 0.0000000000
150833  -31.457  -52.340  62.913 0.0000000000
150834  -31.001  -52.498  63.069 0.0000000000
150835  -31.393  -53.710  62.736 0.0000000000
150836  -30.978  -53.170  63.056 0.0000000000
150837  -30.534  -52.650  63.169 0.0000000000
150838  -30.050  -52.829  63.268 0.0000000000
150839  -29.579  -53.026  63.360 0.0000000000
150840  -29.128  -53.258  63.396 0.0000000000
150841  -29.030  -53.927  63.460 0.0000000000
150842  -28.850  -54.645  63.468 0.0000000000
150843  -28.637  -55.178  63.406 0.0000000000
150844  -29.426  -55.367  62.880 0.0000000000
150845  -28.903  -55.518  63.068 0.0000000000
150846  -28.385  -55.667  63.238 0.0000000000
150913  -33.789  -52.057  55.494 0.0000000000
150914  -33.184  -52.320  55.176 0.0000000000
150915  -32.605  -52.555  54.827 0.0000000000
150916  -31.900  -52.169  53.612 0.0000000000
151036  -29.583  -45.832  56.671 0.0000000000
151037  -30.308  -46.172  56.911 0.0000000000
151038  -31.043  -46.475  57.131 0.0000000000
151113  -29.773  -45.001  54.803 0.0000000000
151114  -30.825  -45.061  54.850 0.0000000000
151115  -30.557  -45.337  55.183 0.0000000000
151116  -30.290  -45.464  55.480 0.0000000000
151117  -30.826  -45.917  56.196 0.0000000000
151118  -31.348  -46.310  56.803 0.0000000000
151119  -31.875  -46.722  57.306 0.0000000000
151120  -32.749  -46.902  57.474 0.0000000000
151121  -33.592  -47.118  57.612 0.0000000000
151122  -34.439  -47.264  57.769 0.0000000000
151123  -34.249  -46.677  57.022 0.0000000000
151124  -34.701  -47.036  57.421 0.0000000000
151125  -35.201  -47.426  57.867 0.0000000000
151126  -35.878  -47.613  57.944 0.0000000000
151127  -36.546  -47.950  57.824 0.0000000000
151128  -37.118  -48.301  57.570 0.0000000000
151129  -35.126  -45.638  55.993 0.0000000000
151130  -35.653  -46.056  56.365 0.0000000000
151131  -36.119  -46.450  56.729 0.0000000000
151132  -36.976  -46.722  56.057 0.0000000000
151133  -36.828  -46.807  56.494 0.0000000000
151134  -36.597  -46.983  56.881 0.0000000000
151135  -36.962  -47.547  56.995 0.0000000000
151136  -37.296  -48.143  57.095 0.0000000000
151137  -37.538  -48.744  57.157 0.0000000000
151138  -37.680  -49.209  56.483 0.0000000000
151139  -37.607  -49.650  55.733 0.0000000000
151140  -37.284  -49.991  54.960 0.0000000000
151141  -37.393  -49.492  54.361 0.0000000000
151142  -37.079  -49.936  54.249 0.0000000000
151147  -35.245  -44.648  52.147 0.0000000000
151148  -35.699  -45.181  52.384 0.0000000000
151149  -36.104  -45.594  52.522 0.0000000000
151150  -36.290  -45.664  51.518 0.0000000000
151151  -36.415  -45.913  52.033 0.0000000000
151152  -36.560  -46.050  52.598 0.0000000000
151153  -36.949  -46.518  52.631 0.0000000000
151174  -33.195  -50.311  50.643 0.0000000000
