#!ascii label  , from subject fsaverage vox2ras=TkReg
129
139  -4.532  -75.888  20.953 0.0000000000
574  -5.577  -82.716  31.669 0.0000000000
2358  -4.820  -79.532  25.794 0.0000000000
5249  -4.551  -80.957  28.663 0.0000000000
6307  -5.974  -71.489  42.851 0.0000000000
6893  -7.368  -84.006  33.508 0.0000000000
9630  -5.109  -77.979  22.878 0.0000000000
9633  -5.734  -85.319  32.429 0.0000000000
10864  -4.190  -74.933  19.911 0.0000000000
12925  -6.880  -82.422  31.944 0.0000000000
12927  -6.000  -81.623  30.642 0.0000000000
12928  -5.539  -80.847  29.246 0.0000000000
12929  -4.854  -81.892  30.375 0.0000000000
14351  -6.080  -71.390  43.754 0.0000000000
21505  -5.685  -79.407  26.448 0.0000000000
21506  -7.082  -79.047  25.386 0.0000000000
21507  -6.017  -78.761  25.069 0.0000000000
21509  -5.125  -78.800  24.346 0.0000000000
27879  -6.755  -80.059  28.073 0.0000000000
27880  -5.491  -80.049  27.830 0.0000000000
27881  -4.547  -80.252  27.258 0.0000000000
31444  -7.732  -83.085  32.843 0.0000000000
31445  -6.486  -83.498  32.859 0.0000000000
39126  -4.892  -76.975  21.877 0.0000000000
39133  -7.409  -84.953  33.707 0.0000000000
39134  -6.420  -84.559  33.188 0.0000000000
39135  -5.493  -84.000  32.271 0.0000000000
39143  -4.977  -84.779  31.401 0.0000000000
39144  -4.702  -83.264  31.076 0.0000000000
39145  -4.270  -82.445  29.454 0.0000000000
39146  -4.105  -81.718  27.798 0.0000000000
39147  -4.143  -80.953  26.330 0.0000000000
39150  -4.420  -80.100  24.731 0.0000000000
41584  -4.352  -75.414  20.468 0.0000000000
41585  -3.900  -75.597  20.050 0.0000000000
41586  -4.024  -76.036  20.572 0.0000000000
43645  -6.188  -82.546  31.857 0.0000000000
43646  -6.410  -82.014  31.286 0.0000000000
43647  -5.731  -82.165  31.227 0.0000000000
43648  -5.372  -81.769  30.538 0.0000000000
43649  -5.148  -82.351  31.076 0.0000000000
52225  -5.221  -79.420  26.185 0.0000000000
52226  -5.833  -79.083  25.750 0.0000000000
52227  -5.366  -79.080  25.446 0.0000000000
52228  -5.506  -78.724  24.797 0.0000000000
52229  -5.012  -79.161  25.079 0.0000000000
61818  -7.164  -80.939  29.937 0.0000000000
61824  -6.807  -80.301  28.717 0.0000000000
61825  -5.008  -80.883  28.992 0.0000000000
61826  -5.493  -80.430  28.503 0.0000000000
61827  -4.943  -80.435  28.211 0.0000000000
61828  -4.956  -80.075  27.533 0.0000000000
61829  -4.543  -80.568  27.878 0.0000000000
66093  -6.049  -71.440  43.303 0.0000000000
66094  -5.978  -70.784  43.896 0.0000000000
66095  -5.902  -70.830  43.437 0.0000000000
66097  -5.806  -70.938  42.969 0.0000000000
69025  -7.961  -83.809  33.582 0.0000000000
69027  -7.495  -83.545  33.234 0.0000000000
69028  -7.053  -83.265  32.898 0.0000000000
69029  -6.882  -83.746  33.207 0.0000000000
87565  -5.615  -77.905  23.250 0.0000000000
87567  -5.564  -77.452  22.557 0.0000000000
87568  -5.447  -76.927  22.096 0.0000000000
87569  -5.030  -77.492  22.348 0.0000000000
87589  -6.502  -85.074  33.187 0.0000000000
87590  -6.042  -84.916  32.811 0.0000000000
87591  -5.953  -84.350  32.778 0.0000000000
87592  -5.579  -84.677  32.406 0.0000000000
87613  -4.693  -84.412  30.703 0.0000000000
87614  -4.774  -84.011  31.295 0.0000000000
87615  -4.485  -83.653  30.520 0.0000000000
87616  -4.445  -82.849  30.318 0.0000000000
87617  -4.323  -83.228  29.676 0.0000000000
87619  -4.137  -82.459  28.016 0.0000000000
87621  -4.103  -81.310  27.037 0.0000000000
93284  -4.132  -74.486  19.240 0.0000000000
93286  -3.831  -75.209  19.477 0.0000000000
96996  -6.734  -81.490  30.631 0.0000000000
96997  -6.403  -81.116  30.000 0.0000000000
96998  -6.200  -80.762  29.350 0.0000000000
96999  -5.723  -81.235  29.947 0.0000000000
97000  -5.117  -81.353  29.800 0.0000000000
97001  -4.673  -81.435  29.513 0.0000000000
99559  -6.138  -71.343  44.249 0.0000000000
101321  -7.912  -84.241  33.815 0.0000000000
112437  -6.146  -79.431  26.584 0.0000000000
112438  -6.839  -79.279  25.957 0.0000000000
112439  -6.365  -79.188  25.930 0.0000000000
112440  -6.564  -78.885  25.294 0.0000000000
112443  -6.133  -78.374  24.384 0.0000000000
112444  -5.618  -78.340  24.001 0.0000000000
112445  -5.164  -78.396  23.592 0.0000000000
126492  -6.105  -80.429  28.686 0.0000000000
126493  -6.098  -80.069  28.015 0.0000000000
126494  -6.108  -79.771  27.282 0.0000000000
126495  -5.488  -79.712  27.143 0.0000000000
126496  -5.078  -79.752  26.907 0.0000000000
126497  -4.693  -79.924  26.535 0.0000000000
135820  -6.659  -82.960  32.470 0.0000000000
135821  -6.011  -83.135  32.286 0.0000000000
158334  -4.698  -76.384  21.404 0.0000000000
158354  -7.913  -84.703  33.900 0.0000000000
158355  -7.356  -84.510  33.692 0.0000000000
158357  -6.899  -84.768  33.467 0.0000000000
158358  -6.848  -84.287  33.405 0.0000000000
158359  -6.397  -84.042  33.102 0.0000000000
158360  -5.941  -83.714  32.618 0.0000000000
158361  -5.494  -83.333  32.019 0.0000000000
158385  -5.326  -85.062  31.971 0.0000000000
158386  -5.144  -84.334  31.869 0.0000000000
158387  -5.042  -83.628  31.698 0.0000000000
158388  -5.068  -82.894  31.423 0.0000000000
158389  -4.735  -82.551  30.786 0.0000000000
158390  -4.477  -82.096  29.985 0.0000000000
158391  -4.336  -81.684  29.118 0.0000000000
158392  -4.166  -82.833  28.790 0.0000000000
158393  -4.159  -82.097  28.617 0.0000000000
158394  -4.260  -81.264  28.247 0.0000000000
158395  -4.248  -80.895  27.501 0.0000000000
158396  -4.300  -80.575  26.815 0.0000000000
158397  -4.380  -80.175  26.058 0.0000000000
158406  -4.594  -79.756  25.300 0.0000000000
158407  -4.724  -79.374  24.557 0.0000000000
158408  -4.785  -78.998  23.833 0.0000000000
158409  -4.749  -78.592  23.153 0.0000000000
158412  -4.612  -78.143  22.614 0.0000000000
158413  -4.526  -77.671  22.085 0.0000000000
158414  -4.355  -77.134  21.613 0.0000000000
