#!ascii label  , from subject fsaverage vox2ras=TkReg
992
246  -6.937  -0.221  65.060 0.0000000000
499  -6.812  12.652  60.513 0.0000000000
500  -8.237  0.588  57.196 0.0000000000
501  -9.885  1.955  48.683 0.0000000000
1097  -8.044  12.972  64.087 0.0000000000
1099  -6.059  0.159  61.570 0.0000000000
1101  -6.467  -4.158  53.947 0.0000000000
1124  -8.496  6.723  49.148 0.0000000000
1596  -10.299  -4.675  62.584 0.0000000000
2145  -8.517  11.570  55.043 0.0000000000
2146  -6.594  6.861  64.634 0.0000000000
2147  -7.830  7.069  59.770 0.0000000000
2148  -9.092  6.556  54.098 0.0000000000
2149  -8.939  1.530  52.704 0.0000000000
3017  -9.756  11.984  63.196 0.0000000000
3043  -8.530  8.621  46.850 0.0000000000
3044  -8.652  9.164  49.338 0.0000000000
3619  -11.237  -4.759  64.013 0.0000000000
4728  -6.449  15.577  60.874 0.0000000000
4730  -7.317  14.937  58.065 0.0000000000
4731  -8.647  14.414  55.397 0.0000000000
4732  -7.586  11.982  57.706 0.0000000000
4735  -6.762  3.187  65.529 0.0000000000
4736  -7.088  0.502  59.597 0.0000000000
4737  -7.529  3.676  61.731 0.0000000000
4738  -8.745  3.688  59.371 0.0000000000
4739  -8.733  6.808  56.953 0.0000000000
4740  -9.491  3.736  56.142 0.0000000000
4741  -9.312  4.100  53.525 0.0000000000
4742  -8.946  0.933  54.793 0.0000000000
4744  -6.986  -3.551  52.295 0.0000000000
4810  -9.729  3.458  46.928 0.0000000000
6582  -7.148  15.836  62.792 0.0000000000
6583  -6.854  13.116  63.039 0.0000000000
6584  -7.060  -2.842  62.647 0.0000000000
6585  -6.131  -0.073  63.407 0.0000000000
6586  -6.222  -2.969  61.044 0.0000000000
6587  -5.891  -2.609  59.251 0.0000000000
6588  -6.580  -2.175  57.451 0.0000000000
6589  -7.295  -1.858  55.591 0.0000000000
6631  -9.181  5.740  47.120 0.0000000000
6632  -9.426  4.336  48.940 0.0000000000
7561  -8.326  -0.028  66.302 0.0000000000
7562  -11.267  -2.250  65.758 0.0000000000
7563  -9.964  -2.111  64.458 0.0000000000
7564  -8.457  -2.411  63.655 0.0000000000
9003  -9.404  11.455  52.472 0.0000000000
9005  -6.997  10.129  64.924 0.0000000000
9006  -6.508  10.083  62.993 0.0000000000
9007  -6.643  3.519  63.586 0.0000000000
9008  -6.782  7.129  62.483 0.0000000000
9009  -6.991  9.753  60.146 0.0000000000
9010  -7.532  9.341  57.123 0.0000000000
9011  -7.972  8.984  54.441 0.0000000000
9012  -8.442  8.956  51.732 0.0000000000
9013  -8.724  6.806  51.613 0.0000000000
9014  -9.161  4.467  51.045 0.0000000000
9015  -9.531  1.799  50.554 0.0000000000
9016  -7.758  -1.307  53.629 0.0000000000
9017  -8.561  -0.937  51.801 0.0000000000
9018  -9.531  -0.762  50.075 0.0000000000
10697  -10.472  11.322  62.394 0.0000000000
10724  -9.281  10.231  49.582 0.0000000000
12408  -6.642  14.091  60.745 0.0000000000
12409  -6.721  15.281  59.516 0.0000000000
12410  -6.953  13.725  59.259 0.0000000000
12411  -7.494  13.429  57.856 0.0000000000
12412  -7.131  12.275  59.097 0.0000000000
12413  -7.467  1.333  66.117 0.0000000000
12414  -7.257  3.067  66.320 0.0000000000
12415  -6.879  1.336  65.437 0.0000000000
12416  -7.684  0.528  58.490 0.0000000000
12417  -8.112  1.969  59.692 0.0000000000
12418  -8.622  2.040  58.335 0.0000000000
12419  -9.146  3.756  57.713 0.0000000000
12420  -9.013  2.116  56.833 0.0000000000
12421  -9.232  2.291  55.425 0.0000000000
12422  -8.710  0.709  55.937 0.0000000000
12490  -9.784  2.784  47.793 0.0000000000
12492  -10.032  1.570  47.739 0.0000000000
12494  -9.985  0.700  48.553 0.0000000000
14808  -8.459  14.117  63.394 0.0000000000
14810  -7.548  14.432  63.431 0.0000000000
14811  -6.997  14.476  62.937 0.0000000000
14812  -7.328  13.180  63.815 0.0000000000
14813  -7.685  -3.893  61.447 0.0000000000
14814  -6.622  -2.902  61.884 0.0000000000
14819  -6.080  -2.368  58.383 0.0000000000
14820  -6.327  -3.706  57.556 0.0000000000
14821  -6.412  -3.393  56.719 0.0000000000
14890  -8.336  7.522  48.049 0.0000000000
14891  -8.704  7.018  46.930 0.0000000000
14892  -8.767  6.153  48.054 0.0000000000
14893  -9.306  5.049  48.012 0.0000000000
14894  -8.981  5.572  49.055 0.0000000000
16612  -9.188  0.038  66.812 0.0000000000
16615  -11.853  -3.486  65.492 0.0000000000
16616  -10.779  -4.735  63.277 0.0000000000
16617  -10.828  -3.349  63.949 0.0000000000
16618  -10.200  -3.302  63.407 0.0000000000
16619  -9.253  -2.241  64.006 0.0000000000
16620  -9.472  -3.381  62.932 0.0000000000
16621  -8.878  -3.567  62.486 0.0000000000
16622  -9.779  -4.735  62.037 0.0000000000
19953  -8.737  12.953  55.276 0.0000000000
19954  -9.167  14.211  54.095 0.0000000000
19955  -9.245  12.800  53.991 0.0000000000
19956  -9.736  12.674  52.728 0.0000000000
19957  -8.949  11.486  53.786 0.0000000000
19961  -6.815  6.698  65.483 0.0000000000
19962  -7.156  8.329  65.528 0.0000000000
19963  -6.672  8.424  64.865 0.0000000000
19964  -6.622  10.124  64.081 0.0000000000
19965  -6.508  8.576  63.937 0.0000000000
19966  -5.956  -0.038  62.492 0.0000000000
19967  -6.294  1.486  63.697 0.0000000000
19968  -6.486  1.729  62.742 0.0000000000
19969  -7.802  5.551  61.016 0.0000000000
19970  -7.183  5.477  62.187 0.0000000000
19971  -7.283  7.129  61.157 0.0000000000
19972  -6.848  8.516  61.440 0.0000000000
19973  -7.269  8.388  59.901 0.0000000000
19974  -7.276  9.557  58.584 0.0000000000
19975  -7.655  8.310  58.429 0.0000000000
19976  -8.983  6.636  55.558 0.0000000000
19977  -8.266  7.887  55.658 0.0000000000
19978  -8.514  7.697  54.302 0.0000000000
19979  -8.223  8.920  53.074 0.0000000000
19980  -8.548  7.667  52.899 0.0000000000
19981  -8.574  7.809  51.641 0.0000000000
19982  -8.933  6.592  52.778 0.0000000000
19983  -9.098  2.899  53.093 0.0000000000
19985  -9.166  3.022  51.909 0.0000000000
19986  -9.376  3.145  50.725 0.0000000000
19987  -9.223  1.667  51.597 0.0000000000
19988  -6.844  -2.996  54.801 0.0000000000
19989  -7.557  -1.564  54.518 0.0000000000
19990  -7.097  -2.669  53.846 0.0000000000
19991  -7.534  -3.402  51.593 0.0000000000
19992  -7.774  -2.140  52.123 0.0000000000
19993  -8.319  -2.137  51.317 0.0000000000
19994  -9.090  -0.865  50.979 0.0000000000
23862  -9.369  13.576  62.850 0.0000000000
23863  -8.916  12.559  63.861 0.0000000000
23911  -8.416  8.949  48.085 0.0000000000
23912  -8.336  7.950  49.244 0.0000000000
24944  -11.515  -6.107  65.357 0.0000000000
24945  -11.634  -4.794  64.863 0.0000000000
24946  -11.195  -6.090  64.510 0.0000000000
24947  -10.845  -6.080  63.699 0.0000000000
26942  -6.433  16.983  60.869 0.0000000000
26944  -6.539  16.770  59.623 0.0000000000
26945  -7.080  16.459  58.187 0.0000000000
26946  -7.756  16.106  56.763 0.0000000000
26948  -8.036  14.619  56.725 0.0000000000
26949  -8.106  13.189  56.571 0.0000000000
26950  -8.046  11.700  56.392 0.0000000000
26954  -6.990  4.947  65.989 0.0000000000
26955  -6.637  5.107  65.155 0.0000000000
26956  -6.505  0.344  60.590 0.0000000000
26957  -6.852  1.822  61.778 0.0000000000
26958  -7.487  1.919  60.823 0.0000000000
26959  -8.234  3.680  60.594 0.0000000000
26960  -8.397  5.575  59.676 0.0000000000
26961  -8.327  6.958  58.405 0.0000000000
26962  -8.892  5.491  58.202 0.0000000000
26963  -9.274  5.347  56.690 0.0000000000
26964  -9.557  5.267  55.177 0.0000000000
26965  -9.361  5.344  53.829 0.0000000000
26966  -9.519  3.934  54.727 0.0000000000
26967  -9.219  2.567  54.203 0.0000000000
26968  -8.948  1.230  53.770 0.0000000000
26969  -6.161  -5.372  53.199 0.0000000000
26970  -6.673  -3.818  53.114 0.0000000000
26971  -6.329  -5.010  52.408 0.0000000000
26972  -6.697  -4.774  51.741 0.0000000000
30719  -6.645  15.767  61.997 0.0000000000
30720  -6.676  14.371  62.000 0.0000000000
30721  -6.689  12.959  61.880 0.0000000000
30722  -6.803  -1.592  63.854 0.0000000000
30723  -6.404  -0.183  64.383 0.0000000000
30724  -6.267  -1.613  63.094 0.0000000000
30725  -5.895  -1.609  62.174 0.0000000000
30726  -5.695  -1.500  61.288 0.0000000000
30728  -5.988  -2.855  60.165 0.0000000000
30729  -5.764  -1.267  60.370 0.0000000000
30730  -6.124  -1.017  59.385 0.0000000000
30731  -6.662  -0.868  58.392 0.0000000000
30732  -7.311  -0.830  57.374 0.0000000000
30733  -7.894  -0.708  56.315 0.0000000000
30734  -6.909  -2.002  56.474 0.0000000000
30735  -6.613  -3.233  55.725 0.0000000000
30736  -6.345  -4.464  54.843 0.0000000000
30834  -9.511  4.550  47.022 0.0000000000
30835  -9.580  3.919  47.901 0.0000000000
30836  -9.674  3.230  48.755 0.0000000000
33138  -8.182  1.319  66.657 0.0000000000
33139  -7.587  -0.103  65.748 0.0000000000
33142  -10.536  -1.076  66.468 0.0000000000
33143  -11.334  -3.396  64.703 0.0000000000
33144  -10.668  -2.131  65.041 0.0000000000
33145  -9.799  -1.020  65.875 0.0000000000
33146  -9.078  -1.090  65.373 0.0000000000
33147  -8.315  -1.260  64.890 0.0000000000
33148  -7.512  -1.470  64.454 0.0000000000
33149  -7.752  -2.646  63.240 0.0000000000
33150  -8.216  -3.721  62.051 0.0000000000
37257  -9.773  11.269  51.275 0.0000000000
37260  -8.324  11.369  64.762 0.0000000000
37262  -7.689  9.951  65.283 0.0000000000
37263  -7.566  11.638  64.710 0.0000000000
37264  -6.946  11.752  64.081 0.0000000000
37265  -6.661  11.646  63.056 0.0000000000
37266  -6.690  11.467  61.802 0.0000000000
37267  -6.508  1.439  64.613 0.0000000000
37268  -6.551  3.339  64.576 0.0000000000
37269  -6.577  5.230  64.212 0.0000000000
37270  -6.975  3.639  62.676 0.0000000000
37271  -6.731  5.387  63.246 0.0000000000
37272  -6.574  6.999  63.644 0.0000000000
37273  -6.582  8.522  62.756 0.0000000000
37274  -6.667  9.951  61.636 0.0000000000
37275  -6.936  11.181  60.326 0.0000000000
37276  -7.221  10.862  58.823 0.0000000000
37277  -7.541  10.610  57.413 0.0000000000
37278  -7.822  10.351  56.031 0.0000000000
37279  -8.026  8.049  57.058 0.0000000000
37280  -7.749  9.171  55.818 0.0000000000
37281  -8.075  10.264  54.708 0.0000000000
37282  -8.424  10.243  53.394 0.0000000000
37283  -8.845  10.221  51.968 0.0000000000
37284  -9.140  10.183  50.784 0.0000000000
37285  -8.627  9.095  50.503 0.0000000000
37286  -8.455  7.955  50.441 0.0000000000
37287  -8.594  6.819  50.349 0.0000000000
37288  -9.075  5.493  52.553 0.0000000000
37290  -8.926  5.647  50.170 0.0000000000
37291  -9.305  4.442  49.934 0.0000000000
37292  -9.558  3.209  49.669 0.0000000000
37293  -9.751  1.900  49.574 0.0000000000
37294  -8.184  -0.515  55.209 0.0000000000
37295  -8.334  -0.213  54.174 0.0000000000
37296  -8.434  0.092  53.212 0.0000000000
37297  -7.350  -2.328  52.973 0.0000000000
37298  -8.058  -1.065  52.709 0.0000000000
37299  -8.763  0.220  52.254 0.0000000000
37300  -9.228  0.385  51.345 0.0000000000
37301  -9.602  0.483  50.415 0.0000000000
37302  -9.891  0.595  49.504 0.0000000000
41412  -12.038  10.717  60.627 0.0000000000
41413  -11.606  11.104  60.966 0.0000000000
41444  -9.664  10.694  49.795 0.0000000000
43128  -6.746  13.420  60.638 0.0000000000
43129  -6.744  13.888  60.008 0.0000000000
43130  -6.836  13.196  59.898 0.0000000000
43131  -7.044  12.986  59.168 0.0000000000
43132  -6.941  12.459  59.818 0.0000000000
43133  -7.180  0.538  65.626 0.0000000000
43134  -7.153  1.341  65.796 0.0000000000
43135  -6.899  0.504  65.286 0.0000000000
43136  -7.983  0.561  57.892 0.0000000000
43137  -8.195  1.279  58.480 0.0000000000
43138  -8.423  1.302  57.765 0.0000000000
43139  -8.831  2.059  57.601 0.0000000000
43140  -8.634  1.338  57.050 0.0000000000
43141  -8.852  1.401  56.372 0.0000000000
43142  -8.486  0.642  56.555 0.0000000000
43210  -9.820  2.394  48.227 0.0000000000
43211  -9.905  2.197  47.770 0.0000000000
43212  -9.928  1.795  48.189 0.0000000000
43214  -9.950  1.328  48.622 0.0000000000
45528  -8.267  13.565  63.766 0.0000000000
45529  -8.018  14.293  63.519 0.0000000000
45530  -7.827  13.706  63.771 0.0000000000
45531  -7.453  13.806  63.649 0.0000000000
45532  -7.659  13.080  64.019 0.0000000000
45534  -7.436  -4.011  61.116 0.0000000000
45539  -6.313  -3.803  57.980 0.0000000000
45610  -8.384  7.066  48.607 0.0000000000
45611  -8.521  6.798  48.038 0.0000000000
45612  -8.597  6.428  48.574 0.0000000000
45613  -8.864  5.847  48.560 0.0000000000
45614  -8.709  6.149  49.090 0.0000000000
47336  -10.543  -4.721  62.945 0.0000000000
47337  -10.564  -4.017  63.246 0.0000000000
47338  -10.297  -4.007  62.948 0.0000000000
47339  -9.852  -3.327  63.171 0.0000000000
47340  -9.986  -4.027  62.693 0.0000000000
47341  -9.672  -4.055  62.456 0.0000000000
47342  -10.029  -4.668  62.295 0.0000000000
50673  -8.647  12.236  55.158 0.0000000000
50674  -8.996  12.861  54.639 0.0000000000
50675  -8.906  12.161  54.519 0.0000000000
50676  -9.166  12.128  53.887 0.0000000000
50677  -8.728  11.510  54.414 0.0000000000
50681  -6.656  6.769  65.066 0.0000000000
50682  -6.732  7.564  65.217 0.0000000000
50683  -6.606  7.681  64.789 0.0000000000
50684  -6.555  8.523  64.436 0.0000000000
50685  -6.540  7.779  64.300 0.0000000000
50686  -5.956  0.036  62.035 0.0000000000
50687  -6.166  0.842  62.635 0.0000000000
50688  -6.276  0.909  62.161 0.0000000000
50689  -7.813  6.353  60.421 0.0000000000
50690  -7.527  6.330  61.109 0.0000000000
50691  -7.560  7.102  60.457 0.0000000000
50692  -7.271  7.796  60.557 0.0000000000
50693  -7.539  7.762  59.800 0.0000000000
50694  -7.469  8.384  59.133 0.0000000000
50695  -7.779  7.716  59.090 0.0000000000
50696  -9.067  6.586  54.837 0.0000000000
50697  -8.725  7.186  54.922 0.0000000000
50698  -8.820  7.132  54.227 0.0000000000
50699  -8.536  7.652  53.592 0.0000000000
50700  -8.812  7.111  53.506 0.0000000000
50701  -8.800  7.138  52.837 0.0000000000
50702  -9.029  6.529  53.435 0.0000000000
50703  -9.025  2.208  52.906 0.0000000000
50704  -9.116  2.968  52.495 0.0000000000
50705  -9.065  2.283  52.321 0.0000000000
50706  -9.189  2.337  51.753 0.0000000000
50707  -9.048  1.632  52.156 0.0000000000
50708  -6.637  -3.557  54.374 0.0000000000
50709  -6.970  -2.844  54.316 0.0000000000
50710  -6.768  -3.416  53.911 0.0000000000
50712  -7.959  -2.729  51.456 0.0000000000
50713  -8.233  -2.715  51.076 0.0000000000
55131  -9.146  13.054  63.346 0.0000000000
55132  -9.324  12.284  63.576 0.0000000000
55210  -8.835  9.580  48.840 0.0000000000
55211  -8.769  9.503  48.214 0.0000000000
55212  -8.516  9.036  48.733 0.0000000000
55213  -8.327  8.427  48.660 0.0000000000
55214  -8.389  8.589  49.270 0.0000000000
56933  -11.202  -6.718  65.189 0.0000000000
56934  -11.354  -6.094  64.918 0.0000000000
56939  -10.667  -6.097  63.265 0.0000000000
60263  -6.429  16.282  60.907 0.0000000000
60264  -6.440  16.881  60.252 0.0000000000
60265  -6.476  16.151  60.243 0.0000000000
60266  -6.950  15.112  58.825 0.0000000000
60267  -6.890  15.870  58.868 0.0000000000
60268  -7.199  15.719  58.153 0.0000000000
60269  -7.404  16.291  57.480 0.0000000000
60270  -7.564  15.532  57.430 0.0000000000
60271  -7.931  15.355  56.763 0.0000000000
60272  -7.679  14.759  57.393 0.0000000000
60273  -7.486  12.678  57.865 0.0000000000
60274  -7.791  13.296  57.240 0.0000000000
60275  -7.788  12.568  57.132 0.0000000000
60276  -8.095  12.453  56.465 0.0000000000
60277  -7.798  11.842  57.048 0.0000000000
60280  -7.752  3.953  66.745 0.0000000000
60281  -6.981  3.124  65.937 0.0000000000
60282  -7.119  4.003  66.169 0.0000000000
60283  -6.869  4.049  65.812 0.0000000000
60284  -6.777  5.026  65.588 0.0000000000
60285  -6.671  4.142  65.385 0.0000000000
60286  -6.761  0.418  60.096 0.0000000000
60287  -6.983  1.119  60.737 0.0000000000
60288  -7.281  1.125  60.193 0.0000000000
60289  -8.507  2.768  59.549 0.0000000000
60290  -8.236  2.754  60.213 0.0000000000
60291  -8.517  3.663  59.984 0.0000000000
60292  -8.365  4.695  60.213 0.0000000000
60293  -8.612  4.678  59.526 0.0000000000
60294  -8.655  5.534  58.941 0.0000000000
60295  -8.865  4.664  58.765 0.0000000000
60296  -9.329  3.741  56.912 0.0000000000
60297  -9.241  4.611  57.237 0.0000000000
60298  -9.436  4.522  56.441 0.0000000000
60299  -9.453  5.283  55.917 0.0000000000
60300  -9.545  4.522  55.712 0.0000000000
60301  -9.577  4.589  55.012 0.0000000000
60302  -9.547  3.833  55.412 0.0000000000
60303  -9.087  1.617  55.075 0.0000000000
60304  -9.256  2.447  54.789 0.0000000000
60305  -9.117  1.784  54.494 0.0000000000
60306  -9.047  1.883  53.988 0.0000000000
60307  -8.967  1.078  54.282 0.0000000000
60309  -6.234  -5.180  52.818 0.0000000000
60310  -6.068  -5.862  52.537 0.0000000000
60312  -6.391  -5.555  51.848 0.0000000000
60510  -9.706  3.786  46.481 0.0000000000
64141  -11.506  -6.702  66.163 0.0000000000
67466  -7.499  15.786  62.964 0.0000000000
67472  -6.880  15.841  62.471 0.0000000000
67473  -6.922  13.788  62.966 0.0000000000
67474  -6.792  14.451  62.527 0.0000000000
67475  -6.745  13.751  62.495 0.0000000000
67476  -6.677  13.661  61.956 0.0000000000
67477  -6.722  13.048  62.507 0.0000000000
67478  -6.889  -2.226  63.263 0.0000000000
67479  -6.518  -1.606  63.525 0.0000000000
67480  -6.603  -2.263  62.890 0.0000000000
67481  -6.417  -2.948  61.473 0.0000000000
67482  -6.172  -2.300  62.054 0.0000000000
67483  -5.989  -2.248  61.637 0.0000000000
67484  -5.759  -1.557  61.741 0.0000000000
67485  -5.846  -2.208  61.185 0.0000000000
67489  -6.133  -3.311  59.210 0.0000000000
67490  -6.223  -3.411  59.624 0.0000000000
67491  -5.883  -2.704  59.751 0.0000000000
67492  -5.716  -2.053  60.287 0.0000000000
67493  -5.761  -1.938  59.791 0.0000000000
67494  -5.906  -1.123  59.884 0.0000000000
67495  -5.860  -1.830  59.291 0.0000000000
67496  -6.317  -2.245  57.941 0.0000000000
67497  -6.286  -1.618  58.367 0.0000000000
67498  -6.587  -1.554  57.883 0.0000000000
67499  -6.978  -0.826  57.851 0.0000000000
67500  -6.878  -1.505  57.414 0.0000000000
67501  -7.171  -1.414  56.926 0.0000000000
67502  -6.777  -2.092  56.964 0.0000000000
67504  -6.507  -3.317  56.204 0.0000000000
67505  -6.385  -3.989  55.766 0.0000000000
67506  -6.481  -3.857  55.303 0.0000000000
67713  -8.915  6.299  47.057 0.0000000000
67714  -8.932  6.777  46.494 0.0000000000
67715  -9.154  6.133  46.577 0.0000000000
67717  -9.361  5.523  46.592 0.0000000000
67718  -9.507  4.924  46.581 0.0000000000
67719  -9.373  5.115  47.082 0.0000000000
67720  -9.353  4.704  48.487 0.0000000000
67721  -9.470  4.488  47.959 0.0000000000
67722  -9.516  4.109  48.446 0.0000000000
67723  -9.630  3.595  48.338 0.0000000000
67724  -9.574  3.774  48.855 0.0000000000
72873  -8.537  0.659  66.858 0.0000000000
72875  -8.188  0.654  66.575 0.0000000000
72876  -7.837  0.616  66.256 0.0000000000
72877  -7.938  -0.086  66.026 0.0000000000
72885  -10.904  -1.658  66.060 0.0000000000
72886  -11.436  -4.771  64.437 0.0000000000
72887  -11.511  -4.084  64.746 0.0000000000
72888  -11.320  -4.060  64.323 0.0000000000
72889  -10.453  -2.666  64.152 0.0000000000
72890  -10.774  -2.717  64.420 0.0000000000
72891  -10.317  -2.108  64.734 0.0000000000
72892  -10.233  -1.552  65.415 0.0000000000
72893  -9.847  -1.559  65.148 0.0000000000
72894  -9.436  -1.046  65.612 0.0000000000
72895  -9.506  -1.589  64.885 0.0000000000
72896  -8.857  -2.313  63.826 0.0000000000
72897  -8.813  -1.734  64.414 0.0000000000
72898  -8.410  -1.860  64.218 0.0000000000
72899  -7.913  -1.377  64.650 0.0000000000
72900  -8.009  -1.977  64.039 0.0000000000
72901  -7.614  -2.084  63.835 0.0000000000
72902  -8.126  -2.550  63.465 0.0000000000
72903  -9.093  -4.210  62.015 0.0000000000
72904  -8.543  -3.640  62.277 0.0000000000
72905  -8.788  -4.283  61.789 0.0000000000
72906  -8.502  -4.344  61.523 0.0000000000
82898  -8.539  15.115  55.387 0.0000000000
82901  -9.372  14.092  53.448 0.0000000000
82908  -9.625  12.049  52.615 0.0000000000
82910  -9.838  11.964  52.004 0.0000000000
82912  -9.595  11.349  51.866 0.0000000000
82919  -8.736  11.174  64.609 0.0000000000
82924  -7.097  9.240  65.179 0.0000000000
82925  -7.410  9.162  65.418 0.0000000000
82926  -7.310  10.051  65.153 0.0000000000
82927  -7.608  10.783  65.049 0.0000000000
82928  -7.247  10.841  64.879 0.0000000000
82929  -7.212  11.715  64.440 0.0000000000
82930  -6.975  10.919  64.534 0.0000000000
82931  -6.533  10.122  63.586 0.0000000000
82932  -6.611  10.927  63.593 0.0000000000
82933  -6.549  10.863  63.015 0.0000000000
82934  -6.645  11.557  62.472 0.0000000000
82935  -6.589  10.803  62.365 0.0000000000
82936  -6.240  -0.122  63.925 0.0000000000
82937  -6.456  0.532  64.536 0.0000000000
82938  -6.360  0.647  64.074 0.0000000000
82939  -6.498  2.509  63.712 0.0000000000
82940  -6.451  2.413  64.192 0.0000000000
82941  -6.566  3.430  64.070 0.0000000000
82942  -6.573  4.310  64.410 0.0000000000
82943  -6.574  4.411  63.928 0.0000000000
82944  -7.272  2.765  61.832 0.0000000000
82945  -7.008  2.728  62.300 0.0000000000
82946  -7.230  3.647  62.207 0.0000000000
82947  -6.966  6.323  62.340 0.0000000000
82948  -6.913  5.454  62.729 0.0000000000
82949  -6.755  6.303  62.930 0.0000000000
82950  -6.628  6.176  63.451 0.0000000000
82951  -6.638  7.085  63.103 0.0000000000
82952  -6.572  7.817  63.233 0.0000000000
82953  -6.655  7.835  62.634 0.0000000000
82954  -6.906  9.134  60.821 0.0000000000
82955  -6.728  9.208  61.523 0.0000000000
82956  -6.811  9.846  60.910 0.0000000000
82957  -6.778  10.586  60.973 0.0000000000
82958  -6.937  10.473  60.234 0.0000000000
82959  -7.083  11.027  59.591 0.0000000000
82960  -7.069  10.353  59.500 0.0000000000
82961  -7.420  9.463  57.835 0.0000000000
82962  -7.356  10.113  57.967 0.0000000000
82963  -7.498  9.985  57.244 0.0000000000
82964  -7.690  10.491  56.737 0.0000000000
82965  -7.611  9.874  56.552 0.0000000000
82966  -8.548  6.882  57.684 0.0000000000
82967  -8.210  7.533  57.729 0.0000000000
82968  -8.396  7.427  57.030 0.0000000000
82969  -8.099  8.378  55.019 0.0000000000
82970  -7.948  8.534  55.729 0.0000000000
82971  -7.849  9.045  55.149 0.0000000000
82972  -7.813  9.673  55.266 0.0000000000
82973  -7.925  9.614  54.580 0.0000000000
82974  -8.213  10.238  54.041 0.0000000000
82975  -8.061  9.594  53.875 0.0000000000
82976  -8.359  8.919  52.394 0.0000000000
82977  -8.427  9.598  52.494 0.0000000000
82978  -8.571  9.582  51.812 0.0000000000
82979  -9.009  10.169  51.358 0.0000000000
82980  -8.701  9.596  51.169 0.0000000000
82981  -8.856  9.660  50.601 0.0000000000
82982  -8.512  9.051  51.091 0.0000000000
82983  -8.679  7.299  51.590 0.0000000000
82984  -8.530  7.881  51.042 0.0000000000
82985  -8.582  7.379  51.009 0.0000000000
82986  -8.504  7.395  50.407 0.0000000000
82987  -8.665  6.852  50.969 0.0000000000
82988  -9.350  4.742  53.671 0.0000000000
82989  -9.203  5.400  53.205 0.0000000000
82990  -9.193  4.825  53.036 0.0000000000
82995  -9.060  5.090  50.607 0.0000000000
82996  -9.128  5.047  50.053 0.0000000000
82997  -9.234  4.472  50.482 0.0000000000
82998  -9.461  2.470  50.599 0.0000000000
82999  -9.459  3.197  50.169 0.0000000000
83000  -9.586  2.530  50.083 0.0000000000
83001  -9.686  2.535  49.620 0.0000000000
83002  -9.656  1.900  50.043 0.0000000000
83003  -7.631  -1.277  55.958 0.0000000000
83004  -8.060  -0.635  55.768 0.0000000000
83005  -7.793  -1.225  55.392 0.0000000000
83006  -7.653  -1.445  54.075 0.0000000000
83007  -7.950  -0.898  54.360 0.0000000000
83008  -8.027  -0.773  53.917 0.0000000000
83009  -8.363  -0.041  53.705 0.0000000000
83010  -8.094  -0.611  53.445 0.0000000000
83011  -6.803  -3.662  52.702 0.0000000000
83012  -6.984  -3.081  53.051 0.0000000000
83013  -7.150  -2.954  52.633 0.0000000000
83014  -8.177  -1.549  52.005 0.0000000000
83015  -7.888  -1.587  52.404 0.0000000000
83016  -8.288  -0.990  52.250 0.0000000000
83017  -8.424  -0.431  52.486 0.0000000000
83018  -8.642  -0.375  52.014 0.0000000000
83019  -8.990  0.304  51.801 0.0000000000
83020  -8.926  -0.290  51.602 0.0000000000
83021  -9.316  -0.826  50.544 0.0000000000
83022  -9.390  -0.246  50.746 0.0000000000
83023  -9.572  -0.181  50.253 0.0000000000
83024  -9.746  0.547  49.946 0.0000000000
83025  -9.750  -0.109  49.793 0.0000000000
83026  -9.883  -0.045  49.349 0.0000000000
83027  -9.704  -0.694  49.666 0.0000000000
92972  -13.102  9.955  60.080 0.0000000000
92982  -10.321  12.071  62.171 0.0000000000
93031  -9.124  10.123  48.906 0.0000000000
93032  -8.942  9.724  49.426 0.0000000000
96062  -6.530  14.835  60.806 0.0000000000
96063  -6.550  15.433  60.187 0.0000000000
96064  -6.647  14.639  60.114 0.0000000000
96065  -6.821  14.465  59.426 0.0000000000
96066  -7.064  14.325  58.725 0.0000000000
96067  -7.396  14.160  58.003 0.0000000000
96068  -7.218  13.562  58.521 0.0000000000
96069  -7.256  12.812  58.510 0.0000000000
96070  -7.353  12.124  58.395 0.0000000000
96071  -7.729  2.115  66.540 0.0000000000
96072  -7.565  3.048  66.636 0.0000000000
96073  -7.358  2.147  66.279 0.0000000000
96074  -7.052  2.184  65.953 0.0000000000
96075  -6.827  2.192  65.564 0.0000000000
96076  -7.388  0.519  59.062 0.0000000000
96077  -7.600  1.186  59.655 0.0000000000
96078  -7.912  1.249  59.099 0.0000000000
96079  -8.387  2.014  59.033 0.0000000000
96080  -8.751  2.811  58.829 0.0000000000
96081  -8.956  3.737  58.528 0.0000000000
96082  -8.946  2.865  58.091 0.0000000000
96083  -9.143  2.882  57.299 0.0000000000
96084  -9.300  2.930  56.528 0.0000000000
96085  -9.409  3.012  55.798 0.0000000000
96086  -9.148  2.195  56.112 0.0000000000
96087  -8.997  1.473  55.707 0.0000000000
96088  -8.877  0.788  55.333 0.0000000000
96210  -9.750  3.138  47.365 0.0000000000
100384  -8.200  14.885  63.218 0.0000000000
100385  -7.772  15.021  63.253 0.0000000000
100386  -7.393  15.107  63.129 0.0000000000
100387  -7.078  15.167  62.874 0.0000000000
100388  -7.238  14.484  63.224 0.0000000000
100389  -7.159  13.795  63.362 0.0000000000
100390  -7.070  13.169  63.488 0.0000000000
100391  -7.354  -3.367  62.045 0.0000000000
100392  -6.825  -2.873  62.280 0.0000000000
100393  -7.122  -3.430  61.701 0.0000000000
100394  -6.898  -3.491  61.311 0.0000000000
100395  -6.689  -3.539  60.906 0.0000000000
100400  -6.094  -3.266  58.788 0.0000000000
100401  -5.950  -2.495  58.808 0.0000000000
100402  -6.137  -3.156  58.383 0.0000000000
100403  -6.218  -3.033  57.986 0.0000000000
100404  -6.337  -2.908  57.562 0.0000000000
100405  -6.504  -2.788  57.097 0.0000000000
100406  -6.363  -3.574  57.137 0.0000000000
100530  -8.365  8.071  47.447 0.0000000000
100531  -8.560  7.806  46.860 0.0000000000
100532  -8.469  7.248  47.440 0.0000000000
100533  -8.717  6.540  47.524 0.0000000000
100534  -8.979  5.907  47.570 0.0000000000
100535  -9.233  5.352  47.562 0.0000000000
100536  -9.054  5.562  48.067 0.0000000000
100537  -9.126  5.272  48.536 0.0000000000
100538  -9.219  4.928  48.999 0.0000000000
103630  -8.751  0.020  66.556 0.0000000000
103635  -11.638  -2.872  65.558 0.0000000000
103636  -11.010  -4.740  63.587 0.0000000000
103637  -11.091  -4.067  63.910 0.0000000000
103638  -10.837  -4.048  63.553 0.0000000000
103639  -10.533  -3.306  63.659 0.0000000000
103640  -10.101  -2.663  63.903 0.0000000000
103641  -9.631  -2.187  64.211 0.0000000000
103642  -9.726  -2.707  63.661 0.0000000000
103643  -9.393  -2.832  63.456 0.0000000000
103644  -9.000  -2.915  63.244 0.0000000000
103645  -8.630  -2.982  63.044 0.0000000000
103646  -9.199  -3.489  62.703 0.0000000000
103647  -9.396  -4.116  62.216 0.0000000000
103648  -9.529  -4.822  61.808 0.0000000000
109643  -8.708  13.730  55.341 0.0000000000
109644  -8.909  14.320  54.729 0.0000000000
109645  -8.989  13.605  54.708 0.0000000000
109646  -9.244  13.493  54.076 0.0000000000
109647  -9.475  13.420  53.428 0.0000000000
109648  -9.726  13.349  52.801 0.0000000000
109649  -9.505  12.759  53.366 0.0000000000
109650  -9.403  12.095  53.260 0.0000000000
109651  -9.177  11.479  53.141 0.0000000000
109657  -7.061  6.632  65.788 0.0000000000
109659  -6.951  7.512  65.552 0.0000000000
109660  -6.879  8.358  65.233 0.0000000000
109661  -6.836  9.262  64.865 0.0000000000
109662  -6.776  10.129  64.520 0.0000000000
109663  -6.636  9.278  64.499 0.0000000000
109664  -6.547  9.332  64.043 0.0000000000
109665  -6.500  9.315  63.514 0.0000000000
109666  -6.012  -0.099  62.944 0.0000000000
109667  -6.204  0.653  63.577 0.0000000000
109668  -6.124  0.689  63.094 0.0000000000
109669  -6.369  1.615  63.213 0.0000000000
109670  -6.605  2.612  63.230 0.0000000000
109671  -7.730  4.634  61.452 0.0000000000
109672  -7.378  4.584  61.998 0.0000000000
109673  -7.486  5.511  61.607 0.0000000000
109674  -7.232  6.327  61.740 0.0000000000
109675  -6.992  7.141  61.820 0.0000000000
109676  -6.791  7.855  61.994 0.0000000000
109677  -6.988  7.836  61.332 0.0000000000
109678  -7.044  8.460  60.701 0.0000000000
109679  -7.079  9.037  60.045 0.0000000000
109680  -7.132  9.645  59.374 0.0000000000
109681  -7.253  8.994  59.230 0.0000000000
109682  -7.395  8.924  58.472 0.0000000000
109683  -7.537  8.827  57.774 0.0000000000
109684  -8.856  6.731  56.239 0.0000000000
109685  -8.518  7.355  56.304 0.0000000000
109686  -8.618  7.263  55.611 0.0000000000
109687  -8.379  7.780  54.959 0.0000000000
109688  -8.167  8.332  54.398 0.0000000000
109689  -8.100  8.952  53.760 0.0000000000
109690  -8.261  8.280  53.712 0.0000000000
109691  -8.341  8.245  53.006 0.0000000000
109692  -8.415  8.298  52.318 0.0000000000
109693  -8.465  8.375  51.688 0.0000000000
109694  -8.565  7.748  52.245 0.0000000000
109695  -8.759  7.192  52.192 0.0000000000
109696  -8.825  6.693  52.170 0.0000000000
109697  -9.185  3.531  53.286 0.0000000000
109698  -9.183  4.226  52.910 0.0000000000
109699  -9.166  3.640  52.689 0.0000000000
109700  -9.175  3.704  52.082 0.0000000000
109701  -9.186  3.749  51.456 0.0000000000
109702  -9.275  3.795  50.921 0.0000000000
109703  -9.254  3.089  51.324 0.0000000000
109704  -9.325  2.391  51.173 0.0000000000
109705  -9.384  1.721  51.067 0.0000000000
109706  -7.035  -2.421  55.192 0.0000000000
109707  -7.417  -1.736  55.054 0.0000000000
109708  -7.166  -2.297  54.697 0.0000000000
109709  -7.276  -2.165  54.196 0.0000000000
109710  -7.381  -1.980  53.739 0.0000000000
109711  -7.253  -3.472  51.950 0.0000000000
109712  -7.393  -2.843  52.270 0.0000000000
109713  -7.671  -2.761  51.882 0.0000000000
109714  -8.035  -2.121  51.731 0.0000000000
109715  -8.462  -1.519  51.591 0.0000000000
109716  -8.846  -0.882  51.402 0.0000000000
109717  -8.727  -1.508  51.159 0.0000000000
109718  -9.000  -1.469  50.758 0.0000000000
117119  -8.898  13.889  63.159 0.0000000000
117121  -8.499  12.844  64.039 0.0000000000
117232  -8.688  9.434  47.554 0.0000000000
117233  -8.445  8.809  47.454 0.0000000000
117234  -8.267  8.278  48.055 0.0000000000
117235  -8.283  7.760  48.636 0.0000000000
117236  -8.362  7.322  49.193 0.0000000000
119643  -11.860  -4.843  65.324 0.0000000000
119644  -11.615  -5.481  65.096 0.0000000000
119645  -11.436  -5.440  64.641 0.0000000000
119646  -11.250  -5.444  64.241 0.0000000000
119648  -11.034  -6.086  64.098 0.0000000000
119649  -11.042  -5.438  63.824 0.0000000000
119650  -10.835  -5.445  63.419 0.0000000000
119651  -10.634  -5.460  63.035 0.0000000000
119652  -10.433  -5.459  62.637 0.0000000000
119653  -10.233  -5.454  62.295 0.0000000000
124308  -6.653  17.363  58.866 0.0000000000
124309  -6.634  16.007  59.547 0.0000000000
124310  -6.771  16.632  58.925 0.0000000000
124311  -6.955  17.177  58.133 0.0000000000
124317  -8.259  15.240  56.058 0.0000000000
124318  -8.378  14.529  56.042 0.0000000000
124319  -7.754  14.018  57.330 0.0000000000
124320  -8.090  13.902  56.676 0.0000000000
124321  -8.408  13.813  56.032 0.0000000000
124322  -8.432  13.088  55.895 0.0000000000
124323  -8.386  12.332  55.816 0.0000000000
124324  -8.288  11.619  55.713 0.0000000000
124329  -7.483  5.714  66.304 0.0000000000
124330  -7.411  3.982  66.474 0.0000000000
124331  -7.296  4.890  66.305 0.0000000000
124332  -7.158  5.794  66.028 0.0000000000
124333  -6.907  5.853  65.725 0.0000000000
124334  -6.712  5.925  65.341 0.0000000000
124335  -6.571  6.019  64.900 0.0000000000
124336  -6.268  0.258  61.081 0.0000000000
124337  -6.456  0.973  61.695 0.0000000000
124338  -6.691  1.038  61.230 0.0000000000
124339  -7.177  1.905  61.340 0.0000000000
124340  -7.585  2.787  61.345 0.0000000000
124341  -7.786  1.912  60.272 0.0000000000
124342  -7.922  2.777  60.815 0.0000000000
124343  -7.902  3.706  61.202 0.0000000000
124344  -8.066  4.677  60.859 0.0000000000
124345  -8.129  5.589  60.410 0.0000000000
124346  -8.119  6.342  59.756 0.0000000000
124347  -8.100  7.016  59.101 0.0000000000
124348  -8.391  6.309  59.066 0.0000000000
124349  -8.631  6.257  58.346 0.0000000000
124350  -8.821  6.203  57.627 0.0000000000
124351  -9.071  4.637  57.998 0.0000000000
124352  -9.064  5.439  57.478 0.0000000000
124353  -9.013  6.115  56.879 0.0000000000
124354  -9.203  6.017  56.125 0.0000000000
124355  -9.322  5.978  55.423 0.0000000000
124356  -9.338  5.960  54.660 0.0000000000
124357  -9.277  5.959  53.968 0.0000000000
124358  -9.491  5.304  54.465 0.0000000000
124359  -9.532  4.665  54.326 0.0000000000
124360  -9.410  4.032  54.096 0.0000000000
124361  -9.429  3.135  55.097 0.0000000000
124362  -9.378  3.252  54.459 0.0000000000
124363  -9.302  3.375  53.860 0.0000000000
124364  -9.152  2.724  53.644 0.0000000000
124365  -9.024  2.062  53.453 0.0000000000
124366  -8.903  1.401  53.242 0.0000000000
124367  -6.328  -4.775  53.561 0.0000000000
124368  -6.589  -3.999  53.527 0.0000000000
124369  -6.417  -4.578  53.170 0.0000000000
124370  -6.502  -4.369  52.752 0.0000000000
124371  -6.644  -4.243  52.359 0.0000000000
124372  -6.203  -5.727  52.191 0.0000000000
124373  -6.480  -4.869  52.071 0.0000000000
124374  -6.836  -4.153  51.993 0.0000000000
124375  -7.090  -4.091  51.650 0.0000000000
129630  -11.350  -6.696  65.655 0.0000000000
129634  -10.612  -7.844  65.440 0.0000000000
133847  -6.536  17.057  61.495 0.0000000000
133848  -6.493  16.391  61.514 0.0000000000
133849  -6.501  15.664  61.481 0.0000000000
133850  -6.845  15.159  62.530 0.0000000000
133851  -6.685  15.078  62.011 0.0000000000
133852  -6.579  14.986  61.412 0.0000000000
133853  -6.622  14.232  61.420 0.0000000000
133854  -6.687  13.566  61.325 0.0000000000
133855  -6.733  12.837  61.207 0.0000000000
133856  -6.812  -0.932  64.448 0.0000000000
133857  -6.635  -0.222  64.763 0.0000000000
133858  -6.513  -0.928  64.130 0.0000000000
133859  -6.277  -0.891  63.753 0.0000000000
133860  -6.094  -0.885  63.310 0.0000000000
133861  -6.360  -2.270  62.494 0.0000000000
133862  -6.064  -1.619  62.628 0.0000000000
133863  -5.970  -0.880  62.818 0.0000000000
133864  -5.873  -0.828  62.339 0.0000000000
133865  -5.793  -0.802  61.890 0.0000000000
133866  -5.796  -0.708  61.434 0.0000000000
133869  -6.474  -3.572  60.502 0.0000000000
133871  -6.335  -3.512  60.052 0.0000000000
133872  -6.090  -2.936  60.604 0.0000000000
133873  -5.757  -2.208  60.670 0.0000000000
133874  -5.696  -1.401  60.825 0.0000000000
133875  -5.881  -0.587  60.948 0.0000000000
133876  -6.077  -0.417  60.500 0.0000000000
133877  -6.300  -0.339  59.998 0.0000000000
133878  -6.563  -0.275  59.477 0.0000000000
133879  -6.001  -1.692  58.852 0.0000000000
133880  -6.378  -0.930  58.896 0.0000000000
133881  -6.855  -0.198  58.971 0.0000000000
133882  -7.162  -0.177  58.452 0.0000000000
133883  -7.478  -0.154  57.900 0.0000000000
133884  -7.792  -0.131  57.326 0.0000000000
133885  -8.082  -0.096  56.715 0.0000000000
133886  -7.621  -0.780  56.859 0.0000000000
133887  -7.422  -1.337  56.455 0.0000000000
133888  -7.139  -1.945  56.081 0.0000000000
133889  -6.634  -2.681  56.607 0.0000000000
133890  -6.762  -2.595  56.133 0.0000000000
133891  -6.894  -2.532  55.664 0.0000000000
133892  -6.732  -3.131  55.273 0.0000000000
133893  -6.566  -3.715  54.839 0.0000000000
133894  -6.394  -4.313  54.390 0.0000000000
133902  -6.230  -5.109  54.391 0.0000000000
133903  -6.260  -4.960  53.965 0.0000000000
134161  -9.578  4.355  46.505 0.0000000000
134162  -9.615  4.011  46.958 0.0000000000
134163  -9.437  4.809  47.512 0.0000000000
134164  -9.546  4.236  47.463 0.0000000000
134165  -9.652  3.687  47.408 0.0000000000
134166  -9.688  3.351  47.840 0.0000000000
134167  -9.718  2.997  48.270 0.0000000000
134168  -9.730  2.591  48.700 0.0000000000
140591  -7.819  1.300  66.366 0.0000000000
140592  -7.498  0.581  65.941 0.0000000000
140593  -7.246  -0.161  65.421 0.0000000000
140603  -11.739  -4.137  65.160 0.0000000000
140604  -11.583  -3.435  65.090 0.0000000000
140605  -11.339  -2.801  65.193 0.0000000000
140606  -11.091  -3.372  64.310 0.0000000000
140607  -11.047  -2.746  64.818 0.0000000000
140608  -10.979  -2.170  65.415 0.0000000000
140609  -10.580  -1.584  65.728 0.0000000000
140610  -10.172  -1.015  66.173 0.0000000000
140611  -9.859  -0.480  66.664 0.0000000000
140612  -9.480  -0.486  66.365 0.0000000000
140613  -9.090  -0.502  66.101 0.0000000000
140614  -8.642  -0.588  65.846 0.0000000000
140615  -9.166  -1.647  64.638 0.0000000000
140616  -8.709  -1.136  65.172 0.0000000000
140617  -8.227  -0.656  65.627 0.0000000000
140618  -7.843  -0.731  65.389 0.0000000000
140619  -7.465  -0.813  65.132 0.0000000000
140620  -7.132  -0.880  64.791 0.0000000000
140621  -7.125  -1.550  64.149 0.0000000000
140622  -7.192  -2.163  63.568 0.0000000000
140623  -7.371  -2.736  62.974 0.0000000000
140624  -8.307  -3.053  62.856 0.0000000000
140625  -7.952  -3.168  62.620 0.0000000000
140626  -7.631  -3.274  62.351 0.0000000000
140627  -7.941  -3.802  61.759 0.0000000000
140628  -8.260  -4.410  61.212 0.0000000000
152734  -9.976  13.295  52.198 0.0000000000
152739  -9.925  11.214  50.667 0.0000000000
152742  -9.855  11.215  63.452 0.0000000000
152745  -9.456  11.563  63.792 0.0000000000
152748  -8.191  12.167  64.476 0.0000000000
152755  -8.023  10.695  65.091 0.0000000000
152756  -7.924  11.539  64.798 0.0000000000
152757  -7.806  12.305  64.446 0.0000000000
152758  -7.450  12.429  64.259 0.0000000000
152759  -7.139  12.513  63.972 0.0000000000
152760  -6.932  12.528  63.612 0.0000000000
152761  -6.761  10.952  64.090 0.0000000000
152762  -6.747  11.756  63.611 0.0000000000
152763  -6.774  12.449  63.082 0.0000000000
152764  -6.697  12.333  62.494 0.0000000000
152765  -6.699  12.220  61.871 0.0000000000
152766  -6.774  12.055  61.151 0.0000000000
152767  -6.656  0.498  64.923 0.0000000000
152768  -6.661  1.402  65.056 0.0000000000
152769  -6.654  2.276  65.132 0.0000000000
152770  -6.391  1.470  64.167 0.0000000000
152771  -6.529  2.367  64.674 0.0000000000
152772  -6.606  3.258  65.099 0.0000000000
152773  -6.600  4.223  64.905 0.0000000000
152774  -6.580  5.187  64.699 0.0000000000
152775  -6.568  6.049  64.428 0.0000000000
152776  -6.638  1.793  62.270 0.0000000000
152777  -6.788  2.712  62.738 0.0000000000
152778  -6.750  3.649  63.169 0.0000000000
152779  -7.093  4.563  62.494 0.0000000000
152780  -6.846  4.549  63.008 0.0000000000
152781  -6.665  4.508  63.494 0.0000000000
152782  -6.620  5.310  63.741 0.0000000000
152783  -6.578  6.095  63.946 0.0000000000
152784  -6.569  6.946  64.156 0.0000000000
152785  -6.511  7.821  63.793 0.0000000000
152786  -6.514  8.549  63.367 0.0000000000
152787  -6.478  9.258  62.911 0.0000000000
152788  -6.658  8.508  62.125 0.0000000000
152789  -6.571  9.271  62.196 0.0000000000
152790  -6.566  10.031  62.350 0.0000000000
152791  -6.669  10.707  61.693 0.0000000000
152792  -6.790  11.317  61.038 0.0000000000
152793  -6.913  11.902  60.418 0.0000000000
152794  -7.071  11.754  59.697 0.0000000000
152795  -7.222  11.570  58.946 0.0000000000
152796  -7.423  11.395  58.236 0.0000000000
152797  -7.200  10.220  58.757 0.0000000000
152798  -7.396  10.725  58.099 0.0000000000
152799  -7.609  11.241  57.555 0.0000000000
152800  -7.767  11.114  56.890 0.0000000000
152801  -7.966  11.023  56.218 0.0000000000
152802  -8.142  10.951  55.544 0.0000000000
152803  -8.001  7.633  58.410 0.0000000000
152804  -7.844  8.196  57.738 0.0000000000
152805  -7.709  8.680  57.095 0.0000000000
152806  -8.140  7.990  56.366 0.0000000000
152807  -7.829  8.620  56.417 0.0000000000
152808  -7.645  9.249  56.471 0.0000000000
152809  -7.711  9.786  55.913 0.0000000000
152810  -7.940  10.307  55.360 0.0000000000
152811  -8.302  10.904  54.878 0.0000000000
152812  -8.496  10.891  54.228 0.0000000000
152813  -8.707  10.867  53.603 0.0000000000
152814  -8.898  10.836  52.969 0.0000000000
152815  -8.252  9.612  53.188 0.0000000000
152816  -8.635  10.247  52.687 0.0000000000
152817  -9.090  10.822  52.286 0.0000000000
152818  -9.304  10.745  51.642 0.0000000000
152819  -9.463  10.710  51.027 0.0000000000
152820  -9.578  10.699  50.425 0.0000000000
152821  -9.241  10.215  50.195 0.0000000000
152822  -8.927  9.698  50.018 0.0000000000
152823  -8.660  9.128  49.913 0.0000000000
152824  -8.499  8.426  51.084 0.0000000000
152825  -8.491  8.487  50.456 0.0000000000
152826  -8.435  8.533  49.868 0.0000000000
152827  -8.416  7.939  49.848 0.0000000000
152828  -8.434  7.330  49.780 0.0000000000
152829  -8.534  6.763  49.733 0.0000000000
152830  -9.156  5.959  53.342 0.0000000000
152831  -9.034  6.047  52.684 0.0000000000
152833  -9.067  4.936  52.405 0.0000000000
152835  -8.832  6.262  51.436 0.0000000000
152836  -8.754  6.265  50.910 0.0000000000
152837  -8.736  6.259  50.306 0.0000000000
152838  -8.731  6.216  49.688 0.0000000000
152839  -8.960  5.611  49.598 0.0000000000
152840  -9.169  4.984  49.515 0.0000000000
152841  -9.374  4.375  49.426 0.0000000000
152842  -9.364  3.829  50.347 0.0000000000
152843  -9.453  3.828  49.796 0.0000000000
152844  -9.549  3.777  49.323 0.0000000000
152845  -9.667  3.174  49.211 0.0000000000
152846  -9.740  2.544  49.169 0.0000000000
152847  -9.825  1.918  49.125 0.0000000000
152848  -8.301  -0.020  56.140 0.0000000000
152849  -8.477  0.072  55.567 0.0000000000
152850  -8.603  0.165  55.004 0.0000000000
152851  -7.864  -1.050  54.851 0.0000000000
152852  -8.268  -0.372  54.667 0.0000000000
152853  -8.651  0.351  54.468 0.0000000000
152854  -8.673  0.525  53.966 0.0000000000
152855  -8.685  0.679  53.488 0.0000000000
152856  -8.698  0.792  53.020 0.0000000000
152857  -6.876  -3.248  53.475 0.0000000000
152858  -7.221  -2.437  53.404 0.0000000000
152859  -7.516  -1.809  53.297 0.0000000000
152860  -7.531  -2.234  52.547 0.0000000000
152861  -7.680  -1.673  52.856 0.0000000000
152862  -7.877  -1.165  53.156 0.0000000000
152863  -8.238  -0.510  52.959 0.0000000000
152864  -8.566  0.170  52.699 0.0000000000
152865  -8.828  0.912  52.482 0.0000000000
152866  -9.015  0.993  51.967 0.0000000000
152867  -9.241  1.036  51.476 0.0000000000
152868  -9.429  1.058  51.005 0.0000000000
152869  -9.179  -0.248  51.187 0.0000000000
152870  -9.457  0.411  50.905 0.0000000000
152871  -9.576  1.141  50.504 0.0000000000
152872  -9.697  1.239  50.002 0.0000000000
152873  -9.823  1.250  49.547 0.0000000000
152874  -9.902  1.281  49.090 0.0000000000
152875  -9.926  0.641  49.016 0.0000000000
152876  -9.915  -0.005  48.911 0.0000000000
