#!ascii label  , from subject fsaverage vox2ras=TkReg
781
141  -10.683  -38.396  41.818 0.0000000000
308  -18.579  -34.486  40.154 0.0000000000
309  -15.419  -43.893  45.585 0.0000000000
1285  -15.712  -37.201  39.414 0.0000000000
1286  -15.735  -31.790  37.107 0.0000000000
1287  -12.018  -34.080  39.369 0.0000000000
1705  -14.961  -32.114  47.920 0.0000000000
1706  -17.381  -30.890  43.128 0.0000000000
1707  -18.184  -36.083  45.109 0.0000000000
1708  -18.118  -39.851  42.656 0.0000000000
1709  -13.594  -41.098  42.969 0.0000000000
2376  -17.687  -28.309  38.425 0.0000000000
3205  -13.358  -37.841  40.493 0.0000000000
3206  -13.897  -35.526  39.069 0.0000000000
3207  -11.662  -36.365  40.362 0.0000000000
3208  -9.913  -35.073  40.579 0.0000000000
3802  -15.505  -34.407  48.907 0.0000000000
3803  -16.888  -34.083  46.510 0.0000000000
3804  -17.218  -36.455  47.587 0.0000000000
3805  -17.597  -43.036  46.379 0.0000000000
3806  -18.460  -40.616  45.124 0.0000000000
3807  -17.039  -42.173  44.144 0.0000000000
3808  -16.184  -40.969  42.327 0.0000000000
3809  -14.678  -42.528  44.038 0.0000000000
5295  -18.377  -32.564  41.587 0.0000000000
5296  -17.875  -29.649  40.730 0.0000000000
5297  -18.221  -31.328  39.150 0.0000000000
5298  -13.678  -30.346  37.225 0.0000000000
6029  -16.061  -44.871  47.571 0.0000000000
6921  -17.597  -36.106  39.261 0.0000000000
6922  -17.554  -33.226  38.138 0.0000000000
6923  -15.915  -34.625  38.022 0.0000000000
6924  -13.994  -33.060  37.894 0.0000000000
6925  -12.070  -31.674  38.678 0.0000000000
7820  -15.732  -29.389  44.606 0.0000000000
7821  -16.378  -31.723  45.518 0.0000000000
7822  -17.831  -33.485  44.110 0.0000000000
7823  -18.732  -35.420  42.681 0.0000000000
7824  -18.399  -38.486  46.419 0.0000000000
7825  -18.809  -38.090  43.780 0.0000000000
7826  -18.577  -37.323  41.354 0.0000000000
7827  -17.175  -38.689  40.663 0.0000000000
7828  -14.910  -39.413  41.013 0.0000000000
7829  -12.254  -39.688  42.187 0.0000000000
9684  -16.778  -28.192  42.528 0.0000000000
9687  -17.142  -30.049  37.227 0.0000000000
9707  -12.288  -43.681  45.770 0.0000000000
9708  -11.292  -42.426  44.743 0.0000000000
10885  -12.111  -38.115  41.123 0.0000000000
10886  -12.593  -37.090  40.380 0.0000000000
10887  -11.254  -37.418  41.065 0.0000000000
10888  -10.445  -36.759  41.041 0.0000000000
11482  -15.760  -35.504  49.352 0.0000000000
11483  -16.429  -35.459  48.218 0.0000000000
11484  -16.687  -36.566  48.765 0.0000000000
11485  -16.665  -43.672  45.825 0.0000000000
11486  -17.373  -42.675  45.215 0.0000000000
11487  -16.300  -43.170  44.846 0.0000000000
11488  -15.903  -42.474  43.973 0.0000000000
11489  -15.082  -43.255  44.724 0.0000000000
12975  -18.623  -33.547  40.836 0.0000000000
12976  -18.408  -31.947  40.375 0.0000000000
12977  -18.434  -32.937  39.645 0.0000000000
15375  -16.714  -36.736  39.208 0.0000000000
15376  -16.858  -35.385  38.511 0.0000000000
15377  -15.883  -35.958  38.678 0.0000000000
15378  -12.973  -34.791  39.188 0.0000000000
15379  -13.992  -34.315  38.420 0.0000000000
15380  -13.059  -33.533  38.610 0.0000000000
15381  -13.004  -32.280  38.162 0.0000000000
15382  -12.094  -32.877  38.931 0.0000000000
15383  -11.189  -32.299  39.327 0.0000000000
15384  -11.147  -33.442  39.584 0.0000000000
17167  -14.589  -31.138  47.319 0.0000000000
17168  -15.386  -30.883  46.143 0.0000000000
17169  -15.769  -32.006  46.730 0.0000000000
17170  -17.553  -35.123  45.785 0.0000000000
17171  -17.377  -33.838  45.338 0.0000000000
17172  -18.020  -34.770  44.534 0.0000000000
17173  -18.377  -34.456  43.346 0.0000000000
17174  -18.540  -35.841  43.902 0.0000000000
17176  -18.066  -38.656  47.675 0.0000000000
17178  -18.369  -40.290  43.856 0.0000000000
17179  -18.711  -39.363  44.483 0.0000000000
17180  -18.694  -38.995  43.170 0.0000000000
17181  -18.779  -37.712  42.546 0.0000000000
17182  -18.416  -38.652  41.987 0.0000000000
17183  -18.046  -38.034  40.869 0.0000000000
17184  -17.721  -39.357  41.612 0.0000000000
17185  -14.950  -41.081  42.504 0.0000000000
17186  -15.596  -40.173  41.572 0.0000000000
17187  -14.296  -40.367  41.991 0.0000000000
17188  -13.632  -39.561  41.546 0.0000000000
17189  -12.976  -40.375  42.516 0.0000000000
19662  -14.648  -39.076  55.365 0.0000000000
19663  -15.408  -39.200  54.543 0.0000000000
21645  -16.649  -30.206  43.882 0.0000000000
21646  -16.324  -28.841  43.574 0.0000000000
21647  -17.052  -29.551  42.761 0.0000000000
21648  -17.906  -28.991  39.542 0.0000000000
21649  -17.599  -28.179  40.454 0.0000000000
21650  -17.607  -27.496  39.398 0.0000000000
21653  -16.724  -32.499  37.477 0.0000000000
21654  -17.359  -31.681  37.650 0.0000000000
21655  -16.524  -30.918  37.025 0.0000000000
21704  -10.954  -44.106  46.494 0.0000000000
21705  -10.461  -43.517  45.892 0.0000000000
21706  -11.840  -43.076  45.169 0.0000000000
24201  -14.508  -37.571  39.921 0.0000000000
24202  -14.818  -36.358  39.132 0.0000000000
24203  -13.704  -36.772  39.757 0.0000000000
24204  -12.820  -36.034  39.771 0.0000000000
24205  -11.892  -35.237  39.807 0.0000000000
24206  -11.020  -34.553  39.927 0.0000000000
24207  -10.773  -35.687  40.428 0.0000000000
25276  -15.282  -33.260  48.404 0.0000000000
25277  -16.037  -33.128  47.242 0.0000000000
25278  -16.231  -34.269  47.759 0.0000000000
25279  -17.020  -35.282  47.035 0.0000000000
25280  -17.730  -36.323  46.374 0.0000000000
25283  -18.095  -41.858  45.734 0.0000000000
25284  -17.930  -41.511  44.549 0.0000000000
25285  -17.655  -41.039  43.403 0.0000000000
25286  -17.254  -40.523  42.373 0.0000000000
25287  -16.635  -41.553  43.168 0.0000000000
25288  -15.464  -41.794  43.181 0.0000000000
25289  -14.242  -41.808  43.392 0.0000000000
27963  -17.966  -31.693  42.397 0.0000000000
27964  -17.680  -30.318  41.943 0.0000000000
27965  -18.148  -31.089  41.127 0.0000000000
27966  -18.176  -30.478  39.898 0.0000000000
27967  -17.983  -29.802  38.775 0.0000000000
27968  -14.715  -31.049  37.034 0.0000000000
27969  -15.534  -30.222  36.671 0.0000000000
27970  -14.435  -29.516  36.624 0.0000000000
29420  -16.967  -37.685  49.390 0.0000000000
29421  -17.230  -38.801  50.057 0.0000000000
29428  -16.950  -44.080  46.964 0.0000000000
29429  -15.778  -44.415  46.534 0.0000000000
31509  -18.228  -35.348  39.593 0.0000000000
31510  -18.151  -33.856  39.046 0.0000000000
31511  -17.621  -34.667  38.648 0.0000000000
31512  -16.819  -33.972  37.937 0.0000000000
31513  -15.874  -33.235  37.520 0.0000000000
31514  -14.930  -35.101  38.409 0.0000000000
31515  -14.962  -33.815  37.813 0.0000000000
31516  -14.843  -32.445  37.408 0.0000000000
31517  -13.870  -31.704  37.553 0.0000000000
31518  -12.920  -31.019  37.918 0.0000000000
31524  -10.123  -33.954  40.157 0.0000000000
33843  -15.017  -29.806  45.702 0.0000000000
33844  -16.062  -30.593  45.022 0.0000000000
33845  -16.926  -31.362  44.294 0.0000000000
33846  -16.693  -32.917  46.036 0.0000000000
33847  -17.183  -32.615  44.873 0.0000000000
33848  -17.622  -32.139  43.611 0.0000000000
33849  -18.197  -33.076  42.830 0.0000000000
33850  -18.578  -34.020  42.063 0.0000000000
33851  -18.760  -34.986  41.366 0.0000000000
33852  -17.475  -37.605  48.230 0.0000000000
33853  -17.911  -37.445  47.011 0.0000000000
33854  -18.334  -37.372  45.775 0.0000000000
33855  -18.619  -39.602  45.764 0.0000000000
33856  -18.678  -38.344  45.092 0.0000000000
33857  -18.617  -37.109  44.488 0.0000000000
33858  -18.809  -36.769  43.210 0.0000000000
33859  -18.802  -36.360  41.944 0.0000000000
33860  -18.649  -35.885  40.715 0.0000000000
33861  -18.225  -36.730  40.223 0.0000000000
33862  -17.442  -37.444  39.921 0.0000000000
33863  -16.469  -37.973  39.938 0.0000000000
33864  -16.743  -39.871  41.443 0.0000000000
33865  -16.059  -39.138  40.710 0.0000000000
33866  -15.319  -38.351  40.187 0.0000000000
33867  -14.158  -38.598  40.658 0.0000000000
33868  -12.862  -38.797  41.297 0.0000000000
33869  -11.528  -39.017  41.957 0.0000000000
39291  -17.389  -28.934  41.623 0.0000000000
39292  -17.143  -27.462  41.458 0.0000000000
39297  -18.022  -32.274  38.553 0.0000000000
39298  -17.809  -30.660  38.082 0.0000000000
39299  -17.543  -29.206  37.734 0.0000000000
39300  -16.222  -29.326  36.640 0.0000000000
39301  -16.808  -28.497  36.912 0.0000000000
39302  -17.172  -27.599  37.463 0.0000000000
39349  -14.565  -45.013  47.324 0.0000000000
39350  -14.294  -44.479  46.435 0.0000000000
39359  -13.935  -43.846  45.655 0.0000000000
39360  -13.554  -43.241  44.980 0.0000000000
39361  -13.028  -42.557  44.380 0.0000000000
39362  -12.582  -41.815  43.937 0.0000000000
39364  -10.747  -41.808  44.304 0.0000000000
39365  -11.945  -41.143  43.543 0.0000000000
39367  -10.575  -39.953  42.919 0.0000000000
41605  -11.433  -38.267  41.485 0.0000000000
41606  -11.692  -37.763  41.075 0.0000000000
41607  -10.988  -37.920  41.441 0.0000000000
41608  -10.556  -37.595  41.433 0.0000000000
41609  -10.278  -38.107  41.773 0.0000000000
42202  -15.918  -36.069  49.610 0.0000000000
42203  -16.229  -36.020  49.035 0.0000000000
42204  -16.381  -36.575  49.312 0.0000000000
42205  -16.065  -43.829  45.662 0.0000000000
42206  -16.485  -43.428  45.315 0.0000000000
42207  -15.873  -43.561  45.210 0.0000000000
42208  -15.697  -43.227  44.766 0.0000000000
42209  -15.260  -43.565  45.144 0.0000000000
43695  -18.646  -34.033  40.501 0.0000000000
43696  -18.551  -33.243  40.229 0.0000000000
43697  -18.525  -33.717  39.913 0.0000000000
46095  -16.243  -37.008  39.305 0.0000000000
46096  -16.318  -36.341  38.917 0.0000000000
46097  -15.846  -36.609  39.069 0.0000000000
46098  -12.501  -34.439  39.282 0.0000000000
46099  -13.028  -34.161  38.888 0.0000000000
46100  -12.560  -33.808  39.005 0.0000000000
46101  -12.572  -33.183  38.749 0.0000000000
46102  -12.058  -33.483  39.142 0.0000000000
46103  -11.635  -33.173  39.287 0.0000000000
46104  -11.577  -33.739  39.465 0.0000000000
47887  -14.780  -31.603  47.627 0.0000000000
47888  -15.207  -31.557  47.048 0.0000000000
47889  -15.387  -32.060  47.325 0.0000000000
47890  -17.863  -35.597  45.454 0.0000000000
47891  -17.794  -34.953  45.169 0.0000000000
47892  -18.088  -35.426  44.836 0.0000000000
47893  -18.303  -35.288  44.233 0.0000000000
47894  -18.375  -35.964  44.528 0.0000000000
47898  -18.272  -40.077  43.235 0.0000000000
47899  -18.563  -39.648  43.506 0.0000000000
47900  -18.440  -39.441  42.882 0.0000000000
47901  -18.555  -38.830  42.552 0.0000000000
47902  -18.292  -39.252  42.301 0.0000000000
47903  -18.112  -39.042  41.772 0.0000000000
47904  -17.948  -39.642  42.110 0.0000000000
47905  -14.282  -41.128  42.734 0.0000000000
47906  -14.599  -40.732  42.249 0.0000000000
47907  -13.958  -40.759  42.498 0.0000000000
47908  -13.641  -40.375  42.251 0.0000000000
47909  -13.293  -40.747  42.745 0.0000000000
52365  -17.054  -30.575  43.507 0.0000000000
52366  -16.866  -29.921  43.334 0.0000000000
52367  -17.211  -30.224  42.947 0.0000000000
52368  -17.831  -28.620  39.001 0.0000000000
52369  -17.742  -28.233  39.467 0.0000000000
52370  -17.679  -27.905  38.892 0.0000000000
52372  -17.534  -27.534  38.380 0.0000000000
52373  -16.270  -32.130  37.238 0.0000000000
52374  -16.650  -31.711  37.250 0.0000000000
52375  -16.161  -31.326  37.023 0.0000000000
52424  -9.695  -43.756  46.146 0.0000000000
52426  -10.159  -43.186  45.631 0.0000000000
55695  -13.941  -37.716  40.199 0.0000000000
55696  -14.076  -37.159  39.831 0.0000000000
55697  -13.534  -37.340  40.146 0.0000000000
55698  -12.116  -36.740  40.382 0.0000000000
55699  -12.715  -36.596  40.070 0.0000000000
55700  -12.315  -36.190  40.061 0.0000000000
55701  -12.383  -35.619  39.824 0.0000000000
55702  -11.784  -35.805  40.074 0.0000000000
55703  -11.340  -35.455  40.092 0.0000000000
55704  -11.192  -36.025  40.373 0.0000000000
55706  -9.954  -36.472  41.147 0.0000000000
57487  -15.377  -33.811  48.693 0.0000000000
57488  -15.769  -33.759  48.080 0.0000000000
57489  -15.861  -34.323  48.346 0.0000000000
57490  -16.820  -35.950  47.897 0.0000000000
57491  -16.719  -35.366  47.621 0.0000000000
57492  -17.102  -35.866  47.305 0.0000000000
57493  -17.389  -35.798  46.711 0.0000000000
57494  -17.487  -36.406  46.995 0.0000000000
57498  -17.216  -42.447  44.674 0.0000000000
57499  -17.669  -42.123  44.889 0.0000000000
57500  -17.509  -41.889  44.331 0.0000000000
57501  -17.783  -41.303  43.981 0.0000000000
57502  -17.338  -41.668  43.804 0.0000000000
57503  -17.171  -41.332  43.249 0.0000000000
57504  -16.834  -41.857  43.631 0.0000000000
57505  -15.310  -42.556  43.990 0.0000000000
57506  -15.702  -42.139  43.555 0.0000000000
57507  -15.084  -42.174  43.618 0.0000000000
57508  -14.878  -41.821  43.267 0.0000000000
57509  -14.465  -42.170  43.708 0.0000000000
61965  -18.191  -32.115  42.001 0.0000000000
61966  -18.082  -31.409  41.762 0.0000000000
61967  -18.264  -31.822  41.365 0.0000000000
61968  -18.336  -31.643  39.726 0.0000000000
61969  -18.298  -31.211  40.087 0.0000000000
61970  -18.234  -30.895  39.500 0.0000000000
61971  -18.114  -30.112  39.337 0.0000000000
61972  -18.110  -30.560  38.964 0.0000000000
61973  -14.216  -30.691  37.091 0.0000000000
61974  -14.595  -30.285  36.835 0.0000000000
61975  -14.063  -29.967  36.904 0.0000000000
64706  -17.015  -44.240  47.561 0.0000000000
64708  -16.379  -44.289  46.689 0.0000000000
64709  -15.935  -44.641  47.041 0.0000000000
69165  -17.950  -35.730  39.383 0.0000000000
69166  -17.954  -35.022  39.080 0.0000000000
69167  -17.625  -35.408  38.941 0.0000000000
69168  -16.393  -35.020  38.223 0.0000000000
69169  -16.847  -34.692  38.206 0.0000000000
69170  -16.382  -34.335  37.923 0.0000000000
69171  -16.366  -33.615  37.684 0.0000000000
69172  -15.908  -33.936  37.758 0.0000000000
69173  -14.354  -35.948  39.059 0.0000000000
69174  -14.901  -35.754  38.759 0.0000000000
69175  -14.430  -35.326  38.708 0.0000000000
69176  -13.989  -33.694  38.152 0.0000000000
69177  -14.466  -34.089  38.098 0.0000000000
69178  -14.472  -33.449  37.841 0.0000000000
69179  -14.931  -33.154  37.587 0.0000000000
69180  -14.426  -32.776  37.620 0.0000000000
69181  -14.367  -32.090  37.434 0.0000000000
69182  -13.937  -32.399  37.694 0.0000000000
69183  -12.537  -31.976  38.425 0.0000000000
69184  -12.988  -31.659  38.049 0.0000000000
69185  -12.516  -31.361  38.302 0.0000000000
69186  -12.450  -30.717  38.164 0.0000000000
69187  -12.031  -31.050  38.563 0.0000000000
69189  -11.629  -31.370  38.936 0.0000000000
69190  -10.750  -32.567  39.594 0.0000000000
69191  -10.755  -31.996  39.563 0.0000000000
69193  -9.847  -31.932  39.988 0.0000000000
69194  -9.815  -32.493  40.021 0.0000000000
69195  -10.485  -34.809  40.226 0.0000000000
69196  -10.572  -34.253  40.024 0.0000000000
69197  -10.015  -34.501  40.346 0.0000000000
74544  -14.632  -29.985  46.234 0.0000000000
74545  -15.915  -31.303  45.835 0.0000000000
74546  -15.732  -30.741  45.580 0.0000000000
74547  -16.249  -31.188  45.259 0.0000000000
74548  -16.524  -30.983  44.650 0.0000000000
74549  -16.655  -31.574  44.924 0.0000000000
74550  -16.498  -33.581  46.884 0.0000000000
74551  -16.386  -32.988  46.662 0.0000000000
74552  -16.797  -33.500  46.285 0.0000000000
74553  -17.610  -33.671  44.732 0.0000000000
74554  -17.291  -33.226  45.116 0.0000000000
74555  -17.522  -33.023  44.478 0.0000000000
74556  -17.402  -32.359  44.246 0.0000000000
74557  -17.735  -32.813  43.874 0.0000000000
74558  -17.928  -32.602  43.240 0.0000000000
74559  -18.037  -33.289  43.518 0.0000000000
74560  -18.573  -34.939  43.005 0.0000000000
74561  -18.499  -34.251  42.693 0.0000000000
74562  -18.660  -34.735  42.330 0.0000000000
74563  -18.718  -34.529  41.700 0.0000000000
74564  -18.762  -35.201  41.986 0.0000000000
74565  -17.343  -38.216  49.150 0.0000000000
74566  -17.224  -37.648  48.819 0.0000000000
74567  -17.582  -38.191  48.564 0.0000000000
74568  -18.250  -38.567  47.037 0.0000000000
74569  -18.000  -38.053  47.364 0.0000000000
74570  -18.191  -37.966  46.718 0.0000000000
74571  -18.122  -37.405  46.392 0.0000000000
74572  -18.366  -37.933  46.103 0.0000000000
74573  -18.463  -40.752  45.792 0.0000000000
74575  -18.597  -40.099  45.428 0.0000000000
74576  -18.778  -38.730  44.144 0.0000000000
74577  -18.749  -38.876  44.784 0.0000000000
74578  -18.783  -38.233  44.439 0.0000000000
74579  -18.653  -37.746  44.805 0.0000000000
74580  -18.775  -37.566  44.116 0.0000000000
74581  -18.731  -36.931  43.842 0.0000000000
74582  -18.816  -37.430  43.516 0.0000000000
74583  -18.714  -37.586  41.944 0.0000000000
74584  -18.802  -37.040  42.244 0.0000000000
74585  -18.742  -36.862  41.651 0.0000000000
74586  -18.758  -36.166  41.342 0.0000000000
74587  -18.617  -36.609  41.034 0.0000000000
74588  -18.453  -36.313  40.438 0.0000000000
74589  -18.420  -37.031  40.771 0.0000000000
74590  -17.633  -38.383  40.741 0.0000000000
74591  -17.774  -37.728  40.372 0.0000000000
74592  -17.331  -38.062  40.287 0.0000000000
74593  -16.992  -37.725  39.877 0.0000000000
74594  -16.825  -38.347  40.253 0.0000000000
74595  -16.734  -40.775  42.311 0.0000000000
74596  -17.023  -40.247  41.905 0.0000000000
74597  -16.482  -40.445  41.886 0.0000000000
74598  -15.254  -39.798  41.241 0.0000000000
74599  -15.837  -39.677  41.137 0.0000000000
74600  -15.496  -39.276  40.817 0.0000000000
74601  -15.720  -38.725  40.409 0.0000000000
74602  -15.139  -38.888  40.573 0.0000000000
74603  -14.750  -38.487  40.406 0.0000000000
74604  -14.552  -39.007  40.800 0.0000000000
74605  -12.930  -39.618  41.876 0.0000000000
74606  -13.244  -39.179  41.404 0.0000000000
74607  -12.560  -39.267  41.745 0.0000000000
74608  -12.178  -38.916  41.653 0.0000000000
74609  -11.881  -39.333  42.054 0.0000000000
87975  -15.277  -29.035  45.000 0.0000000000
87977  -15.625  -28.783  44.485 0.0000000000
87978  -16.574  -28.521  43.055 0.0000000000
87983  -17.812  -30.003  41.323 0.0000000000
87984  -17.526  -29.622  41.776 0.0000000000
87985  -17.659  -29.310  41.181 0.0000000000
87986  -17.464  -27.473  40.423 0.0000000000
87987  -17.375  -27.839  40.973 0.0000000000
87998  -17.887  -33.558  38.575 0.0000000000
87999  -18.103  -33.080  38.793 0.0000000000
88000  -17.821  -32.767  38.336 0.0000000000
88001  -17.269  -30.868  37.429 0.0000000000
88002  -17.614  -31.163  37.834 0.0000000000
88003  -17.514  -30.362  37.620 0.0000000000
88004  -17.689  -29.902  37.881 0.0000000000
88005  -17.367  -29.597  37.445 0.0000000000
88006  -15.367  -29.434  36.473 0.0000000000
88007  -15.888  -29.776  36.628 0.0000000000
88008  -15.708  -28.999  36.465 0.0000000000
88010  -16.357  -28.146  36.624 0.0000000000
88011  -16.623  -27.704  36.811 0.0000000000
88012  -17.027  -28.058  37.131 0.0000000000
88130  -13.749  -44.977  47.287 0.0000000000
88131  -14.430  -44.741  46.858 0.0000000000
88132  -13.638  -44.686  46.886 0.0000000000
88151  -11.648  -43.907  46.161 0.0000000000
88153  -12.487  -44.006  46.117 0.0000000000
88154  -13.304  -44.085  46.093 0.0000000000
88155  -13.104  -43.776  45.731 0.0000000000
88156  -13.772  -43.532  45.283 0.0000000000
88157  -12.918  -43.447  45.385 0.0000000000
88158  -11.567  -42.726  44.945 0.0000000000
88159  -12.443  -42.820  44.797 0.0000000000
88160  -12.176  -42.457  44.591 0.0000000000
88169  -11.387  -41.485  43.934 0.0000000000
88170  -11.021  -41.212  43.762 0.0000000000
88171  -11.615  -40.833  43.371 0.0000000000
93321  -12.738  -37.951  40.793 0.0000000000
93322  -12.959  -37.464  40.431 0.0000000000
93323  -12.347  -37.600  40.705 0.0000000000
93324  -11.921  -37.253  40.712 0.0000000000
93325  -11.482  -36.909  40.687 0.0000000000
93326  -11.063  -36.554  40.663 0.0000000000
93327  -10.833  -37.081  41.039 0.0000000000
93328  -10.129  -37.280  41.465 0.0000000000
94396  -15.630  -34.963  49.115 0.0000000000
94397  -15.989  -34.934  48.540 0.0000000000
94398  -16.093  -35.474  48.781 0.0000000000
94399  -16.535  -36.015  48.500 0.0000000000
94400  -16.958  -36.522  48.192 0.0000000000
94401  -17.198  -43.414  46.087 0.0000000000
94402  -17.541  -42.872  45.794 0.0000000000
94403  -17.040  -43.192  45.524 0.0000000000
94404  -16.876  -42.972  45.001 0.0000000000
94405  -16.693  -42.689  44.489 0.0000000000
94406  -16.486  -42.353  44.011 0.0000000000
94407  -16.107  -42.826  44.408 0.0000000000
94408  -15.505  -42.891  44.373 0.0000000000
94409  -14.885  -42.904  44.369 0.0000000000
97083  -18.549  -33.082  41.181 0.0000000000
97084  -18.425  -32.297  40.942 0.0000000000
97085  -18.523  -32.769  40.560 0.0000000000
97086  -18.444  -32.433  39.981 0.0000000000
97087  -18.326  -32.116  39.351 0.0000000000
101403  -17.174  -36.447  39.196 0.0000000000
101404  -17.231  -35.758  38.858 0.0000000000
101405  -16.791  -36.047  38.823 0.0000000000
101406  -16.365  -35.682  38.556 0.0000000000
101407  -15.904  -35.290  38.321 0.0000000000
101408  -13.446  -35.154  39.101 0.0000000000
101409  -14.005  -34.918  38.691 0.0000000000
101410  -13.503  -34.525  38.783 0.0000000000
101411  -13.529  -33.907  38.480 0.0000000000
101412  -13.535  -33.289  38.222 0.0000000000
101413  -13.501  -32.664  38.007 0.0000000000
101414  -13.054  -32.912  38.363 0.0000000000
101415  -12.560  -32.579  38.561 0.0000000000
101416  -12.086  -32.287  38.805 0.0000000000
101417  -11.630  -31.981  39.025 0.0000000000
101418  -11.637  -32.589  39.149 0.0000000000
101419  -11.198  -32.870  39.428 0.0000000000
101420  -10.719  -33.135  39.692 0.0000000000
104629  -14.422  -30.646  47.004 0.0000000000
104630  -14.830  -30.512  46.472 0.0000000000
104631  -15.023  -31.033  46.752 0.0000000000
104632  -15.585  -31.443  46.444 0.0000000000
104633  -16.102  -31.879  46.120 0.0000000000
104634  -17.241  -34.596  46.141 0.0000000000
104635  -17.155  -33.988  45.909 0.0000000000
104636  -17.497  -34.486  45.535 0.0000000000
104637  -17.714  -34.311  44.927 0.0000000000
104638  -17.921  -34.141  44.336 0.0000000000
104639  -18.116  -33.963  43.720 0.0000000000
104640  -18.210  -34.613  43.963 0.0000000000
104641  -18.452  -35.113  43.621 0.0000000000
104642  -18.647  -35.639  43.283 0.0000000000
104643  -17.967  -39.342  48.572 0.0000000000
104644  -17.875  -38.738  48.294 0.0000000000
104645  -18.131  -39.291  47.965 0.0000000000
104646  -18.296  -39.165  47.333 0.0000000000
104647  -18.426  -39.100  46.721 0.0000000000
104648  -18.429  -40.507  44.487 0.0000000000
104649  -18.601  -39.993  44.802 0.0000000000
104650  -18.604  -39.843  44.167 0.0000000000
104651  -18.707  -39.195  43.834 0.0000000000
104652  -18.770  -38.560  43.488 0.0000000000
104653  -18.806  -37.919  43.168 0.0000000000
104654  -18.731  -38.386  42.855 0.0000000000
104655  -18.640  -38.223  42.239 0.0000000000
104656  -18.513  -38.019  41.678 0.0000000000
104657  -18.358  -37.726  41.101 0.0000000000
104658  -18.251  -38.401  41.444 0.0000000000
104659  -17.902  -38.720  41.230 0.0000000000
104660  -17.461  -39.020  41.119 0.0000000000
104661  -15.578  -41.021  42.367 0.0000000000
104662  -15.915  -40.563  41.923 0.0000000000
104663  -15.287  -40.655  42.026 0.0000000000
104664  -14.918  -40.287  41.748 0.0000000000
104665  -14.635  -39.901  41.481 0.0000000000
104666  -14.295  -39.506  41.260 0.0000000000
104667  -13.977  -39.960  41.751 0.0000000000
104668  -13.266  -39.968  42.041 0.0000000000
104669  -12.608  -40.023  42.331 0.0000000000
109119  -14.678  -38.734  54.606 0.0000000000
109120  -15.006  -39.120  54.950 0.0000000000
112689  -16.185  -29.788  44.246 0.0000000000
112691  -16.474  -29.547  43.712 0.0000000000
112692  -16.706  -29.219  43.162 0.0000000000
112693  -16.925  -28.894  42.590 0.0000000000
112694  -17.908  -29.335  40.137 0.0000000000
112695  -17.726  -28.952  40.582 0.0000000000
112696  -17.766  -28.589  40.011 0.0000000000
112697  -17.625  -27.835  39.949 0.0000000000
112703  -17.143  -32.858  37.777 0.0000000000
112704  -17.440  -32.455  37.887 0.0000000000
112705  -17.063  -32.098  37.539 0.0000000000
112706  -16.999  -31.309  37.307 0.0000000000
112707  -16.831  -30.505  37.075 0.0000000000
112795  -9.977  -44.031  46.446 0.0000000000
112796  -10.732  -43.835  46.196 0.0000000000
112797  -11.428  -43.584  45.840 0.0000000000
112798  -12.078  -43.359  45.457 0.0000000000
112799  -11.193  -43.246  45.566 0.0000000000
112800  -10.907  -42.957  45.294 0.0000000000
112801  -10.629  -42.652  45.085 0.0000000000
117909  -15.096  -37.393  39.648 0.0000000000
117910  -15.285  -36.786  39.271 0.0000000000
117911  -14.674  -36.968  39.528 0.0000000000
117912  -14.259  -36.552  39.414 0.0000000000
117913  -13.822  -36.169  39.397 0.0000000000
117914  -13.156  -36.961  40.088 0.0000000000
117915  -13.276  -36.429  39.739 0.0000000000
117916  -13.357  -35.786  39.429 0.0000000000
117917  -12.913  -35.402  39.478 0.0000000000
117918  -12.443  -35.040  39.556 0.0000000000
117919  -11.977  -34.660  39.583 0.0000000000
117920  -11.525  -34.317  39.655 0.0000000000
117921  -11.452  -34.883  39.859 0.0000000000
117922  -10.935  -35.117  40.150 0.0000000000
117923  -10.360  -35.378  40.483 0.0000000000
117924  -10.612  -36.241  40.726 0.0000000000
117925  -10.172  -35.943  40.801 0.0000000000
117926  -9.730  -35.634  40.892 0.0000000000
120418  -15.109  -32.682  48.193 0.0000000000
120419  -15.523  -32.638  47.604 0.0000000000
120420  -15.667  -33.206  47.814 0.0000000000
120421  -16.167  -33.705  47.439 0.0000000000
120422  -16.584  -34.187  47.125 0.0000000000
120423  -16.331  -34.870  47.974 0.0000000000
120424  -16.640  -34.775  47.392 0.0000000000
120425  -16.960  -34.700  46.766 0.0000000000
120426  -17.326  -35.215  46.401 0.0000000000
120427  -17.641  -35.725  46.079 0.0000000000
120428  -17.973  -36.226  45.737 0.0000000000
120433  -18.292  -41.242  45.479 0.0000000000
120434  -17.786  -42.328  45.461 0.0000000000
120435  -18.028  -41.716  45.147 0.0000000000
120436  -18.250  -41.094  44.822 0.0000000000
120437  -18.147  -40.914  44.204 0.0000000000
120438  -18.042  -40.685  43.602 0.0000000000
120439  -17.905  -40.446  43.020 0.0000000000
120440  -17.746  -40.190  42.484 0.0000000000
120441  -17.481  -40.783  42.868 0.0000000000
120442  -16.965  -41.057  42.766 0.0000000000
120443  -16.407  -41.255  42.720 0.0000000000
120444  -16.280  -42.022  43.564 0.0000000000
120445  -16.060  -41.708  43.139 0.0000000000
120446  -15.815  -41.379  42.729 0.0000000000
120447  -15.217  -41.431  42.814 0.0000000000
120448  -14.618  -41.451  42.949 0.0000000000
120449  -13.955  -41.450  43.193 0.0000000000
126687  -17.690  -31.274  42.745 0.0000000000
126688  -17.539  -30.614  42.535 0.0000000000
126689  -17.831  -31.008  42.140 0.0000000000
126690  -17.964  -30.716  41.507 0.0000000000
126691  -18.018  -30.363  40.914 0.0000000000
126692  -18.296  -31.503  40.737 0.0000000000
126693  -18.179  -30.762  40.500 0.0000000000
126694  -18.047  -30.037  40.323 0.0000000000
126695  -18.046  -29.741  39.749 0.0000000000
126696  -17.975  -29.346  39.154 0.0000000000
126697  -17.831  -29.056  38.601 0.0000000000
126698  -15.227  -31.453  37.049 0.0000000000
126699  -15.630  -31.020  36.900 0.0000000000
126700  -15.116  -30.641  36.832 0.0000000000
126701  -14.971  -29.835  36.603 0.0000000000
126702  -14.795  -29.060  36.423 0.0000000000
126703  -13.854  -29.232  36.733 0.0000000000
130325  -17.450  -38.767  49.494 0.0000000000
130327  -17.585  -39.378  49.770 0.0000000000
130328  -17.768  -39.336  49.186 0.0000000000
130345  -17.361  -43.753  47.257 0.0000000000
130346  -17.291  -43.592  46.656 0.0000000000
130347  -16.803  -43.887  46.374 0.0000000000
130348  -16.231  -44.088  46.161 0.0000000000
130349  -15.613  -44.181  46.040 0.0000000000
135993  -18.431  -34.926  39.846 0.0000000000
135994  -18.393  -34.185  39.592 0.0000000000
135995  -18.198  -34.608  39.315 0.0000000000
135996  -17.912  -34.271  38.802 0.0000000000
135997  -17.601  -33.935  38.384 0.0000000000
135998  -17.267  -35.057  38.547 0.0000000000
135999  -17.250  -34.312  38.259 0.0000000000
136000  -17.216  -33.596  38.018 0.0000000000
136001  -16.792  -33.238  37.707 0.0000000000
136002  -16.330  -32.884  37.454 0.0000000000
136003  -15.849  -32.547  37.294 0.0000000000
136004  -15.375  -36.169  38.876 0.0000000000
136005  -15.409  -35.523  38.505 0.0000000000
136006  -15.424  -34.862  38.175 0.0000000000
136007  -14.480  -34.702  38.373 0.0000000000
136008  -14.959  -34.467  38.092 0.0000000000
136009  -15.455  -34.215  37.886 0.0000000000
136010  -15.418  -33.538  37.641 0.0000000000
136011  -15.375  -32.853  37.423 0.0000000000
136012  -15.310  -32.158  37.232 0.0000000000
136013  -14.799  -31.779  37.221 0.0000000000
136014  -14.293  -31.363  37.281 0.0000000000
136015  -13.791  -31.025  37.401 0.0000000000
136016  -13.445  -32.013  37.839 0.0000000000
136017  -13.395  -31.351  37.727 0.0000000000
136018  -13.298  -30.686  37.564 0.0000000000
136019  -12.789  -30.359  37.764 0.0000000000
136026  -11.180  -31.696  39.298 0.0000000000
136027  -10.738  -31.390  39.582 0.0000000000
136032  -11.088  -33.996  39.748 0.0000000000
136033  -10.656  -33.733  39.861 0.0000000000
136034  -10.213  -33.388  39.984 0.0000000000
136037  -9.752  -33.061  40.113 0.0000000000
142630  -14.896  -29.261  45.517 0.0000000000
142631  -15.376  -29.600  45.122 0.0000000000
142632  -15.189  -30.339  45.911 0.0000000000
142633  -15.546  -30.176  45.358 0.0000000000
142634  -15.884  -29.983  44.783 0.0000000000
142635  -16.377  -30.402  44.433 0.0000000000
142636  -16.804  -30.788  44.071 0.0000000000
142637  -17.183  -31.149  43.707 0.0000000000
142638  -15.912  -32.557  47.001 0.0000000000
142639  -16.284  -32.488  46.410 0.0000000000
142640  -16.551  -32.315  45.772 0.0000000000
142641  -17.061  -33.390  45.691 0.0000000000
142642  -16.962  -32.776  45.443 0.0000000000
142643  -16.793  -32.167  45.201 0.0000000000
142644  -17.037  -31.976  44.610 0.0000000000
142645  -17.294  -31.740  43.975 0.0000000000
142646  -17.518  -31.510  43.326 0.0000000000
142647  -17.816  -31.925  42.972 0.0000000000
142648  -18.107  -32.406  42.579 0.0000000000
142649  -18.299  -32.814  42.212 0.0000000000
142650  -18.292  -33.765  43.081 0.0000000000
142651  -18.403  -33.531  42.444 0.0000000000
142652  -18.482  -33.286  41.829 0.0000000000
142653  -18.635  -33.782  41.466 0.0000000000
142654  -18.700  -34.273  41.102 0.0000000000
142655  -18.701  -34.741  40.761 0.0000000000
142656  -16.829  -37.117  49.067 0.0000000000
142657  -17.102  -37.092  48.495 0.0000000000
142658  -17.353  -37.034  47.901 0.0000000000
142659  -17.795  -38.138  47.990 0.0000000000
142660  -17.697  -37.540  47.643 0.0000000000
142661  -17.588  -36.963  47.298 0.0000000000
142662  -17.822  -36.918  46.678 0.0000000000
142663  -18.053  -36.857  46.051 0.0000000000
142664  -18.274  -36.744  45.423 0.0000000000
142667  -18.541  -39.035  46.104 0.0000000000
142668  -18.687  -39.484  45.132 0.0000000000
142669  -18.653  -38.961  45.461 0.0000000000
142670  -18.540  -38.431  45.766 0.0000000000
142671  -18.522  -37.857  45.445 0.0000000000
142672  -18.481  -37.273  45.146 0.0000000000
142673  -18.433  -36.624  44.806 0.0000000000
142674  -18.581  -36.475  44.185 0.0000000000
142675  -18.714  -36.343  43.548 0.0000000000
142676  -18.782  -36.110  42.884 0.0000000000
142677  -18.834  -37.221  42.894 0.0000000000
142678  -18.822  -36.566  42.556 0.0000000000
142679  -18.796  -35.876  42.274 0.0000000000
142680  -18.793  -35.668  41.641 0.0000000000
142681  -18.745  -35.456  41.046 0.0000000000
142682  -18.614  -35.192  40.399 0.0000000000
142683  -18.451  -35.618  40.120 0.0000000000
142684  -18.219  -36.036  39.844 0.0000000000
142685  -17.915  -36.428  39.692 0.0000000000
142686  -18.160  -37.373  40.544 0.0000000000
142687  -17.858  -37.125  40.031 0.0000000000
142688  -17.523  -36.804  39.578 0.0000000000
142689  -17.080  -37.106  39.530 0.0000000000
142690  -16.599  -37.376  39.578 0.0000000000
142691  -16.081  -37.604  39.662 0.0000000000
142692  -17.507  -39.957  41.987 0.0000000000
142693  -17.257  -39.638  41.507 0.0000000000
142694  -16.970  -39.285  41.030 0.0000000000
142695  -16.192  -40.053  41.489 0.0000000000
142696  -16.393  -39.531  41.059 0.0000000000
142697  -16.620  -38.951  40.647 0.0000000000
142698  -16.290  -38.554  40.297 0.0000000000
142699  -15.909  -38.165  40.024 0.0000000000
142700  -15.506  -37.762  39.767 0.0000000000
142701  -14.931  -37.950  40.023 0.0000000000
142702  -14.375  -38.100  40.274 0.0000000000
142703  -13.767  -38.224  40.569 0.0000000000
142704  -13.918  -39.094  41.083 0.0000000000
142705  -13.528  -38.700  40.967 0.0000000000
142706  -13.139  -38.311  40.868 0.0000000000
142707  -12.498  -38.422  41.181 0.0000000000
142708  -11.834  -38.579  41.540 0.0000000000
142709  -11.105  -38.699  41.868 0.0000000000
151613  -13.889  -30.661  47.476 0.0000000000
151614  -14.057  -31.109  47.795 0.0000000000
151615  -14.240  -31.567  48.102 0.0000000000
151624  -14.403  -32.060  48.423 0.0000000000
151625  -14.608  -32.589  48.699 0.0000000000
151626  -14.830  -33.168  48.945 0.0000000000
151627  -14.979  -33.775  49.205 0.0000000000
151629  -14.482  -33.654  49.674 0.0000000000
151630  -15.091  -34.328  49.431 0.0000000000
151631  -15.232  -34.867  49.633 0.0000000000
158823  -15.942  -28.503  43.972 0.0000000000
158829  -17.365  -29.923  42.378 0.0000000000
158830  -17.231  -29.250  42.191 0.0000000000
158831  -17.109  -28.541  42.074 0.0000000000
158832  -17.509  -28.586  41.063 0.0000000000
158833  -17.253  -28.208  41.538 0.0000000000
158834  -17.000  -27.817  41.989 0.0000000000
158847  -18.329  -33.380  39.311 0.0000000000
158848  -18.248  -32.580  39.043 0.0000000000
158849  -18.153  -31.793  38.809 0.0000000000
158850  -17.718  -31.957  38.083 0.0000000000
158851  -17.916  -31.459  38.312 0.0000000000
158852  -18.042  -31.002  38.612 0.0000000000
158853  -17.941  -30.257  38.411 0.0000000000
158854  -17.790  -29.512  38.236 0.0000000000
158855  -17.627  -28.751  38.065 0.0000000000
158856  -16.043  -30.569  36.820 0.0000000000
158857  -16.377  -30.139  36.821 0.0000000000
158858  -16.703  -29.727  36.889 0.0000000000
158859  -16.050  -28.554  36.502 0.0000000000
158860  -16.549  -28.942  36.745 0.0000000000
158861  -16.983  -29.263  37.048 0.0000000000
158862  -17.199  -28.826  37.277 0.0000000000
158863  -17.347  -28.412  37.573 0.0000000000
158864  -17.458  -27.966  37.929 0.0000000000
159005  -15.378  -45.009  47.419 0.0000000000
159006  -15.211  -44.741  46.930 0.0000000000
159007  -15.046  -44.508  46.478 0.0000000000
159008  -14.874  -44.222  46.012 0.0000000000
159034  -14.115  -44.170  46.040 0.0000000000
159035  -14.706  -43.890  45.595 0.0000000000
159036  -14.558  -43.568  45.189 0.0000000000
159037  -14.364  -43.248  44.812 0.0000000000
159038  -14.149  -42.907  44.498 0.0000000000
159039  -12.693  -43.153  45.084 0.0000000000
159040  -13.308  -42.890  44.663 0.0000000000
159041  -13.903  -42.551  44.192 0.0000000000
159042  -13.697  -42.205  43.904 0.0000000000
159043  -13.451  -41.815  43.676 0.0000000000
159044  -13.119  -41.462  43.470 0.0000000000
159051  -11.684  -41.817  44.144 0.0000000000
159052  -12.276  -41.489  43.732 0.0000000000
159053  -12.773  -41.108  43.275 0.0000000000
159054  -12.486  -40.780  43.071 0.0000000000
159055  -12.188  -40.439  42.827 0.0000000000
159056  -11.834  -40.107  42.641 0.0000000000
159058  -10.938  -40.223  42.987 0.0000000000
159059  -11.455  -39.780  42.508 0.0000000000
159060  -11.133  -39.490  42.431 0.0000000000
159061  -10.717  -39.191  42.342 0.0000000000
159062  -10.240  -38.907  42.268 0.0000000000
