#!ascii label  , from subject fsaverage vox2ras=TkReg
1434
20  -16.506  -45.284  54.675 0.0000000000
141  -10.683  -38.396  41.818 0.0000000000
309  -15.419  -43.893  45.585 0.0000000000
487  -8.702  -37.725  56.086 0.0000000000
489  -4.708  -41.220  63.973 0.0000000000
787  -17.437  -41.036  52.527 0.0000000000
788  -18.367  -41.040  47.674 0.0000000000
789  -16.519  -45.471  49.869 0.0000000000
1065  -5.965  -33.959  53.694 0.0000000000
1071  -4.239  -41.373  69.116 0.0000000000
1072  -8.692  -42.161  68.401 0.0000000000
1073  -10.669  -40.896  63.904 0.0000000000
1709  -13.594  -41.098  42.969 0.0000000000
1936  -12.865  -48.001  56.263 0.0000000000
2104  -9.489  -28.558  49.373 0.0000000000
2105  -10.190  -32.478  51.006 0.0000000000
2107  -15.419  -39.786  56.193 0.0000000000
2114  -5.823  -39.589  59.454 0.0000000000
2116  -15.911  -44.497  59.226 0.0000000000
2383  -8.492  -43.663  45.644 0.0000000000
2707  -17.519  -43.316  53.690 0.0000000000
2708  -17.789  -43.543  51.309 0.0000000000
2709  -16.677  -45.559  52.257 0.0000000000
2991  -8.271  -41.907  71.298 0.0000000000
3209  -8.933  -37.309  41.972 0.0000000000
3805  -17.597  -43.036  46.379 0.0000000000
3807  -17.039  -42.173  44.144 0.0000000000
3809  -14.678  -42.528  44.038 0.0000000000
4629  -7.065  -28.865  50.647 0.0000000000
4630  -9.519  -30.577  49.885 0.0000000000
4631  -7.018  -31.022  51.158 0.0000000000
4632  -7.166  -36.034  54.735 0.0000000000
4633  -9.266  -35.071  53.713 0.0000000000
4634  -10.846  -36.929  54.902 0.0000000000
4635  -13.978  -38.352  54.626 0.0000000000
4648  -4.113  -41.665  66.645 0.0000000000
4650  -3.471  -38.431  65.038 0.0000000000
4652  -4.297  -38.147  62.787 0.0000000000
4654  -5.187  -40.427  61.588 0.0000000000
4656  -11.942  -40.301  62.015 0.0000000000
4657  -15.146  -41.051  61.997 0.0000000000
4658  -15.913  -41.415  60.031 0.0000000000
4660  -14.893  -46.619  60.120 0.0000000000
4665  -7.436  -52.272  64.534 0.0000000000
6025  -16.756  -38.829  51.141 0.0000000000
6026  -17.676  -38.744  48.882 0.0000000000
6027  -17.960  -41.137  50.169 0.0000000000
6028  -17.772  -43.519  48.774 0.0000000000
6029  -16.061  -44.871  47.571 0.0000000000
6526  -5.607  -36.498  56.151 0.0000000000
6533  -5.432  -40.347  70.560 0.0000000000
6534  -6.101  -41.505  71.734 0.0000000000
6535  -6.053  -42.661  69.149 0.0000000000
6536  -6.476  -42.397  66.294 0.0000000000
6537  -7.025  -41.632  63.756 0.0000000000
6538  -9.562  -41.638  65.985 0.0000000000
6928  -7.971  -33.905  41.042 0.0000000000
7336  -10.814  -55.655  58.755 0.0000000000
7819  -14.191  -30.123  46.747 0.0000000000
8410  -14.791  -46.876  55.551 0.0000000000
8411  -14.337  -47.148  53.297 0.0000000000
8412  -12.135  -47.907  54.306 0.0000000000
8878  -11.956  -28.264  48.022 0.0000000000
8879  -11.983  -30.250  48.477 0.0000000000
8880  -12.651  -32.043  49.672 0.0000000000
8881  -13.649  -34.050  50.868 0.0000000000
8882  -7.804  -33.178  52.212 0.0000000000
8883  -11.491  -34.226  52.500 0.0000000000
8887  -17.082  -42.411  55.827 0.0000000000
8907  -5.366  -37.078  58.357 0.0000000000
8908  -6.937  -38.749  57.552 0.0000000000
8909  -7.982  -40.799  61.588 0.0000000000
8910  -9.204  -39.935  59.708 0.0000000000
8913  -16.507  -41.866  57.964 0.0000000000
8914  -16.205  -44.867  57.053 0.0000000000
8915  -14.760  -46.733  57.845 0.0000000000
8916  -13.042  -48.230  58.678 0.0000000000
9702  -14.068  -46.769  51.049 0.0000000000
9703  -13.661  -45.953  49.018 0.0000000000
9704  -12.987  -44.879  47.301 0.0000000000
9706  -9.524  -44.580  46.901 0.0000000000
9707  -12.288  -43.681  45.770 0.0000000000
9708  -11.292  -42.426  44.743 0.0000000000
9709  -10.000  -41.297  43.953 0.0000000000
9710  -8.545  -40.487  43.499 0.0000000000
10387  -17.091  -44.362  54.212 0.0000000000
10388  -17.255  -44.510  53.008 0.0000000000
10389  -16.611  -45.476  53.489 0.0000000000
10889  -9.838  -37.798  41.832 0.0000000000
11482  -15.760  -35.504  49.352 0.0000000000
11485  -16.665  -43.672  45.825 0.0000000000
11486  -17.373  -42.675  45.215 0.0000000000
11487  -16.300  -43.170  44.846 0.0000000000
11488  -15.903  -42.474  43.973 0.0000000000
11489  -15.082  -43.255  44.724 0.0000000000
11933  -9.259  -48.837  56.971 0.0000000000
11934  -8.086  -49.166  57.592 0.0000000000
12309  -6.313  -29.068  51.603 0.0000000000
12310  -6.978  -29.949  50.823 0.0000000000
12311  -6.139  -30.082  51.719 0.0000000000
12312  -7.961  -36.940  55.387 0.0000000000
12313  -9.070  -36.467  54.928 0.0000000000
12314  -9.756  -37.308  55.518 0.0000000000
12315  -11.498  -37.843  55.496 0.0000000000
12316  -10.492  -38.077  56.168 0.0000000000
12325  -7.780  -39.025  68.350 0.0000000000
12327  -6.648  -39.400  68.875 0.0000000000
12328  -4.367  -41.484  65.301 0.0000000000
12329  -3.625  -40.223  65.742 0.0000000000
12330  -3.937  -40.030  64.468 0.0000000000
12331  -3.884  -38.305  63.906 0.0000000000
12332  -4.310  -39.828  63.225 0.0000000000
12333  -4.625  -39.536  62.116 0.0000000000
12334  -4.917  -40.830  62.775 0.0000000000
12338  -15.924  -42.490  61.733 0.0000000000
12340  -15.566  -45.348  61.784 0.0000000000
13882  -17.139  -39.937  51.843 0.0000000000
13883  -17.497  -39.982  50.714 0.0000000000
13884  -17.722  -41.111  51.362 0.0000000000
13885  -17.359  -44.644  50.562 0.0000000000
13886  -17.822  -43.622  50.031 0.0000000000
13887  -17.236  -44.604  49.338 0.0000000000
13888  -17.128  -44.379  48.161 0.0000000000
13889  -16.328  -45.215  48.703 0.0000000000
14715  -5.450  -35.364  55.870 0.0000000000
14726  -6.502  -40.521  72.566 0.0000000000
14727  -7.196  -40.972  72.778 0.0000000000
14728  -8.438  -42.164  69.840 0.0000000000
14729  -7.115  -42.419  70.307 0.0000000000
14730  -7.373  -42.591  68.808 0.0000000000
14731  -6.228  -42.676  67.669 0.0000000000
14732  -7.550  -42.519  67.365 0.0000000000
14733  -7.929  -42.108  66.198 0.0000000000
14734  -9.114  -41.970  67.145 0.0000000000
15385  -8.584  -35.609  41.495 0.0000000000
15386  -8.919  -34.443  40.857 0.0000000000
16539  -14.261  -41.274  74.200 0.0000000000
17175  -18.182  -39.929  48.283 0.0000000000
17177  -18.432  -39.757  47.012 0.0000000000
17189  -12.976  -40.375  42.516 0.0000000000
18517  -13.771  -47.540  55.940 0.0000000000
18518  -13.469  -47.617  54.874 0.0000000000
19644  -10.738  -28.421  48.754 0.0000000000
19645  -11.808  -29.279  48.132 0.0000000000
19646  -10.709  -29.405  48.874 0.0000000000
19647  -9.706  -31.558  50.387 0.0000000000
19648  -11.014  -31.273  49.725 0.0000000000
19649  -11.410  -32.206  50.341 0.0000000000
19650  -13.195  -32.999  50.292 0.0000000000
19651  -12.023  -33.123  51.065 0.0000000000
19652  -5.602  -32.702  53.318 0.0000000000
19653  -6.255  -32.447  52.419 0.0000000000
19654  -6.747  -33.643  52.871 0.0000000000
19655  -11.144  -35.595  53.757 0.0000000000
19656  -10.395  -34.615  53.138 0.0000000000
19657  -12.143  -35.299  53.080 0.0000000000
19663  -15.408  -39.200  54.543 0.0000000000
19665  -16.942  -41.357  55.158 0.0000000000
19666  -16.536  -40.946  56.082 0.0000000000
19698  -4.723  -40.911  69.974 0.0000000000
19699  -4.675  -39.863  69.151 0.0000000000
19700  -4.009  -40.102  68.708 0.0000000000
19717  -5.288  -38.434  58.768 0.0000000000
19718  -5.582  -38.113  57.708 0.0000000000
19719  -6.264  -39.155  58.424 0.0000000000
19720  -8.728  -41.319  63.874 0.0000000000
19721  -7.451  -41.212  62.589 0.0000000000
19722  -9.286  -40.925  62.800 0.0000000000
19723  -12.608  -40.063  61.059 0.0000000000
19724  -10.556  -40.221  60.818 0.0000000000
19725  -11.206  -39.889  59.904 0.0000000000
19730  -16.264  -42.960  59.726 0.0000000000
19732  -16.435  -43.168  58.640 0.0000000000
19733  -16.643  -43.433  57.570 0.0000000000
19734  -16.044  -44.700  58.135 0.0000000000
19735  -15.431  -45.841  57.530 0.0000000000
19736  -15.402  -45.681  58.600 0.0000000000
19738  -14.109  -47.541  59.408 0.0000000000
21690  -12.870  -47.474  52.755 0.0000000000
21691  -14.201  -47.088  52.137 0.0000000000
21692  -12.618  -47.063  51.660 0.0000000000
21694  -12.215  -46.209  49.714 0.0000000000
21695  -12.005  -45.685  48.835 0.0000000000
21696  -13.302  -45.430  48.135 0.0000000000
21697  -11.692  -45.216  47.991 0.0000000000
21703  -8.987  -44.033  46.270 0.0000000000
21704  -10.954  -44.106  46.494 0.0000000000
21705  -10.461  -43.517  45.892 0.0000000000
21706  -11.840  -43.076  45.169 0.0000000000
21707  -9.860  -42.917  45.382 0.0000000000
21709  -8.573  -42.074  44.404 0.0000000000
21711  -9.265  -40.838  43.695 0.0000000000
23305  -17.615  -42.128  53.131 0.0000000000
23306  -17.829  -42.263  51.945 0.0000000000
23307  -17.681  -43.420  52.504 0.0000000000
23308  -17.341  -44.601  51.790 0.0000000000
23309  -16.659  -45.571  51.095 0.0000000000
23813  -8.211  -41.314  72.631 0.0000000000
23814  -9.411  -41.270  72.133 0.0000000000
23815  -9.539  -41.532  70.759 0.0000000000
23816  -9.841  -41.564  69.357 0.0000000000
23817  -10.296  -41.416  68.085 0.0000000000
24208  -9.505  -36.189  41.242 0.0000000000
24209  -8.139  -36.755  42.179 0.0000000000
25281  -18.173  -42.158  47.012 0.0000000000
25282  -18.449  -40.895  46.411 0.0000000000
25283  -18.095  -41.858  45.734 0.0000000000
25284  -17.930  -41.511  44.549 0.0000000000
26089  -8.894  -48.537  55.929 0.0000000000
26762  -7.414  -27.849  50.685 0.0000000000
26763  -8.207  -28.703  49.944 0.0000000000
26764  -9.441  -29.573  49.558 0.0000000000
26765  -8.148  -29.773  50.140 0.0000000000
26766  -8.175  -30.809  50.507 0.0000000000
26767  -8.435  -31.817  50.991 0.0000000000
26768  -6.535  -35.023  54.126 0.0000000000
26769  -7.458  -34.651  53.502 0.0000000000
26770  -8.240  -35.541  54.214 0.0000000000
26771  -10.137  -35.980  54.374 0.0000000000
26772  -11.822  -36.641  54.222 0.0000000000
26773  -13.343  -37.490  53.995 0.0000000000
26774  -12.412  -37.591  54.761 0.0000000000
26775  -13.106  -38.387  55.404 0.0000000000
26776  -14.000  -39.091  56.211 0.0000000000
26796  -4.070  -41.668  67.959 0.0000000000
26797  -3.636  -40.261  67.916 0.0000000000
26798  -3.518  -40.334  66.883 0.0000000000
26803  -3.858  -36.389  63.451 0.0000000000
26808  -5.443  -40.016  60.510 0.0000000000
26809  -12.542  -40.561  63.907 0.0000000000
26810  -11.339  -40.554  62.943 0.0000000000
26811  -13.098  -40.426  63.001 0.0000000000
26812  -13.720  -40.307  62.036 0.0000000000
26813  -14.373  -40.293  61.129 0.0000000000
26814  -14.838  -40.316  60.167 0.0000000000
26815  -15.590  -41.294  61.020 0.0000000000
26816  -16.087  -42.766  60.719 0.0000000000
26817  -15.910  -44.354  60.300 0.0000000000
26818  -15.405  -45.543  59.657 0.0000000000
26819  -15.497  -45.428  60.715 0.0000000000
26820  -14.929  -46.573  61.245 0.0000000000
26826  -8.313  -51.111  65.308 0.0000000000
26827  -7.524  -51.448  64.350 0.0000000000
26828  -7.969  -51.796  65.572 0.0000000000
26829  -8.039  -52.617  65.662 0.0000000000
29419  -16.400  -37.759  50.528 0.0000000000
29421  -17.230  -38.801  50.057 0.0000000000
29422  -17.861  -39.984  49.490 0.0000000000
29423  -18.203  -41.184  48.896 0.0000000000
29424  -17.974  -42.356  50.737 0.0000000000
29425  -18.097  -42.402  49.524 0.0000000000
29426  -18.159  -42.320  48.225 0.0000000000
29427  -17.685  -43.361  47.564 0.0000000000
29428  -16.950  -44.080  46.964 0.0000000000
29429  -15.778  -44.415  46.534 0.0000000000
30584  -5.757  -35.328  54.909 0.0000000000
30585  -6.165  -36.388  55.348 0.0000000000
30586  -6.887  -37.319  55.928 0.0000000000
30600  -6.233  -40.022  71.950 0.0000000000
30601  -5.560  -40.966  71.401 0.0000000000
30602  -5.158  -41.696  70.431 0.0000000000
30603  -7.022  -41.921  71.693 0.0000000000
30604  -5.928  -42.276  70.580 0.0000000000
30605  -4.917  -42.222  69.230 0.0000000000
30606  -4.949  -42.451  67.823 0.0000000000
30607  -5.104  -42.353  66.410 0.0000000000
30608  -5.394  -42.029  65.025 0.0000000000
30609  -5.690  -41.644  63.773 0.0000000000
30610  -6.685  -42.072  64.964 0.0000000000
30611  -8.241  -41.741  65.015 0.0000000000
30612  -10.064  -41.232  64.932 0.0000000000
30613  -10.851  -41.209  66.976 0.0000000000
31523  -9.347  -32.174  40.153 0.0000000000
31525  -9.183  -33.324  40.374 0.0000000000
32532  -10.453  -55.689  58.079 0.0000000000
33841  -13.949  -29.045  46.410 0.0000000000
33842  -14.823  -28.691  45.392 0.0000000000
33843  -15.017  -29.806  45.702 0.0000000000
35512  -15.760  -46.108  55.100 0.0000000000
35513  -15.627  -46.394  53.957 0.0000000000
35514  -14.594  -47.048  54.448 0.0000000000
35515  -13.224  -47.583  53.790 0.0000000000
35516  -11.774  -47.663  53.313 0.0000000000
36880  -12.933  -28.100  47.259 0.0000000000
36881  -12.951  -29.135  47.256 0.0000000000
36882  -13.163  -30.197  47.658 0.0000000000
36883  -13.478  -31.092  48.245 0.0000000000
36884  -10.770  -30.382  49.234 0.0000000000
36885  -12.251  -31.158  49.058 0.0000000000
36886  -13.823  -32.037  48.866 0.0000000000
36887  -14.281  -33.098  49.420 0.0000000000
36888  -14.655  -34.213  49.907 0.0000000000
36889  -14.964  -35.368  50.346 0.0000000000
36890  -6.109  -31.244  52.010 0.0000000000
36891  -7.314  -32.137  51.617 0.0000000000
36892  -8.960  -32.769  51.584 0.0000000000
36893  -8.515  -34.142  52.917 0.0000000000
36894  -9.651  -33.681  52.348 0.0000000000
36895  -10.920  -33.344  51.722 0.0000000000
36896  -12.583  -34.050  51.770 0.0000000000
36898  -15.370  -36.533  50.838 0.0000000000
36899  -15.694  -37.657  51.466 0.0000000000
36900  -16.157  -38.685  52.111 0.0000000000
36901  -16.629  -39.678  52.768 0.0000000000
36902  -14.783  -38.375  53.766 0.0000000000
36905  -17.306  -41.766  54.153 0.0000000000
36906  -17.294  -42.842  54.769 0.0000000000
36907  -17.026  -43.910  55.314 0.0000000000
36944  -5.595  -39.644  69.201 0.0000000000
36965  -5.434  -36.087  60.402 0.0000000000
36966  -5.702  -35.919  59.238 0.0000000000
36967  -5.724  -35.665  58.023 0.0000000000
36968  -5.413  -36.766  57.257 0.0000000000
36969  -6.131  -37.721  56.771 0.0000000000
36970  -7.754  -38.285  56.817 0.0000000000
36971  -5.979  -41.226  62.556 0.0000000000
36972  -6.306  -40.858  61.472 0.0000000000
36973  -6.754  -40.390  60.418 0.0000000000
36974  -9.965  -40.548  61.804 0.0000000000
36975  -8.510  -40.389  60.649 0.0000000000
36976  -7.254  -39.934  59.452 0.0000000000
36977  -7.965  -39.491  58.567 0.0000000000
36978  -8.727  -39.040  57.731 0.0000000000
36979  -9.569  -38.562  56.970 0.0000000000
36983  -15.302  -40.422  59.215 0.0000000000
36985  -16.170  -40.762  57.159 0.0000000000
36986  -16.820  -42.224  56.918 0.0000000000
36987  -16.849  -43.670  56.478 0.0000000000
36988  -16.363  -45.089  55.860 0.0000000000
36989  -15.601  -45.965  56.365 0.0000000000
36990  -14.690  -46.801  56.776 0.0000000000
36991  -13.923  -47.517  57.028 0.0000000000
36992  -14.828  -46.676  58.929 0.0000000000
36993  -14.020  -47.532  58.179 0.0000000000
36994  -13.046  -48.131  57.431 0.0000000000
39342  -15.590  -46.514  52.741 0.0000000000
39343  -15.583  -46.437  51.630 0.0000000000
39344  -15.401  -46.226  50.476 0.0000000000
39345  -12.412  -46.690  50.646 0.0000000000
39346  -13.860  -46.415  50.015 0.0000000000
39347  -15.171  -45.943  49.362 0.0000000000
39348  -14.923  -45.512  48.286 0.0000000000
39349  -14.565  -45.013  47.324 0.0000000000
39350  -14.294  -44.479  46.435 0.0000000000
39356  -9.948  -45.048  47.645 0.0000000000
39357  -11.308  -44.675  47.175 0.0000000000
39358  -12.635  -44.293  46.509 0.0000000000
39359  -13.935  -43.846  45.655 0.0000000000
39360  -13.554  -43.241  44.980 0.0000000000
39361  -13.028  -42.557  44.380 0.0000000000
39362  -12.582  -41.815  43.937 0.0000000000
39363  -9.131  -42.459  44.946 0.0000000000
39364  -10.747  -41.808  44.304 0.0000000000
39365  -11.945  -41.143  43.543 0.0000000000
39366  -11.293  -40.521  43.158 0.0000000000
39367  -10.575  -39.953  42.919 0.0000000000
39368  -9.852  -39.404  42.726 0.0000000000
39395  -8.908  -38.937  42.641 0.0000000000
39396  -8.011  -38.554  42.766 0.0000000000
39397  -7.305  -38.134  42.816 0.0000000000
41107  -16.812  -44.837  54.456 0.0000000000
41108  -16.890  -44.945  53.868 0.0000000000
41109  -16.547  -45.379  54.071 0.0000000000
41608  -10.556  -37.595  41.433 0.0000000000
41609  -10.278  -38.107  41.773 0.0000000000
42202  -15.918  -36.069  49.610 0.0000000000
42205  -16.065  -43.829  45.662 0.0000000000
42206  -16.485  -43.428  45.315 0.0000000000
42207  -15.873  -43.561  45.210 0.0000000000
42208  -15.697  -43.227  44.766 0.0000000000
42209  -15.260  -43.565  45.144 0.0000000000
42653  -8.834  -49.125  57.791 0.0000000000
43029  -6.072  -29.132  52.169 0.0000000000
43030  -6.202  -29.564  51.658 0.0000000000
43031  -5.916  -29.643  52.184 0.0000000000
43032  -8.353  -37.358  55.733 0.0000000000
43033  -8.906  -37.147  55.487 0.0000000000
43034  -9.263  -37.532  55.834 0.0000000000
43035  -10.110  -37.726  55.871 0.0000000000
43036  -9.602  -37.895  56.216 0.0000000000
43045  -7.656  -39.096  69.472 0.0000000000
43046  -7.246  -39.218  68.600 0.0000000000
43047  -7.083  -39.331  69.687 0.0000000000
43048  -4.515  -41.344  64.655 0.0000000000
43049  -4.148  -40.855  64.813 0.0000000000
43050  -4.294  -40.709  64.213 0.0000000000
43051  -4.125  -39.941  63.859 0.0000000000
43052  -4.434  -40.605  63.573 0.0000000000
43053  -4.589  -40.420  62.968 0.0000000000
43054  -4.823  -41.003  63.359 0.0000000000
44602  -17.303  -40.504  52.177 0.0000000000
44603  -17.459  -40.496  51.606 0.0000000000
44604  -17.599  -41.074  51.934 0.0000000000
44605  -16.978  -45.120  50.221 0.0000000000
44606  -17.283  -44.667  49.956 0.0000000000
44607  -16.904  -45.067  49.616 0.0000000000
44608  -16.861  -44.947  48.986 0.0000000000
44609  -16.469  -45.393  49.297 0.0000000000
45446  -7.381  -40.458  73.238 0.0000000000
45448  -8.543  -42.190  69.101 0.0000000000
45449  -7.889  -42.425  69.377 0.0000000000
45450  -8.015  -42.417  68.633 0.0000000000
45451  -7.480  -42.573  68.087 0.0000000000
45452  -8.147  -42.381  67.915 0.0000000000
45453  -8.310  -42.295  67.309 0.0000000000
45454  -8.898  -42.102  67.730 0.0000000000
46105  -7.893  -35.878  41.991 0.0000000000
46106  -8.112  -35.304  41.624 0.0000000000
47895  -18.322  -40.491  47.992 0.0000000000
47896  -18.327  -39.862  47.629 0.0000000000
47897  -18.410  -40.424  47.322 0.0000000000
49237  -13.297  -47.783  56.090 0.0000000000
49238  -13.138  -47.794  55.620 0.0000000000
50360  -8.957  -28.102  49.646 0.0000000000
50362  -9.592  -28.030  49.368 0.0000000000
50363  -10.262  -27.980  49.087 0.0000000000
50364  -10.114  -28.486  49.086 0.0000000000
50365  -10.689  -28.907  48.767 0.0000000000
50366  -10.082  -28.990  49.088 0.0000000000
50367  -9.919  -32.021  50.684 0.0000000000
50368  -10.555  -31.891  50.370 0.0000000000
50369  -10.803  -32.308  50.680 0.0000000000
50370  -11.692  -32.664  50.700 0.0000000000
50371  -11.141  -32.774  51.005 0.0000000000
50372  -5.765  -33.380  53.490 0.0000000000
50373  -6.095  -33.241  53.025 0.0000000000
50374  -6.322  -33.842  53.276 0.0000000000
50375  -11.972  -36.008  53.676 0.0000000000
50377  -12.437  -35.875  53.324 0.0000000000
50381  -13.483  -36.963  53.326 0.0000000000
50382  -15.038  -39.419  55.743 0.0000000000
50383  -15.352  -39.485  55.332 0.0000000000
50384  -15.718  -39.908  55.753 0.0000000000
50418  -4.440  -41.178  69.573 0.0000000000
50419  -4.317  -40.638  69.302 0.0000000000
50420  -4.076  -40.808  68.930 0.0000000000
50435  -5.348  -39.244  59.617 0.0000000000
50436  -5.168  -38.626  59.335 0.0000000000
50437  -5.498  -39.040  59.084 0.0000000000
50438  -5.647  -38.853  58.538 0.0000000000
50439  -6.032  -39.372  58.921 0.0000000000
50440  -9.699  -41.100  63.902 0.0000000000
50441  -8.981  -41.127  63.327 0.0000000000
50442  -10.005  -40.905  63.391 0.0000000000
50443  -12.928  -39.963  60.583 0.0000000000
50444  -11.967  -40.000  60.468 0.0000000000
50450  -16.129  -43.770  59.508 0.0000000000
50451  -16.363  -43.052  59.201 0.0000000000
50452  -16.216  -43.858  58.947 0.0000000000
50453  -16.299  -43.986  58.383 0.0000000000
50454  -15.953  -44.595  58.672 0.0000000000
50455  -15.719  -45.168  58.380 0.0000000000
50456  -15.692  -45.085  58.887 0.0000000000
52410  -12.109  -47.405  52.530 0.0000000000
52411  -12.754  -47.273  52.219 0.0000000000
52412  -11.999  -47.209  52.018 0.0000000000
52415  -11.166  -45.588  48.697 0.0000000000
52416  -11.899  -45.444  48.404 0.0000000000
52417  -11.030  -45.356  48.277 0.0000000000
52423  -8.713  -43.831  45.981 0.0000000000
52424  -9.695  -43.756  46.146 0.0000000000
52425  -9.425  -43.480  45.868 0.0000000000
52426  -10.159  -43.186  45.631 0.0000000000
52427  -9.118  -43.245  45.583 0.0000000000
54202  -17.617  -42.702  53.408 0.0000000000
54203  -17.693  -42.763  52.836 0.0000000000
54204  -17.597  -43.354  53.099 0.0000000000
54205  -17.029  -45.077  52.615 0.0000000000
54206  -17.330  -44.579  52.387 0.0000000000
54207  -17.034  -45.110  52.023 0.0000000000
54208  -17.051  -45.127  51.448 0.0000000000
54209  -16.671  -45.584  51.662 0.0000000000
55051  -9.660  -41.579  70.024 0.0000000000
55052  -10.506  -41.181  69.786 0.0000000000
55053  -10.653  -41.167  69.199 0.0000000000
55705  -9.691  -37.003  41.511 0.0000000000
55706  -9.954  -36.472  41.147 0.0000000000
55707  -9.233  -36.726  41.615 0.0000000000
55708  -8.813  -36.459  41.713 0.0000000000
55709  -8.546  -37.040  42.059 0.0000000000
57495  -17.920  -42.610  46.694 0.0000000000
57496  -18.141  -42.000  46.368 0.0000000000
57497  -17.866  -42.448  46.071 0.0000000000
57498  -17.216  -42.447  44.674 0.0000000000
57499  -17.669  -42.123  44.889 0.0000000000
57500  -17.509  -41.889  44.331 0.0000000000
57505  -15.310  -42.556  43.990 0.0000000000
57506  -15.702  -42.139  43.555 0.0000000000
57507  -15.084  -42.174  43.618 0.0000000000
57509  -14.465  -42.170  43.708 0.0000000000
58841  -9.079  -48.688  56.433 0.0000000000
59960  -6.814  -28.434  51.088 0.0000000000
59961  -7.002  -27.923  51.120 0.0000000000
59962  -7.228  -28.346  50.647 0.0000000000
59963  -7.724  -28.286  50.230 0.0000000000
59964  -7.550  -28.771  50.248 0.0000000000
59965  -8.149  -29.234  50.013 0.0000000000
59966  -7.525  -29.302  50.349 0.0000000000
59967  -6.957  -30.475  50.984 0.0000000000
59968  -7.529  -30.382  50.640 0.0000000000
59969  -7.581  -30.914  50.825 0.0000000000
59970  -8.287  -31.332  50.724 0.0000000000
59971  -7.703  -31.453  51.032 0.0000000000
59972  -6.843  -35.529  54.419 0.0000000000
59973  -7.321  -35.318  54.103 0.0000000000
59974  -7.713  -35.798  54.448 0.0000000000
59975  -9.968  -36.642  54.953 0.0000000000
59976  -9.610  -36.229  54.657 0.0000000000
59977  -10.516  -36.452  54.658 0.0000000000
59978  -11.017  -36.245  54.337 0.0000000000
59979  -11.345  -36.778  54.557 0.0000000000
59980  -12.112  -37.129  54.475 0.0000000000
59981  -11.627  -37.243  54.824 0.0000000000
59982  -11.881  -38.200  55.803 0.0000000000
59983  -12.308  -38.100  55.445 0.0000000000
59984  -12.707  -38.456  55.788 0.0000000000
60018  -4.064  -41.683  67.303 0.0000000000
60019  -3.753  -41.088  67.360 0.0000000000
60020  -3.750  -41.085  66.759 0.0000000000
60021  -3.541  -39.357  65.339 0.0000000000
60022  -3.430  -39.392  65.972 0.0000000000
60023  -3.349  -38.504  65.630 0.0000000000
60028  -4.108  -38.262  63.336 0.0000000000
60029  -3.867  -37.377  63.644 0.0000000000
60031  -4.121  -36.360  62.917 0.0000000000
60034  -4.506  -38.000  62.254 0.0000000000
60035  -4.842  -40.087  61.792 0.0000000000
60036  -4.763  -39.428  61.510 0.0000000000
60037  -4.952  -39.874  61.256 0.0000000000
60038  -5.047  -39.661  60.726 0.0000000000
60039  -5.312  -40.229  61.048 0.0000000000
60041  -12.798  -40.518  63.474 0.0000000000
60044  -14.215  -40.538  62.491 0.0000000000
60045  -14.462  -40.561  61.996 0.0000000000
60046  -14.086  -40.292  61.604 0.0000000000
60047  -14.828  -40.633  61.571 0.0000000000
60048  -15.099  -40.723  61.109 0.0000000000
60049  -15.365  -41.212  61.502 0.0000000000
60050  -16.046  -43.287  61.576 0.0000000000
60051  -16.034  -42.675  61.201 0.0000000000
60052  -16.075  -43.435  61.034 0.0000000000
60053  -16.084  -43.570  60.515 0.0000000000
60054  -15.939  -44.222  60.837 0.0000000000
60055  -15.711  -44.893  60.525 0.0000000000
60058  -15.268  -45.965  61.516 0.0000000000
60059  -14.925  -46.546  61.819 0.0000000000
60070  -8.091  -51.437  65.501 0.0000000000
60071  -8.337  -51.544  66.066 0.0000000000
64687  -16.573  -38.297  50.837 0.0000000000
64688  -16.839  -38.254  50.312 0.0000000000
64689  -16.995  -38.824  50.614 0.0000000000
64690  -17.767  -40.544  50.462 0.0000000000
64691  -17.688  -39.979  50.096 0.0000000000
64692  -17.933  -40.580  49.826 0.0000000000
64693  -18.063  -40.577  49.223 0.0000000000
64694  -18.085  -41.180  49.527 0.0000000000
64695  -17.871  -42.914  51.641 0.0000000000
64696  -17.929  -42.339  51.356 0.0000000000
64697  -17.917  -42.958  51.027 0.0000000000
64698  -17.795  -43.583  49.401 0.0000000000
64699  -17.983  -43.023  49.783 0.0000000000
64700  -18.004  -42.975  49.146 0.0000000000
64701  -18.145  -42.369  48.872 0.0000000000
64702  -17.987  -42.934  48.502 0.0000000000
64703  -17.989  -42.880  47.876 0.0000000000
64704  -17.735  -43.460  48.153 0.0000000000
64705  -16.621  -44.674  47.857 0.0000000000
64706  -17.015  -44.240  47.561 0.0000000000
64707  -16.487  -44.518  47.268 0.0000000000
64708  -16.379  -44.289  46.689 0.0000000000
64709  -15.935  -44.641  47.041 0.0000000000
67180  -5.605  -34.720  54.748 0.0000000000
67181  -5.464  -34.782  55.224 0.0000000000
67182  -5.484  -35.944  56.022 0.0000000000
67183  -5.672  -35.916  55.563 0.0000000000
67184  -5.829  -36.451  55.739 0.0000000000
67185  -6.486  -36.862  55.615 0.0000000000
67186  -6.119  -36.955  55.956 0.0000000000
67213  -6.283  -41.022  72.195 0.0000000000
67214  -6.020  -40.772  72.033 0.0000000000
67215  -5.783  -41.241  71.613 0.0000000000
67216  -5.343  -41.357  70.945 0.0000000000
67217  -5.619  -41.664  71.116 0.0000000000
67218  -8.215  -41.637  71.980 0.0000000000
67219  -7.602  -41.606  72.187 0.0000000000
67220  -7.647  -41.945  71.551 0.0000000000
67221  -6.578  -42.589  69.759 0.0000000000
67222  -6.506  -42.414  70.465 0.0000000000
67223  -5.956  -42.499  69.887 0.0000000000
67224  -5.427  -42.328  69.898 0.0000000000
67225  -5.437  -42.505  69.191 0.0000000000
67226  -4.916  -42.383  68.566 0.0000000000
67227  -5.484  -42.628  68.467 0.0000000000
67228  -6.322  -42.568  66.964 0.0000000000
67229  -5.654  -42.545  67.006 0.0000000000
67230  -5.758  -42.420  66.289 0.0000000000
67231  -5.266  -42.209  65.714 0.0000000000
67232  -5.913  -42.277  65.593 0.0000000000
67233  -6.040  -42.092  64.979 0.0000000000
67234  -6.577  -42.238  65.608 0.0000000000
67235  -8.703  -41.906  66.031 0.0000000000
67236  -8.081  -41.903  65.582 0.0000000000
67237  -8.953  -41.694  65.495 0.0000000000
67238  -9.161  -41.497  64.974 0.0000000000
67239  -9.804  -41.441  65.459 0.0000000000
67241  -10.585  -41.319  67.513 0.0000000000
69198  -8.453  -34.186  40.954 0.0000000000
69199  -9.064  -33.881  40.570 0.0000000000
69200  -8.592  -33.600  40.684 0.0000000000
69202  -8.111  -33.327  40.761 0.0000000000
71438  -10.153  -55.493  58.627 0.0000000000
71439  -10.623  -55.679  58.431 0.0000000000
74542  -14.040  -29.587  46.539 0.0000000000
74543  -14.468  -29.428  46.048 0.0000000000
74544  -14.632  -29.985  46.234 0.0000000000
74565  -17.343  -38.216  49.150 0.0000000000
74567  -17.582  -38.191  48.564 0.0000000000
74574  -18.553  -40.253  46.073 0.0000000000
78592  -15.288  -46.509  55.352 0.0000000000
78593  -15.222  -46.621  54.777 0.0000000000
78594  -14.675  -46.975  55.006 0.0000000000
78595  -12.808  -47.860  54.582 0.0000000000
78596  -13.368  -47.625  54.303 0.0000000000
78597  -12.668  -47.766  54.045 0.0000000000
78598  -12.509  -47.676  53.525 0.0000000000
78599  -11.946  -47.799  53.810 0.0000000000
81965  -11.465  -27.798  48.433 0.0000000000
81969  -12.445  -28.183  47.657 0.0000000000
81970  -12.908  -28.612  47.233 0.0000000000
81971  -12.403  -28.697  47.643 0.0000000000
81972  -11.888  -29.782  48.259 0.0000000000
81973  -12.460  -29.734  47.830 0.0000000000
81974  -12.571  -30.210  48.080 0.0000000000
81975  -13.317  -30.663  47.937 0.0000000000
81976  -12.712  -30.661  48.354 0.0000000000
81977  -9.476  -30.080  49.686 0.0000000000
81978  -10.116  -29.977  49.365 0.0000000000
81979  -10.158  -30.464  49.571 0.0000000000
81980  -11.807  -31.653  49.709 0.0000000000
81981  -11.629  -31.207  49.414 0.0000000000
81982  -12.438  -31.606  49.375 0.0000000000
81983  -13.040  -31.573  48.987 0.0000000000
81984  -13.242  -32.048  49.261 0.0000000000
81985  -14.063  -32.555  49.142 0.0000000000
81986  -13.469  -32.511  49.569 0.0000000000
81987  -13.433  -33.543  50.595 0.0000000000
81988  -13.970  -33.579  50.131 0.0000000000
81989  -14.159  -34.124  50.391 0.0000000000
81990  -14.812  -34.768  50.140 0.0000000000
81991  -14.342  -34.680  50.633 0.0000000000
81993  -5.787  -30.756  52.361 0.0000000000
81994  -5.777  -31.346  52.504 0.0000000000
81995  -6.972  -32.836  52.241 0.0000000000
81996  -6.753  -32.278  51.983 0.0000000000
81997  -7.527  -32.651  51.908 0.0000000000
81998  -8.091  -32.491  51.581 0.0000000000
81999  -8.375  -32.962  51.902 0.0000000000
82000  -8.370  -34.859  53.599 0.0000000000
82001  -7.988  -34.396  53.199 0.0000000000
82002  -8.909  -34.582  53.306 0.0000000000
82003  -10.946  -34.428  52.842 0.0000000000
82004  -10.022  -34.131  52.748 0.0000000000
82005  -10.603  -33.934  52.445 0.0000000000
82006  -10.266  -33.497  52.035 0.0000000000
82007  -11.197  -33.768  52.127 0.0000000000
82008  -11.778  -33.666  51.817 0.0000000000
82009  -12.046  -34.140  52.155 0.0000000000
82011  -13.638  -35.199  51.817 0.0000000000
82015  -15.530  -37.098  51.143 0.0000000000
82016  -15.127  -37.059  51.604 0.0000000000
82017  -15.213  -37.985  52.629 0.0000000000
82018  -15.574  -38.069  52.204 0.0000000000
82019  -15.816  -38.545  52.517 0.0000000000
82020  -16.392  -39.189  52.427 0.0000000000
82021  -16.110  -39.066  52.834 0.0000000000
82023  -14.085  -37.933  53.880 0.0000000000
82024  -14.398  -38.359  54.206 0.0000000000
82026  -15.717  -39.288  54.128 0.0000000000
82027  -16.327  -39.882  54.072 0.0000000000
82028  -16.600  -40.037  53.628 0.0000000000
82029  -16.830  -40.543  53.971 0.0000000000
82030  -17.211  -41.245  53.832 0.0000000000
82031  -17.015  -41.051  54.308 0.0000000000
82032  -17.045  -41.889  55.511 0.0000000000
82033  -17.203  -42.091  54.998 0.0000000000
82034  -17.193  -42.616  55.319 0.0000000000
82035  -17.189  -43.385  55.062 0.0000000000
82036  -17.123  -43.148  55.601 0.0000000000
82128  -5.829  -40.029  70.720 0.0000000000
82129  -5.963  -39.811  70.012 0.0000000000
82130  -5.503  -40.042  69.957 0.0000000000
82131  -4.372  -39.261  68.610 0.0000000000
82132  -4.751  -39.192  68.649 0.0000000000
82136  -3.448  -39.475  67.560 0.0000000000
82137  -3.596  -39.438  67.949 0.0000000000
82183  -5.313  -37.207  58.915 0.0000000000
82185  -5.530  -36.518  58.759 0.0000000000
82186  -5.789  -35.789  58.640 0.0000000000
82187  -5.525  -36.361  58.147 0.0000000000
82188  -5.489  -36.245  57.607 0.0000000000
82189  -5.398  -36.923  57.799 0.0000000000
82190  -6.169  -38.486  57.549 0.0000000000
82191  -5.821  -37.913  57.214 0.0000000000
82192  -6.481  -38.282  57.130 0.0000000000
82193  -6.859  -38.091  56.734 0.0000000000
82194  -7.318  -38.575  57.183 0.0000000000
82195  -6.304  -41.684  63.703 0.0000000000
82196  -5.784  -41.431  63.162 0.0000000000
82197  -6.486  -41.474  63.135 0.0000000000
82198  -7.690  -41.023  62.083 0.0000000000
82199  -6.885  -41.100  62.028 0.0000000000
82200  -7.096  -40.861  61.509 0.0000000000
82201  -6.553  -40.613  60.942 0.0000000000
82202  -7.326  -40.637  61.001 0.0000000000
82203  -11.652  -40.438  62.508 0.0000000000
82204  -10.665  -40.574  62.395 0.0000000000
82205  -10.977  -40.418  61.911 0.0000000000
82206  -9.859  -40.118  60.246 0.0000000000
82207  -9.532  -40.313  60.733 0.0000000000
82208  -8.845  -40.156  60.157 0.0000000000
82209  -7.856  -40.180  60.036 0.0000000000
82210  -8.202  -39.951  59.586 0.0000000000
82211  -7.619  -39.705  58.997 0.0000000000
82212  -8.554  -39.735  59.138 0.0000000000
82215  -9.653  -39.102  57.837 0.0000000000
82219  -11.025  -38.993  57.500 0.0000000000
82225  -15.446  -40.769  60.130 0.0000000000
82226  -15.073  -40.352  59.694 0.0000000000
82227  -15.653  -40.891  59.645 0.0000000000
82229  -16.004  -41.047  58.611 0.0000000000
82230  -16.208  -41.150  58.095 0.0000000000
82232  -16.401  -41.306  57.549 0.0000000000
82233  -16.568  -41.449  57.036 0.0000000000
82234  -16.664  -42.033  57.430 0.0000000000
82235  -16.463  -44.180  57.308 0.0000000000
82236  -16.736  -43.560  57.011 0.0000000000
82237  -16.561  -44.287  56.721 0.0000000000
82238  -16.662  -44.400  56.161 0.0000000000
82239  -16.280  -44.985  56.441 0.0000000000
82240  -16.001  -45.527  56.089 0.0000000000
82241  -15.949  -45.421  56.707 0.0000000000
82242  -15.072  -46.303  57.702 0.0000000000
82243  -15.114  -46.336  57.164 0.0000000000
82244  -14.728  -46.779  57.317 0.0000000000
82245  -14.301  -47.178  56.923 0.0000000000
82246  -14.403  -47.153  57.403 0.0000000000
82247  -15.198  -46.044  59.878 0.0000000000
82248  -15.130  -46.104  59.331 0.0000000000
82249  -14.878  -46.619  59.528 0.0000000000
82250  -13.583  -47.931  59.030 0.0000000000
82251  -14.065  -47.544  58.759 0.0000000000
82252  -13.573  -47.903  58.356 0.0000000000
82253  -13.540  -47.881  57.760 0.0000000000
82254  -13.045  -48.172  58.005 0.0000000000
82292  -7.406  -51.865  64.469 0.0000000000
82293  -7.221  -51.634  63.808 0.0000000000
82294  -7.205  -52.059  63.964 0.0000000000
88110  -14.994  -46.850  53.615 0.0000000000
88111  -15.614  -46.476  53.357 0.0000000000
88112  -14.987  -46.851  53.014 0.0000000000
88113  -14.156  -46.918  51.589 0.0000000000
88114  -14.914  -46.786  51.865 0.0000000000
88115  -14.862  -46.666  51.329 0.0000000000
88116  -15.510  -46.341  51.049 0.0000000000
88117  -14.764  -46.551  50.770 0.0000000000
88119  -11.708  -46.794  50.998 0.0000000000
88121  -12.938  -46.098  49.343 0.0000000000
88122  -13.041  -46.330  49.836 0.0000000000
88123  -13.765  -46.191  49.506 0.0000000000
88124  -14.542  -46.208  49.699 0.0000000000
88125  -14.447  -45.998  49.181 0.0000000000
88126  -15.068  -45.740  48.816 0.0000000000
88127  -14.320  -45.754  48.652 0.0000000000
88128  -13.117  -45.154  47.748 0.0000000000
88129  -13.909  -45.236  47.737 0.0000000000
88130  -13.749  -44.977  47.287 0.0000000000
88131  -14.430  -44.741  46.858 0.0000000000
88132  -13.638  -44.686  46.886 0.0000000000
88147  -9.006  -45.046  47.402 0.0000000000
88148  -9.760  -44.828  47.251 0.0000000000
88149  -10.638  -44.862  47.427 0.0000000000
88150  -10.452  -44.602  47.050 0.0000000000
88151  -11.648  -43.907  46.161 0.0000000000
88152  -11.834  -44.197  46.500 0.0000000000
88153  -12.487  -44.006  46.117 0.0000000000
88154  -13.304  -44.085  46.093 0.0000000000
88155  -13.104  -43.776  45.731 0.0000000000
88156  -13.772  -43.532  45.283 0.0000000000
88157  -12.918  -43.447  45.385 0.0000000000
88158  -11.567  -42.726  44.945 0.0000000000
88159  -12.443  -42.820  44.797 0.0000000000
88160  -12.176  -42.457  44.591 0.0000000000
88161  -12.827  -42.147  44.170 0.0000000000
88162  -11.946  -42.127  44.380 0.0000000000
88164  -8.453  -42.853  45.044 0.0000000000
88165  -8.171  -42.778  44.663 0.0000000000
88166  -9.327  -41.657  44.237 0.0000000000
88167  -9.659  -41.871  44.436 0.0000000000
88168  -10.407  -41.544  44.116 0.0000000000
88169  -11.387  -41.485  43.934 0.0000000000
88170  -11.021  -41.212  43.762 0.0000000000
88171  -11.615  -40.833  43.371 0.0000000000
88172  -10.653  -40.926  43.604 0.0000000000
88173  -8.921  -40.667  43.574 0.0000000000
88174  -9.959  -40.411  43.346 0.0000000000
88175  -9.597  -40.173  43.255 0.0000000000
88176  -10.215  -39.680  42.825 0.0000000000
88177  -9.243  -39.934  43.190 0.0000000000
88244  -8.361  -39.528  43.010 0.0000000000
88245  -7.956  -39.332  42.977 0.0000000000
88246  -8.493  -38.730  42.679 0.0000000000
88247  -7.513  -39.214  43.017 0.0000000000
88251  -6.949  -37.856  42.850 0.0000000000
92425  -17.327  -43.868  53.951 0.0000000000
92426  -17.425  -43.920  53.367 0.0000000000
92427  -17.175  -44.473  53.608 0.0000000000
92428  -16.953  -45.022  53.257 0.0000000000
92429  -16.661  -45.517  52.884 0.0000000000
93328  -10.129  -37.280  41.465 0.0000000000
93329  -9.394  -37.528  41.891 0.0000000000
94401  -17.198  -43.414  46.087 0.0000000000
94402  -17.541  -42.872  45.794 0.0000000000
94403  -17.040  -43.192  45.524 0.0000000000
94404  -16.876  -42.972  45.001 0.0000000000
94405  -16.693  -42.689  44.489 0.0000000000
94406  -16.486  -42.353  44.011 0.0000000000
94407  -16.107  -42.826  44.408 0.0000000000
94408  -15.505  -42.891  44.373 0.0000000000
94409  -14.885  -42.904  44.369 0.0000000000
95208  -9.429  -48.979  57.504 0.0000000000
95209  -8.640  -48.977  57.272 0.0000000000
95210  -7.896  -49.016  57.056 0.0000000000
95883  -6.650  -28.968  51.099 0.0000000000
95884  -6.942  -29.373  50.735 0.0000000000
95885  -6.540  -29.475  51.180 0.0000000000
95886  -6.519  -30.005  51.244 0.0000000000
95887  -6.490  -30.532  51.372 0.0000000000
95888  -7.551  -36.476  55.050 0.0000000000
95889  -8.106  -36.259  54.820 0.0000000000
95890  -8.523  -36.705  55.165 0.0000000000
95891  -9.431  -36.864  55.234 0.0000000000
95892  -10.294  -37.091  55.218 0.0000000000
95893  -11.166  -37.409  55.165 0.0000000000
95894  -10.618  -37.550  55.515 0.0000000000
95895  -11.001  -37.943  55.822 0.0000000000
95913  -7.280  -38.903  67.521 0.0000000000
95914  -6.735  -39.011  67.881 0.0000000000
95915  -6.211  -39.091  68.154 0.0000000000
95916  -4.215  -41.599  65.953 0.0000000000
95917  -3.822  -41.043  66.135 0.0000000000
95918  -3.961  -40.947  65.479 0.0000000000
95919  -3.800  -40.156  65.070 0.0000000000
95920  -3.712  -39.292  64.737 0.0000000000
95921  -3.667  -38.396  64.472 0.0000000000
95922  -3.900  -39.219  64.160 0.0000000000
95923  -4.104  -39.114  63.596 0.0000000000
95924  -4.296  -39.042  63.021 0.0000000000
95925  -4.453  -38.891  62.451 0.0000000000
95926  -4.480  -39.690  62.694 0.0000000000
95927  -4.737  -40.264  62.386 0.0000000000
95928  -5.062  -40.632  62.174 0.0000000000
95934  -15.598  -41.694  61.903 0.0000000000
98716  -16.939  -39.366  51.482 0.0000000000
98717  -17.155  -39.396  50.955 0.0000000000
98718  -17.310  -39.947  51.285 0.0000000000
98719  -17.608  -40.512  51.059 0.0000000000
98720  -17.842  -41.116  50.817 0.0000000000
98721  -17.610  -44.100  50.936 0.0000000000
98722  -17.802  -43.572  50.668 0.0000000000
98723  -17.615  -44.140  50.270 0.0000000000
98724  -17.552  -44.155  49.675 0.0000000000
98725  -17.527  -44.087  49.063 0.0000000000
98726  -17.479  -43.992  48.452 0.0000000000
98727  -17.194  -44.487  48.733 0.0000000000
98728  -16.750  -44.810  48.430 0.0000000000
98729  -16.211  -45.047  48.143 0.0000000000
100216  -5.409  -35.965  56.491 0.0000000000
100232  -6.806  -39.991  72.856 0.0000000000
100234  -6.807  -40.752  72.705 0.0000000000
100235  -6.615  -41.290  72.239 0.0000000000
100236  -8.336  -42.097  70.573 0.0000000000
100237  -7.696  -42.193  70.854 0.0000000000
100238  -7.768  -42.384  70.112 0.0000000000
100239  -7.262  -42.549  69.554 0.0000000000
100240  -6.728  -42.691  69.004 0.0000000000
100241  -6.146  -42.724  68.385 0.0000000000
100242  -6.830  -42.690  68.283 0.0000000000
100243  -6.910  -42.659  67.574 0.0000000000
100244  -6.997  -42.512  66.888 0.0000000000
100245  -7.170  -42.289  66.278 0.0000000000
100246  -7.720  -42.345  66.765 0.0000000000
100247  -8.495  -42.111  66.656 0.0000000000
100248  -9.319  -41.818  66.540 0.0000000000
101421  -9.266  -35.337  41.015 0.0000000000
101422  -9.415  -34.767  40.731 0.0000000000
101423  -8.790  -35.028  41.137 0.0000000000
101424  -8.292  -34.740  41.278 0.0000000000
101425  -7.829  -34.489  41.334 0.0000000000
104629  -14.422  -30.646  47.004 0.0000000000
104643  -17.967  -39.342  48.572 0.0000000000
104644  -17.875  -38.738  48.294 0.0000000000
107059  -14.285  -47.218  55.736 0.0000000000
107060  -14.122  -47.312  55.181 0.0000000000
107061  -13.626  -47.571  55.428 0.0000000000
107062  -12.973  -47.819  55.121 0.0000000000
107063  -12.315  -47.990  54.828 0.0000000000
109085  -10.882  -27.896  48.762 0.0000000000
109086  -11.361  -28.352  48.396 0.0000000000
109087  -11.852  -28.779  48.046 0.0000000000
109088  -11.279  -28.821  48.429 0.0000000000
109089  -11.273  -29.328  48.540 0.0000000000
109090  -11.331  -29.842  48.679 0.0000000000
109091  -9.585  -31.084  50.117 0.0000000000
109092  -10.239  -30.956  49.808 0.0000000000
109093  -10.364  -31.444  50.069 0.0000000000
109094  -11.160  -31.743  50.016 0.0000000000
109095  -12.024  -32.108  50.004 0.0000000000
109096  -12.889  -32.497  49.954 0.0000000000
109097  -12.291  -32.577  50.337 0.0000000000
109098  -12.569  -33.047  50.703 0.0000000000
109099  -12.890  -33.525  51.018 0.0000000000
109100  -5.533  -32.039  53.173 0.0000000000
109101  -5.797  -31.938  52.687 0.0000000000
109102  -5.884  -32.570  52.856 0.0000000000
109103  -6.513  -33.055  52.608 0.0000000000
109104  -7.268  -33.411  52.532 0.0000000000
109105  -10.210  -35.294  53.764 0.0000000000
109106  -9.818  -34.807  53.417 0.0000000000
109107  -10.761  -35.108  53.474 0.0000000000
109108  -11.323  -34.927  53.153 0.0000000000
109109  -11.818  -34.748  52.809 0.0000000000
109110  -12.350  -34.663  52.432 0.0000000000
109118  -14.284  -38.719  55.005 0.0000000000
109119  -14.678  -38.734  54.606 0.0000000000
109121  -15.714  -39.624  54.926 0.0000000000
109125  -16.739  -41.157  55.628 0.0000000000
109126  -16.870  -41.657  55.994 0.0000000000
109182  -5.051  -40.652  70.334 0.0000000000
109183  -5.069  -40.220  69.819 0.0000000000
109184  -4.644  -40.444  69.613 0.0000000000
109185  -4.305  -39.964  68.976 0.0000000000
109186  -4.025  -39.322  68.500 0.0000000000
109217  -5.240  -37.770  58.541 0.0000000000
109218  -5.340  -37.616  58.013 0.0000000000
109219  -5.434  -38.279  58.221 0.0000000000
109220  -5.888  -38.699  58.028 0.0000000000
109221  -6.579  -38.961  57.957 0.0000000000
109222  -7.822  -41.506  63.803 0.0000000000
109223  -7.234  -41.427  63.157 0.0000000000
109224  -8.048  -41.302  63.233 0.0000000000
109225  -8.314  -41.098  62.683 0.0000000000
109226  -8.621  -40.898  62.185 0.0000000000
109227  -12.258  -40.166  61.537 0.0000000000
109228  -11.275  -40.268  61.408 0.0000000000
109229  -11.648  -40.125  60.944 0.0000000000
109230  -10.906  -40.053  60.360 0.0000000000
109231  -10.206  -39.917  59.818 0.0000000000
109241  -16.074  -41.541  59.530 0.0000000000
109245  -16.666  -42.639  57.786 0.0000000000
109246  -16.541  -43.294  58.090 0.0000000000
109247  -16.375  -44.086  57.846 0.0000000000
109248  -16.118  -44.784  57.598 0.0000000000
109249  -15.866  -45.339  57.288 0.0000000000
109250  -15.764  -45.269  57.840 0.0000000000
109251  -15.402  -45.764  58.059 0.0000000000
109252  -15.082  -46.241  58.243 0.0000000000
109254  -14.527  -47.116  59.785 0.0000000000
109256  -13.642  -47.951  59.608 0.0000000000
109281  -7.318  -52.449  63.986 0.0000000000
112743  -9.753  -30.886  40.087 0.0000000000
112770  -13.629  -47.350  53.030 0.0000000000
112771  -14.287  -47.114  52.711 0.0000000000
112772  -13.507  -47.292  52.456 0.0000000000
112773  -13.422  -47.103  51.885 0.0000000000
112774  -13.351  -46.928  51.338 0.0000000000
112778  -12.128  -45.933  49.266 0.0000000000
112779  -12.796  -45.824  48.933 0.0000000000
112780  -13.487  -45.700  48.569 0.0000000000
112781  -12.681  -45.583  48.500 0.0000000000
112782  -12.517  -45.344  48.093 0.0000000000
112783  -12.328  -45.060  47.667 0.0000000000
112793  -9.281  -44.310  46.593 0.0000000000
112794  -10.238  -44.324  46.738 0.0000000000
112795  -9.977  -44.031  46.446 0.0000000000
112796  -10.732  -43.835  46.196 0.0000000000
112797  -11.428  -43.584  45.840 0.0000000000
112798  -12.078  -43.359  45.457 0.0000000000
112799  -11.193  -43.246  45.566 0.0000000000
112800  -10.907  -42.957  45.294 0.0000000000
112801  -10.629  -42.652  45.085 0.0000000000
112805  -8.232  -41.960  44.184 0.0000000000
112806  -8.937  -41.424  44.097 0.0000000000
112807  -9.577  -41.037  43.850 0.0000000000
112808  -8.568  -41.292  43.920 0.0000000000
112809  -8.240  -41.152  43.768 0.0000000000
115819  -17.546  -41.569  52.847 0.0000000000
115820  -17.691  -41.635  52.235 0.0000000000
115821  -17.719  -42.177  52.570 0.0000000000
115822  -17.788  -42.818  52.267 0.0000000000
115823  -17.744  -43.478  51.912 0.0000000000
115824  -17.505  -43.966  52.762 0.0000000000
115825  -17.560  -44.032  52.161 0.0000000000
115826  -17.597  -44.052  51.560 0.0000000000
115827  -17.365  -44.604  51.193 0.0000000000
115828  -17.044  -45.121  50.852 0.0000000000
115829  -16.609  -45.533  50.467 0.0000000000
117001  -8.792  -41.350  72.398 0.0000000000
117002  -8.829  -41.603  71.718 0.0000000000
117004  -9.450  -41.455  71.447 0.0000000000
117005  -8.903  -41.786  71.010 0.0000000000
117006  -8.961  -41.885  70.299 0.0000000000
117007  -9.086  -41.921  69.602 0.0000000000
117008  -9.229  -41.900  68.879 0.0000000000
117009  -9.442  -41.837  68.232 0.0000000000
117010  -10.034  -41.489  68.720 0.0000000000
117011  -10.919  -41.078  68.571 0.0000000000
117926  -9.730  -35.634  40.892 0.0000000000
117927  -9.053  -35.898  41.357 0.0000000000
117928  -8.363  -36.180  41.848 0.0000000000
117929  -7.706  -36.471  42.305 0.0000000000
120429  -18.316  -41.612  47.333 0.0000000000
120430  -18.413  -40.978  47.023 0.0000000000
120431  -18.342  -41.559  46.734 0.0000000000
120432  -18.317  -41.379  46.081 0.0000000000
120433  -18.292  -41.242  45.479 0.0000000000
120434  -17.786  -42.328  45.461 0.0000000000
120435  -18.028  -41.716  45.147 0.0000000000
120436  -18.250  -41.094  44.822 0.0000000000
120449  -13.955  -41.450  43.193 0.0000000000
122313  -9.825  -48.713  56.622 0.0000000000
122314  -9.651  -48.571  56.112 0.0000000000
123884  -8.329  -28.187  49.929 0.0000000000
123885  -8.856  -28.630  49.653 0.0000000000
123886  -9.454  -29.066  49.424 0.0000000000
123887  -8.807  -29.158  49.709 0.0000000000
123888  -8.794  -29.692  49.820 0.0000000000
123889  -8.827  -30.232  49.993 0.0000000000
123890  -7.525  -29.847  50.479 0.0000000000
123891  -8.154  -30.297  50.310 0.0000000000
123892  -8.819  -30.716  50.200 0.0000000000
123893  -8.912  -31.191  50.415 0.0000000000
123894  -9.070  -31.680  50.690 0.0000000000
123895  -9.282  -32.168  50.986 0.0000000000
123896  -6.185  -34.505  53.921 0.0000000000
123897  -6.585  -34.339  53.523 0.0000000000
123898  -6.964  -34.848  53.805 0.0000000000
123899  -7.840  -35.107  53.873 0.0000000000
123900  -8.739  -35.307  53.982 0.0000000000
123901  -8.691  -36.015  54.562 0.0000000000
123902  -9.224  -35.766  54.310 0.0000000000
123903  -9.720  -35.528  54.056 0.0000000000
123904  -10.643  -35.749  54.056 0.0000000000
123905  -11.500  -36.105  54.004 0.0000000000
123906  -12.292  -36.543  53.881 0.0000000000
123907  -13.060  -36.987  53.703 0.0000000000
123908  -12.592  -37.039  54.102 0.0000000000
123909  -12.881  -37.527  54.384 0.0000000000
123910  -13.234  -37.996  54.680 0.0000000000
123911  -11.958  -37.710  55.128 0.0000000000
123913  -13.552  -38.366  55.008 0.0000000000
123914  -13.904  -38.728  55.407 0.0000000000
123915  -14.319  -39.060  55.767 0.0000000000
123916  -14.723  -39.361  56.179 0.0000000000
123960  -4.102  -41.517  68.517 0.0000000000
123961  -3.895  -40.936  68.460 0.0000000000
123962  -3.804  -41.048  67.956 0.0000000000
123963  -3.544  -40.320  67.424 0.0000000000
123964  -3.375  -39.437  67.047 0.0000000000
123965  -3.551  -40.349  66.307 0.0000000000
123966  -3.375  -39.432  66.546 0.0000000000
123975  -3.642  -37.402  64.214 0.0000000000
123989  -5.208  -39.460  60.162 0.0000000000
123990  -5.607  -39.840  59.959 0.0000000000
123991  -11.593  -40.697  63.906 0.0000000000
123992  -11.019  -40.700  63.431 0.0000000000
123993  -11.862  -40.566  63.462 0.0000000000
123994  -12.252  -40.437  62.990 0.0000000000
123995  -12.565  -40.339  62.542 0.0000000000
123996  -13.941  -40.527  62.943 0.0000000000
123997  -13.435  -40.346  62.564 0.0000000000
123998  -12.869  -40.227  62.002 0.0000000000
123999  -13.171  -40.158  61.572 0.0000000000
124000  -13.483  -40.095  61.113 0.0000000000
124001  -13.807  -40.029  60.634 0.0000000000
124003  -14.597  -40.289  60.654 0.0000000000
124004  -15.261  -40.739  60.619 0.0000000000
124005  -15.781  -41.323  60.525 0.0000000000
124006  -15.760  -41.873  61.383 0.0000000000
124007  -15.932  -41.954  60.885 0.0000000000
124008  -16.058  -42.067  60.382 0.0000000000
124009  -16.152  -42.869  60.223 0.0000000000
124010  -16.102  -43.681  60.005 0.0000000000
124011  -15.914  -44.418  59.768 0.0000000000
124012  -15.689  -45.005  59.434 0.0000000000
124013  -15.686  -44.970  59.967 0.0000000000
124014  -15.464  -45.473  60.185 0.0000000000
124015  -15.212  -46.041  60.436 0.0000000000
124016  -15.540  -45.382  61.241 0.0000000000
124017  -15.260  -46.003  60.957 0.0000000000
124018  -14.908  -46.627  60.698 0.0000000000
124034  -7.900  -51.279  64.858 0.0000000000
124035  -7.705  -51.655  64.988 0.0000000000
124036  -7.627  -52.057  65.072 0.0000000000
124038  -7.971  -52.189  65.662 0.0000000000
124039  -7.680  -52.468  65.113 0.0000000000
130321  -16.249  -37.221  50.195 0.0000000000
130322  -16.548  -37.158  49.624 0.0000000000
130323  -16.697  -37.716  49.963 0.0000000000
130324  -17.093  -38.237  49.740 0.0000000000
130325  -17.450  -38.767  49.494 0.0000000000
130326  -17.375  -39.395  50.359 0.0000000000
130327  -17.585  -39.378  49.770 0.0000000000
130328  -17.768  -39.336  49.186 0.0000000000
130329  -18.017  -39.945  48.914 0.0000000000
130330  -18.196  -40.527  48.646 0.0000000000
130331  -18.291  -41.106  48.296 0.0000000000
130332  -17.804  -41.699  51.645 0.0000000000
130333  -17.906  -41.761  51.062 0.0000000000
130334  -17.981  -41.734  50.463 0.0000000000
130335  -17.947  -42.997  50.400 0.0000000000
130336  -18.038  -42.379  50.133 0.0000000000
130337  -18.072  -41.764  49.858 0.0000000000
130338  -18.167  -41.788  49.225 0.0000000000
130339  -18.235  -41.741  48.566 0.0000000000
130340  -18.283  -41.680  47.949 0.0000000000
130341  -18.177  -42.246  47.616 0.0000000000
130342  -17.940  -42.769  47.284 0.0000000000
130343  -17.649  -43.216  46.958 0.0000000000
130344  -17.429  -43.902  47.854 0.0000000000
130345  -17.361  -43.753  47.257 0.0000000000
130346  -17.291  -43.592  46.656 0.0000000000
130347  -16.803  -43.887  46.374 0.0000000000
130348  -16.231  -44.088  46.161 0.0000000000
130349  -15.613  -44.181  46.040 0.0000000000
133468  -5.532  -33.447  53.953 0.0000000000
133477  -5.672  -34.064  54.124 0.0000000000
133478  -5.872  -34.641  54.311 0.0000000000
133479  -6.126  -35.185  54.504 0.0000000000
133480  -6.385  -35.727  54.759 0.0000000000
133481  -5.571  -35.368  55.372 0.0000000000
133482  -5.955  -35.883  55.104 0.0000000000
133483  -6.658  -36.228  55.026 0.0000000000
133484  -6.995  -36.677  55.310 0.0000000000
133485  -7.436  -37.148  55.641 0.0000000000
133486  -7.791  -37.558  55.999 0.0000000000
133519  -6.238  -39.815  71.434 0.0000000000
133520  -5.771  -40.250  71.281 0.0000000000
133521  -6.323  -40.255  72.322 0.0000000000
133522  -5.848  -40.501  71.706 0.0000000000
133523  -5.442  -40.657  71.030 0.0000000000
133524  -5.134  -41.013  70.673 0.0000000000
133525  -4.898  -41.322  70.241 0.0000000000
133526  -4.666  -41.642  69.765 0.0000000000
133528  -7.050  -41.463  72.256 0.0000000000
133529  -6.504  -41.775  71.713 0.0000000000
133530  -7.069  -42.210  71.034 0.0000000000
133531  -6.506  -42.157  71.150 0.0000000000
133532  -5.983  -41.942  71.192 0.0000000000
133533  -5.492  -42.060  70.556 0.0000000000
133534  -4.971  -42.006  69.887 0.0000000000
133535  -4.523  -41.866  69.221 0.0000000000
133536  -4.478  -42.022  68.584 0.0000000000
133537  -4.475  -42.139  67.909 0.0000000000
133538  -4.487  -42.164  67.210 0.0000000000
133539  -5.553  -42.624  67.727 0.0000000000
133540  -5.025  -42.432  67.133 0.0000000000
133541  -4.584  -42.081  66.499 0.0000000000
133542  -4.713  -41.976  65.809 0.0000000000
133543  -4.843  -41.860  65.122 0.0000000000
133544  -4.977  -41.649  64.455 0.0000000000
133545  -5.150  -41.480  63.828 0.0000000000
133546  -5.529  -41.838  64.403 0.0000000000
133547  -6.170  -41.892  64.368 0.0000000000
133548  -6.814  -41.872  64.375 0.0000000000
133549  -7.282  -42.102  65.619 0.0000000000
133550  -7.400  -41.929  64.988 0.0000000000
133551  -7.596  -41.732  64.372 0.0000000000
133552  -8.476  -41.537  64.429 0.0000000000
133553  -9.424  -41.298  64.468 0.0000000000
133554  -10.362  -41.056  64.424 0.0000000000
133555  -9.719  -41.721  67.614 0.0000000000
133556  -9.984  -41.590  67.046 0.0000000000
133557  -10.183  -41.461  66.467 0.0000000000
133560  -10.434  -41.314  65.945 0.0000000000
133561  -10.693  -41.141  65.425 0.0000000000
133562  -10.991  -40.956  64.906 0.0000000000
133563  -11.290  -40.824  64.420 0.0000000000
136029  -9.834  -31.387  40.064 0.0000000000
136035  -9.542  -34.197  40.483 0.0000000000
136036  -9.677  -33.640  40.251 0.0000000000
136038  -9.288  -32.754  40.249 0.0000000000
138835  -9.959  -55.529  58.295 0.0000000000
140263  -8.290  -38.788  67.950 0.0000000000
142629  -14.394  -28.867  45.921 0.0000000000
142630  -14.896  -29.261  45.517 0.0000000000
142656  -16.829  -37.117  49.067 0.0000000000
142665  -18.482  -40.341  46.697 0.0000000000
142666  -18.542  -39.686  46.387 0.0000000000
147538  -16.171  -45.682  54.894 0.0000000000
147539  -16.120  -45.851  54.312 0.0000000000
147540  -15.706  -46.243  54.541 0.0000000000
147541  -15.152  -46.733  54.206 0.0000000000
147542  -14.484  -47.122  53.871 0.0000000000
147543  -14.006  -47.362  54.644 0.0000000000
147544  -13.965  -47.371  54.117 0.0000000000
147545  -13.820  -47.365  53.582 0.0000000000
147546  -13.078  -47.524  53.280 0.0000000000
147547  -12.358  -47.566  53.005 0.0000000000
151608  -13.463  -29.090  46.828 0.0000000000
151609  -13.547  -29.618  46.983 0.0000000000
151610  -12.372  -29.212  47.706 0.0000000000
151611  -13.049  -29.682  47.428 0.0000000000
151612  -13.699  -30.153  47.210 0.0000000000
151613  -13.889  -30.661  47.476 0.0000000000
151614  -14.057  -31.109  47.795 0.0000000000
151615  -14.240  -31.567  48.102 0.0000000000
151616  -10.089  -29.479  49.221 0.0000000000
151617  -10.748  -29.899  49.020 0.0000000000
151618  -11.396  -30.309  48.852 0.0000000000
151619  -10.824  -30.829  49.497 0.0000000000
151620  -11.471  -30.764  49.123 0.0000000000
151621  -12.107  -30.704  48.741 0.0000000000
151622  -12.867  -31.110  48.663 0.0000000000
151623  -13.656  -31.559  48.561 0.0000000000
151624  -14.403  -32.060  48.423 0.0000000000
151625  -14.608  -32.589  48.699 0.0000000000
151628  -13.740  -33.033  49.863 0.0000000000
151629  -14.482  -33.654  49.674 0.0000000000
151632  -15.387  -35.428  49.862 0.0000000000
151633  -15.561  -36.016  50.105 0.0000000000
151634  -5.830  -30.191  52.243 0.0000000000
151635  -6.103  -30.645  51.845 0.0000000000
151636  -6.502  -31.144  51.546 0.0000000000
151637  -6.152  -31.827  52.204 0.0000000000
151638  -6.626  -31.740  51.745 0.0000000000
151639  -7.143  -31.593  51.363 0.0000000000
151640  -7.864  -31.979  51.275 0.0000000000
151641  -8.634  -32.314  51.265 0.0000000000
151642  -9.578  -32.622  51.308 0.0000000000
151643  -7.079  -34.164  53.151 0.0000000000
151644  -7.603  -33.938  52.856 0.0000000000
151645  -8.143  -33.706  52.554 0.0000000000
151646  -9.441  -34.326  53.035 0.0000000000
151647  -9.053  -33.887  52.641 0.0000000000
151648  -8.703  -33.453  52.255 0.0000000000
151649  -9.301  -33.229  51.953 0.0000000000
151650  -9.934  -33.052  51.656 0.0000000000
151651  -10.563  -32.906  51.358 0.0000000000
151652  -11.493  -33.220  51.420 0.0000000000
151653  -12.338  -33.573  51.429 0.0000000000
151654  -13.122  -33.978  51.322 0.0000000000
151655  -12.884  -34.618  52.031 0.0000000000
151656  -13.407  -34.598  51.584 0.0000000000
151658  -14.547  -35.299  50.849 0.0000000000
151659  -15.168  -35.959  50.575 0.0000000000
151660  -15.748  -36.606  50.367 0.0000000000
151661  -15.904  -37.160  50.671 0.0000000000
151663  -16.254  -38.242  51.310 0.0000000000
151666  -16.462  -38.765  51.637 0.0000000000
151667  -16.675  -39.293  51.974 0.0000000000
151668  -16.887  -39.825  52.313 0.0000000000
151669  -17.085  -40.319  52.645 0.0000000000
151670  -13.777  -37.460  53.589 0.0000000000
151671  -14.457  -37.909  53.463 0.0000000000
151672  -15.150  -38.416  53.374 0.0000000000
151673  -15.068  -38.767  54.172 0.0000000000
151674  -15.420  -38.853  53.748 0.0000000000
151675  -15.774  -38.956  53.303 0.0000000000
151676  -16.358  -39.542  53.241 0.0000000000
151677  -16.849  -40.165  53.126 0.0000000000
151678  -17.247  -40.841  53.003 0.0000000000
151679  -17.377  -41.403  53.345 0.0000000000
151680  -17.461  -41.961  53.649 0.0000000000
151681  -17.475  -42.509  53.935 0.0000000000
151682  -17.133  -41.561  54.668 0.0000000000
151683  -17.335  -42.298  54.460 0.0000000000
151684  -17.412  -43.069  54.223 0.0000000000
151685  -17.270  -43.642  54.505 0.0000000000
151686  -17.060  -44.138  54.779 0.0000000000
151687  -16.813  -44.626  54.985 0.0000000000
151796  -6.499  -39.573  69.896 0.0000000000
151797  -6.115  -39.542  69.069 0.0000000000
151798  -5.704  -39.141  68.376 0.0000000000
151799  -5.132  -39.730  69.213 0.0000000000
151800  -5.212  -39.179  68.571 0.0000000000
151805  -3.797  -40.198  68.355 0.0000000000
151806  -3.792  -39.393  68.278 0.0000000000
151860  -5.365  -35.309  60.787 0.0000000000
151861  -5.614  -35.315  60.281 0.0000000000
151863  -5.585  -36.038  59.813 0.0000000000
151864  -5.799  -35.222  59.741 0.0000000000
151865  -5.931  -35.121  59.147 0.0000000000
151869  -5.434  -36.132  57.055 0.0000000000
151870  -5.470  -36.618  56.700 0.0000000000
151871  -5.425  -37.446  57.491 0.0000000000
151872  -5.612  -37.256  56.940 0.0000000000
151873  -5.844  -37.112  56.443 0.0000000000
151874  -6.466  -37.549  56.351 0.0000000000
151875  -7.288  -37.826  56.374 0.0000000000
151876  -8.197  -38.002  56.444 0.0000000000
151877  -5.287  -41.262  63.187 0.0000000000
151878  -5.413  -41.079  62.616 0.0000000000
151879  -5.518  -40.884  62.049 0.0000000000
151880  -6.688  -41.272  62.554 0.0000000000
151881  -6.139  -41.033  62.005 0.0000000000
151882  -5.678  -40.679  61.491 0.0000000000
151883  -5.829  -40.495  60.970 0.0000000000
151884  -6.023  -40.274  60.442 0.0000000000
151885  -6.232  -40.061  59.915 0.0000000000
151886  -10.298  -40.736  62.894 0.0000000000
151887  -9.637  -40.736  62.310 0.0000000000
151888  -8.943  -40.685  61.689 0.0000000000
151889  -10.259  -40.383  61.304 0.0000000000
151890  -9.239  -40.509  61.231 0.0000000000
151891  -8.252  -40.584  61.106 0.0000000000
151892  -7.554  -40.406  60.502 0.0000000000
151893  -6.972  -40.171  59.922 0.0000000000
151894  -6.478  -39.825  59.408 0.0000000000
151895  -6.729  -39.585  58.893 0.0000000000
151896  -7.061  -39.380  58.443 0.0000000000
151897  -7.425  -39.164  58.008 0.0000000000
151899  -8.306  -39.271  58.114 0.0000000000
151900  -7.844  -38.936  57.642 0.0000000000
151901  -8.249  -38.693  57.255 0.0000000000
151902  -8.674  -38.455  56.894 0.0000000000
151904  -10.019  -38.323  56.570 0.0000000000
151905  -10.934  -38.488  56.569 0.0000000000
151916  -15.830  -40.989  59.154 0.0000000000
151922  -16.353  -40.853  56.639 0.0000000000
151923  -16.718  -41.535  56.554 0.0000000000
151924  -16.939  -42.312  56.385 0.0000000000
151925  -16.782  -42.823  57.257 0.0000000000
151926  -16.894  -42.946  56.725 0.0000000000
151927  -17.011  -43.035  56.175 0.0000000000
151928  -16.958  -43.788  55.896 0.0000000000
151929  -16.753  -44.512  55.574 0.0000000000
151930  -16.444  -45.187  55.270 0.0000000000
151931  -16.077  -45.617  55.501 0.0000000000
151932  -15.655  -46.049  55.734 0.0000000000
151933  -15.186  -46.479  55.982 0.0000000000
151934  -15.557  -45.863  56.962 0.0000000000
151935  -15.127  -46.395  56.581 0.0000000000
151936  -14.694  -46.848  56.171 0.0000000000
151937  -14.242  -47.203  56.385 0.0000000000
151938  -13.834  -47.518  56.516 0.0000000000
151939  -13.400  -47.793  56.652 0.0000000000
151940  -15.403  -45.589  59.120 0.0000000000
151941  -15.103  -46.178  58.776 0.0000000000
151942  -14.791  -46.692  58.401 0.0000000000
151943  -14.500  -47.127  59.168 0.0000000000
151944  -14.456  -47.135  58.569 0.0000000000
151945  -14.417  -47.141  58.012 0.0000000000
151946  -14.000  -47.532  57.569 0.0000000000
151947  -13.488  -47.822  57.188 0.0000000000
151948  -12.964  -48.049  56.848 0.0000000000
151951  -11.408  -48.715  57.676 0.0000000000
151994  -7.411  -51.211  63.688 0.0000000000
151995  -7.114  -51.410  63.181 0.0000000000
152031  -12.775  -48.858  70.300 0.0000000000
158982  -16.143  -45.947  53.697 0.0000000000
158983  -16.187  -46.025  53.108 0.0000000000
158984  -16.171  -46.035  52.532 0.0000000000
158985  -14.942  -46.844  52.417 0.0000000000
158986  -15.566  -46.493  52.169 0.0000000000
158987  -16.177  -46.033  51.943 0.0000000000
158988  -16.135  -46.048  51.340 0.0000000000
158989  -16.074  -45.955  50.759 0.0000000000
158990  -15.991  -45.875  50.159 0.0000000000
158991  -11.871  -46.986  51.490 0.0000000000
158992  -12.510  -46.875  51.153 0.0000000000
158993  -13.214  -46.752  50.812 0.0000000000
158994  -12.316  -46.451  50.162 0.0000000000
158995  -13.129  -46.552  50.308 0.0000000000
158996  -13.940  -46.616  50.490 0.0000000000
158997  -14.646  -46.428  50.229 0.0000000000
158998  -15.295  -46.105  49.915 0.0000000000
158999  -15.873  -45.792  49.581 0.0000000000
159000  -15.774  -45.623  49.028 0.0000000000
159001  -15.643  -45.440  48.471 0.0000000000
159002  -15.505  -45.225  47.938 0.0000000000
159003  -14.095  -45.503  48.167 0.0000000000
159004  -14.709  -45.276  47.807 0.0000000000
159005  -15.378  -45.009  47.419 0.0000000000
159006  -15.211  -44.741  46.930 0.0000000000
159007  -15.046  -44.508  46.478 0.0000000000
159008  -14.874  -44.222  46.012 0.0000000000
159025  -9.211  -45.258  47.838 0.0000000000
159027  -10.839  -45.110  47.837 0.0000000000
159028  -11.484  -44.951  47.575 0.0000000000
159029  -12.154  -44.780  47.258 0.0000000000
159030  -11.168  -44.374  46.832 0.0000000000
159031  -11.969  -44.484  46.872 0.0000000000
159032  -12.799  -44.585  46.911 0.0000000000
159033  -13.482  -44.392  46.475 0.0000000000
159034  -14.115  -44.170  46.040 0.0000000000
159035  -14.706  -43.890  45.595 0.0000000000
159036  -14.558  -43.568  45.189 0.0000000000
159037  -14.364  -43.248  44.812 0.0000000000
159038  -14.149  -42.907  44.498 0.0000000000
159039  -12.693  -43.153  45.084 0.0000000000
159040  -13.308  -42.890  44.663 0.0000000000
159041  -13.903  -42.551  44.192 0.0000000000
159042  -13.697  -42.205  43.904 0.0000000000
159043  -13.451  -41.815  43.676 0.0000000000
159044  -13.119  -41.462  43.470 0.0000000000
159045  -8.807  -43.040  45.312 0.0000000000
159046  -9.543  -42.658  45.168 0.0000000000
159047  -10.309  -42.383  44.884 0.0000000000
159048  -8.856  -42.271  44.638 0.0000000000
159049  -9.989  -42.126  44.660 0.0000000000
159050  -11.039  -42.128  44.519 0.0000000000
159051  -11.684  -41.817  44.144 0.0000000000
159052  -12.276  -41.489  43.732 0.0000000000
159053  -12.773  -41.108  43.275 0.0000000000
159054  -12.486  -40.780  43.071 0.0000000000
159055  -12.188  -40.439  42.827 0.0000000000
159056  -11.834  -40.107  42.641 0.0000000000
159057  -10.335  -40.657  43.473 0.0000000000
159058  -10.938  -40.223  42.987 0.0000000000
159059  -11.455  -39.780  42.508 0.0000000000
159060  -11.133  -39.490  42.431 0.0000000000
159061  -10.717  -39.191  42.342 0.0000000000
159062  -10.240  -38.907  42.268 0.0000000000
159140  -8.116  -40.350  43.403 0.0000000000
159141  -8.759  -39.771  43.089 0.0000000000
159142  -9.342  -39.194  42.664 0.0000000000
159143  -9.791  -38.638  42.235 0.0000000000
159144  -9.409  -38.368  42.244 0.0000000000
159145  -8.988  -38.119  42.324 0.0000000000
159146  -8.521  -37.920  42.395 0.0000000000
159148  -7.659  -38.358  42.814 0.0000000000
159149  -8.137  -37.694  42.456 0.0000000000
159150  -7.742  -37.420  42.553 0.0000000000
159151  -7.342  -37.137  42.645 0.0000000000
