#!ascii label  , from subject fsaverage vox2ras=TkReg
1643
154  -47.193  -58.258  -7.840 0.0000000000
155  -49.108  -41.426  -23.177 0.0000000000
344  -48.910  -30.956  -25.236 0.0000000000
353  -38.104  -53.810  -19.493 0.0000000000
618  -40.248  -60.061  -10.617 0.0000000000
620  -48.455  -50.488  -14.558 0.0000000000
621  -41.264  -48.560  -14.853 0.0000000000
622  -42.646  -39.897  -20.148 0.0000000000
833  -40.195  -58.881  -19.639 0.0000000000
1386  -49.321  -44.794  -18.213 0.0000000000
1387  -44.514  -48.105  -12.485 0.0000000000
1388  -45.890  -42.706  -16.342 0.0000000000
1389  -41.840  -43.337  -16.596 0.0000000000
1390  -46.044  -40.232  -21.153 0.0000000000
1392  -45.906  -30.523  -22.438 0.0000000000
1770  -49.477  -37.034  -24.819 0.0000000000
2490  -42.466  -62.855  -15.583 0.0000000000
2496  -47.823  -54.231  -10.641 0.0000000000
2497  -42.604  -53.221  -9.537 0.0000000000
2498  -40.488  -55.146  -13.596 0.0000000000
2499  -42.685  -56.680  -18.674 0.0000000000
2500  -40.766  -51.540  -18.515 0.0000000000
2501  -39.095  -46.221  -18.987 0.0000000000
2502  -40.245  -41.331  -22.469 0.0000000000
2503  -45.876  -35.972  -23.504 0.0000000000
2504  -42.624  -36.525  -22.474 0.0000000000
3304  -50.834  -42.282  -24.124 0.0000000000
3305  -51.277  -43.915  -22.188 0.0000000000
3306  -49.511  -42.696  -20.613 0.0000000000
3307  -47.593  -43.591  -16.972 0.0000000000
3308  -47.834  -41.832  -19.659 0.0000000000
3309  -46.261  -41.340  -18.876 0.0000000000
3310  -47.489  -40.832  -21.999 0.0000000000
3934  -36.765  -57.290  -17.404 0.0000000000
3938  -37.244  -51.307  -19.351 0.0000000000
5577  -39.997  -66.273  -10.717 0.0000000000
5578  -40.770  -63.718  -11.845 0.0000000000
5580  -41.013  -61.684  -13.077 0.0000000000
5592  -50.907  -49.151  -17.732 0.0000000000
5594  -50.693  -51.868  -16.160 0.0000000000
5596  -47.948  -52.618  -12.574 0.0000000000
5597  -45.276  -53.441  -9.528 0.0000000000
5598  -45.692  -51.719  -11.449 0.0000000000
5599  -42.397  -47.875  -13.161 0.0000000000
5600  -41.507  -51.141  -12.407 0.0000000000
5601  -41.015  -52.002  -14.658 0.0000000000
5602  -41.406  -56.076  -16.275 0.0000000000
5603  -41.440  -52.788  -17.020 0.0000000000
5604  -41.983  -53.951  -19.151 0.0000000000
5605  -41.023  -49.929  -16.686 0.0000000000
5606  -42.356  -41.458  -18.387 0.0000000000
5607  -40.297  -44.504  -17.743 0.0000000000
5608  -40.720  -42.253  -19.305 0.0000000000
5609  -39.719  -43.520  -20.746 0.0000000000
5610  -41.342  -40.523  -21.116 0.0000000000
5611  -49.278  -34.102  -24.750 0.0000000000
5612  -47.706  -36.270  -23.714 0.0000000000
5613  -47.733  -33.549  -23.514 0.0000000000
6106  -37.618  -59.699  -17.471 0.0000000000
6107  -39.022  -56.464  -19.577 0.0000000000
7101  -51.013  -46.349  -19.728 0.0000000000
7102  -48.774  -47.623  -15.966 0.0000000000
7103  -46.468  -49.207  -13.235 0.0000000000
7104  -47.129  -46.137  -14.642 0.0000000000
7105  -45.145  -45.201  -13.966 0.0000000000
7106  -43.132  -44.862  -14.351 0.0000000000
7107  -41.394  -45.813  -15.282 0.0000000000
7108  -43.916  -42.753  -16.118 0.0000000000
7109  -44.262  -41.171  -18.120 0.0000000000
7110  -44.371  -39.787  -20.160 0.0000000000
7112  -47.541  -30.645  -23.867 0.0000000000
7956  -49.460  -59.059  -8.888 0.0000000000
7968  -48.983  -39.573  -24.543 0.0000000000
7970  -50.968  -34.766  -26.132 0.0000000000
7971  -50.409  -31.439  -26.572 0.0000000000
10035  -50.061  -57.583  -10.540 0.0000000000
10043  -50.316  -55.836  -12.175 0.0000000000
10044  -47.742  -56.340  -9.010 0.0000000000
10045  -45.214  -55.444  -7.965 0.0000000000
10046  -42.390  -55.345  -7.917 0.0000000000
10047  -40.416  -56.239  -9.532 0.0000000000
10048  -43.348  -51.059  -11.301 0.0000000000
10049  -40.683  -53.845  -11.043 0.0000000000
10050  -40.059  -57.752  -12.147 0.0000000000
10051  -41.124  -59.134  -14.842 0.0000000000
10052  -42.993  -59.925  -17.362 0.0000000000
10054  -42.565  -57.701  -20.155 0.0000000000
10055  -41.271  -55.034  -20.262 0.0000000000
10056  -40.126  -52.727  -20.055 0.0000000000
10057  -40.303  -47.236  -16.712 0.0000000000
10058  -39.667  -49.061  -18.205 0.0000000000
10059  -39.072  -50.116  -19.920 0.0000000000
10060  -38.443  -47.678  -20.401 0.0000000000
10061  -38.369  -45.113  -21.692 0.0000000000
10062  -38.169  -42.811  -22.458 0.0000000000
10063  -47.291  -38.824  -23.731 0.0000000000
10064  -45.779  -38.486  -23.419 0.0000000000
10065  -44.222  -38.394  -22.411 0.0000000000
10066  -45.987  -33.563  -22.679 0.0000000000
10067  -44.140  -36.253  -23.271 0.0000000000
10068  -42.774  -38.402  -21.875 0.0000000000
10069  -41.348  -38.670  -21.926 0.0000000000
10070  -39.743  -39.541  -22.345 0.0000000000
10071  -37.544  -40.583  -22.563 0.0000000000
10984  -49.994  -41.938  -23.698 0.0000000000
10985  -50.201  -42.555  -22.543 0.0000000000
10986  -49.351  -42.093  -21.872 0.0000000000
10987  -48.657  -42.275  -20.019 0.0000000000
10988  -48.575  -41.585  -21.393 0.0000000000
10989  -47.794  -41.231  -20.876 0.0000000000
10990  -48.290  -41.025  -22.564 0.0000000000
11614  -37.428  -55.502  -18.624 0.0000000000
11615  -36.223  -55.899  -17.274 0.0000000000
11616  -37.042  -53.990  -18.557 0.0000000000
11618  -37.678  -52.450  -19.343 0.0000000000
13257  -40.262  -62.915  -10.566 0.0000000000
13258  -40.493  -61.856  -11.280 0.0000000000
13259  -40.853  -62.715  -12.521 0.0000000000
13260  -40.577  -60.896  -11.845 0.0000000000
13272  -49.731  -49.748  -16.028 0.0000000000
13273  -50.881  -50.466  -16.968 0.0000000000
13274  -49.568  -51.097  -15.315 0.0000000000
13275  -49.273  -52.316  -14.375 0.0000000000
13276  -48.109  -51.668  -13.588 0.0000000000
13277  -46.785  -52.152  -11.901 0.0000000000
13278  -47.043  -51.176  -12.954 0.0000000000
13279  -41.704  -48.141  -13.921 0.0000000000
13280  -41.546  -49.887  -13.806 0.0000000000
13281  -41.266  -50.256  -14.922 0.0000000000
13282  -41.193  -52.360  -15.837 0.0000000000
13283  -41.230  -50.684  -15.919 0.0000000000
13284  -41.259  -51.331  -16.960 0.0000000000
13285  -41.109  -49.252  -15.751 0.0000000000
13286  -42.536  -40.617  -19.202 0.0000000000
13287  -41.440  -41.814  -18.702 0.0000000000
13288  -41.699  -40.861  -19.690 0.0000000000
13289  -41.084  -41.349  -20.293 0.0000000000
13290  -41.908  -40.117  -20.606 0.0000000000
13291  -49.188  -32.525  -24.841 0.0000000000
13292  -48.461  -33.780  -24.123 0.0000000000
13293  -48.401  -32.282  -24.269 0.0000000000
14014  -39.409  -60.542  -18.699 0.0000000000
14015  -38.063  -61.025  -17.398 0.0000000000
14016  -38.829  -59.263  -18.759 0.0000000000
14017  -38.278  -58.109  -18.754 0.0000000000
14018  -39.531  -57.687  -19.603 0.0000000000
15672  -50.433  -44.183  -20.262 0.0000000000
15673  -51.245  -44.995  -20.945 0.0000000000
15674  -50.180  -45.571  -18.894 0.0000000000
15675  -49.908  -47.026  -17.708 0.0000000000
15676  -49.061  -46.170  -17.018 0.0000000000
15677  -47.955  -46.824  -15.276 0.0000000000
15678  -48.251  -45.404  -16.271 0.0000000000
15679  -46.709  -43.090  -16.565 0.0000000000
15680  -46.460  -44.254  -15.328 0.0000000000
15681  -45.493  -43.874  -15.073 0.0000000000
15682  -44.152  -44.949  -14.025 0.0000000000
15683  -44.552  -43.602  -15.085 0.0000000000
15684  -43.528  -43.690  -15.160 0.0000000000
15685  -44.989  -42.675  -16.112 0.0000000000
15686  -46.171  -40.758  -20.078 0.0000000000
15687  -45.275  -41.147  -18.519 0.0000000000
15688  -45.327  -40.590  -19.545 0.0000000000
15689  -44.359  -40.497  -19.180 0.0000000000
15690  -45.321  -40.000  -20.623 0.0000000000
17488  -51.706  -33.290  -26.922 0.0000000000
17489  -50.793  -33.014  -26.133 0.0000000000
22522  -51.173  -58.226  -11.086 0.0000000000
22523  -51.397  -57.470  -11.967 0.0000000000
22542  -49.080  -54.052  -12.343 0.0000000000
22543  -50.353  -54.968  -13.172 0.0000000000
22544  -49.080  -55.006  -11.368 0.0000000000
22545  -49.048  -56.033  -10.487 0.0000000000
22546  -47.831  -55.307  -9.724 0.0000000000
22547  -46.543  -55.846  -8.381 0.0000000000
22548  -46.611  -54.790  -9.104 0.0000000000
22549  -43.903  -53.218  -9.366 0.0000000000
22550  -43.788  -54.211  -8.473 0.0000000000
22551  -42.447  -54.283  -8.683 0.0000000000
22553  -41.309  -54.557  -9.355 0.0000000000
22554  -45.558  -48.577  -12.719 0.0000000000
22555  -44.995  -50.047  -11.989 0.0000000000
22556  -43.981  -49.691  -11.870 0.0000000000
22557  -40.613  -52.977  -12.926 0.0000000000
22558  -40.972  -52.509  -11.809 0.0000000000
22559  -40.337  -54.444  -12.239 0.0000000000
22560  -40.118  -55.739  -11.520 0.0000000000
22561  -40.152  -56.516  -12.932 0.0000000000
22562  -40.440  -58.524  -13.546 0.0000000000
22563  -40.576  -57.176  -14.256 0.0000000000
22564  -41.998  -56.410  -17.580 0.0000000000
22565  -42.052  -58.018  -16.968 0.0000000000
22566  -42.802  -58.284  -18.131 0.0000000000
22567  -43.594  -60.252  -18.520 0.0000000000
22568  -43.293  -58.578  -19.218 0.0000000000
22569  -43.203  -59.039  -19.952 0.0000000000
22570  -42.952  -57.215  -19.611 0.0000000000
22571  -41.400  -52.832  -18.967 0.0000000000
22572  -41.875  -54.496  -19.829 0.0000000000
22573  -41.187  -53.305  -19.678 0.0000000000
22574  -40.651  -53.899  -20.207 0.0000000000
22575  -40.518  -52.197  -19.398 0.0000000000
22576  -41.595  -44.506  -15.836 0.0000000000
22577  -40.841  -46.615  -15.978 0.0000000000
22578  -40.883  -45.183  -16.452 0.0000000000
22579  -39.601  -45.297  -18.325 0.0000000000
22580  -39.643  -46.753  -17.708 0.0000000000
22581  -39.245  -47.621  -18.503 0.0000000000
22582  -39.416  -49.687  -19.081 0.0000000000
22583  -39.028  -48.380  -19.278 0.0000000000
22584  -38.625  -48.930  -19.957 0.0000000000
22585  -38.784  -46.916  -19.726 0.0000000000
22586  -40.102  -42.433  -21.730 0.0000000000
22587  -39.267  -44.378  -21.365 0.0000000000
22588  -39.423  -43.309  -22.200 0.0000000000
22589  -38.337  -43.944  -22.222 0.0000000000
22590  -39.355  -42.122  -22.719 0.0000000000
22591  -49.284  -38.335  -24.679 0.0000000000
22592  -48.093  -39.182  -23.970 0.0000000000
22593  -48.358  -37.889  -24.042 0.0000000000
22594  -46.788  -36.094  -23.560 0.0000000000
22595  -46.651  -37.317  -23.728 0.0000000000
22596  -45.862  -37.210  -23.742 0.0000000000
22597  -44.979  -38.406  -22.880 0.0000000000
22598  -45.014  -37.303  -23.489 0.0000000000
22599  -46.711  -30.572  -23.122 0.0000000000
22600  -46.899  -32.074  -22.977 0.0000000000
22601  -45.954  -32.057  -22.362 0.0000000000
22603  -44.170  -34.918  -22.761 0.0000000000
22604  -43.308  -36.424  -22.980 0.0000000000
22605  -43.364  -37.486  -22.646 0.0000000000
22606  -42.671  -37.435  -22.224 0.0000000000
22607  -42.012  -38.544  -21.860 0.0000000000
22608  -41.900  -37.586  -21.974 0.0000000000
22610  -40.347  -38.182  -21.964 0.0000000000
22612  -38.696  -40.071  -22.555 0.0000000000
23386  -40.036  -61.875  -18.647 0.0000000000
23387  -41.010  -60.022  -19.600 0.0000000000
24381  -50.414  -43.183  -21.428 0.0000000000
24382  -49.499  -43.605  -19.479 0.0000000000
24383  -48.444  -44.065  -17.567 0.0000000000
24384  -48.554  -43.072  -18.907 0.0000000000
24385  -47.711  -42.631  -18.385 0.0000000000
24386  -46.963  -42.154  -18.045 0.0000000000
24387  -46.151  -41.945  -17.560 0.0000000000
24388  -47.086  -41.614  -19.308 0.0000000000
24389  -47.008  -41.089  -20.562 0.0000000000
24390  -46.806  -40.554  -21.642 0.0000000000
28470  -39.839  -64.179  -10.061 0.0000000000
28471  -40.499  -64.954  -11.210 0.0000000000
28476  -41.607  -62.327  -14.367 0.0000000000
28496  -51.911  -48.617  -19.380 0.0000000000
28498  -52.079  -49.974  -18.649 0.0000000000
28499  -52.019  -51.355  -17.840 0.0000000000
28502  -50.525  -53.019  -15.256 0.0000000000
28503  -49.216  -53.173  -13.362 0.0000000000
28504  -47.868  -53.407  -11.613 0.0000000000
28505  -46.594  -53.797  -10.035 0.0000000000
28506  -46.585  -52.945  -10.942 0.0000000000
28507  -45.434  -52.572  -10.453 0.0000000000
28508  -44.174  -52.318  -10.247 0.0000000000
28509  -43.386  -47.844  -12.647 0.0000000000
28510  -42.914  -49.459  -12.186 0.0000000000
28511  -42.066  -49.617  -12.852 0.0000000000
28512  -41.105  -51.530  -13.445 0.0000000000
28513  -40.659  -53.556  -14.164 0.0000000000
28514  -40.860  -55.689  -14.934 0.0000000000
28515  -41.023  -54.065  -15.449 0.0000000000
28516  -41.473  -54.471  -16.758 0.0000000000
28517  -41.968  -54.782  -18.002 0.0000000000
28518  -42.509  -55.290  -19.006 0.0000000000
28519  -41.801  -53.423  -18.222 0.0000000000
28520  -41.395  -52.064  -18.004 0.0000000000
28521  -40.889  -50.793  -17.618 0.0000000000
28522  -42.160  -42.420  -17.336 0.0000000000
28523  -41.042  -43.916  -17.125 0.0000000000
28524  -41.226  -42.786  -17.908 0.0000000000
28525  -40.440  -43.302  -18.452 0.0000000000
28526  -39.811  -44.001  -19.113 0.0000000000
28527  -39.307  -44.861  -19.746 0.0000000000
28528  -40.162  -42.830  -20.044 0.0000000000
28529  -40.599  -41.855  -20.976 0.0000000000
28530  -40.850  -40.914  -21.808 0.0000000000
28531  -49.344  -35.642  -24.855 0.0000000000
28532  -48.593  -36.630  -24.102 0.0000000000
28533  -48.530  -35.255  -24.137 0.0000000000
28534  -47.735  -35.034  -23.601 0.0000000000
28535  -46.881  -34.907  -23.297 0.0000000000
28537  -45.061  -32.241  -21.898 0.0000000000
28541  -41.928  -36.627  -22.130 0.0000000000
28542  -41.872  -35.539  -22.191 0.0000000000
29607  -37.186  -58.480  -17.501 0.0000000000
29608  -37.836  -56.898  -18.663 0.0000000000
29609  -38.534  -55.191  -19.531 0.0000000000
31926  -52.168  -45.767  -21.508 0.0000000000
31927  -51.955  -47.123  -20.427 0.0000000000
31928  -50.849  -47.864  -18.517 0.0000000000
31929  -49.790  -48.392  -16.738 0.0000000000
31930  -48.616  -49.046  -15.176 0.0000000000
31931  -47.429  -49.842  -13.854 0.0000000000
31932  -47.650  -48.378  -14.495 0.0000000000
31933  -46.831  -47.691  -13.833 0.0000000000
31934  -45.922  -47.069  -13.299 0.0000000000
31935  -47.421  -44.700  -15.737 0.0000000000
31936  -46.116  -45.583  -14.227 0.0000000000
31937  -44.910  -46.639  -13.167 0.0000000000
31938  -43.800  -46.333  -13.226 0.0000000000
31939  -42.713  -46.341  -13.619 0.0000000000
31940  -41.884  -46.538  -14.231 0.0000000000
31941  -41.290  -47.149  -14.926 0.0000000000
31942  -42.173  -45.196  -14.742 0.0000000000
31943  -42.492  -44.037  -15.407 0.0000000000
31944  -42.779  -42.996  -16.185 0.0000000000
31945  -45.224  -41.832  -17.227 0.0000000000
31946  -44.142  -41.877  -17.083 0.0000000000
31947  -43.089  -42.025  -17.144 0.0000000000
31948  -43.299  -41.250  -18.081 0.0000000000
31949  -43.398  -40.548  -19.079 0.0000000000
31950  -43.471  -39.780  -20.015 0.0000000000
31952  -48.241  -30.774  -24.517 0.0000000000
34241  -49.769  -40.993  -24.539 0.0000000000
34242  -48.872  -40.618  -24.126 0.0000000000
34243  -49.953  -39.879  -25.030 0.0000000000
34244  -50.217  -38.639  -25.368 0.0000000000
34245  -50.296  -37.338  -25.612 0.0000000000
34248  -50.150  -36.003  -25.671 0.0000000000
34249  -50.048  -34.395  -25.454 0.0000000000
34250  -49.920  -32.761  -25.484 0.0000000000
40339  -50.815  -58.847  -10.174 0.0000000000
40340  -49.768  -58.341  -9.816 0.0000000000
40341  -48.626  -57.854  -9.122 0.0000000000
40366  -50.241  -56.731  -11.323 0.0000000000
40367  -48.933  -56.990  -9.792 0.0000000000
40368  -47.474  -57.362  -8.430 0.0000000000
40369  -46.324  -56.895  -7.834 0.0000000000
40370  -45.095  -56.538  -7.315 0.0000000000
40372  -45.303  -54.437  -8.687 0.0000000000
40373  -43.788  -55.307  -7.711 0.0000000000
40377  -40.101  -58.087  -10.014 0.0000000000
40378  -46.000  -50.645  -12.419 0.0000000000
40379  -44.534  -51.306  -11.249 0.0000000000
40380  -42.879  -52.214  -10.448 0.0000000000
40381  -42.283  -50.958  -11.604 0.0000000000
40382  -41.815  -52.214  -10.951 0.0000000000
40383  -41.501  -53.448  -10.126 0.0000000000
40384  -40.486  -55.089  -10.319 0.0000000000
40385  -40.026  -56.967  -10.744 0.0000000000
40386  -40.161  -58.877  -11.361 0.0000000000
40387  -40.575  -59.701  -12.656 0.0000000000
40388  -41.090  -60.378  -13.948 0.0000000000
40389  -41.968  -60.817  -15.171 0.0000000000
40390  -41.281  -57.743  -15.596 0.0000000000
40391  -42.031  -59.520  -16.107 0.0000000000
40392  -42.892  -61.292  -16.424 0.0000000000
40397  -42.329  -59.477  -20.012 0.0000000000
40398  -41.477  -58.213  -20.174 0.0000000000
40399  -42.585  -55.868  -19.824 0.0000000000
40400  -41.935  -56.444  -20.259 0.0000000000
40401  -40.806  -57.001  -20.159 0.0000000000
40402  -40.190  -55.742  -20.133 0.0000000000
40403  -39.676  -54.483  -20.119 0.0000000000
40404  -39.210  -53.287  -20.081 0.0000000000
40405  -40.925  -47.899  -15.734 0.0000000000
40406  -40.612  -48.631  -16.582 0.0000000000
40407  -40.414  -49.501  -17.393 0.0000000000
40408  -40.181  -45.924  -17.062 0.0000000000
40409  -39.950  -48.215  -17.414 0.0000000000
40410  -40.220  -50.380  -18.218 0.0000000000
40411  -39.989  -50.938  -19.211 0.0000000000
40412  -39.562  -51.400  -19.992 0.0000000000
40413  -38.732  -52.035  -20.012 0.0000000000
40414  -38.245  -50.706  -20.002 0.0000000000
40415  -37.801  -49.506  -20.114 0.0000000000
40416  -37.504  -48.350  -20.343 0.0000000000
40417  -38.959  -45.594  -20.523 0.0000000000
40418  -38.387  -46.310  -21.100 0.0000000000
40419  -37.291  -47.050  -20.658 0.0000000000
40420  -37.149  -45.888  -21.048 0.0000000000
40421  -37.068  -44.652  -21.542 0.0000000000
40422  -36.814  -43.498  -21.831 0.0000000000
40423  -48.020  -40.210  -23.479 0.0000000000
40424  -47.255  -40.048  -23.073 0.0000000000
40425  -46.578  -39.818  -22.725 0.0000000000
40426  -47.557  -37.497  -23.676 0.0000000000
40427  -46.495  -38.643  -23.600 0.0000000000
40428  -45.797  -39.571  -22.325 0.0000000000
40429  -45.106  -39.231  -21.761 0.0000000000
40430  -44.302  -39.086  -21.347 0.0000000000
40431  -43.544  -39.092  -21.118 0.0000000000
40432  -47.742  -32.106  -23.530 0.0000000000
40433  -46.866  -33.534  -23.016 0.0000000000
40434  -45.948  -34.794  -23.102 0.0000000000
40435  -44.992  -33.618  -22.277 0.0000000000
40436  -44.962  -34.828  -22.887 0.0000000000
40437  -45.037  -36.077  -23.342 0.0000000000
40438  -44.208  -37.441  -23.099 0.0000000000
40439  -43.474  -38.379  -21.977 0.0000000000
40440  -42.653  -39.187  -21.085 0.0000000000
40441  -42.006  -39.364  -21.411 0.0000000000
40442  -41.377  -39.583  -21.779 0.0000000000
40443  -40.806  -39.952  -22.274 0.0000000000
40445  -40.634  -39.015  -22.088 0.0000000000
40446  -40.022  -40.429  -22.627 0.0000000000
40447  -39.061  -41.028  -22.770 0.0000000000
40448  -37.866  -41.647  -22.563 0.0000000000
40449  -36.555  -42.292  -22.055 0.0000000000
40450  -36.336  -40.960  -22.309 0.0000000000
40452  -36.028  -38.624  -23.370 0.0000000000
41696  -47.133  -58.636  -7.535 0.0000000000
41700  -46.611  -58.097  -7.544 0.0000000000
41704  -49.553  -41.718  -23.456 0.0000000000
41705  -49.686  -42.059  -22.844 0.0000000000
41706  -49.263  -41.791  -22.543 0.0000000000
41707  -48.956  -41.832  -21.660 0.0000000000
41708  -48.812  -41.567  -22.298 0.0000000000
41709  -48.442  -41.308  -22.042 0.0000000000
41710  -48.654  -41.182  -22.889 0.0000000000
42334  -37.738  -54.591  -19.123 0.0000000000
42335  -37.221  -54.736  -18.589 0.0000000000
42336  -37.556  -53.887  -19.095 0.0000000000
42337  -37.349  -53.201  -19.036 0.0000000000
42338  -37.879  -53.095  -19.408 0.0000000000
43976  -40.244  -60.548  -10.265 0.0000000000
43977  -40.310  -61.502  -10.609 0.0000000000
43978  -40.378  -60.990  -10.932 0.0000000000
43979  -40.544  -61.375  -11.557 0.0000000000
43980  -40.393  -60.491  -11.243 0.0000000000
43992  -49.080  -50.080  -15.269 0.0000000000
43993  -49.669  -50.436  -15.673 0.0000000000
43994  -48.984  -50.766  -14.933 0.0000000000
43995  -48.833  -51.427  -14.470 0.0000000000
43996  -48.279  -51.113  -14.114 0.0000000000
43997  -47.582  -51.499  -13.268 0.0000000000
43998  -47.735  -50.854  -13.778 0.0000000000
43999  -41.463  -48.342  -14.375 0.0000000000
44000  -41.444  -49.180  -14.343 0.0000000000
44001  -41.300  -49.425  -14.886 0.0000000000
44002  -41.249  -50.504  -15.425 0.0000000000
44003  -41.231  -49.676  -15.327 0.0000000000
44004  -41.170  -49.975  -15.820 0.0000000000
44005  -41.185  -48.941  -15.283 0.0000000000
44006  -42.607  -40.255  -19.667 0.0000000000
44007  -42.121  -40.734  -19.473 0.0000000000
44008  -42.199  -40.398  -19.911 0.0000000000
44009  -41.853  -40.489  -20.153 0.0000000000
44010  -42.269  -40.002  -20.361 0.0000000000
44011  -49.024  -31.738  -25.025 0.0000000000
44012  -48.792  -32.389  -24.554 0.0000000000
44013  -48.679  -31.622  -24.708 0.0000000000
44734  -39.828  -59.679  -19.260 0.0000000000
44735  -39.123  -59.888  -18.738 0.0000000000
44736  -39.491  -59.156  -19.260 0.0000000000
44737  -39.164  -58.502  -19.248 0.0000000000
44738  -39.838  -58.310  -19.611 0.0000000000
46392  -49.861  -44.515  -19.281 0.0000000000
46393  -50.324  -44.816  -19.628 0.0000000000
46394  -49.749  -45.173  -18.587 0.0000000000
46395  -49.604  -45.892  -17.919 0.0000000000
46396  -49.182  -45.480  -17.583 0.0000000000
46397  -48.662  -45.746  -16.651 0.0000000000
46398  -48.761  -45.085  -17.217 0.0000000000
46399  -46.290  -42.936  -16.402 0.0000000000
46400  -46.146  -43.445  -15.749 0.0000000000
46401  -45.699  -43.260  -15.662 0.0000000000
46402  -44.998  -43.715  -15.050 0.0000000000
46403  -45.204  -43.130  -15.590 0.0000000000
46404  -44.784  -43.094  -15.592 0.0000000000
46405  -45.424  -42.687  -16.153 0.0000000000
46406  -46.134  -40.497  -20.619 0.0000000000
46407  -45.787  -40.651  -19.775 0.0000000000
46408  -45.708  -40.372  -20.353 0.0000000000
46409  -45.310  -40.277  -20.122 0.0000000000
46410  -45.658  -40.109  -20.866 0.0000000000
48209  -51.521  -32.538  -27.076 0.0000000000
53262  -48.474  -54.147  -11.453 0.0000000000
53263  -49.074  -54.511  -11.868 0.0000000000
53264  -48.458  -54.604  -10.975 0.0000000000
53265  -48.459  -55.120  -10.515 0.0000000000
53266  -47.825  -54.759  -10.193 0.0000000000
53267  -47.231  -55.057  -9.446 0.0000000000
53268  -47.236  -54.513  -9.888 0.0000000000
53269  -43.264  -53.194  -9.404 0.0000000000
53270  -43.178  -53.702  -8.973 0.0000000000
53271  -42.507  -53.757  -9.101 0.0000000000
53272  -41.838  -54.367  -8.966 0.0000000000
53273  -41.904  -53.836  -9.380 0.0000000000
53274  -45.032  -48.284  -12.543 0.0000000000
53275  -44.765  -49.048  -12.238 0.0000000000
53276  -44.233  -48.914  -12.171 0.0000000000
53277  -40.480  -54.118  -13.259 0.0000000000
53278  -40.473  -53.752  -12.586 0.0000000000
53279  -40.351  -54.812  -12.928 0.0000000000
53280  -40.201  -55.495  -12.563 0.0000000000
53281  -40.326  -55.856  -13.283 0.0000000000
53282  -40.344  -56.879  -13.584 0.0000000000
53283  -40.498  -56.184  -13.910 0.0000000000
53284  -42.375  -56.513  -18.169 0.0000000000
53285  -42.403  -57.305  -17.865 0.0000000000
53286  -42.700  -57.467  -18.438 0.0000000000
53287  -43.037  -58.463  -18.638 0.0000000000
53288  -42.908  -57.646  -18.914 0.0000000000
53289  -43.112  -57.916  -19.436 0.0000000000
53290  -42.828  -56.939  -19.124 0.0000000000
53291  -41.072  -52.171  -18.706 0.0000000000
53292  -41.273  -53.101  -19.311 0.0000000000
53293  -40.931  -52.539  -19.159 0.0000000000
53294  -40.845  -52.760  -19.537 0.0000000000
53295  -40.618  -51.866  -18.977 0.0000000000
53296  -41.690  -43.887  -16.199 0.0000000000
53297  -41.224  -44.835  -16.138 0.0000000000
53298  -41.320  -44.224  -16.468 0.0000000000
53299  -39.337  -45.845  -18.597 0.0000000000
53300  -39.303  -46.482  -18.335 0.0000000000
53301  -39.145  -46.893  -18.725 0.0000000000
53302  -39.102  -47.991  -18.869 0.0000000000
53303  -38.940  -47.233  -19.098 0.0000000000
53304  -38.885  -47.684  -19.441 0.0000000000
53305  -38.920  -46.534  -19.391 0.0000000000
53306  -40.321  -41.831  -22.279 0.0000000000
53307  -39.762  -42.806  -21.992 0.0000000000
53308  -39.808  -42.212  -22.364 0.0000000000
53309  -39.421  -42.735  -22.531 0.0000000000
53310  -39.773  -41.689  -22.641 0.0000000000
53311  -49.455  -37.692  -24.737 0.0000000000
53312  -48.810  -38.122  -24.309 0.0000000000
53313  -48.984  -37.518  -24.309 0.0000000000
53314  -46.312  -36.039  -23.542 0.0000000000
53315  -46.309  -36.632  -23.682 0.0000000000
53316  -45.886  -36.615  -23.661 0.0000000000
53317  -45.470  -37.219  -23.654 0.0000000000
53318  -45.450  -36.600  -23.587 0.0000000000
53319  -46.279  -30.533  -22.747 0.0000000000
53320  -46.422  -31.284  -22.701 0.0000000000
53321  -45.946  -31.347  -22.337 0.0000000000
53322  -42.993  -35.869  -22.636 0.0000000000
53323  -43.336  -35.813  -22.920 0.0000000000
53324  -42.989  -36.448  -22.729 0.0000000000
53325  -42.989  -36.936  -22.696 0.0000000000
53326  -42.639  -37.046  -22.363 0.0000000000
53327  -42.286  -37.511  -22.200 0.0000000000
53328  -42.253  -37.021  -22.259 0.0000000000
53329  -39.711  -37.315  -22.127 0.0000000000
53332  -38.949  -38.727  -22.365 0.0000000000
54336  -40.942  -61.620  -19.116 0.0000000000
54337  -40.520  -60.919  -19.188 0.0000000000
54338  -41.383  -60.708  -19.520 0.0000000000
55991  -50.930  -42.643  -23.702 0.0000000000
55992  -49.852  -42.624  -21.575 0.0000000000
55993  -50.271  -42.852  -21.972 0.0000000000
55994  -49.963  -42.923  -21.005 0.0000000000
55995  -49.994  -43.344  -20.454 0.0000000000
55996  -49.509  -43.103  -20.033 0.0000000000
55997  -49.047  -43.305  -19.163 0.0000000000
55998  -49.051  -42.853  -19.709 0.0000000000
55999  -48.282  -42.045  -19.821 0.0000000000
56000  -48.206  -42.383  -19.218 0.0000000000
56001  -47.799  -42.198  -19.049 0.0000000000
56002  -47.304  -42.388  -18.153 0.0000000000
56003  -47.411  -42.023  -18.904 0.0000000000
56004  -47.039  -41.867  -18.668 0.0000000000
56005  -47.465  -41.739  -19.506 0.0000000000
56006  -47.712  -41.004  -21.470 0.0000000000
56007  -47.389  -41.175  -20.727 0.0000000000
56008  -47.276  -40.862  -21.264 0.0000000000
56009  -46.916  -40.780  -21.165 0.0000000000
56010  -47.119  -40.688  -21.820 0.0000000000
57879  -36.310  -58.112  -16.636 0.0000000000
57881  -36.070  -57.483  -16.627 0.0000000000
57882  -36.004  -55.221  -17.233 0.0000000000
62809  -40.538  -63.307  -11.205 0.0000000000
62810  -40.381  -63.952  -10.898 0.0000000000
62811  -40.691  -64.296  -11.506 0.0000000000
62813  -40.923  -64.803  -12.114 0.0000000000
62815  -40.874  -64.195  -12.484 0.0000000000
62816  -40.926  -62.192  -12.786 0.0000000000
62817  -41.000  -63.185  -13.101 0.0000000000
62818  -41.113  -62.594  -13.402 0.0000000000
62819  -41.419  -62.985  -14.067 0.0000000000
62820  -41.273  -62.022  -13.709 0.0000000000
62852  -51.390  -48.857  -18.510 0.0000000000
62853  -52.019  -49.261  -18.992 0.0000000000
62854  -51.434  -49.530  -18.190 0.0000000000
62855  -50.819  -51.244  -16.550 0.0000000000
62856  -51.451  -50.924  -17.403 0.0000000000
62857  -51.373  -51.667  -16.965 0.0000000000
62859  -51.244  -52.320  -16.571 0.0000000000
62860  -51.182  -52.919  -16.149 0.0000000000
62861  -50.585  -52.478  -15.707 0.0000000000
62862  -48.561  -52.505  -13.397 0.0000000000
62863  -49.240  -52.779  -13.846 0.0000000000
62864  -48.533  -52.906  -12.935 0.0000000000
62865  -48.519  -53.281  -12.458 0.0000000000
62866  -47.878  -53.012  -12.076 0.0000000000
62867  -47.237  -53.174  -11.262 0.0000000000
62868  -47.244  -52.778  -11.738 0.0000000000
62869  -46.230  -51.923  -11.621 0.0000000000
62870  -46.104  -52.315  -11.124 0.0000000000
62871  -45.602  -52.197  -10.883 0.0000000000
62872  -44.796  -52.427  -10.293 0.0000000000
62873  -44.948  -51.981  -10.786 0.0000000000
62874  -42.886  -47.807  -12.861 0.0000000000
62875  -42.688  -48.653  -12.634 0.0000000000
62876  -42.255  -48.701  -13.024 0.0000000000
62877  -41.256  -50.905  -14.220 0.0000000000
62878  -41.362  -50.712  -13.679 0.0000000000
62879  -41.032  -51.736  -14.034 0.0000000000
62880  -40.779  -52.490  -13.788 0.0000000000
62881  -40.786  -52.819  -14.410 0.0000000000
62882  -40.827  -53.824  -14.783 0.0000000000
62883  -40.930  -53.016  -15.103 0.0000000000
62884  -41.252  -52.562  -16.418 0.0000000000
62885  -41.255  -53.429  -16.306 0.0000000000
62886  -41.475  -53.653  -16.922 0.0000000000
62887  -41.751  -54.635  -17.355 0.0000000000
62888  -41.722  -53.804  -17.586 0.0000000000
62889  -41.906  -54.092  -18.160 0.0000000000
62890  -41.611  -53.119  -17.615 0.0000000000
62891  -41.150  -50.652  -16.843 0.0000000000
62892  -41.269  -51.659  -17.474 0.0000000000
62893  -41.129  -51.016  -17.327 0.0000000000
62894  -41.126  -51.424  -17.829 0.0000000000
62895  -40.961  -50.364  -17.171 0.0000000000
62896  -42.247  -41.964  -17.824 0.0000000000
62897  -41.655  -42.552  -17.602 0.0000000000
62898  -41.740  -42.067  -18.010 0.0000000000
62899  -41.080  -42.046  -18.952 0.0000000000
62900  -40.931  -42.509  -18.529 0.0000000000
62901  -40.551  -42.765  -18.838 0.0000000000
62902  -40.114  -43.661  -18.778 0.0000000000
62903  -40.253  -43.078  -19.195 0.0000000000
62904  -39.971  -43.395  -19.538 0.0000000000
62905  -40.441  -42.559  -19.656 0.0000000000
62906  -41.224  -40.908  -20.742 0.0000000000
62907  -40.846  -41.643  -20.633 0.0000000000
62908  -40.995  -41.145  -21.066 0.0000000000
62909  -40.768  -41.405  -21.379 0.0000000000
62910  -41.111  -40.704  -21.521 0.0000000000
62911  -49.254  -34.881  -24.816 0.0000000000
62912  -48.946  -35.428  -24.458 0.0000000000
62913  -48.898  -34.744  -24.460 0.0000000000
62914  -48.103  -33.632  -23.840 0.0000000000
62915  -48.114  -34.365  -23.870 0.0000000000
62916  -47.719  -34.288  -23.545 0.0000000000
62917  -47.300  -34.917  -23.382 0.0000000000
62918  -47.294  -34.287  -23.313 0.0000000000
65082  -37.842  -60.357  -17.425 0.0000000000
65083  -37.468  -61.282  -16.709 0.0000000000
65084  -37.271  -60.631  -16.698 0.0000000000
65085  -36.515  -60.885  -15.910 0.0000000000
65086  -37.051  -60.009  -16.672 0.0000000000
65087  -36.813  -59.392  -16.642 0.0000000000
65088  -37.418  -59.050  -17.508 0.0000000000
65089  -38.622  -57.297  -19.177 0.0000000000
65090  -38.045  -57.514  -18.712 0.0000000000
65091  -38.390  -56.649  -19.158 0.0000000000
65092  -38.159  -55.992  -19.135 0.0000000000
65093  -38.762  -55.825  -19.539 0.0000000000
70052  -51.722  -43.742  -23.101 0.0000000000
70054  -51.749  -44.280  -22.478 0.0000000000
70055  -51.099  -45.646  -20.364 0.0000000000
70056  -51.650  -45.401  -21.305 0.0000000000
70057  -51.551  -46.033  -20.691 0.0000000000
70058  -52.083  -46.348  -20.971 0.0000000000
70059  -51.462  -46.731  -20.090 0.0000000000
70060  -51.368  -47.479  -19.482 0.0000000000
70061  -50.932  -47.133  -19.042 0.0000000000
70062  -49.333  -47.315  -16.805 0.0000000000
70063  -49.839  -47.749  -17.199 0.0000000000
70064  -49.251  -48.030  -16.356 0.0000000000
70065  -49.204  -48.666  -15.955 0.0000000000
70066  -48.699  -48.337  -15.529 0.0000000000
70067  -48.128  -48.729  -14.830 0.0000000000
70068  -48.256  -47.957  -15.162 0.0000000000
70069  -47.552  -46.455  -14.907 0.0000000000
70070  -47.391  -47.232  -14.490 0.0000000000
70071  -46.965  -46.898  -14.185 0.0000000000
70072  -46.387  -47.367  -13.578 0.0000000000
70073  -46.517  -46.581  -13.946 0.0000000000
70074  -48.026  -43.810  -17.264 0.0000000000
70075  -47.936  -44.399  -16.576 0.0000000000
70076  -47.516  -44.122  -16.302 0.0000000000
70077  -45.783  -44.653  -14.619 0.0000000000
70078  -46.300  -44.905  -14.757 0.0000000000
70079  -45.634  -45.348  -14.041 0.0000000000
70080  -45.532  -46.096  -13.583 0.0000000000
70081  -45.013  -45.921  -13.532 0.0000000000
70082  -44.335  -46.460  -13.149 0.0000000000
70083  -44.498  -45.740  -13.540 0.0000000000
70084  -43.669  -44.870  -14.172 0.0000000000
70085  -43.458  -45.556  -13.772 0.0000000000
70086  -42.910  -45.575  -13.959 0.0000000000
70087  -42.266  -46.430  -13.888 0.0000000000
70088  -42.414  -45.667  -14.210 0.0000000000
70089  -42.021  -45.854  -14.452 0.0000000000
70090  -42.622  -45.026  -14.514 0.0000000000
70091  -43.732  -43.188  -15.634 0.0000000000
70092  -42.997  -43.829  -15.236 0.0000000000
70093  -43.147  -43.316  -15.643 0.0000000000
70094  -42.650  -43.490  -15.765 0.0000000000
70095  -43.311  -42.841  -16.135 0.0000000000
70096  -46.236  -41.654  -18.273 0.0000000000
70097  -45.703  -41.903  -17.383 0.0000000000
70098  -45.767  -41.553  -18.102 0.0000000000
70099  -44.795  -41.141  -18.348 0.0000000000
70100  -44.735  -41.446  -17.712 0.0000000000
70101  -44.203  -41.538  -17.548 0.0000000000
70102  -43.593  -41.955  -17.077 0.0000000000
70103  -43.689  -41.558  -17.561 0.0000000000
70104  -43.207  -41.632  -17.602 0.0000000000
70105  -43.781  -41.200  -18.048 0.0000000000
70106  -44.369  -40.158  -19.679 0.0000000000
70107  -43.900  -40.519  -19.103 0.0000000000
70108  -43.930  -40.137  -19.557 0.0000000000
70109  -43.446  -40.162  -19.532 0.0000000000
70110  -43.914  -39.825  -20.107 0.0000000000
75416  -49.332  -59.419  -8.515 0.0000000000
75420  -48.919  -58.829  -8.682 0.0000000000
75487  -50.294  -41.236  -24.717 0.0000000000
75489  -49.830  -40.463  -24.800 0.0000000000
75490  -50.434  -40.011  -25.258 0.0000000000
75492  -50.685  -38.808  -25.679 0.0000000000
75493  -50.757  -38.180  -25.816 0.0000000000
75494  -50.296  -38.004  -25.497 0.0000000000
75495  -50.798  -37.495  -25.954 0.0000000000
75502  -50.542  -36.121  -25.969 0.0000000000
75503  -50.522  -35.365  -25.898 0.0000000000
75504  -50.093  -35.158  -25.559 0.0000000000
75505  -50.514  -34.641  -25.797 0.0000000000
75506  -50.622  -32.165  -26.342 0.0000000000
75507  -50.344  -32.905  -25.791 0.0000000000
75508  -50.228  -32.092  -25.971 0.0000000000
75509  -49.825  -31.938  -25.636 0.0000000000
90504  -39.676  -65.833  -10.194 0.0000000000
90603  -51.522  -58.737  -10.681 0.0000000000
90604  -50.578  -57.907  -10.851 0.0000000000
90605  -50.482  -58.292  -10.490 0.0000000000
90606  -49.931  -57.948  -10.195 0.0000000000
90607  -49.187  -58.056  -9.491 0.0000000000
90608  -49.354  -57.644  -9.878 0.0000000000
90662  -51.096  -53.881  -15.151 0.0000000000
90664  -51.062  -54.365  -14.680 0.0000000000
90665  -50.352  -55.388  -12.630 0.0000000000
90666  -50.998  -55.335  -13.534 0.0000000000
90667  -50.972  -55.797  -13.030 0.0000000000
90669  -50.914  -56.238  -12.574 0.0000000000
90670  -50.871  -56.674  -12.123 0.0000000000
90671  -50.269  -56.326  -11.734 0.0000000000
90672  -48.413  -56.180  -9.720 0.0000000000
90673  -49.010  -56.517  -10.124 0.0000000000
90674  -48.338  -56.658  -9.409 0.0000000000
90675  -48.220  -57.152  -9.075 0.0000000000
90676  -47.628  -56.882  -8.711 0.0000000000
90677  -46.886  -57.127  -8.138 0.0000000000
90678  -47.070  -56.627  -8.427 0.0000000000
90679  -45.905  -55.609  -8.150 0.0000000000
90680  -45.808  -56.144  -7.835 0.0000000000
90681  -45.158  -55.983  -7.618 0.0000000000
90683  -44.450  -55.877  -7.438 0.0000000000
90684  -45.951  -53.617  -9.762 0.0000000000
90685  -45.955  -54.092  -9.282 0.0000000000
90686  -45.263  -53.913  -9.059 0.0000000000
90687  -43.075  -54.763  -8.166 0.0000000000
90688  -43.788  -54.737  -8.093 0.0000000000
90689  -43.073  -55.306  -7.765 0.0000000000
90690  -43.016  -55.826  -7.388 0.0000000000
90691  -42.334  -55.860  -7.535 0.0000000000
90698  -40.183  -57.168  -9.735 0.0000000000
90699  -46.932  -49.541  -13.513 0.0000000000
90700  -46.718  -50.270  -13.109 0.0000000000
90701  -46.230  -50.031  -12.819 0.0000000000
90702  -44.184  -50.550  -11.543 0.0000000000
90703  -44.718  -50.737  -11.651 0.0000000000
90704  -43.921  -51.181  -11.192 0.0000000000
90705  -43.683  -51.743  -10.767 0.0000000000
90706  -43.086  -51.668  -10.882 0.0000000000
90707  -42.188  -50.310  -12.209 0.0000000000
90708  -42.604  -50.261  -11.907 0.0000000000
90709  -41.866  -51.027  -11.954 0.0000000000
90710  -40.806  -53.195  -11.432 0.0000000000
90711  -41.355  -52.352  -11.306 0.0000000000
90712  -41.181  -52.998  -10.952 0.0000000000
90713  -41.654  -52.876  -10.551 0.0000000000
90714  -41.066  -53.623  -10.565 0.0000000000
90715  -40.963  -54.202  -10.204 0.0000000000
90716  -40.566  -54.471  -10.686 0.0000000000
90717  -39.998  -56.749  -11.823 0.0000000000
90718  -40.032  -56.391  -11.111 0.0000000000
90719  -40.005  -57.313  -11.453 0.0000000000
90720  -40.025  -57.911  -11.066 0.0000000000
90721  -40.098  -58.336  -11.751 0.0000000000
90722  -40.323  -59.331  -12.028 0.0000000000
90723  -40.239  -58.778  -12.471 0.0000000000
90724  -40.761  -58.843  -14.204 0.0000000000
90725  -40.768  -59.431  -13.769 0.0000000000
90726  -41.081  -59.764  -14.399 0.0000000000
90727  -41.481  -60.672  -14.530 0.0000000000
90728  -41.503  -59.979  -15.036 0.0000000000
90729  -41.120  -55.833  -15.612 0.0000000000
90730  -41.031  -56.638  -15.302 0.0000000000
90731  -41.367  -56.958  -15.935 0.0000000000
90732  -42.547  -58.961  -17.233 0.0000000000
90733  -42.065  -58.802  -16.563 0.0000000000
90734  -42.527  -59.789  -16.744 0.0000000000
90735  -42.499  -60.402  -16.308 0.0000000000
90736  -42.949  -60.640  -16.874 0.0000000000
90737  -43.354  -61.498  -17.028 0.0000000000
90738  -43.369  -60.831  -17.499 0.0000000000
90746  -42.882  -58.330  -20.061 0.0000000000
90747  -42.771  -59.226  -19.999 0.0000000000
90748  -42.454  -58.612  -20.143 0.0000000000
90749  -41.877  -58.827  -20.105 0.0000000000
90750  -42.089  -57.943  -20.220 0.0000000000
90751  -42.269  -54.568  -19.128 0.0000000000
90752  -42.591  -55.538  -19.432 0.0000000000
90753  -42.348  -54.882  -19.506 0.0000000000
90754  -41.617  -54.821  -20.062 0.0000000000
90755  -41.966  -55.483  -20.114 0.0000000000
90756  -41.612  -55.727  -20.268 0.0000000000
90757  -41.465  -56.677  -20.303 0.0000000000
90758  -41.115  -56.104  -20.252 0.0000000000
90759  -40.495  -56.325  -20.147 0.0000000000
90760  -40.784  -55.454  -20.275 0.0000000000
90761  -40.386  -53.310  -20.155 0.0000000000
90762  -40.214  -54.230  -20.273 0.0000000000
90763  -39.979  -53.660  -20.261 0.0000000000
90764  -39.469  -53.946  -20.109 0.0000000000
90765  -39.730  -53.042  -20.234 0.0000000000
90766  -41.340  -46.467  -15.098 0.0000000000
90767  -41.054  -47.529  -15.288 0.0000000000
90768  -41.048  -46.870  -15.427 0.0000000000
90769  -40.551  -46.907  -16.329 0.0000000000
90770  -40.646  -47.569  -16.220 0.0000000000
90771  -40.446  -47.910  -16.585 0.0000000000
90772  -40.512  -49.059  -16.985 0.0000000000
90773  -40.285  -48.369  -17.002 0.0000000000
90774  -40.658  -44.233  -17.384 0.0000000000
90775  -40.586  -44.874  -17.067 0.0000000000
90776  -40.246  -45.181  -17.428 0.0000000000
90777  -39.535  -47.929  -17.984 0.0000000000
90778  -39.782  -47.483  -17.537 0.0000000000
90779  -39.808  -48.716  -17.827 0.0000000000
90780  -40.047  -49.336  -17.797 0.0000000000
90781  -39.931  -49.725  -18.174 0.0000000000
90782  -40.112  -50.663  -18.705 0.0000000000
90783  -39.844  -50.092  -18.655 0.0000000000
90784  -39.235  -49.852  -19.569 0.0000000000
90785  -39.491  -50.505  -19.611 0.0000000000
90786  -39.299  -50.700  -19.950 0.0000000000
90787  -39.189  -51.641  -20.121 0.0000000000
90788  -38.951  -50.972  -20.083 0.0000000000
90789  -38.487  -51.355  -20.002 0.0000000000
90790  -38.731  -50.359  -20.071 0.0000000000
90791  -38.513  -48.306  -20.128 0.0000000000
90792  -38.261  -49.108  -20.195 0.0000000000
90793  -38.134  -48.561  -20.341 0.0000000000
90794  -37.640  -48.925  -20.220 0.0000000000
90795  -38.030  -47.943  -20.524 0.0000000000
90796  -39.483  -44.206  -20.228 0.0000000000
90797  -39.127  -45.245  -20.139 0.0000000000
90798  -39.334  -44.620  -20.621 0.0000000000
90799  -38.857  -44.709  -21.719 0.0000000000
90800  -38.784  -45.346  -21.288 0.0000000000
90801  -38.375  -45.718  -21.386 0.0000000000
90802  -37.890  -46.708  -21.027 0.0000000000
90803  -37.813  -46.095  -21.296 0.0000000000
90804  -37.218  -46.414  -20.855 0.0000000000
90805  -37.784  -45.450  -21.531 0.0000000000
90806  -38.260  -43.372  -22.361 0.0000000000
90807  -37.741  -44.340  -22.005 0.0000000000
90808  -37.625  -43.848  -22.052 0.0000000000
90809  -36.993  -44.042  -21.759 0.0000000000
90810  -37.492  -43.260  -22.149 0.0000000000
90811  -48.878  -40.135  -24.401 0.0000000000
90812  -48.438  -40.404  -23.823 0.0000000000
90813  -48.448  -39.906  -24.101 0.0000000000
90814  -47.690  -39.012  -23.737 0.0000000000
90815  -47.636  -39.574  -23.576 0.0000000000
90816  -47.231  -39.493  -23.458 0.0000000000
90817  -46.915  -39.964  -22.947 0.0000000000
90818  -46.832  -39.470  -23.380 0.0000000000
90819  -48.182  -36.457  -23.830 0.0000000000
90820  -48.112  -37.078  -23.811 0.0000000000
90821  -47.641  -36.871  -23.686 0.0000000000
90822  -46.222  -37.865  -23.720 0.0000000000
90823  -46.599  -37.968  -23.737 0.0000000000
90824  -46.150  -38.540  -23.526 0.0000000000
90825  -46.137  -39.150  -23.139 0.0000000000
90826  -45.752  -39.071  -22.915 0.0000000000
90827  -45.475  -39.445  -22.014 0.0000000000
90828  -45.407  -38.955  -22.628 0.0000000000
90829  -44.588  -38.399  -22.671 0.0000000000
90830  -44.650  -38.814  -22.119 0.0000000000
90831  -44.243  -38.796  -21.931 0.0000000000
90832  -43.912  -39.072  -21.221 0.0000000000
90833  -43.872  -38.737  -21.688 0.0000000000
90834  -47.914  -30.705  -24.198 0.0000000000
90835  -47.985  -31.440  -24.048 0.0000000000
90836  -47.646  -31.382  -23.672 0.0000000000
90837  -46.447  -32.794  -22.694 0.0000000000
90838  -46.876  -32.777  -22.929 0.0000000000
90839  -46.438  -33.522  -22.834 0.0000000000
90840  -46.437  -34.158  -22.993 0.0000000000
90841  -45.964  -34.150  -22.862 0.0000000000
90843  -45.018  -32.941  -22.087 0.0000000000
90844  -44.579  -33.688  -22.204 0.0000000000
90845  -44.180  -35.634  -23.107 0.0000000000
90846  -44.511  -34.826  -22.789 0.0000000000
90847  -44.546  -35.423  -23.015 0.0000000000
90848  -45.009  -35.421  -23.126 0.0000000000
90849  -44.579  -36.109  -23.303 0.0000000000
90850  -44.603  -36.812  -23.414 0.0000000000
90851  -44.154  -36.860  -23.266 0.0000000000
90852  -43.005  -37.867  -22.231 0.0000000000
90853  -43.427  -37.906  -22.366 0.0000000000
90854  -43.081  -38.362  -21.863 0.0000000000
90855  -43.133  -38.760  -21.497 0.0000000000
90856  -42.740  -38.852  -21.481 0.0000000000
90857  -42.346  -39.277  -21.267 0.0000000000
90858  -42.366  -38.872  -21.564 0.0000000000
90859  -41.664  -38.605  -21.893 0.0000000000
90860  -41.644  -39.072  -21.728 0.0000000000
90861  -41.352  -39.098  -21.964 0.0000000000
90862  -41.106  -39.760  -22.050 0.0000000000
90863  -41.055  -39.270  -22.028 0.0000000000
90865  -41.555  -37.171  -22.024 0.0000000000
90867  -40.048  -38.793  -22.122 0.0000000000
90868  -40.445  -38.623  -21.976 0.0000000000
90869  -40.141  -39.255  -22.197 0.0000000000
90870  -40.309  -39.773  -22.282 0.0000000000
90871  -39.890  -39.975  -22.530 0.0000000000
90872  -39.587  -40.755  -22.717 0.0000000000
90873  -39.430  -40.272  -22.576 0.0000000000
90875  -38.268  -40.869  -22.633 0.0000000000
90876  -37.682  -41.092  -22.566 0.0000000000
90877  -37.211  -42.043  -22.297 0.0000000000
90878  -37.073  -41.404  -22.412 0.0000000000
90879  -36.435  -41.595  -22.176 0.0000000000
90880  -36.995  -40.784  -22.551 0.0000000000
93498  -50.370  -42.119  -23.872 0.0000000000
93499  -50.489  -42.458  -23.404 0.0000000000
93500  -50.100  -42.282  -23.113 0.0000000000
93501  -49.773  -42.260  -22.187 0.0000000000
93502  -49.450  -42.423  -21.176 0.0000000000
93503  -49.069  -42.470  -20.322 0.0000000000
93504  -49.032  -42.123  -20.970 0.0000000000
93505  -48.620  -41.866  -20.698 0.0000000000
93506  -48.264  -41.655  -20.495 0.0000000000
93507  -47.820  -41.565  -20.255 0.0000000000
93508  -48.191  -41.387  -21.109 0.0000000000
93509  -48.063  -41.206  -21.673 0.0000000000
93510  -47.893  -40.901  -22.286 0.0000000000
94632  -37.063  -56.342  -18.027 0.0000000000
94633  -36.469  -56.599  -17.325 0.0000000000
94634  -36.858  -55.652  -17.958 0.0000000000
94635  -36.630  -54.991  -17.894 0.0000000000
94638  -36.808  -53.422  -18.456 0.0000000000
94639  -37.111  -52.592  -18.939 0.0000000000
94640  -37.474  -51.847  -19.323 0.0000000000
97590  -40.202  -62.044  -10.299 0.0000000000
97591  -40.409  -62.349  -10.906 0.0000000000
97592  -40.641  -62.783  -11.536 0.0000000000
97593  -40.800  -63.201  -12.196 0.0000000000
97594  -40.707  -62.269  -11.868 0.0000000000
97595  -40.751  -61.739  -12.161 0.0000000000
97596  -40.806  -61.278  -12.458 0.0000000000
97616  -50.321  -49.349  -16.847 0.0000000000
97617  -50.908  -49.736  -17.347 0.0000000000
97618  -50.306  -50.080  -16.496 0.0000000000
97619  -50.200  -50.805  -16.109 0.0000000000
97620  -50.104  -51.464  -15.736 0.0000000000
97621  -49.952  -52.094  -15.288 0.0000000000
97622  -49.353  -51.756  -14.860 0.0000000000
97623  -48.667  -52.002  -13.918 0.0000000000
97624  -47.985  -52.207  -13.063 0.0000000000
97625  -47.345  -52.379  -12.241 0.0000000000
97626  -47.443  -51.967  -12.755 0.0000000000
97627  -46.893  -51.678  -12.428 0.0000000000
97628  -46.320  -51.425  -12.212 0.0000000000
97629  -42.022  -48.000  -13.537 0.0000000000
97630  -41.905  -48.861  -13.447 0.0000000000
97631  -41.642  -49.046  -13.848 0.0000000000
97632  -41.410  -50.042  -14.351 0.0000000000
97633  -41.186  -51.132  -14.857 0.0000000000
97634  -41.080  -52.187  -15.257 0.0000000000
97635  -41.204  -51.338  -15.392 0.0000000000
97636  -41.268  -51.492  -15.949 0.0000000000
97637  -41.262  -51.667  -16.457 0.0000000000
97638  -41.383  -52.017  -17.013 0.0000000000
97639  -41.250  -50.946  -16.423 0.0000000000
97640  -41.166  -50.271  -16.304 0.0000000000
97641  -41.044  -49.614  -16.210 0.0000000000
97642  -42.466  -41.005  -18.839 0.0000000000
97643  -41.840  -41.601  -18.459 0.0000000000
97644  -41.975  -41.137  -18.963 0.0000000000
97645  -41.569  -41.333  -19.150 0.0000000000
97646  -41.223  -41.548  -19.503 0.0000000000
97647  -40.888  -41.784  -19.791 0.0000000000
97648  -41.359  -41.063  -20.023 0.0000000000
97649  -41.482  -40.674  -20.484 0.0000000000
97650  -41.582  -40.249  -20.911 0.0000000000
97651  -49.200  -33.304  -24.764 0.0000000000
97652  -48.836  -33.944  -24.437 0.0000000000
97653  -48.801  -33.199  -24.447 0.0000000000
97654  -48.392  -32.992  -24.121 0.0000000000
97655  -48.076  -32.928  -23.840 0.0000000000
98952  -38.943  -61.499  -18.070 0.0000000000
98953  -38.258  -61.742  -17.396 0.0000000000
98954  -38.696  -60.826  -18.085 0.0000000000
98955  -38.442  -60.123  -18.099 0.0000000000
98956  -38.226  -59.523  -18.102 0.0000000000
98957  -38.005  -58.870  -18.140 0.0000000000
98958  -38.540  -58.678  -18.759 0.0000000000
98959  -38.872  -57.883  -19.217 0.0000000000
98960  -39.277  -57.084  -19.597 0.0000000000
101936  -50.916  -44.046  -21.227 0.0000000000
101937  -51.341  -44.446  -21.581 0.0000000000
101938  -50.848  -44.596  -20.625 0.0000000000
101939  -50.736  -45.204  -20.031 0.0000000000
101940  -50.654  -45.924  -19.353 0.0000000000
101941  -50.537  -46.685  -18.710 0.0000000000
101942  -50.055  -46.294  -18.271 0.0000000000
101943  -49.452  -46.603  -17.332 0.0000000000
101944  -48.915  -46.882  -16.466 0.0000000000
101945  -48.346  -47.196  -15.609 0.0000000000
101946  -48.518  -46.470  -16.107 0.0000000000
101947  -48.114  -46.078  -15.771 0.0000000000
101948  -47.720  -45.706  -15.440 0.0000000000
101949  -47.151  -43.321  -16.747 0.0000000000
101950  -47.036  -43.861  -16.114 0.0000000000
101951  -46.580  -43.680  -15.877 0.0000000000
101952  -45.984  -44.051  -15.153 0.0000000000
101953  -45.291  -44.494  -14.531 0.0000000000
101954  -44.631  -44.968  -13.999 0.0000000000
101955  -44.795  -44.341  -14.499 0.0000000000
101956  -44.336  -44.231  -14.531 0.0000000000
101957  -43.877  -44.202  -14.629 0.0000000000
101958  -43.328  -44.248  -14.743 0.0000000000
101959  -44.110  -43.685  -15.053 0.0000000000
101960  -44.306  -43.175  -15.567 0.0000000000
101961  -44.490  -42.703  -16.066 0.0000000000
101962  -46.220  -41.014  -19.467 0.0000000000
101963  -45.800  -41.225  -18.708 0.0000000000
101964  -45.809  -40.972  -19.245 0.0000000000
101965  -45.315  -40.876  -19.045 0.0000000000
101966  -44.826  -40.840  -18.860 0.0000000000
101967  -44.333  -40.846  -18.657 0.0000000000
101968  -44.850  -40.527  -19.382 0.0000000000
101969  -44.867  -40.224  -19.879 0.0000000000
101970  -44.844  -39.851  -20.387 0.0000000000
105155  -49.823  -59.740  -8.739 0.0000000000
105156  -49.964  -59.365  -9.102 0.0000000000
105207  -50.867  -33.877  -26.100 0.0000000000
105209  -51.063  -32.351  -26.713 0.0000000000
105210  -50.833  -31.600  -26.936 0.0000000000
114268  -51.320  -57.905  -11.542 0.0000000000
114269  -50.727  -57.560  -11.262 0.0000000000
114302  -49.778  -54.022  -13.245 0.0000000000
114303  -50.380  -54.435  -13.685 0.0000000000
114304  -49.752  -54.488  -12.727 0.0000000000
114305  -49.748  -54.924  -12.203 0.0000000000
114306  -49.703  -55.419  -11.730 0.0000000000
114307  -49.673  -55.926  -11.303 0.0000000000
114308  -49.064  -55.566  -10.863 0.0000000000
114309  -48.440  -55.666  -10.042 0.0000000000
114310  -47.815  -55.850  -9.321 0.0000000000
114311  -47.157  -56.082  -8.685 0.0000000000
114312  -47.212  -55.570  -9.037 0.0000000000
114313  -46.622  -55.307  -8.733 0.0000000000
114314  -45.929  -55.090  -8.500 0.0000000000
114315  -44.590  -53.314  -9.400 0.0000000000
114316  -44.542  -53.794  -8.940 0.0000000000
114317  -43.853  -53.738  -8.925 0.0000000000
114318  -43.128  -54.220  -8.549 0.0000000000
114319  -42.416  -54.829  -8.297 0.0000000000
114322  -41.202  -55.132  -8.930 0.0000000000
114323  -40.796  -55.360  -9.415 0.0000000000
114324  -46.020  -48.873  -12.972 0.0000000000
114325  -45.774  -49.638  -12.563 0.0000000000
114326  -45.298  -49.306  -12.352 0.0000000000
114327  -44.463  -49.829  -11.870 0.0000000000
114328  -43.644  -50.397  -11.606 0.0000000000
114329  -40.983  -52.025  -12.608 0.0000000000
114330  -41.240  -51.856  -12.114 0.0000000000
114331  -40.737  -52.696  -12.322 0.0000000000
114332  -40.582  -53.449  -11.976 0.0000000000
114333  -40.445  -54.175  -11.565 0.0000000000
114334  -40.352  -54.827  -11.232 0.0000000000
114335  -40.223  -55.094  -11.884 0.0000000000
114336  -40.076  -56.144  -12.193 0.0000000000
114337  -40.059  -57.119  -12.577 0.0000000000
114338  -40.208  -58.178  -12.873 0.0000000000
114339  -40.222  -57.582  -13.243 0.0000000000
114340  -40.446  -57.871  -13.904 0.0000000000
114341  -40.843  -58.212  -14.589 0.0000000000
114342  -41.713  -56.249  -16.916 0.0000000000
114343  -41.704  -57.056  -16.646 0.0000000000
114344  -41.989  -57.200  -17.289 0.0000000000
114345  -42.457  -58.127  -17.548 0.0000000000
114346  -42.945  -59.129  -17.789 0.0000000000
114347  -43.324  -60.165  -17.966 0.0000000000
114348  -43.198  -59.384  -18.304 0.0000000000
114349  -43.484  -59.432  -18.908 0.0000000000
114350  -43.501  -59.553  -19.411 0.0000000000
114351  -43.420  -59.702  -19.705 0.0000000000
114352  -43.292  -58.826  -19.617 0.0000000000
114353  -43.094  -58.137  -19.792 0.0000000000
114354  -42.927  -57.497  -19.962 0.0000000000
114355  -41.702  -53.384  -19.099 0.0000000000
114356  -42.023  -54.247  -19.543 0.0000000000
114357  -41.602  -53.640  -19.435 0.0000000000
114358  -41.525  -53.889  -19.793 0.0000000000
114359  -41.270  -54.194  -20.018 0.0000000000
114360  -40.939  -54.474  -20.231 0.0000000000
114361  -40.939  -53.597  -19.962 0.0000000000
114362  -40.639  -53.044  -19.886 0.0000000000
114363  -40.382  -52.457  -19.835 0.0000000000
114364  -41.494  -45.156  -15.527 0.0000000000
114365  -41.096  -46.175  -15.632 0.0000000000
114366  -41.158  -45.467  -15.852 0.0000000000
114367  -40.847  -45.889  -16.191 0.0000000000
114368  -40.508  -46.213  -16.491 0.0000000000
114369  -39.934  -44.961  -18.018 0.0000000000
114370  -39.900  -45.657  -17.695 0.0000000000
114371  -39.586  -46.012  -18.008 0.0000000000
114372  -39.373  -47.165  -18.152 0.0000000000
114373  -39.423  -48.398  -18.300 0.0000000000
114374  -39.567  -49.475  -18.647 0.0000000000
114375  -39.309  -48.751  -18.720 0.0000000000
114376  -39.204  -49.011  -19.165 0.0000000000
114377  -39.035  -49.264  -19.591 0.0000000000
114378  -38.832  -49.510  -19.914 0.0000000000
114379  -38.840  -48.678  -19.663 0.0000000000
114380  -38.709  -48.034  -19.811 0.0000000000
114381  -38.631  -47.341  -20.071 0.0000000000
114382  -39.917  -42.984  -21.238 0.0000000000
114383  -39.487  -43.973  -21.097 0.0000000000
114384  -39.645  -43.341  -21.566 0.0000000000
114385  -39.343  -43.822  -21.800 0.0000000000
114386  -38.905  -44.084  -22.028 0.0000000000
114387  -38.367  -44.541  -21.989 0.0000000000
114388  -38.882  -43.531  -22.253 0.0000000000
114389  -38.819  -42.918  -22.463 0.0000000000
114390  -38.733  -42.468  -22.525 0.0000000000
114391  -49.114  -38.946  -24.633 0.0000000000
114392  -48.528  -39.350  -24.261 0.0000000000
114393  -48.651  -38.744  -24.317 0.0000000000
114394  -48.219  -38.568  -24.046 0.0000000000
114395  -47.836  -38.344  -23.867 0.0000000000
114396  -47.245  -36.137  -23.613 0.0000000000
114397  -47.199  -36.790  -23.640 0.0000000000
114398  -46.720  -36.724  -23.694 0.0000000000
114399  -46.321  -37.247  -23.787 0.0000000000
114400  -45.869  -37.815  -23.730 0.0000000000
114401  -45.400  -38.461  -23.162 0.0000000000
114402  -45.405  -37.866  -23.520 0.0000000000
114403  -44.979  -37.897  -23.264 0.0000000000
114404  -44.607  -37.895  -23.014 0.0000000000
114405  -47.132  -30.597  -23.504 0.0000000000
114406  -47.266  -31.370  -23.361 0.0000000000
114407  -46.824  -31.314  -23.021 0.0000000000
114408  -46.416  -32.072  -22.616 0.0000000000
114409  -45.988  -32.863  -22.485 0.0000000000
114411  -44.181  -34.329  -22.445 0.0000000000
114412  -43.770  -35.013  -22.758 0.0000000000
114413  -43.727  -35.732  -23.085 0.0000000000
114414  -43.674  -36.347  -23.201 0.0000000000
114415  -43.712  -36.969  -23.129 0.0000000000
114416  -43.313  -36.985  -22.874 0.0000000000
114417  -43.008  -37.411  -22.496 0.0000000000
114418  -42.735  -37.940  -22.129 0.0000000000
114419  -42.354  -38.390  -21.835 0.0000000000
114420  -42.327  -37.982  -21.982 0.0000000000
114421  -41.981  -38.044  -21.962 0.0000000000
114422  -41.662  -38.121  -21.857 0.0000000000
114424  -40.742  -37.516  -21.933 0.0000000000
114425  -40.292  -37.609  -21.996 0.0000000000
114426  -39.958  -38.321  -22.097 0.0000000000
114427  -39.599  -39.061  -22.244 0.0000000000
114429  -39.030  -39.281  -22.330 0.0000000000
116006  -39.178  -62.163  -18.054 0.0000000000
116007  -39.702  -61.205  -18.674 0.0000000000
116008  -40.168  -60.276  -19.236 0.0000000000
116009  -40.593  -59.436  -19.655 0.0000000000
118324  -51.209  -43.435  -22.812 0.0000000000
118325  -50.630  -42.822  -22.913 0.0000000000
118326  -50.757  -43.169  -22.421 0.0000000000
118327  -50.840  -43.528  -21.841 0.0000000000
118328  -50.481  -43.641  -20.825 0.0000000000
118329  -49.979  -43.890  -19.921 0.0000000000
118330  -49.449  -44.193  -18.861 0.0000000000
118331  -48.873  -44.403  -17.861 0.0000000000
118332  -48.958  -43.804  -18.553 0.0000000000
118333  -48.506  -43.509  -18.254 0.0000000000
118334  -48.081  -43.262  -17.943 0.0000000000
118335  -48.607  -42.658  -19.442 0.0000000000
118336  -48.106  -42.841  -18.624 0.0000000000
118337  -47.636  -43.080  -17.639 0.0000000000
118338  -47.225  -42.844  -17.425 0.0000000000
118339  -46.841  -42.588  -17.291 0.0000000000
118340  -46.440  -42.444  -17.116 0.0000000000
118341  -46.018  -42.316  -16.948 0.0000000000
118342  -46.575  -42.051  -17.800 0.0000000000
118343  -46.647  -41.706  -18.446 0.0000000000
118344  -46.679  -41.445  -19.096 0.0000000000
118345  -47.447  -41.475  -20.109 0.0000000000
118346  -47.068  -41.328  -19.996 0.0000000000
118347  -46.650  -41.189  -19.755 0.0000000000
118348  -46.609  -40.936  -20.358 0.0000000000
118349  -46.509  -40.648  -20.888 0.0000000000
118350  -46.426  -40.373  -21.405 0.0000000000
127868  -39.904  -65.221  -10.402 0.0000000000
127869  -40.077  -63.548  -10.286 0.0000000000
127870  -40.151  -64.584  -10.642 0.0000000000
127871  -40.260  -65.634  -10.960 0.0000000000
127872  -40.590  -66.044  -11.448 0.0000000000
127879  -40.916  -63.728  -12.793 0.0000000000
127880  -41.115  -64.166  -13.421 0.0000000000
127883  -41.790  -63.303  -14.679 0.0000000000
127884  -42.029  -62.597  -14.973 0.0000000000
127928  -52.461  -48.302  -20.179 0.0000000000
127930  -52.485  -49.001  -19.752 0.0000000000
127933  -51.531  -50.244  -17.844 0.0000000000
127934  -52.123  -50.694  -18.299 0.0000000000
127941  -51.175  -53.427  -15.698 0.0000000000
127942  -50.485  -53.457  -14.719 0.0000000000
127943  -49.891  -52.636  -14.834 0.0000000000
127944  -49.913  -53.079  -14.319 0.0000000000
127945  -49.836  -53.530  -13.756 0.0000000000
127946  -49.102  -53.610  -12.848 0.0000000000
127947  -48.479  -53.693  -11.967 0.0000000000
127948  -47.850  -53.820  -11.118 0.0000000000
127949  -47.233  -54.000  -10.321 0.0000000000
127950  -47.222  -53.579  -10.798 0.0000000000
127951  -46.579  -53.354  -10.529 0.0000000000
127952  -45.927  -53.153  -10.183 0.0000000000
127953  -46.670  -52.554  -11.437 0.0000000000
127954  -45.995  -52.731  -10.645 0.0000000000
127955  -45.347  -52.986  -9.999 0.0000000000
127956  -44.681  -52.859  -9.856 0.0000000000
127957  -44.032  -52.764  -9.821 0.0000000000
127958  -43.373  -52.735  -9.866 0.0000000000
127959  -43.966  -47.938  -12.513 0.0000000000
127960  -43.683  -48.755  -12.228 0.0000000000
127961  -43.164  -48.675  -12.360 0.0000000000
127962  -42.464  -49.508  -12.446 0.0000000000
127963  -41.805  -50.423  -12.658 0.0000000000
127964  -41.775  -49.736  -13.321 0.0000000000
127965  -41.551  -50.549  -13.147 0.0000000000
127966  -41.257  -51.309  -12.877 0.0000000000
127967  -40.812  -52.244  -13.154 0.0000000000
127968  -40.601  -53.262  -13.526 0.0000000000
127969  -40.566  -54.368  -13.881 0.0000000000
127970  -40.644  -55.422  -14.242 0.0000000000
127971  -40.733  -54.600  -14.533 0.0000000000
127972  -40.969  -54.865  -15.221 0.0000000000
127973  -41.173  -55.074  -15.878 0.0000000000
127974  -41.089  -53.276  -15.674 0.0000000000
127975  -41.206  -54.295  -16.121 0.0000000000
127976  -41.448  -55.263  -16.542 0.0000000000
127977  -41.727  -55.457  -17.141 0.0000000000
127978  -41.993  -55.592  -17.773 0.0000000000
127979  -42.358  -55.742  -18.408 0.0000000000
127980  -42.632  -55.996  -18.850 0.0000000000
127981  -42.307  -55.008  -18.558 0.0000000000
127982  -42.115  -54.307  -18.689 0.0000000000
127983  -41.911  -53.661  -18.720 0.0000000000
127984  -41.471  -52.401  -17.579 0.0000000000
127985  -41.630  -52.759  -18.133 0.0000000000
127986  -41.697  -53.118  -18.635 0.0000000000
127987  -41.437  -52.416  -18.484 0.0000000000
127988  -41.120  -51.778  -18.275 0.0000000000
127989  -40.818  -51.216  -18.065 0.0000000000
127990  -41.992  -42.830  -16.975 0.0000000000
127991  -41.440  -43.636  -16.851 0.0000000000
127992  -41.551  -43.065  -17.224 0.0000000000
127993  -41.129  -43.350  -17.486 0.0000000000
127994  -40.754  -43.646  -17.729 0.0000000000
127995  -41.340  -42.278  -18.275 0.0000000000
127996  -40.821  -43.051  -18.127 0.0000000000
127997  -40.361  -43.909  -18.052 0.0000000000
127998  -40.021  -44.307  -18.385 0.0000000000
127999  -39.669  -44.607  -18.699 0.0000000000
128000  -39.409  -45.087  -19.017 0.0000000000
128001  -39.160  -45.499  -19.343 0.0000000000
128002  -39.537  -44.379  -19.433 0.0000000000
128003  -39.709  -43.749  -19.893 0.0000000000
128004  -39.921  -43.184  -20.358 0.0000000000
128005  -40.633  -42.096  -20.147 0.0000000000
128006  -40.386  -42.322  -20.559 0.0000000000
128007  -40.118  -42.683  -20.838 0.0000000000
128008  -40.388  -42.161  -21.412 0.0000000000
128009  -40.562  -41.603  -21.917 0.0000000000
128010  -40.595  -41.095  -22.231 0.0000000000
128011  -49.380  -36.333  -24.857 0.0000000000
128012  -49.054  -36.852  -24.406 0.0000000000
128013  -48.926  -36.092  -24.456 0.0000000000
128014  -48.569  -35.986  -24.135 0.0000000000
128015  -48.178  -35.842  -23.868 0.0000000000
128016  -48.511  -34.514  -24.126 0.0000000000
128017  -48.123  -35.101  -23.876 0.0000000000
128018  -47.746  -35.699  -23.663 0.0000000000
128019  -47.268  -35.562  -23.536 0.0000000000
128020  -46.838  -35.495  -23.474 0.0000000000
128021  -46.349  -35.459  -23.406 0.0000000000
128023  -45.496  -31.379  -22.041 0.0000000000
128032  -42.607  -35.970  -22.466 0.0000000000
128038  -41.514  -35.635  -22.169 0.0000000000
130828  -36.551  -58.750  -16.632 0.0000000000
130829  -36.969  -57.907  -17.471 0.0000000000
130830  -37.793  -58.231  -18.191 0.0000000000
130831  -37.588  -57.671  -18.201 0.0000000000
130832  -37.312  -57.030  -18.117 0.0000000000
130833  -37.635  -56.252  -18.645 0.0000000000
130834  -37.940  -55.311  -19.120 0.0000000000
130835  -38.318  -54.505  -19.523 0.0000000000
137076  -40.174  -59.660  -9.963 0.0000000000
137120  -51.743  -44.852  -21.830 0.0000000000
137124  -52.610  -46.758  -21.103 0.0000000000
137125  -52.545  -47.519  -20.678 0.0000000000
137126  -51.887  -47.895  -19.871 0.0000000000
137127  -51.336  -48.231  -18.920 0.0000000000
137128  -50.868  -48.490  -18.076 0.0000000000
137129  -50.384  -47.421  -18.135 0.0000000000
137130  -50.336  -48.108  -17.619 0.0000000000
137131  -50.320  -48.758  -17.208 0.0000000000
137132  -49.764  -48.990  -16.381 0.0000000000
137133  -49.096  -49.425  -15.588 0.0000000000
137134  -48.552  -49.780  -14.889 0.0000000000
137135  -47.915  -50.173  -14.179 0.0000000000
137136  -48.036  -49.457  -14.531 0.0000000000
137137  -47.564  -49.092  -14.204 0.0000000000
137138  -47.104  -48.788  -13.847 0.0000000000
137139  -47.818  -47.667  -14.807 0.0000000000
137140  -47.235  -48.007  -14.142 0.0000000000
137141  -46.686  -48.445  -13.536 0.0000000000
137142  -46.236  -48.096  -13.262 0.0000000000
137143  -45.765  -47.835  -12.998 0.0000000000
137144  -45.236  -47.564  -12.887 0.0000000000
137145  -48.344  -44.737  -16.829 0.0000000000
137146  -47.834  -45.012  -15.997 0.0000000000
137147  -47.287  -45.360  -15.174 0.0000000000
137148  -46.941  -44.438  -15.548 0.0000000000
137149  -46.792  -45.106  -14.958 0.0000000000
137150  -46.631  -45.842  -14.421 0.0000000000
137151  -46.024  -46.299  -13.735 0.0000000000
137152  -45.425  -46.839  -13.187 0.0000000000
137153  -44.699  -47.361  -12.818 0.0000000000
137154  -44.142  -47.189  -12.800 0.0000000000
137155  -43.587  -47.074  -12.923 0.0000000000
137156  -43.032  -47.078  -13.086 0.0000000000
137157  -43.973  -45.627  -13.578 0.0000000000
137158  -43.234  -46.308  -13.392 0.0000000000
137159  -42.557  -47.083  -13.356 0.0000000000
137160  -42.137  -47.186  -13.686 0.0000000000
137161  -41.761  -47.305  -13.999 0.0000000000
137162  -41.509  -47.529  -14.421 0.0000000000
137163  -41.252  -47.867  -14.817 0.0000000000
137164  -41.571  -46.788  -14.536 0.0000000000
137165  -41.661  -46.133  -14.752 0.0000000000
137166  -41.785  -45.454  -14.992 0.0000000000
137167  -42.815  -44.402  -14.862 0.0000000000
137168  -42.344  -44.609  -15.049 0.0000000000
137169  -41.923  -44.847  -15.265 0.0000000000
137170  -42.046  -44.284  -15.609 0.0000000000
137171  -42.150  -43.718  -15.990 0.0000000000
137172  -42.291  -43.206  -16.354 0.0000000000
137173  -45.652  -42.319  -16.742 0.0000000000
137174  -45.130  -42.252  -16.661 0.0000000000
137175  -44.566  -42.204  -16.653 0.0000000000
137176  -45.240  -41.471  -17.891 0.0000000000
137177  -44.688  -41.835  -17.134 0.0000000000
137178  -44.038  -42.291  -16.611 0.0000000000
137179  -43.475  -42.396  -16.605 0.0000000000
137180  -42.950  -42.526  -16.634 0.0000000000
137181  -42.451  -42.661  -16.774 0.0000000000
137182  -42.588  -42.229  -17.206 0.0000000000
137183  -42.702  -41.789  -17.682 0.0000000000
137184  -42.808  -41.322  -18.269 0.0000000000
137185  -43.839  -40.875  -18.581 0.0000000000
137186  -43.370  -40.906  -18.578 0.0000000000
137187  -42.904  -40.947  -18.637 0.0000000000
137188  -42.970  -40.522  -19.100 0.0000000000
137189  -43.022  -40.166  -19.562 0.0000000000
137190  -43.055  -39.823  -20.050 0.0000000000
137192  -48.579  -30.887  -24.876 0.0000000000
137193  -48.424  -30.110  -25.047 0.0000000000
137194  -48.120  -30.014  -24.672 0.0000000000
137195  -47.761  -29.978  -24.372 0.0000000000
137198  -47.397  -29.934  -24.059 0.0000000000
137199  -46.987  -29.830  -23.724 0.0000000000
143698  -47.660  -59.173  -7.522 0.0000000000
143699  -47.715  -58.790  -7.803 0.0000000000
143700  -47.757  -58.434  -8.100 0.0000000000
143781  -50.295  -41.705  -24.348 0.0000000000
143782  -49.834  -41.482  -24.171 0.0000000000
143783  -49.345  -41.251  -23.953 0.0000000000
143784  -48.948  -41.020  -23.662 0.0000000000
143785  -49.289  -40.810  -24.367 0.0000000000
143786  -49.326  -40.305  -24.595 0.0000000000
143787  -49.423  -39.742  -24.781 0.0000000000
143788  -50.547  -39.365  -25.477 0.0000000000
143789  -50.078  -39.280  -25.229 0.0000000000
143790  -49.600  -39.127  -24.925 0.0000000000
143791  -49.753  -38.507  -25.022 0.0000000000
143792  -49.874  -37.850  -25.125 0.0000000000
143793  -49.888  -37.204  -25.222 0.0000000000
143800  -50.666  -36.866  -26.017 0.0000000000
143801  -50.188  -36.689  -25.698 0.0000000000
143802  -49.821  -36.530  -25.282 0.0000000000
143803  -49.730  -35.835  -25.270 0.0000000000
143804  -49.685  -35.026  -25.170 0.0000000000
143805  -49.629  -34.265  -25.115 0.0000000000
143806  -50.445  -33.757  -25.780 0.0000000000
143807  -50.013  -33.646  -25.432 0.0000000000
143808  -49.579  -33.476  -25.094 0.0000000000
143809  -49.522  -32.638  -25.174 0.0000000000
143810  -49.363  -31.847  -25.329 0.0000000000
161972  -50.686  -59.223  -9.696 0.0000000000
161973  -50.154  -58.993  -9.546 0.0000000000
161974  -50.961  -58.510  -10.646 0.0000000000
161975  -50.316  -58.637  -10.027 0.0000000000
161976  -49.630  -58.720  -9.334 0.0000000000
161977  -49.044  -58.452  -9.065 0.0000000000
161978  -48.483  -58.243  -8.802 0.0000000000
161979  -47.924  -58.044  -8.486 0.0000000000
162046  -50.978  -54.857  -14.096 0.0000000000
162052  -51.482  -57.040  -12.450 0.0000000000
162053  -50.791  -57.118  -11.675 0.0000000000
162054  -50.176  -57.207  -10.931 0.0000000000
162055  -49.655  -56.394  -10.921 0.0000000000
162056  -49.605  -56.863  -10.534 0.0000000000
162057  -49.492  -57.305  -10.167 0.0000000000
162058  -48.774  -57.430  -9.414 0.0000000000
162059  -48.077  -57.621  -8.769 0.0000000000
162060  -47.331  -57.826  -8.153 0.0000000000
162061  -46.759  -57.625  -7.858 0.0000000000
162062  -46.145  -57.430  -7.595 0.0000000000
162064  -46.460  -56.377  -8.091 0.0000000000
162065  -45.714  -56.685  -7.559 0.0000000000
162070  -46.600  -54.301  -9.541 0.0000000000
162071  -45.960  -54.594  -8.872 0.0000000000
162072  -45.238  -54.923  -8.313 0.0000000000
162073  -44.507  -54.282  -8.510 0.0000000000
162074  -44.515  -54.786  -8.137 0.0000000000
162075  -44.509  -55.326  -7.800 0.0000000000
162076  -43.708  -55.837  -7.351 0.0000000000
162087  -40.156  -59.083  -10.311 0.0000000000
162088  -47.240  -50.547  -13.428 0.0000000000
162089  -46.532  -50.898  -12.683 0.0000000000
162090  -45.792  -51.215  -11.981 0.0000000000
162091  -45.500  -50.322  -12.203 0.0000000000
162092  -45.270  -50.987  -11.753 0.0000000000
162093  -45.108  -51.520  -11.289 0.0000000000
162094  -44.330  -51.837  -10.720 0.0000000000
162095  -43.542  -52.239  -10.316 0.0000000000
162096  -42.739  -52.734  -10.001 0.0000000000
162097  -43.424  -49.509  -11.980 0.0000000000
162098  -43.119  -50.292  -11.705 0.0000000000
162099  -42.815  -50.989  -11.380 0.0000000000
162100  -41.578  -51.682  -11.650 0.0000000000
162101  -41.999  -51.609  -11.301 0.0000000000
162102  -42.518  -51.638  -11.035 0.0000000000
162103  -42.313  -52.205  -10.632 0.0000000000
162104  -42.164  -52.773  -10.235 0.0000000000
162105  -42.000  -53.310  -9.789 0.0000000000
162106  -41.394  -53.997  -9.748 0.0000000000
162107  -40.871  -54.779  -9.830 0.0000000000
162108  -40.450  -55.684  -9.912 0.0000000000
162109  -40.251  -55.420  -10.896 0.0000000000
162110  -40.179  -56.002  -10.520 0.0000000000
162111  -40.169  -56.575  -10.112 0.0000000000
162112  -40.060  -57.516  -10.400 0.0000000000
162113  -40.091  -58.475  -10.663 0.0000000000
162114  -40.178  -59.421  -10.967 0.0000000000
162115  -40.384  -59.902  -11.627 0.0000000000
162116  -40.610  -60.306  -12.195 0.0000000000
162117  -40.831  -60.683  -12.870 0.0000000000
162118  -40.489  -59.131  -13.125 0.0000000000
162119  -40.814  -60.053  -13.316 0.0000000000
162120  -41.087  -61.081  -13.479 0.0000000000
162121  -41.413  -61.331  -14.082 0.0000000000
162122  -41.810  -61.540  -14.691 0.0000000000
162123  -42.252  -61.804  -15.347 0.0000000000
162124  -40.732  -56.435  -14.621 0.0000000000
162125  -40.925  -57.444  -14.963 0.0000000000
162126  -41.188  -58.454  -15.240 0.0000000000
162127  -41.665  -57.892  -16.306 0.0000000000
162128  -41.595  -58.666  -15.883 0.0000000000
162129  -41.556  -59.297  -15.507 0.0000000000
162130  -41.988  -60.166  -15.639 0.0000000000
162131  -42.411  -61.077  -15.799 0.0000000000
162132  -42.731  -62.002  -15.981 0.0000000000
162145  -43.102  -59.947  -19.812 0.0000000000
162147  -42.070  -60.383  -19.744 0.0000000000
162148  -41.781  -59.755  -19.864 0.0000000000
162149  -41.321  -59.184  -19.906 0.0000000000
162150  -40.841  -58.586  -19.927 0.0000000000
162151  -42.740  -56.210  -19.322 0.0000000000
162152  -42.782  -56.536  -19.733 0.0000000000
162153  -42.650  -56.824  -20.037 0.0000000000
162154  -42.227  -55.130  -19.839 0.0000000000
162155  -42.332  -56.142  -20.086 0.0000000000
162156  -42.252  -57.145  -20.243 0.0000000000
162157  -41.762  -57.289  -20.273 0.0000000000
162158  -41.133  -57.626  -20.169 0.0000000000
162159  -40.429  -57.945  -19.942 0.0000000000
162160  -40.124  -57.370  -19.872 0.0000000000
162161  -39.848  -56.745  -19.849 0.0000000000
162162  -39.590  -56.082  -19.876 0.0000000000
162163  -40.480  -54.810  -20.308 0.0000000000
162164  -39.919  -55.107  -20.127 0.0000000000
162165  -39.342  -55.484  -19.913 0.0000000000
162166  -39.110  -54.840  -19.910 0.0000000000
162167  -38.890  -54.167  -19.883 0.0000000000
162168  -38.674  -53.476  -19.835 0.0000000000
162169  -41.114  -48.230  -15.261 0.0000000000
162170  -41.017  -48.566  -15.716 0.0000000000
162171  -40.915  -48.941  -16.152 0.0000000000
162172  -40.866  -47.200  -15.823 0.0000000000
162173  -40.777  -48.275  -16.163 0.0000000000
162174  -40.803  -49.282  -16.620 0.0000000000
162175  -40.769  -49.711  -17.036 0.0000000000
162176  -40.657  -50.169  -17.482 0.0000000000
162177  -40.549  -50.641  -17.895 0.0000000000
162178  -40.961  -44.522  -16.776 0.0000000000
162179  -40.546  -45.533  -16.777 0.0000000000
162180  -40.221  -46.590  -16.863 0.0000000000
162181  -39.912  -46.350  -17.409 0.0000000000
162182  -39.989  -47.066  -17.176 0.0000000000
162183  -40.118  -47.696  -17.057 0.0000000000
162184  -40.158  -48.846  -17.380 0.0000000000
162185  -40.297  -49.988  -17.827 0.0000000000
162186  -40.484  -50.959  -18.354 0.0000000000
162187  -40.364  -51.232  -18.821 0.0000000000
162188  -40.239  -51.598  -19.290 0.0000000000
162189  -40.133  -51.855  -19.777 0.0000000000
162190  -39.699  -50.295  -19.134 0.0000000000
162191  -39.856  -51.250  -19.721 0.0000000000
162192  -39.845  -52.077  -20.028 0.0000000000
162193  -39.447  -52.332  -20.188 0.0000000000
162194  -38.957  -52.624  -20.046 0.0000000000
162195  -38.460  -52.817  -19.801 0.0000000000
162196  -38.229  -52.179  -19.767 0.0000000000
162197  -37.997  -51.585  -19.740 0.0000000000
162198  -37.764  -51.005  -19.761 0.0000000000
162199  -38.441  -49.671  -20.096 0.0000000000
162200  -38.017  -50.081  -20.026 0.0000000000
162201  -37.529  -50.432  -19.760 0.0000000000
162202  -37.303  -49.834  -19.770 0.0000000000
162203  -37.092  -49.144  -19.881 0.0000000000
162205  -38.993  -45.893  -19.727 0.0000000000
162206  -38.832  -46.230  -20.107 0.0000000000
162207  -38.601  -46.625  -20.462 0.0000000000
162208  -39.161  -44.979  -20.944 0.0000000000
162209  -38.701  -45.973  -20.886 0.0000000000
162210  -38.400  -47.012  -20.727 0.0000000000
162211  -37.955  -47.323  -20.767 0.0000000000
162212  -37.379  -47.758  -20.483 0.0000000000
162216  -36.519  -46.070  -20.557 0.0000000000
162217  -37.770  -44.860  -21.792 0.0000000000
162218  -37.119  -45.277  -21.282 0.0000000000
162220  -36.425  -44.970  -21.009 0.0000000000
162223  -48.536  -40.819  -23.376 0.0000000000
162224  -48.095  -40.612  -23.089 0.0000000000
162225  -47.728  -40.509  -22.792 0.0000000000
162226  -48.027  -39.724  -23.776 0.0000000000
162227  -47.649  -40.079  -23.233 0.0000000000
162228  -47.362  -40.428  -22.587 0.0000000000
162229  -47.007  -40.384  -22.372 0.0000000000
162230  -46.680  -40.238  -22.173 0.0000000000
162231  -46.335  -40.079  -21.957 0.0000000000
162232  -48.517  -37.266  -24.040 0.0000000000
162233  -47.972  -37.693  -23.832 0.0000000000
162234  -47.367  -38.193  -23.730 0.0000000000
162235  -47.077  -37.421  -23.708 0.0000000000
162236  -46.951  -38.003  -23.708 0.0000000000
162237  -46.870  -38.731  -23.650 0.0000000000
162238  -46.478  -39.310  -23.255 0.0000000000
162239  -46.201  -39.682  -22.564 0.0000000000
162240  -45.926  -39.947  -21.703 0.0000000000
162241  -45.562  -39.791  -21.442 0.0000000000
162242  -45.169  -39.611  -21.172 0.0000000000
162243  -44.777  -39.493  -20.960 0.0000000000
162244  -45.000  -38.825  -22.349 0.0000000000
162245  -44.699  -39.175  -21.568 0.0000000000
162246  -44.350  -39.441  -20.789 0.0000000000
162247  -43.907  -39.458  -20.648 0.0000000000
162248  -43.535  -39.443  -20.622 0.0000000000
162249  -43.099  -39.516  -20.535 0.0000000000
162250  -48.345  -31.495  -24.403 0.0000000000
162251  -48.045  -32.141  -23.940 0.0000000000
162252  -47.714  -32.875  -23.526 0.0000000000
162253  -47.339  -32.096  -23.262 0.0000000000
162254  -47.338  -32.837  -23.222 0.0000000000
162255  -47.329  -33.528  -23.208 0.0000000000
162256  -46.878  -34.197  -23.127 0.0000000000
162257  -46.391  -34.812  -23.203 0.0000000000
162258  -45.868  -35.365  -23.280 0.0000000000
162259  -45.481  -32.143  -22.088 0.0000000000
162260  -45.492  -32.910  -22.256 0.0000000000
162261  -45.479  -33.528  -22.470 0.0000000000
162262  -44.519  -34.273  -22.483 0.0000000000
162263  -44.981  -34.238  -22.554 0.0000000000
162264  -45.482  -34.156  -22.647 0.0000000000
162265  -45.453  -34.805  -22.923 0.0000000000
162266  -45.424  -35.348  -23.236 0.0000000000
162267  -45.442  -35.989  -23.427 0.0000000000
162268  -44.992  -36.662  -23.488 0.0000000000
162269  -44.638  -37.366  -23.266 0.0000000000
162270  -44.142  -37.945  -22.824 0.0000000000
162271  -43.738  -37.485  -22.864 0.0000000000
162272  -43.792  -37.974  -22.585 0.0000000000
162273  -43.850  -38.408  -22.152 0.0000000000
162274  -43.493  -38.766  -21.562 0.0000000000
162275  -43.102  -39.178  -21.083 0.0000000000
162276  -42.655  -39.513  -20.704 0.0000000000
162277  -42.328  -39.646  -20.840 0.0000000000
162278  -41.961  -39.722  -21.086 0.0000000000
162279  -41.601  -39.850  -21.303 0.0000000000
162280  -42.024  -38.994  -21.661 0.0000000000
162281  -41.591  -39.462  -21.614 0.0000000000
162282  -41.413  -40.029  -21.536 0.0000000000
162283  -41.143  -40.239  -21.939 0.0000000000
162284  -40.835  -40.417  -22.082 0.0000000000
162285  -40.561  -40.566  -22.365 0.0000000000
162286  -41.902  -37.120  -21.994 0.0000000000
162287  -41.632  -37.644  -21.972 0.0000000000
162289  -40.816  -37.968  -21.941 0.0000000000
162291  -40.973  -38.878  -22.007 0.0000000000
162292  -40.726  -39.472  -22.246 0.0000000000
162293  -40.444  -40.231  -22.405 0.0000000000
162294  -40.161  -40.824  -22.635 0.0000000000
162295  -39.667  -41.169  -22.748 0.0000000000
162296  -39.222  -41.519  -22.820 0.0000000000
162297  -38.593  -41.893  -22.616 0.0000000000
162298  -38.862  -40.560  -22.654 0.0000000000
162299  -38.398  -41.365  -22.623 0.0000000000
162300  -38.052  -42.313  -22.533 0.0000000000
162301  -37.359  -42.671  -22.236 0.0000000000
162302  -36.683  -42.921  -21.942 0.0000000000
162306  -35.725  -41.197  -22.178 0.0000000000
162307  -36.967  -40.151  -22.735 0.0000000000
162309  -35.609  -40.570  -22.447 0.0000000000
