#!ascii label  , from subject fsaverage vox2ras=TkReg
1086
349  -30.818  -78.472  -10.560 0.0000000000
350  -22.325  -78.634  -5.763 0.0000000000
445  -28.781  -85.827  -16.289 0.0000000000
629  -17.466  -73.370  -10.126 0.0000000000
979  -35.991  -88.051  -14.552 0.0000000000
980  -29.558  -89.454  -15.078 0.0000000000
981  -35.710  -84.439  -15.803 0.0000000000
982  -35.273  -80.496  -13.878 0.0000000000
1407  -25.337  -72.217  -4.442 0.0000000000
1408  -19.866  -76.345  -7.468 0.0000000000
1409  -22.458  -68.474  -7.791 0.0000000000
1525  -34.103  -89.608  -10.429 0.0000000000
1779  -23.754  -83.335  -11.750 0.0000000000
1780  -20.119  -83.705  -8.329 0.0000000000
1781  -27.064  -79.944  -7.678 0.0000000000
1997  -23.313  -86.814  -13.069 0.0000000000
1998  -29.694  -82.637  -13.144 0.0000000000
1999  -35.571  -75.821  -13.387 0.0000000000
2900  -36.039  -86.453  -15.880 0.0000000000
2901  -39.033  -83.714  -14.831 0.0000000000
2902  -38.502  -81.447  -14.408 0.0000000000
3328  -23.522  -70.538  -5.238 0.0000000000
3924  -27.571  -81.730  -10.662 0.0000000000
3925  -25.405  -81.565  -9.422 0.0000000000
3926  -28.987  -79.333  -9.282 0.0000000000
4377  -29.214  -87.580  -15.606 0.0000000000
4378  -26.628  -89.467  -13.677 0.0000000000
4379  -26.217  -87.957  -14.600 0.0000000000
4381  -25.364  -86.428  -15.249 0.0000000000
4382  -25.412  -84.108  -14.344 0.0000000000
4383  -29.043  -84.015  -14.697 0.0000000000
4384  -37.861  -77.406  -14.099 0.0000000000
4385  -35.478  -78.032  -12.905 0.0000000000
4386  -37.743  -75.481  -15.009 0.0000000000
5657  -20.817  -81.352  -6.798 0.0000000000
5659  -19.230  -80.222  -7.528 0.0000000000
5660  -18.877  -74.809  -9.082 0.0000000000
5661  -18.166  -78.033  -10.199 0.0000000000
6100  -29.992  -76.114  -11.615 0.0000000000
6369  -32.134  -90.489  -14.237 0.0000000000
6370  -29.331  -91.295  -15.077 0.0000000000
6371  -32.741  -89.252  -15.858 0.0000000000
6372  -32.668  -87.410  -16.459 0.0000000000
6373  -32.240  -85.215  -16.349 0.0000000000
6374  -32.451  -83.140  -15.013 0.0000000000
6375  -35.363  -82.475  -14.902 0.0000000000
6376  -38.050  -79.417  -13.935 0.0000000000
7139  -23.920  -75.623  -4.890 0.0000000000
7140  -21.056  -77.336  -6.467 0.0000000000
7141  -22.083  -74.182  -5.306 0.0000000000
7142  -20.803  -72.331  -6.925 0.0000000000
7143  -20.257  -70.795  -9.907 0.0000000000
7144  -18.983  -69.182  -11.138 0.0000000000
7145  -21.702  -66.578  -10.630 0.0000000000
7398  -35.111  -88.661  -12.614 0.0000000000
7992  -23.238  -81.723  -7.732 0.0000000000
7993  -24.428  -79.673  -6.236 0.0000000000
7994  -28.873  -77.059  -9.149 0.0000000000
7995  -27.595  -77.479  -6.913 0.0000000000
7996  -25.824  -76.896  -5.243 0.0000000000
8568  -26.333  -91.724  -14.837 0.0000000000
8574  -23.341  -84.907  -12.614 0.0000000000
8575  -26.295  -82.966  -12.899 0.0000000000
8576  -30.342  -80.960  -11.242 0.0000000000
8577  -32.459  -81.717  -13.263 0.0000000000
8578  -32.974  -79.453  -11.590 0.0000000000
8579  -33.274  -76.825  -11.852 0.0000000000
10120  -18.801  -79.257  -8.914 0.0000000000
10129  -17.152  -67.555  -10.134 0.0000000000
10580  -39.153  -84.667  -14.741 0.0000000000
11604  -29.446  -80.459  -10.224 0.0000000000
11605  -28.333  -80.548  -9.826 0.0000000000
11606  -29.896  -78.965  -9.889 0.0000000000
12057  -28.896  -86.867  -16.162 0.0000000000
12058  -27.715  -87.701  -15.130 0.0000000000
12059  -27.349  -87.109  -15.699 0.0000000000
12060  -25.799  -87.411  -15.133 0.0000000000
12061  -27.093  -86.140  -15.855 0.0000000000
12062  -27.049  -84.950  -15.340 0.0000000000
12063  -28.839  -84.800  -15.647 0.0000000000
12065  -37.770  -76.396  -14.489 0.0000000000
13337  -21.453  -80.107  -6.189 0.0000000000
13338  -19.768  -80.742  -7.130 0.0000000000
13339  -20.672  -79.342  -6.509 0.0000000000
13340  -18.127  -74.057  -9.779 0.0000000000
13341  -17.704  -75.884  -9.654 0.0000000000
13346  -16.882  -72.576  -10.031 0.0000000000
14454  -34.076  -89.350  -14.522 0.0000000000
14455  -32.550  -89.986  -15.177 0.0000000000
14456  -34.432  -88.766  -15.468 0.0000000000
14457  -35.897  -85.493  -16.071 0.0000000000
14458  -34.491  -86.919  -16.382 0.0000000000
14459  -34.214  -85.821  -16.549 0.0000000000
14460  -32.405  -86.299  -16.520 0.0000000000
14461  -33.975  -84.671  -16.137 0.0000000000
14462  -33.883  -83.755  -15.551 0.0000000000
14463  -35.444  -83.527  -15.333 0.0000000000
14465  -38.271  -80.459  -14.137 0.0000000000
15737  -24.599  -73.981  -4.563 0.0000000000
15738  -22.967  -74.933  -4.936 0.0000000000
15739  -23.614  -73.254  -4.667 0.0000000000
15740  -22.879  -69.464  -6.301 0.0000000000
15741  -22.070  -71.415  -5.977 0.0000000000
15742  -21.525  -70.362  -7.278 0.0000000000
15743  -20.456  -71.429  -8.307 0.0000000000
15744  -21.371  -69.478  -8.884 0.0000000000
15745  -21.050  -68.809  -10.411 0.0000000000
15746  -22.131  -67.623  -9.304 0.0000000000
16263  -34.451  -89.036  -11.454 0.0000000000
17529  -23.016  -84.506  -11.155 0.0000000000
17531  -23.016  -83.484  -10.883 0.0000000000
17532  -26.323  -80.911  -8.417 0.0000000000
17533  -24.427  -81.634  -8.571 0.0000000000
17534  -25.176  -80.956  -7.608 0.0000000000
17535  -23.849  -80.741  -6.810 0.0000000000
17536  -25.738  -79.923  -6.859 0.0000000000
17538  -29.255  -76.540  -10.285 0.0000000000
17539  -28.994  -75.507  -10.832 0.0000000000
17541  -28.477  -75.940  -8.222 0.0000000000
17542  -27.978  -75.904  -7.007 0.0000000000
17543  -26.723  -77.295  -6.009 0.0000000000
17544  -27.398  -75.760  -5.839 0.0000000000
17545  -26.569  -75.317  -5.082 0.0000000000
18887  -29.409  -90.416  -15.164 0.0000000000
18888  -27.840  -91.580  -15.032 0.0000000000
18889  -27.906  -90.499  -14.618 0.0000000000
18890  -25.186  -89.849  -13.048 0.0000000000
18891  -25.046  -91.000  -13.716 0.0000000000
18897  -23.450  -87.942  -13.238 0.0000000000
18902  -23.039  -86.126  -11.298 0.0000000000
18903  -23.294  -85.801  -12.773 0.0000000000
18904  -27.571  -83.388  -13.845 0.0000000000
18905  -25.760  -83.407  -13.769 0.0000000000
18906  -28.064  -82.859  -13.035 0.0000000000
18907  -28.522  -82.272  -11.997 0.0000000000
18908  -30.006  -81.877  -12.191 0.0000000000
18909  -33.814  -81.857  -14.342 0.0000000000
18910  -32.429  -82.422  -14.168 0.0000000000
18911  -33.862  -81.030  -13.530 0.0000000000
18912  -35.507  -76.825  -13.034 0.0000000000
18913  -34.267  -78.630  -12.171 0.0000000000
18914  -34.384  -77.352  -12.172 0.0000000000
18915  -33.131  -78.098  -11.421 0.0000000000
18916  -34.463  -76.226  -12.584 0.0000000000
18917  -34.386  -75.322  -13.284 0.0000000000
22735  -20.433  -76.855  -6.907 0.0000000000
22736  -19.925  -78.350  -7.645 0.0000000000
22737  -19.467  -77.881  -8.197 0.0000000000
22739  -17.422  -79.496  -10.946 0.0000000000
22757  -19.532  -66.908  -11.368 0.0000000000
22758  -18.031  -68.283  -10.814 0.0000000000
22759  -18.416  -66.088  -10.828 0.0000000000
23650  -36.147  -87.292  -15.270 0.0000000000
23651  -37.660  -86.011  -15.122 0.0000000000
23652  -37.527  -85.150  -15.378 0.0000000000
23653  -37.251  -84.077  -15.249 0.0000000000
23654  -37.076  -83.000  -15.014 0.0000000000
24420  -24.368  -71.496  -4.615 0.0000000000
24421  -25.040  -69.641  -4.776 0.0000000000
24422  -24.302  -68.653  -5.573 0.0000000000
25494  -25.601  -82.475  -11.436 0.0000000000
25495  -24.462  -82.371  -10.591 0.0000000000
25496  -26.437  -81.697  -10.156 0.0000000000
25497  -27.370  -80.804  -9.173 0.0000000000
25498  -28.125  -79.778  -8.501 0.0000000000
26309  -29.572  -88.461  -15.176 0.0000000000
26310  -28.059  -89.386  -14.326 0.0000000000
26311  -28.040  -88.372  -14.518 0.0000000000
26312  -26.520  -88.503  -13.968 0.0000000000
26313  -25.108  -88.933  -13.222 0.0000000000
26315  -24.855  -88.401  -13.881 0.0000000000
26316  -24.484  -87.690  -14.294 0.0000000000
26317  -24.085  -86.604  -14.333 0.0000000000
26318  -23.837  -85.502  -14.054 0.0000000000
26319  -25.125  -85.232  -14.930 0.0000000000
26320  -27.220  -83.991  -14.498 0.0000000000
26321  -29.332  -83.370  -13.899 0.0000000000
26322  -36.608  -78.889  -13.681 0.0000000000
26323  -35.365  -79.355  -13.177 0.0000000000
26324  -36.648  -77.644  -13.685 0.0000000000
26325  -36.615  -76.469  -13.903 0.0000000000
28613  -20.353  -82.533  -7.439 0.0000000000
28615  -19.174  -81.957  -7.635 0.0000000000
28616  -18.483  -81.425  -8.185 0.0000000000
28617  -18.086  -81.021  -8.739 0.0000000000
28618  -19.383  -75.688  -8.229 0.0000000000
28619  -19.048  -77.378  -8.767 0.0000000000
28620  -18.663  -76.517  -9.497 0.0000000000
28621  -17.262  -77.369  -10.283 0.0000000000
29589  -31.883  -76.529  -11.735 0.0000000000
29590  -30.653  -77.212  -10.891 0.0000000000
30219  -30.434  -91.751  -13.976 0.0000000000
30220  -29.277  -92.267  -14.666 0.0000000000
30221  -30.764  -91.002  -14.767 0.0000000000
30222  -30.990  -90.310  -15.400 0.0000000000
30223  -31.109  -89.481  -15.712 0.0000000000
30224  -34.565  -87.913  -15.991 0.0000000000
30225  -32.803  -88.358  -16.245 0.0000000000
30226  -31.104  -88.532  -15.835 0.0000000000
30227  -30.819  -87.602  -16.089 0.0000000000
30228  -30.470  -86.633  -16.431 0.0000000000
30229  -30.515  -85.598  -16.492 0.0000000000
30230  -30.704  -84.641  -15.854 0.0000000000
30231  -32.394  -84.175  -15.840 0.0000000000
30232  -33.877  -82.729  -14.944 0.0000000000
30233  -35.302  -81.417  -14.570 0.0000000000
30234  -36.857  -81.885  -14.684 0.0000000000
30235  -36.833  -80.897  -14.538 0.0000000000
30236  -36.742  -79.943  -14.071 0.0000000000
30237  -37.916  -78.350  -13.879 0.0000000000
32015  -23.221  -77.169  -5.277 0.0000000000
32016  -21.624  -77.875  -6.074 0.0000000000
32017  -22.312  -76.452  -5.486 0.0000000000
32018  -21.509  -75.921  -5.789 0.0000000000
32019  -20.831  -75.301  -6.271 0.0000000000
32020  -22.775  -72.392  -5.168 0.0000000000
32021  -21.423  -73.356  -5.965 0.0000000000
32022  -20.284  -74.448  -7.018 0.0000000000
32023  -19.766  -73.568  -8.007 0.0000000000
32024  -19.421  -72.737  -9.315 0.0000000000
32025  -18.969  -72.110  -10.466 0.0000000000
32026  -18.341  -71.279  -10.743 0.0000000000
32027  -19.702  -70.123  -11.061 0.0000000000
32028  -20.419  -67.873  -11.231 0.0000000000
32695  -33.614  -89.702  -13.527 0.0000000000
32696  -35.584  -88.479  -13.666 0.0000000000
34303  -21.376  -83.734  -8.907 0.0000000000
34304  -23.544  -82.433  -9.770 0.0000000000
34305  -22.664  -82.545  -8.800 0.0000000000
34306  -21.522  -82.672  -7.929 0.0000000000
34307  -22.075  -81.729  -6.991 0.0000000000
34308  -22.564  -80.613  -6.271 0.0000000000
34309  -23.261  -79.277  -5.846 0.0000000000
34310  -29.741  -77.649  -9.994 0.0000000000
34311  -29.099  -78.161  -9.035 0.0000000000
34312  -28.458  -78.625  -8.009 0.0000000000
34313  -28.686  -75.831  -9.526 0.0000000000
34314  -28.500  -77.424  -7.940 0.0000000000
34315  -27.429  -78.842  -7.147 0.0000000000
34316  -26.213  -78.665  -6.312 0.0000000000
34317  -25.070  -78.432  -5.710 0.0000000000
34318  -24.116  -77.887  -5.247 0.0000000000
34319  -24.894  -76.333  -4.898 0.0000000000
34320  -25.632  -74.656  -4.702 0.0000000000
35965  -26.282  -92.819  -15.638 0.0000000000
35966  -24.712  -93.003  -15.555 0.0000000000
35967  -26.466  -90.696  -14.090 0.0000000000
35968  -24.803  -91.954  -14.724 0.0000000000
35983  -23.051  -85.315  -11.173 0.0000000000
35984  -23.495  -84.175  -12.297 0.0000000000
35985  -23.949  -84.461  -13.803 0.0000000000
35986  -24.353  -83.732  -13.396 0.0000000000
35987  -24.838  -83.134  -12.530 0.0000000000
35988  -26.916  -82.449  -11.853 0.0000000000
35989  -28.947  -81.476  -10.936 0.0000000000
35990  -30.610  -79.788  -10.712 0.0000000000
35991  -30.800  -83.790  -14.923 0.0000000000
35992  -30.913  -83.030  -14.072 0.0000000000
35993  -31.092  -82.208  -13.205 0.0000000000
35994  -34.078  -79.942  -12.675 0.0000000000
35995  -32.652  -80.666  -12.383 0.0000000000
35996  -31.343  -81.310  -12.240 0.0000000000
35997  -31.739  -80.145  -11.306 0.0000000000
35998  -31.923  -78.898  -10.921 0.0000000000
35999  -32.005  -77.625  -11.122 0.0000000000
36000  -33.132  -75.888  -12.514 0.0000000000
36001  -34.058  -74.548  -14.048 0.0000000000
40594  -20.217  -78.748  -7.080 0.0000000000
40595  -18.934  -79.710  -8.272 0.0000000000
40596  -17.895  -80.470  -9.548 0.0000000000
40597  -18.477  -78.822  -9.633 0.0000000000
40598  -17.596  -79.979  -10.303 0.0000000000
40621  -17.683  -70.393  -10.320 0.0000000000
40624  -17.812  -65.867  -9.734 0.0000000000
42324  -30.225  -79.499  -10.341 0.0000000000
42325  -29.684  -79.659  -10.037 0.0000000000
42326  -30.309  -78.766  -10.285 0.0000000000
42777  -28.805  -86.424  -16.322 0.0000000000
42778  -28.154  -86.981  -15.950 0.0000000000
42779  -28.025  -86.548  -16.104 0.0000000000
42780  -27.203  -86.679  -15.850 0.0000000000
42781  -27.938  -86.040  -16.151 0.0000000000
42782  -27.885  -85.437  -15.901 0.0000000000
42783  -28.773  -85.286  -16.036 0.0000000000
44057  -21.849  -79.389  -5.943 0.0000000000
44058  -20.964  -79.731  -6.305 0.0000000000
44059  -21.479  -78.985  -6.062 0.0000000000
44060  -17.813  -73.710  -10.019 0.0000000000
44061  -17.434  -74.660  -9.658 0.0000000000
44062  -17.071  -74.328  -9.720 0.0000000000
44066  -17.199  -72.954  -10.111 0.0000000000
45174  -35.094  -88.733  -14.593 0.0000000000
45175  -34.293  -89.133  -14.994 0.0000000000
45176  -35.241  -88.444  -15.051 0.0000000000
45177  -35.835  -84.949  -15.964 0.0000000000
45178  -35.137  -85.614  -16.365 0.0000000000
45179  -35.033  -85.083  -16.245 0.0000000000
45180  -34.132  -85.222  -16.420 0.0000000000
45181  -34.850  -84.582  -16.044 0.0000000000
45182  -34.687  -84.102  -15.780 0.0000000000
45183  -35.515  -83.983  -15.594 0.0000000000
46457  -25.012  -73.059  -4.474 0.0000000000
46458  -24.201  -73.570  -4.570 0.0000000000
46459  -24.552  -72.680  -4.487 0.0000000000
46460  -22.645  -68.959  -7.004 0.0000000000
46461  -22.184  -69.911  -6.772 0.0000000000
46462  -22.013  -69.417  -7.543 0.0000000000
46463  -21.343  -69.959  -8.081 0.0000000000
46464  -21.903  -68.957  -8.306 0.0000000000
46465  -21.798  -68.555  -9.098 0.0000000000
46466  -22.366  -68.025  -8.534 0.0000000000
46977  -33.933  -90.027  -10.108 0.0000000000
46983  -34.260  -89.288  -10.909 0.0000000000
48249  -23.294  -83.925  -11.628 0.0000000000
48250  -23.010  -84.016  -11.072 0.0000000000
48251  -23.348  -83.313  -11.330 0.0000000000
48252  -26.755  -80.493  -8.055 0.0000000000
48253  -25.821  -80.939  -8.045 0.0000000000
48254  -26.175  -80.494  -7.607 0.0000000000
48255  -25.486  -80.486  -7.220 0.0000000000
48256  -26.468  -79.969  -7.237 0.0000000000
48258  -29.076  -75.327  -11.485 0.0000000000
48261  -28.470  -75.167  -7.704 0.0000000000
48263  -27.707  -75.892  -6.378 0.0000000000
48264  -28.041  -75.093  -6.405 0.0000000000
49607  -29.485  -89.951  -15.133 0.0000000000
49608  -28.645  -90.452  -14.908 0.0000000000
49609  -28.737  -89.932  -14.788 0.0000000000
49617  -23.351  -87.390  -13.215 0.0000000000
49619  -22.985  -87.596  -12.568 0.0000000000
49621  -23.042  -87.006  -12.415 0.0000000000
49622  -23.106  -86.429  -12.241 0.0000000000
49623  -23.287  -86.296  -12.900 0.0000000000
49624  -28.649  -83.085  -13.587 0.0000000000
49625  -27.813  -83.062  -13.464 0.0000000000
49626  -28.927  -82.734  -13.055 0.0000000000
49627  -29.111  -82.427  -12.579 0.0000000000
49628  -29.846  -82.257  -12.643 0.0000000000
49629  -34.525  -81.171  -14.107 0.0000000000
49630  -33.816  -81.469  -13.966 0.0000000000
49631  -34.537  -80.721  -13.704 0.0000000000
49632  -35.510  -76.314  -13.165 0.0000000000
49633  -34.974  -77.047  -12.535 0.0000000000
49634  -35.015  -76.491  -12.734 0.0000000000
49635  -34.437  -76.766  -12.333 0.0000000000
49636  -35.024  -75.997  -12.975 0.0000000000
49637  -35.042  -75.533  -13.263 0.0000000000
53455  -20.087  -76.666  -7.174 0.0000000000
53456  -19.936  -77.387  -7.560 0.0000000000
53457  -19.668  -77.227  -7.761 0.0000000000
53478  -18.929  -66.512  -11.213 0.0000000000
53479  -19.155  -65.331  -11.091 0.0000000000
54775  -37.635  -86.331  -14.838 0.0000000000
54778  -38.385  -84.977  -15.083 0.0000000000
54779  -38.274  -84.500  -15.141 0.0000000000
54780  -37.455  -84.647  -15.347 0.0000000000
54781  -38.225  -83.974  -15.063 0.0000000000
54782  -38.111  -83.401  -14.983 0.0000000000
54783  -38.886  -83.168  -14.758 0.0000000000
56058  -25.517  -70.097  -4.521 0.0000000000
56063  -23.945  -68.161  -6.141 0.0000000000
57849  -26.609  -82.130  -11.068 0.0000000000
57850  -26.008  -82.094  -10.725 0.0000000000
57851  -27.007  -81.726  -10.380 0.0000000000
57852  -28.710  -79.918  -9.527 0.0000000000
57853  -27.935  -80.685  -9.506 0.0000000000
57854  -28.277  -80.138  -9.189 0.0000000000
57855  -27.778  -80.283  -8.801 0.0000000000
57856  -28.543  -79.579  -8.914 0.0000000000
59207  -29.435  -88.007  -15.310 0.0000000000
59208  -28.771  -88.445  -14.814 0.0000000000
59209  -28.664  -88.021  -15.066 0.0000000000
59210  -26.981  -87.815  -14.841 0.0000000000
59211  -27.179  -88.098  -14.509 0.0000000000
59212  -26.340  -88.172  -14.273 0.0000000000
59213  -25.799  -88.669  -13.629 0.0000000000
59214  -25.686  -88.375  -13.909 0.0000000000
59215  -25.015  -88.624  -13.495 0.0000000000
59216  -25.515  -88.149  -14.271 0.0000000000
59217  -25.561  -86.967  -15.256 0.0000000000
59218  -25.070  -87.550  -14.719 0.0000000000
59219  -24.851  -87.093  -14.839 0.0000000000
59220  -24.274  -87.214  -14.356 0.0000000000
59221  -24.622  -86.522  -14.866 0.0000000000
59222  -24.455  -85.928  -14.786 0.0000000000
59223  -25.196  -85.874  -15.146 0.0000000000
59224  -28.008  -84.371  -15.070 0.0000000000
59225  -27.113  -84.434  -14.936 0.0000000000
59226  -28.102  -84.021  -14.627 0.0000000000
59227  -28.277  -83.709  -14.230 0.0000000000
59228  -29.170  -83.692  -14.289 0.0000000000
59229  -37.237  -78.085  -13.856 0.0000000000
59230  -36.628  -78.280  -13.647 0.0000000000
59231  -37.239  -77.531  -13.943 0.0000000000
59232  -37.763  -75.932  -14.729 0.0000000000
59233  -37.177  -76.442  -14.200 0.0000000000
59234  -37.151  -75.948  -14.410 0.0000000000
59235  -36.585  -75.997  -14.059 0.0000000000
63047  -20.559  -81.969  -7.097 0.0000000000
63048  -19.696  -82.327  -7.436 0.0000000000
63049  -19.951  -81.685  -7.171 0.0000000000
63050  -19.475  -80.437  -7.261 0.0000000000
63051  -19.131  -81.032  -7.601 0.0000000000
63052  -18.827  -80.844  -7.836 0.0000000000
63053  -18.252  -81.233  -8.402 0.0000000000
63054  -18.667  -80.602  -8.116 0.0000000000
63055  -19.185  -75.219  -8.618 0.0000000000
63056  -18.994  -76.170  -8.808 0.0000000000
63057  -18.688  -75.795  -9.230 0.0000000000
63058  -17.004  -76.382  -9.623 0.0000000000
63059  -17.444  -76.645  -9.911 0.0000000000
65049  -32.418  -75.728  -12.529 0.0000000000
65051  -32.191  -75.219  -12.987 0.0000000000
66399  -31.213  -91.063  -14.071 0.0000000000
66400  -30.578  -91.354  -14.362 0.0000000000
66401  -31.449  -90.763  -14.526 0.0000000000
66402  -32.662  -89.637  -15.556 0.0000000000
66403  -31.770  -90.222  -15.338 0.0000000000
66404  -31.838  -89.851  -15.646 0.0000000000
66405  -31.055  -89.915  -15.606 0.0000000000
66406  -31.845  -89.487  -15.873 0.0000000000
66407  -36.107  -86.869  -15.608 0.0000000000
66408  -35.419  -87.605  -15.664 0.0000000000
66409  -35.371  -87.167  -15.951 0.0000000000
66410  -33.638  -87.178  -16.485 0.0000000000
66411  -33.685  -87.655  -16.364 0.0000000000
66412  -32.774  -87.889  -16.362 0.0000000000
66413  -31.964  -88.441  -16.104 0.0000000000
66414  -31.870  -88.020  -16.193 0.0000000000
66415  -31.003  -88.072  -15.955 0.0000000000
66416  -31.726  -87.551  -16.301 0.0000000000
66417  -32.298  -85.755  -16.448 0.0000000000
66418  -31.393  -86.511  -16.497 0.0000000000
66419  -31.329  -85.997  -16.531 0.0000000000
66420  -30.430  -86.125  -16.568 0.0000000000
66421  -31.354  -85.460  -16.467 0.0000000000
66422  -31.414  -84.946  -16.287 0.0000000000
66423  -32.318  -84.703  -16.161 0.0000000000
66424  -34.586  -83.129  -15.175 0.0000000000
66425  -33.901  -83.262  -15.248 0.0000000000
66426  -34.594  -82.592  -14.943 0.0000000000
66427  -34.581  -82.036  -14.733 0.0000000000
66428  -35.364  -81.908  -14.786 0.0000000000
66429  -37.857  -82.196  -14.721 0.0000000000
66430  -36.962  -82.441  -14.822 0.0000000000
66431  -37.739  -81.675  -14.551 0.0000000000
66432  -38.153  -79.944  -14.042 0.0000000000
66433  -37.556  -80.655  -14.349 0.0000000000
66434  -37.487  -80.140  -14.190 0.0000000000
66435  -36.808  -80.429  -14.308 0.0000000000
66436  -37.404  -79.632  -14.019 0.0000000000
66437  -37.308  -79.119  -13.872 0.0000000000
66438  -37.979  -78.863  -13.868 0.0000000000
70247  -23.552  -76.420  -5.059 0.0000000000
70248  -22.717  -76.791  -5.404 0.0000000000
70249  -23.089  -76.014  -5.168 0.0000000000
70250  -22.482  -74.581  -5.059 0.0000000000
70251  -22.191  -75.431  -5.269 0.0000000000
70252  -21.762  -75.047  -5.498 0.0000000000
70253  -21.170  -75.573  -6.012 0.0000000000
70254  -21.406  -74.704  -5.770 0.0000000000
70255  -23.928  -71.025  -4.880 0.0000000000
70256  -23.572  -71.920  -4.877 0.0000000000
70257  -23.161  -71.483  -5.156 0.0000000000
70258  -21.446  -71.829  -6.454 0.0000000000
70259  -21.737  -72.372  -5.930 0.0000000000
70260  -21.104  -72.840  -6.406 0.0000000000
70261  -20.809  -73.868  -6.477 0.0000000000
70262  -20.472  -73.370  -6.869 0.0000000000
70263  -20.009  -73.981  -7.427 0.0000000000
70264  -20.285  -72.896  -7.406 0.0000000000
70265  -20.351  -71.018  -9.103 0.0000000000
70266  -19.990  -72.029  -8.826 0.0000000000
70267  -19.862  -71.642  -9.574 0.0000000000
70268  -19.208  -72.395  -9.963 0.0000000000
70269  -19.613  -71.462  -10.297 0.0000000000
70270  -19.437  -71.134  -10.828 0.0000000000
70271  -20.057  -70.465  -10.624 0.0000000000
70272  -21.396  -67.727  -10.546 0.0000000000
70273  -20.824  -68.329  -10.936 0.0000000000
70274  -21.105  -67.243  -11.039 0.0000000000
70275  -20.641  -66.670  -11.323 0.0000000000
70276  -21.297  -66.060  -11.105 0.0000000000
70278  -23.059  -66.109  -8.901 0.0000000000
71824  -34.018  -89.316  -12.504 0.0000000000
71825  -33.274  -89.810  -13.008 0.0000000000
71826  -34.369  -89.156  -13.120 0.0000000000
71827  -34.617  -89.047  -13.658 0.0000000000
71828  -35.371  -88.562  -13.170 0.0000000000
75631  -21.938  -83.557  -9.274 0.0000000000
75632  -25.026  -81.939  -9.991 0.0000000000
75633  -24.037  -82.307  -10.162 0.0000000000
75634  -24.440  -81.903  -9.563 0.0000000000
75635  -23.818  -81.713  -8.157 0.0000000000
75636  -23.484  -82.097  -8.676 0.0000000000
75637  -22.939  -82.131  -8.248 0.0000000000
75638  -22.144  -82.604  -8.284 0.0000000000
75639  -22.317  -82.200  -7.816 0.0000000000
75640  -21.743  -82.219  -7.444 0.0000000000
75641  -22.648  -81.737  -7.332 0.0000000000
75642  -24.171  -80.213  -6.465 0.0000000000
75643  -23.208  -80.726  -6.485 0.0000000000
75644  -23.446  -80.150  -6.191 0.0000000000
75645  -22.902  -79.963  -6.024 0.0000000000
75646  -23.806  -79.568  -5.932 0.0000000000
75647  -30.353  -76.637  -11.259 0.0000000000
75648  -30.208  -77.403  -10.448 0.0000000000
75649  -29.915  -76.891  -10.684 0.0000000000
75650  -29.017  -76.797  -9.737 0.0000000000
75651  -29.196  -77.355  -9.593 0.0000000000
75652  -28.995  -77.605  -9.051 0.0000000000
75653  -28.820  -78.381  -8.603 0.0000000000
75654  -28.766  -77.859  -8.486 0.0000000000
75658  -28.080  -76.826  -7.481 0.0000000000
75659  -28.444  -76.699  -8.057 0.0000000000
75660  -28.035  -77.556  -7.423 0.0000000000
75661  -28.000  -78.175  -7.444 0.0000000000
75662  -27.493  -78.239  -6.997 0.0000000000
75663  -26.784  -78.824  -6.745 0.0000000000
75664  -26.928  -78.161  -6.567 0.0000000000
75665  -26.297  -77.129  -5.593 0.0000000000
75666  -25.925  -77.870  -5.789 0.0000000000
75667  -25.416  -77.681  -5.425 0.0000000000
75668  -24.578  -78.193  -5.409 0.0000000000
75669  -24.973  -77.434  -5.169 0.0000000000
75670  -24.478  -77.133  -5.049 0.0000000000
75671  -25.339  -76.657  -5.027 0.0000000000
75673  -26.047  -75.044  -4.843 0.0000000000
75674  -26.411  -74.178  -4.780 0.0000000000
75675  -25.949  -73.772  -4.598 0.0000000000
79697  -29.312  -91.756  -14.902 0.0000000000
79698  -28.592  -92.485  -14.978 0.0000000000
79699  -28.581  -91.967  -15.074 0.0000000000
79700  -27.059  -91.691  -14.965 0.0000000000
79701  -27.061  -92.185  -15.272 0.0000000000
79702  -26.312  -92.253  -15.293 0.0000000000
79703  -25.513  -92.907  -15.637 0.0000000000
79704  -25.550  -92.358  -15.235 0.0000000000
79705  -27.360  -89.395  -13.989 0.0000000000
79706  -27.286  -90.007  -14.093 0.0000000000
79707  -26.605  -90.079  -13.751 0.0000000000
79708  -24.235  -91.672  -14.051 0.0000000000
79709  -24.877  -91.567  -14.233 0.0000000000
79710  -24.050  -92.126  -14.575 0.0000000000
79711  -23.932  -92.585  -15.060 0.0000000000
79744  -23.230  -85.487  -11.966 0.0000000000
79745  -23.056  -85.706  -11.197 0.0000000000
79746  -23.234  -85.083  -11.915 0.0000000000
79747  -23.238  -84.701  -11.819 0.0000000000
79748  -23.413  -84.572  -12.460 0.0000000000
79749  -24.483  -84.717  -14.336 0.0000000000
79750  -23.840  -84.921  -13.920 0.0000000000
79751  -24.625  -84.230  -14.132 0.0000000000
79752  -26.025  -83.187  -13.353 0.0000000000
79753  -25.126  -83.504  -13.605 0.0000000000
79754  -25.292  -83.271  -13.226 0.0000000000
79755  -24.559  -83.455  -13.008 0.0000000000
79756  -25.499  -83.017  -12.812 0.0000000000
79757  -25.780  -82.725  -12.302 0.0000000000
79758  -26.574  -82.701  -12.423 0.0000000000
79759  -29.462  -81.707  -11.599 0.0000000000
79760  -28.761  -81.922  -11.430 0.0000000000
79761  -29.670  -81.219  -11.105 0.0000000000
79762  -29.879  -80.706  -10.692 0.0000000000
79763  -30.491  -80.430  -10.863 0.0000000000
79764  -31.591  -83.931  -15.403 0.0000000000
79765  -30.754  -84.216  -15.388 0.0000000000
79766  -31.605  -83.503  -14.984 0.0000000000
79767  -32.447  -82.046  -13.722 0.0000000000
79768  -31.666  -82.717  -14.149 0.0000000000
79769  -31.704  -82.348  -13.702 0.0000000000
79770  -30.993  -82.632  -13.647 0.0000000000
79771  -31.762  -81.961  -13.236 0.0000000000
79772  -35.444  -78.708  -12.931 0.0000000000
79773  -34.709  -79.618  -12.896 0.0000000000
79774  -34.803  -78.980  -12.630 0.0000000000
79775  -33.588  -79.042  -11.875 0.0000000000
79776  -33.475  -79.696  -12.147 0.0000000000
79777  -32.824  -80.096  -11.912 0.0000000000
79778  -32.010  -80.997  -12.262 0.0000000000
79779  -32.185  -80.420  -11.770 0.0000000000
79780  -31.516  -80.733  -11.778 0.0000000000
79781  -32.358  -79.759  -11.387 0.0000000000
79782  -33.250  -77.383  -11.609 0.0000000000
79783  -32.580  -78.479  -11.124 0.0000000000
79784  -32.646  -77.811  -11.226 0.0000000000
79785  -31.990  -78.269  -10.939 0.0000000000
79786  -32.652  -77.223  -11.458 0.0000000000
79787  -32.611  -76.694  -11.757 0.0000000000
79788  -33.221  -76.354  -12.148 0.0000000000
91240  -21.327  -77.559  -6.284 0.0000000000
91241  -20.907  -78.300  -6.574 0.0000000000
91242  -20.645  -77.983  -6.743 0.0000000000
91243  -19.358  -78.837  -8.297 0.0000000000
91244  -19.445  -79.027  -7.970 0.0000000000
91245  -18.864  -79.518  -8.624 0.0000000000
91246  -18.379  -80.150  -8.888 0.0000000000
91247  -18.315  -79.884  -9.265 0.0000000000
91248  -18.651  -77.729  -9.502 0.0000000000
91249  -18.828  -78.144  -9.221 0.0000000000
91250  -18.380  -78.520  -9.912 0.0000000000
91251  -16.953  -80.097  -11.348 0.0000000000
91252  -17.501  -79.794  -10.684 0.0000000000
91307  -18.713  -70.243  -10.874 0.0000000000
91308  -18.005  -70.875  -10.551 0.0000000000
91309  -18.248  -69.806  -10.744 0.0000000000
91310  -17.562  -67.883  -10.522 0.0000000000
91311  -17.386  -68.919  -10.439 0.0000000000
91312  -16.975  -68.518  -10.177 0.0000000000
91314  -16.557  -68.203  -9.754 0.0000000000
94614  -28.535  -81.157  -10.414 0.0000000000
94615  -27.944  -81.186  -10.166 0.0000000000
94616  -28.908  -80.500  -10.030 0.0000000000
94617  -29.272  -79.831  -9.777 0.0000000000
94618  -29.401  -79.132  -9.610 0.0000000000
95429  -29.034  -87.243  -15.901 0.0000000000
95430  -28.490  -87.622  -15.397 0.0000000000
95431  -28.308  -87.326  -15.709 0.0000000000
95432  -27.535  -87.432  -15.416 0.0000000000
95433  -26.769  -87.545  -15.168 0.0000000000
95434  -26.036  -87.709  -14.900 0.0000000000
95435  -26.575  -87.266  -15.465 0.0000000000
95436  -26.390  -86.838  -15.606 0.0000000000
95437  -26.218  -86.302  -15.609 0.0000000000
95438  -26.078  -85.699  -15.482 0.0000000000
95439  -26.989  -85.538  -15.695 0.0000000000
95440  -27.920  -84.868  -15.513 0.0000000000
95441  -28.963  -84.371  -15.154 0.0000000000
95442  -38.381  -76.751  -14.348 0.0000000000
95443  -37.810  -76.901  -14.279 0.0000000000
97733  -21.118  -80.735  -6.562 0.0000000000
97734  -20.246  -81.073  -6.910 0.0000000000
97735  -20.540  -80.449  -6.600 0.0000000000
97736  -20.157  -80.079  -6.797 0.0000000000
97737  -19.899  -79.782  -6.983 0.0000000000
97738  -18.538  -74.439  -9.494 0.0000000000
97739  -18.327  -75.344  -9.454 0.0000000000
97740  -17.860  -75.001  -9.588 0.0000000000
97741  -17.193  -75.516  -9.494 0.0000000000
98934  -33.280  -74.350  -14.086 0.0000000000
99744  -33.121  -89.933  -14.407 0.0000000000
99745  -32.415  -90.222  -14.717 0.0000000000
99746  -33.361  -89.717  -14.870 0.0000000000
99747  -33.531  -89.429  -15.288 0.0000000000
99748  -33.638  -89.046  -15.661 0.0000000000
99749  -35.949  -86.025  -16.068 0.0000000000
99750  -35.268  -86.702  -16.188 0.0000000000
99751  -35.190  -86.180  -16.328 0.0000000000
99752  -34.356  -86.389  -16.514 0.0000000000
99753  -33.443  -86.611  -16.616 0.0000000000
99754  -32.514  -86.846  -16.564 0.0000000000
99755  -33.331  -86.050  -16.569 0.0000000000
99756  -33.250  -85.486  -16.406 0.0000000000
99757  -33.130  -84.945  -16.188 0.0000000000
99758  -33.153  -84.429  -15.978 0.0000000000
99759  -33.897  -84.197  -15.845 0.0000000000
99760  -34.588  -83.622  -15.444 0.0000000000
99761  -35.387  -83.021  -15.100 0.0000000000
99763  -38.406  -80.949  -14.235 0.0000000000
102053  -24.214  -74.818  -4.699 0.0000000000
102054  -23.439  -75.199  -4.875 0.0000000000
102055  -23.783  -74.419  -4.685 0.0000000000
102056  -23.309  -74.082  -4.751 0.0000000000
102057  -22.811  -73.722  -4.925 0.0000000000
102058  -23.192  -70.056  -5.731 0.0000000000
102059  -22.795  -70.985  -5.601 0.0000000000
102060  -22.461  -70.494  -6.128 0.0000000000
102061  -21.768  -70.900  -6.617 0.0000000000
102062  -21.123  -71.301  -7.067 0.0000000000
102063  -20.587  -71.786  -7.545 0.0000000000
102064  -20.931  -70.838  -7.787 0.0000000000
102065  -20.824  -70.439  -8.590 0.0000000000
102066  -20.811  -70.057  -9.441 0.0000000000
102067  -20.702  -69.784  -10.209 0.0000000000
102068  -21.253  -69.139  -9.681 0.0000000000
102069  -21.633  -68.176  -9.874 0.0000000000
102070  -21.897  -67.161  -10.081 0.0000000000
103000  -33.656  -89.484  -11.876 0.0000000000
103001  -34.790  -88.804  -12.021 0.0000000000
105284  -25.872  -81.227  -8.857 0.0000000000
105285  -24.870  -81.574  -9.024 0.0000000000
105286  -25.314  -81.317  -8.494 0.0000000000
105287  -24.863  -81.288  -8.054 0.0000000000
105288  -24.178  -81.302  -7.664 0.0000000000
105289  -23.538  -81.249  -7.245 0.0000000000
105290  -24.540  -80.875  -7.180 0.0000000000
105291  -24.783  -80.354  -6.813 0.0000000000
105292  -25.084  -79.775  -6.509 0.0000000000
105293  -29.609  -75.615  -11.951 0.0000000000
105294  -29.579  -76.397  -10.908 0.0000000000
105295  -29.236  -75.878  -11.215 0.0000000000
105296  -29.057  -76.079  -10.571 0.0000000000
105297  -28.898  -76.251  -9.961 0.0000000000
105301  -28.230  -76.000  -7.588 0.0000000000
105302  -27.727  -76.713  -6.913 0.0000000000
105303  -27.097  -77.487  -6.457 0.0000000000
105304  -27.376  -76.667  -6.405 0.0000000000
105305  -27.063  -76.545  -5.882 0.0000000000
105306  -26.672  -76.333  -5.475 0.0000000000
105307  -26.199  -76.110  -5.140 0.0000000000
105308  -27.015  -75.531  -5.394 0.0000000000
107723  -29.342  -90.868  -15.158 0.0000000000
107724  -28.560  -91.456  -15.078 0.0000000000
107725  -28.554  -90.964  -15.004 0.0000000000
107726  -27.863  -91.054  -14.820 0.0000000000
107727  -27.093  -91.161  -14.654 0.0000000000
107728  -25.897  -89.614  -13.346 0.0000000000
107729  -25.865  -90.219  -13.522 0.0000000000
107730  -25.157  -90.418  -13.313 0.0000000000
107731  -24.393  -91.193  -13.521 0.0000000000
107741  -23.566  -88.486  -13.161 0.0000000000
107751  -22.974  -86.617  -11.515 0.0000000000
107752  -23.181  -85.937  -12.087 0.0000000000
107753  -23.320  -85.331  -12.668 0.0000000000
107754  -26.473  -83.673  -14.166 0.0000000000
107755  -25.588  -83.675  -14.087 0.0000000000
107756  -26.708  -83.386  -13.882 0.0000000000
107757  -26.950  -83.165  -13.495 0.0000000000
107758  -27.173  -82.968  -12.983 0.0000000000
107759  -27.450  -82.680  -12.434 0.0000000000
107760  -28.295  -82.595  -12.538 0.0000000000
107761  -29.269  -82.119  -12.106 0.0000000000
107762  -30.167  -81.446  -11.692 0.0000000000
107763  -33.167  -82.476  -14.644 0.0000000000
107764  -32.423  -82.790  -14.594 0.0000000000
107765  -33.109  -82.131  -14.245 0.0000000000
107766  -33.146  -81.776  -13.816 0.0000000000
107767  -33.181  -81.362  -13.369 0.0000000000
107768  -35.495  -77.397  -12.946 0.0000000000
107769  -34.889  -78.358  -12.494 0.0000000000
107770  -34.931  -77.658  -12.434 0.0000000000
107771  -34.311  -77.984  -12.101 0.0000000000
107772  -33.711  -78.360  -11.734 0.0000000000
107773  -33.074  -78.780  -11.427 0.0000000000
107774  -33.764  -77.701  -11.792 0.0000000000
107775  -33.818  -77.077  -11.974 0.0000000000
107776  -33.866  -76.486  -12.231 0.0000000000
107777  -33.854  -76.008  -12.534 0.0000000000
107778  -34.465  -75.753  -12.934 0.0000000000
107779  -34.996  -75.117  -13.608 0.0000000000
114649  -20.759  -77.159  -6.719 0.0000000000
114650  -20.482  -77.851  -7.062 0.0000000000
114651  -20.252  -77.538  -7.279 0.0000000000
114652  -19.680  -78.110  -7.972 0.0000000000
114653  -19.168  -78.585  -8.587 0.0000000000
114654  -17.525  -78.340  -10.864 0.0000000000
114655  -17.833  -78.769  -10.610 0.0000000000
114656  -17.245  -79.004  -11.234 0.0000000000
114689  -19.272  -68.080  -11.227 0.0000000000
114690  -18.533  -68.720  -10.961 0.0000000000
114691  -18.784  -67.588  -11.176 0.0000000000
114692  -18.187  -67.218  -10.886 0.0000000000
114693  -17.662  -66.797  -10.490 0.0000000000
116619  -36.846  -87.332  -14.476 0.0000000000
116620  -36.083  -87.731  -14.963 0.0000000000
116621  -36.850  -86.978  -14.869 0.0000000000
116622  -36.829  -86.624  -15.209 0.0000000000
116623  -36.787  -86.262  -15.499 0.0000000000
116624  -38.440  -85.373  -14.937 0.0000000000
116625  -37.590  -85.608  -15.303 0.0000000000
116626  -36.745  -85.839  -15.669 0.0000000000
116627  -36.667  -85.356  -15.745 0.0000000000
116628  -36.569  -84.821  -15.706 0.0000000000
116629  -36.489  -84.269  -15.535 0.0000000000
116630  -36.327  -83.777  -15.370 0.0000000000
116631  -37.157  -83.545  -15.152 0.0000000000
116632  -37.936  -82.762  -14.925 0.0000000000
118415  -25.677  -71.349  -4.387 0.0000000000
118416  -24.883  -71.815  -4.468 0.0000000000
118417  -25.215  -70.965  -4.451 0.0000000000
118418  -24.739  -70.574  -4.658 0.0000000000
118419  -24.305  -70.067  -4.958 0.0000000000
118422  -23.883  -69.623  -5.379 0.0000000000
118423  -23.545  -69.062  -5.917 0.0000000000
118424  -23.299  -68.544  -6.537 0.0000000000
118425  -23.065  -68.020  -7.253 0.0000000000
118426  -22.920  -67.511  -8.007 0.0000000000
119148  -34.727  -89.711  -9.783 0.0000000000
119149  -34.863  -89.281  -10.084 0.0000000000
120924  -24.578  -82.854  -11.649 0.0000000000
120925  -24.019  -82.849  -11.216 0.0000000000
120926  -24.979  -82.425  -10.964 0.0000000000
120927  -25.470  -82.039  -10.399 0.0000000000
120928  -25.995  -81.655  -9.781 0.0000000000
120929  -27.485  -81.269  -9.929 0.0000000000
120930  -26.916  -81.265  -9.625 0.0000000000
120931  -26.402  -81.249  -9.242 0.0000000000
120932  -26.832  -80.850  -8.782 0.0000000000
120933  -27.220  -80.453  -8.415 0.0000000000
120934  -27.580  -79.902  -8.067 0.0000000000
122825  -29.606  -88.952  -15.120 0.0000000000
122826  -28.802  -89.408  -14.703 0.0000000000
122827  -28.783  -88.864  -14.695 0.0000000000
122828  -28.111  -88.826  -14.305 0.0000000000
122829  -27.358  -88.844  -14.047 0.0000000000
122830  -27.872  -87.998  -14.832 0.0000000000
122831  -27.300  -88.375  -14.227 0.0000000000
122832  -26.609  -88.938  -13.762 0.0000000000
122833  -25.878  -89.085  -13.441 0.0000000000
122834  -25.156  -89.328  -13.062 0.0000000000
122835  -24.525  -89.604  -12.736 0.0000000000
122837  -24.497  -89.180  -12.934 0.0000000000
122838  -24.412  -88.832  -13.185 0.0000000000
122839  -24.297  -88.555  -13.433 0.0000000000
122840  -25.297  -87.897  -14.532 0.0000000000
122841  -24.673  -88.089  -14.128 0.0000000000
122842  -24.117  -88.280  -13.702 0.0000000000
122843  -23.934  -87.827  -13.796 0.0000000000
122844  -23.794  -87.265  -13.805 0.0000000000
122845  -23.679  -86.657  -13.766 0.0000000000
122846  -23.543  -86.156  -13.565 0.0000000000
122847  -23.920  -86.058  -14.216 0.0000000000
122848  -24.407  -85.335  -14.602 0.0000000000
122849  -25.261  -84.625  -14.628 0.0000000000
122850  -26.080  -85.059  -15.166 0.0000000000
122851  -26.166  -84.514  -14.781 0.0000000000
122852  -26.306  -84.039  -14.435 0.0000000000
122853  -27.372  -83.706  -14.174 0.0000000000
122854  -28.458  -83.398  -13.893 0.0000000000
122855  -29.544  -83.001  -13.613 0.0000000000
122856  -35.992  -79.728  -13.718 0.0000000000
122857  -35.311  -79.949  -13.502 0.0000000000
122858  -35.992  -79.127  -13.452 0.0000000000
122859  -36.033  -78.496  -13.273 0.0000000000
122860  -36.061  -77.861  -13.285 0.0000000000
122861  -37.205  -76.955  -14.042 0.0000000000
122862  -36.633  -76.997  -13.791 0.0000000000
122863  -36.074  -77.201  -13.369 0.0000000000
122864  -36.047  -76.541  -13.479 0.0000000000
122865  -36.025  -76.010  -13.651 0.0000000000
128201  -20.168  -83.128  -7.859 0.0000000000
128203  -19.578  -82.913  -7.823 0.0000000000
128204  -19.026  -82.601  -7.908 0.0000000000
128206  -19.414  -81.375  -7.473 0.0000000000
128207  -18.762  -81.660  -7.919 0.0000000000
128210  -17.679  -81.613  -8.968 0.0000000000
128211  -17.592  -81.342  -9.361 0.0000000000
128212  -19.634  -76.023  -7.817 0.0000000000
128213  -19.465  -76.918  -8.105 0.0000000000
128214  -19.247  -76.639  -8.435 0.0000000000
128215  -18.842  -77.006  -9.141 0.0000000000
128216  -18.413  -77.335  -9.808 0.0000000000
128217  -18.105  -76.146  -9.669 0.0000000000
128218  -17.989  -76.897  -9.994 0.0000000000
128219  -17.828  -77.648  -10.409 0.0000000000
130779  -31.358  -77.509  -11.025 0.0000000000
130780  -30.833  -77.811  -10.687 0.0000000000
130781  -31.227  -76.882  -11.352 0.0000000000
130786  -30.241  -75.281  -12.590 0.0000000000
132490  -29.232  -92.822  -14.397 0.0000000000
132491  -29.852  -92.090  -14.306 0.0000000000
132492  -29.953  -91.605  -14.647 0.0000000000
132493  -30.073  -91.165  -14.956 0.0000000000
132494  -31.644  -90.477  -14.962 0.0000000000
132495  -30.902  -90.663  -15.112 0.0000000000
132496  -30.141  -90.777  -15.192 0.0000000000
132497  -30.208  -90.362  -15.339 0.0000000000
132498  -30.275  -89.929  -15.402 0.0000000000
132499  -30.338  -89.505  -15.417 0.0000000000
132500  -35.352  -88.054  -15.405 0.0000000000
132501  -34.528  -88.356  -15.751 0.0000000000
132502  -33.687  -88.616  -15.974 0.0000000000
132503  -34.546  -87.447  -16.207 0.0000000000
132504  -33.696  -88.146  -16.198 0.0000000000
132505  -32.766  -88.864  -16.084 0.0000000000
132506  -31.873  -89.028  -16.027 0.0000000000
132507  -31.139  -89.013  -15.779 0.0000000000
132508  -30.350  -89.028  -15.443 0.0000000000
132509  -30.312  -88.542  -15.511 0.0000000000
132510  -30.210  -88.053  -15.624 0.0000000000
132511  -29.992  -87.605  -15.837 0.0000000000
132512  -31.546  -87.042  -16.409 0.0000000000
132513  -30.622  -87.126  -16.249 0.0000000000
132514  -29.800  -87.174  -16.070 0.0000000000
132515  -29.649  -86.749  -16.299 0.0000000000
132516  -29.561  -86.300  -16.516 0.0000000000
132517  -29.614  -85.745  -16.411 0.0000000000
132518  -29.653  -85.233  -16.165 0.0000000000
132519  -30.618  -85.113  -16.253 0.0000000000
132520  -31.535  -84.410  -15.835 0.0000000000
132521  -32.445  -83.648  -15.447 0.0000000000
132522  -33.152  -83.913  -15.693 0.0000000000
132523  -33.128  -83.411  -15.330 0.0000000000
132524  -33.197  -82.886  -15.009 0.0000000000
132525  -33.857  -82.239  -14.643 0.0000000000
132526  -34.543  -81.607  -14.469 0.0000000000
132527  -35.264  -80.951  -14.275 0.0000000000
132528  -36.226  -83.245  -15.152 0.0000000000
132529  -36.159  -82.685  -14.930 0.0000000000
132530  -36.110  -82.130  -14.775 0.0000000000
132531  -37.606  -81.171  -14.420 0.0000000000
132532  -36.821  -81.372  -14.599 0.0000000000
132533  -36.114  -81.652  -14.705 0.0000000000
132534  -36.087  -81.179  -14.571 0.0000000000
132535  -36.027  -80.712  -14.341 0.0000000000
132536  -36.009  -80.260  -14.014 0.0000000000
132537  -36.665  -79.445  -13.847 0.0000000000
132538  -37.259  -78.609  -13.832 0.0000000000
132539  -37.875  -77.868  -13.958 0.0000000000
137363  -22.814  -77.895  -5.532 0.0000000000
137364  -21.972  -78.240  -5.819 0.0000000000
137365  -22.406  -77.517  -5.638 0.0000000000
137366  -22.017  -77.141  -5.812 0.0000000000
137367  -21.665  -76.862  -5.928 0.0000000000
137368  -22.667  -75.691  -5.195 0.0000000000
137369  -21.953  -76.192  -5.602 0.0000000000
137370  -21.331  -76.674  -6.152 0.0000000000
137371  -20.942  -76.382  -6.310 0.0000000000
137372  -20.620  -76.105  -6.571 0.0000000000
137373  -20.319  -75.801  -6.859 0.0000000000
137374  -23.999  -72.386  -4.632 0.0000000000
137375  -23.221  -72.820  -4.861 0.0000000000
137376  -22.462  -73.279  -5.210 0.0000000000
137377  -22.386  -71.931  -5.536 0.0000000000
137378  -22.083  -72.854  -5.535 0.0000000000
137379  -21.743  -73.807  -5.650 0.0000000000
137380  -21.107  -74.325  -6.089 0.0000000000
137381  -20.518  -74.913  -6.660 0.0000000000
137382  -20.052  -75.458  -7.228 0.0000000000
137383  -19.781  -75.063  -7.621 0.0000000000
137384  -19.578  -74.647  -8.052 0.0000000000
137385  -19.328  -74.220  -8.560 0.0000000000
137386  -20.073  -72.397  -8.066 0.0000000000
137387  -19.628  -73.034  -8.620 0.0000000000
137388  -19.139  -73.750  -9.124 0.0000000000
137389  -18.844  -73.398  -9.682 0.0000000000
137390  -18.506  -73.089  -10.112 0.0000000000
137391  -18.255  -72.685  -10.382 0.0000000000
137392  -17.935  -72.298  -10.482 0.0000000000
137393  -18.676  -71.731  -10.714 0.0000000000
137394  -18.991  -70.735  -10.965 0.0000000000
137395  -19.357  -69.681  -11.151 0.0000000000
137396  -20.470  -69.389  -10.808 0.0000000000
137397  -20.092  -69.029  -11.146 0.0000000000
137398  -19.721  -68.535  -11.251 0.0000000000
137399  -19.978  -67.365  -11.353 0.0000000000
137402  -22.729  -67.102  -8.730 0.0000000000
137403  -22.459  -66.605  -9.483 0.0000000000
139306  -32.559  -90.314  -13.371 0.0000000000
139307  -32.838  -90.145  -13.924 0.0000000000
139308  -33.850  -89.527  -14.046 0.0000000000
139309  -34.839  -88.921  -14.151 0.0000000000
139310  -35.834  -88.289  -14.129 0.0000000000
139313  -35.817  -88.223  -12.163 0.0000000000
139316  -36.089  -88.111  -12.720 0.0000000000
139317  -36.322  -87.993  -13.192 0.0000000000
139318  -36.565  -87.811  -13.635 0.0000000000
139319  -36.761  -87.591  -14.063 0.0000000000
143959  -20.724  -83.720  -8.546 0.0000000000
143960  -23.643  -82.809  -10.763 0.0000000000
143961  -23.243  -82.881  -10.353 0.0000000000
143962  -22.848  -82.958  -9.865 0.0000000000
143963  -23.964  -81.992  -9.150 0.0000000000
143964  -23.163  -82.460  -9.226 0.0000000000
143965  -22.480  -83.018  -9.335 0.0000000000
143966  -22.014  -83.065  -8.832 0.0000000000
143967  -21.415  -83.142  -8.405 0.0000000000
143968  -20.790  -83.241  -8.063 0.0000000000
143969  -20.945  -82.689  -7.595 0.0000000000
143970  -21.185  -82.121  -7.156 0.0000000000
143971  -21.431  -81.571  -6.813 0.0000000000
143972  -22.964  -81.253  -6.869 0.0000000000
143973  -22.307  -81.188  -6.594 0.0000000000
143974  -21.731  -80.949  -6.434 0.0000000000
143975  -22.038  -80.327  -6.189 0.0000000000
143976  -22.374  -79.658  -5.932 0.0000000000
143977  -22.747  -78.971  -5.691 0.0000000000
143978  -30.328  -78.065  -10.297 0.0000000000
143979  -29.895  -78.284  -9.909 0.0000000000
143980  -29.453  -78.510  -9.545 0.0000000000
143981  -29.477  -77.110  -10.116 0.0000000000
143982  -29.351  -77.944  -9.549 0.0000000000
143983  -29.078  -78.772  -9.120 0.0000000000
143984  -28.769  -78.970  -8.718 0.0000000000
143985  -28.341  -79.189  -8.242 0.0000000000
143986  -27.780  -79.360  -7.775 0.0000000000
143988  -28.794  -75.686  -10.193 0.0000000000
143989  -28.738  -76.482  -9.339 0.0000000000
143990  -28.651  -75.890  -8.901 0.0000000000
143991  -28.649  -76.613  -8.687 0.0000000000
143992  -28.682  -77.268  -8.530 0.0000000000
143993  -28.448  -78.081  -7.896 0.0000000000
143994  -27.923  -78.788  -7.553 0.0000000000
143995  -27.295  -79.383  -7.331 0.0000000000
143996  -26.702  -79.419  -6.927 0.0000000000
143997  -25.923  -79.302  -6.568 0.0000000000
143998  -25.364  -79.187  -6.246 0.0000000000
143999  -26.460  -78.015  -6.117 0.0000000000
144000  -25.623  -78.618  -6.012 0.0000000000
144001  -24.734  -79.107  -5.976 0.0000000000
144002  -24.190  -78.901  -5.701 0.0000000000
144003  -23.656  -78.622  -5.499 0.0000000000
144004  -23.148  -78.264  -5.498 0.0000000000
144005  -23.585  -77.516  -5.240 0.0000000000
144006  -24.025  -76.741  -5.020 0.0000000000
144007  -24.399  -75.960  -4.829 0.0000000000
144008  -25.698  -75.882  -4.935 0.0000000000
144009  -25.324  -75.477  -4.807 0.0000000000
144010  -24.779  -75.124  -4.713 0.0000000000
144011  -25.086  -74.281  -4.612 0.0000000000
144012  -25.449  -73.443  -4.496 0.0000000000
144013  -25.831  -72.541  -4.430 0.0000000000
148875  -27.828  -92.092  -15.207 0.0000000000
148876  -27.060  -92.704  -15.497 0.0000000000
148878  -25.502  -93.470  -15.974 0.0000000000
148879  -24.670  -93.545  -15.951 0.0000000000
148881  -27.998  -89.956  -14.444 0.0000000000
148882  -27.162  -90.605  -14.351 0.0000000000
148883  -26.374  -91.229  -14.444 0.0000000000
148884  -25.743  -90.820  -13.899 0.0000000000
148885  -25.622  -91.376  -14.361 0.0000000000
148886  -25.555  -91.822  -14.807 0.0000000000
148887  -24.741  -92.468  -15.150 0.0000000000
148932  -23.012  -84.910  -11.146 0.0000000000
148933  -23.250  -84.321  -11.721 0.0000000000
148934  -23.569  -83.736  -12.129 0.0000000000
148935  -23.483  -85.657  -13.428 0.0000000000
148936  -23.474  -85.169  -13.332 0.0000000000
148937  -23.515  -84.705  -13.252 0.0000000000
148938  -24.821  -83.828  -13.911 0.0000000000
148939  -24.106  -84.063  -13.650 0.0000000000
148940  -23.661  -84.301  -13.129 0.0000000000
148941  -23.859  -83.963  -12.908 0.0000000000
148942  -24.017  -83.612  -12.574 0.0000000000
148943  -24.268  -83.229  -12.164 0.0000000000
148944  -25.173  -82.791  -12.035 0.0000000000
148945  -26.206  -82.440  -11.707 0.0000000000
148946  -27.289  -82.142  -11.238 0.0000000000
148947  -27.716  -82.388  -11.893 0.0000000000
148948  -27.952  -82.084  -11.387 0.0000000000
148949  -28.242  -81.676  -10.849 0.0000000000
148950  -29.175  -81.005  -10.550 0.0000000000
148951  -30.112  -80.132  -10.445 0.0000000000
148952  -30.732  -79.114  -10.594 0.0000000000
148953  -29.719  -84.759  -15.792 0.0000000000
148954  -29.843  -84.366  -15.224 0.0000000000
148955  -29.955  -83.965  -14.782 0.0000000000
148956  -31.632  -83.104  -14.587 0.0000000000
148957  -30.842  -83.375  -14.497 0.0000000000
148958  -30.049  -83.598  -14.374 0.0000000000
148959  -30.163  -83.277  -14.005 0.0000000000
148960  -30.235  -82.879  -13.659 0.0000000000
148961  -30.336  -82.480  -13.262 0.0000000000
148962  -34.603  -80.242  -13.268 0.0000000000
148963  -33.953  -80.501  -13.054 0.0000000000
148964  -33.263  -80.882  -12.948 0.0000000000
148965  -34.186  -79.299  -12.382 0.0000000000
148966  -33.404  -80.300  -12.556 0.0000000000
148967  -32.543  -81.223  -12.827 0.0000000000
148968  -31.863  -81.494  -12.766 0.0000000000
148969  -31.241  -81.834  -12.664 0.0000000000
148970  -30.487  -82.067  -12.799 0.0000000000
148971  -30.696  -81.572  -12.244 0.0000000000
148972  -30.879  -81.078  -11.752 0.0000000000
148973  -31.027  -80.571  -11.299 0.0000000000
148974  -32.474  -79.126  -11.185 0.0000000000
148975  -31.847  -79.526  -11.039 0.0000000000
148976  -31.174  -80.002  -10.934 0.0000000000
148977  -31.300  -79.364  -10.795 0.0000000000
148978  -31.386  -78.700  -10.762 0.0000000000
148979  -31.434  -78.027  -10.796 0.0000000000
148980  -31.979  -77.063  -11.405 0.0000000000
148981  -32.539  -76.199  -12.130 0.0000000000
148982  -33.028  -75.454  -12.924 0.0000000000
148983  -33.729  -75.599  -12.896 0.0000000000
148984  -33.588  -75.184  -13.297 0.0000000000
148985  -33.439  -74.756  -13.721 0.0000000000
162736  -21.103  -78.622  -6.290 0.0000000000
162737  -20.319  -79.044  -6.831 0.0000000000
162738  -19.716  -79.493  -7.303 0.0000000000
162739  -20.053  -78.478  -7.325 0.0000000000
162740  -19.569  -79.214  -7.629 0.0000000000
162741  -19.103  -79.930  -7.872 0.0000000000
162742  -18.502  -80.378  -8.465 0.0000000000
162743  -17.964  -80.759  -9.118 0.0000000000
162745  -19.269  -77.700  -8.494 0.0000000000
162746  -18.953  -78.392  -8.899 0.0000000000
162747  -18.615  -79.070  -9.252 0.0000000000
162748  -17.969  -79.182  -10.299 0.0000000000
162749  -18.118  -79.452  -9.943 0.0000000000
162750  -18.176  -79.665  -9.598 0.0000000000
162751  -17.741  -80.265  -9.925 0.0000000000
162817  -17.657  -71.936  -10.385 0.0000000000
162820  -17.858  -69.228  -10.561 0.0000000000
162827  -18.013  -65.887  -10.306 0.0000000000
162828  -17.403  -66.731  -9.977 0.0000000000
