#!ascii label  , from subject fsaverage vox2ras=TkReg
589
419  44.861  -36.476  41.301 0.0000000000
420  40.503  -40.390  35.819 0.0000000000
937  35.616  -34.863  37.738 0.0000000000
938  39.585  -36.837  37.440 0.0000000000
939  36.947  -39.079  35.922 0.0000000000
1290  46.031  -39.213  39.313 0.0000000000
1291  48.363  -37.583  43.368 0.0000000000
1292  49.540  -40.602  40.972 0.0000000000
1939  42.746  -38.514  38.511 0.0000000000
2384  55.076  -35.700  46.209 0.0000000000
2857  34.673  -36.326  38.076 0.0000000000
2858  36.518  -37.090  37.165 0.0000000000
3210  46.677  -40.477  38.309 0.0000000000
3211  47.851  -39.711  40.049 0.0000000000
4255  39.914  -38.774  36.820 0.0000000000
4256  41.320  -37.818  37.865 0.0000000000
4257  41.574  -39.320  37.016 0.0000000000
4258  43.351  -39.633  37.203 0.0000000000
5313  50.443  -37.743  43.992 0.0000000000
5314  49.321  -36.683  45.646 0.0000000000
5315  51.650  -36.803  46.173 0.0000000000
6297  37.730  -35.977  37.578 0.0000000000
6298  38.333  -37.959  36.754 0.0000000000
6299  38.661  -39.799  35.801 0.0000000000
6930  45.454  -38.106  40.387 0.0000000000
6931  46.437  -37.207  42.502 0.0000000000
6932  47.359  -38.431  41.076 0.0000000000
6933  49.235  -38.711  41.812 0.0000000000
6934  50.879  -39.667  42.626 0.0000000000
8414  43.224  -35.600  40.386 0.0000000000
8415  40.763  -35.756  38.471 0.0000000000
8416  42.549  -36.666  39.006 0.0000000000
8417  44.034  -37.622  39.849 0.0000000000
8418  44.366  -38.871  38.876 0.0000000000
8419  45.115  -39.906  37.627 0.0000000000
8922  33.659  -34.459  38.749 0.0000000000
9711  49.719  -42.413  40.493 0.0000000000
10538  34.933  -37.324  37.449 0.0000000000
10891  47.487  -40.844  38.728 0.0000000000
11935  40.113  -39.597  36.345 0.0000000000
11936  40.733  -39.131  36.913 0.0000000000
11937  41.001  -39.840  36.343 0.0000000000
11938  41.929  -39.998  36.410 0.0000000000
12990  44.330  -35.558  41.621 0.0000000000
12992  45.237  -35.916  42.259 0.0000000000
12994  50.957  -37.338  45.118 0.0000000000
14335  36.744  -38.078  36.620 0.0000000000
14336  37.425  -37.463  36.952 0.0000000000
14337  37.655  -38.483  36.365 0.0000000000
14338  38.456  -38.901  36.255 0.0000000000
14339  37.810  -39.456  35.889 0.0000000000
15390  45.760  -38.695  39.836 0.0000000000
15391  46.347  -38.306  40.722 0.0000000000
15392  46.761  -38.860  40.113 0.0000000000
15393  48.750  -40.065  40.525 0.0000000000
15394  48.556  -39.172  40.959 0.0000000000
15395  49.419  -39.568  41.353 0.0000000000
15396  50.067  -39.056  42.215 0.0000000000
15397  50.222  -40.142  41.763 0.0000000000
18525  39.252  -35.810  37.845 0.0000000000
18527  40.196  -36.299  37.865 0.0000000000
18528  42.058  -38.239  38.235 0.0000000000
18529  41.955  -37.255  38.406 0.0000000000
18530  42.721  -37.732  38.828 0.0000000000
18531  43.298  -37.155  39.435 0.0000000000
18532  43.432  -38.059  39.216 0.0000000000
18533  44.133  -38.299  39.433 0.0000000000
18534  43.476  -38.717  38.785 0.0000000000
18535  43.819  -40.240  36.633 0.0000000000
18536  44.263  -39.731  37.382 0.0000000000
18537  44.700  -40.393  36.894 0.0000000000
21698  47.357  -37.431  43.027 0.0000000000
21699  46.939  -36.660  43.613 0.0000000000
21700  47.824  -36.926  44.181 0.0000000000
21708  54.249  -35.570  46.797 0.0000000000
21709  54.048  -34.751  46.892 0.0000000000
21710  54.957  -34.748  46.635 0.0000000000
23575  35.111  -35.643  37.917 0.0000000000
23576  36.144  -36.085  37.620 0.0000000000
23577  35.563  -36.740  37.559 0.0000000000
23578  35.849  -37.643  36.927 0.0000000000
24210  46.367  -39.782  38.865 0.0000000000
24211  47.007  -39.391  39.675 0.0000000000
24212  47.276  -40.104  39.203 0.0000000000
24213  48.078  -40.447  39.638 0.0000000000
24214  48.883  -40.981  40.177 0.0000000000
26091  39.816  -37.838  37.123 0.0000000000
26092  40.491  -37.343  37.606 0.0000000000
26093  40.642  -38.284  37.305 0.0000000000
26094  41.388  -38.659  37.512 0.0000000000
26095  42.141  -38.923  37.714 0.0000000000
26096  42.942  -39.125  37.906 0.0000000000
26097  42.467  -39.505  37.094 0.0000000000
26098  42.878  -40.118  36.479 0.0000000000
27995  49.370  -37.644  43.617 0.0000000000
27996  48.788  -37.223  44.563 0.0000000000
27997  49.802  -37.299  44.798 0.0000000000
27998  50.419  -36.792  45.985 0.0000000000
27999  51.191  -36.244  46.718 0.0000000000
28001  52.373  -36.289  46.857 0.0000000000
28002  53.485  -36.401  46.666 0.0000000000
28003  54.371  -36.612  46.281 0.0000000000
30052  38.269  -35.275  37.698 0.0000000000
30053  38.664  -36.468  37.476 0.0000000000
30054  37.125  -36.541  37.418 0.0000000000
30055  38.073  -36.933  37.188 0.0000000000
30056  38.962  -37.354  37.083 0.0000000000
30057  39.180  -38.305  36.694 0.0000000000
30058  39.267  -39.272  36.334 0.0000000000
30059  39.557  -40.122  35.799 0.0000000000
31530  45.222  -37.417  40.873 0.0000000000
31531  45.661  -36.869  41.868 0.0000000000
31532  46.011  -37.642  41.379 0.0000000000
31533  46.882  -37.855  41.796 0.0000000000
31534  47.953  -37.985  42.170 0.0000000000
31535  47.650  -39.008  40.505 0.0000000000
31536  48.306  -38.536  41.428 0.0000000000
31537  48.931  -38.051  42.452 0.0000000000
31538  49.854  -38.121  42.791 0.0000000000
35522  44.035  -36.007  40.875 0.0000000000
35526  41.105  -36.773  38.045 0.0000000000
35527  41.711  -36.223  38.622 0.0000000000
35528  42.093  -35.661  39.296 0.0000000000
35529  42.925  -36.089  39.668 0.0000000000
35530  43.727  -36.546  40.059 0.0000000000
35531  44.535  -37.019  40.532 0.0000000000
35532  44.701  -37.894  40.159 0.0000000000
35533  44.919  -38.501  39.643 0.0000000000
35534  45.165  -39.034  39.116 0.0000000000
35535  43.807  -39.216  38.051 0.0000000000
35536  44.637  -39.334  38.278 0.0000000000
35537  45.466  -39.546  38.546 0.0000000000
35538  45.893  -40.176  37.971 0.0000000000
35546  37.095  -40.058  35.514 0.0000000000
35547  37.987  -40.442  35.491 0.0000000000
37009  35.141  -33.759  38.006 0.0000000000
37012  34.588  -34.592  38.105 0.0000000000
37013  34.070  -35.317  38.346 0.0000000000
39351  46.101  -36.268  42.887 0.0000000000
39352  46.614  -35.644  43.823 0.0000000000
39354  48.354  -36.427  45.238 0.0000000000
39363  52.921  -34.848  46.779 0.0000000000
39370  48.955  -41.766  39.843 0.0000000000
39371  49.676  -41.531  40.813 0.0000000000
39373  50.507  -42.181  41.459 0.0000000000
39374  50.381  -41.208  41.582 0.0000000000
39375  51.019  -40.916  42.326 0.0000000000
42655  40.293  -40.001  36.094 0.0000000000
42656  40.569  -39.757  36.357 0.0000000000
42657  40.738  -40.116  36.081 0.0000000000
42658  41.220  -40.183  36.068 0.0000000000
42659  40.974  -40.478  35.802 0.0000000000
43710  44.586  -36.008  41.466 0.0000000000
43711  44.748  -35.722  41.950 0.0000000000
43712  45.054  -36.197  41.787 0.0000000000
45055  36.870  -38.563  36.263 0.0000000000
45056  37.227  -38.322  36.475 0.0000000000
45057  37.300  -38.786  36.180 0.0000000000
45058  37.722  -38.972  36.137 0.0000000000
45059  37.389  -39.284  35.888 0.0000000000
46110  45.905  -38.976  39.550 0.0000000000
46111  46.265  -38.800  39.962 0.0000000000
46112  46.421  -39.060  39.725 0.0000000000
46113  49.174  -40.319  40.742 0.0000000000
46114  49.076  -39.827  40.940 0.0000000000
46115  49.497  -40.090  41.152 0.0000000000
46116  49.841  -39.824  41.534 0.0000000000
46117  49.917  -40.405  41.305 0.0000000000
49245  39.442  -36.373  37.648 0.0000000000
49246  39.738  -36.083  37.867 0.0000000000
49247  39.940  -36.607  37.666 0.0000000000
49248  42.395  -38.382  38.375 0.0000000000
49249  42.406  -37.999  38.573 0.0000000000
49250  42.740  -38.150  38.710 0.0000000000
49251  43.076  -37.914  39.035 0.0000000000
49252  43.089  -38.306  38.876 0.0000000000
49253  43.444  -38.420  39.021 0.0000000000
49254  43.108  -38.643  38.670 0.0000000000
49256  44.270  -40.312  36.742 0.0000000000
52418  47.870  -37.534  43.202 0.0000000000
52419  47.568  -37.224  43.622 0.0000000000
52420  48.077  -37.288  43.803 0.0000000000
52428  54.666  -35.609  46.545 0.0000000000
52429  54.586  -35.181  46.731 0.0000000000
52430  55.024  -35.197  46.481 0.0000000000
52431  55.398  -34.716  46.383 0.0000000000
52432  55.426  -35.227  46.116 0.0000000000
54652  34.894  -36.010  38.013 0.0000000000
54653  35.385  -36.273  37.872 0.0000000000
54654  35.137  -36.544  37.808 0.0000000000
54656  35.375  -37.480  37.159 0.0000000000
55710  46.521  -40.101  38.588 0.0000000000
55711  46.835  -39.940  39.030 0.0000000000
55712  46.973  -40.270  38.767 0.0000000000
55713  47.858  -40.999  38.999 0.0000000000
55714  47.774  -40.632  39.196 0.0000000000
55715  48.162  -40.833  39.454 0.0000000000
55716  48.498  -40.689  39.887 0.0000000000
55717  48.559  -41.060  39.731 0.0000000000
58845  39.877  -38.314  36.965 0.0000000000
58846  40.252  -38.063  37.208 0.0000000000
58847  40.268  -38.525  37.059 0.0000000000
58848  41.148  -39.207  36.953 0.0000000000
58849  41.041  -38.915  37.206 0.0000000000
58850  41.420  -39.018  37.295 0.0000000000
58851  41.730  -38.823  37.633 0.0000000000
58852  41.829  -39.138  37.369 0.0000000000
58853  42.273  -39.218  37.432 0.0000000000
58854  42.003  -39.431  37.065 0.0000000000
58855  42.179  -40.322  36.122 0.0000000000
58856  42.400  -40.065  36.446 0.0000000000
58857  42.632  -40.383  36.167 0.0000000000
58858  43.107  -40.423  36.199 0.0000000000
60071  33.723  -32.211  41.700 0.0000000000
62018  49.890  -37.688  43.799 0.0000000000
62019  49.597  -37.521  44.238 0.0000000000
62020  50.136  -37.525  44.381 0.0000000000
62021  51.257  -37.048  45.713 0.0000000000
62022  50.654  -37.051  45.582 0.0000000000
62023  51.008  -36.781  46.113 0.0000000000
62024  50.802  -36.528  46.400 0.0000000000
62025  51.414  -36.553  46.503 0.0000000000
62026  51.791  -36.283  46.839 0.0000000000
62027  52.035  -36.581  46.550 0.0000000000
62031  53.972  -36.470  46.466 0.0000000000
66042  38.001  -35.645  37.636 0.0000000000
66043  38.504  -35.940  37.662 0.0000000000
66044  38.194  -36.249  37.572 0.0000000000
66045  36.374  -36.642  37.431 0.0000000000
66046  36.673  -36.362  37.561 0.0000000000
66047  36.858  -36.834  37.315 0.0000000000
66048  37.888  -37.704  36.818 0.0000000000
66049  37.765  -37.196  37.047 0.0000000000
66050  38.203  -37.422  36.956 0.0000000000
66051  38.519  -37.141  37.109 0.0000000000
66052  38.659  -37.642  36.913 0.0000000000
66053  39.102  -37.885  36.932 0.0000000000
66054  38.783  -38.180  36.737 0.0000000000
66055  38.538  -39.356  36.031 0.0000000000
66056  38.865  -39.095  36.281 0.0000000000
66057  38.958  -39.541  36.045 0.0000000000
66058  39.404  -39.710  36.084 0.0000000000
66059  39.077  -39.985  35.781 0.0000000000
69210  45.346  -37.779  40.666 0.0000000000
69211  45.611  -37.576  41.120 0.0000000000
69212  45.749  -37.889  40.873 0.0000000000
69213  46.892  -38.369  40.905 0.0000000000
69214  46.628  -38.077  41.222 0.0000000000
69215  47.157  -38.164  41.419 0.0000000000
69216  47.435  -37.923  41.999 0.0000000000
69217  47.674  -38.197  41.605 0.0000000000
69218  47.453  -39.536  39.854 0.0000000000
69219  47.377  -39.171  40.104 0.0000000000
69220  47.762  -39.323  40.295 0.0000000000
69221  48.888  -38.947  41.383 0.0000000000
69222  48.430  -38.839  41.184 0.0000000000
69223  48.776  -38.612  41.622 0.0000000000
69224  48.651  -38.288  41.925 0.0000000000
69225  49.139  -38.350  42.097 0.0000000000
69226  49.398  -38.076  42.600 0.0000000000
69227  49.569  -38.419  42.269 0.0000000000
69228  50.512  -39.314  42.442 0.0000000000
69229  50.424  -38.774  42.693 0.0000000000
69230  50.840  -39.035  42.914 0.0000000000
78612  43.412  -35.346  40.706 0.0000000000
78613  43.742  -35.557  41.038 0.0000000000
78614  43.620  -35.788  40.647 0.0000000000
78618  40.234  -35.468  38.357 0.0000000000
78622  41.028  -35.450  38.782 0.0000000000
78623  40.921  -37.597  37.755 0.0000000000
78624  40.816  -37.069  37.804 0.0000000000
78625  41.252  -37.324  37.948 0.0000000000
78626  42.259  -36.947  38.654 0.0000000000
78627  41.840  -36.710  38.481 0.0000000000
78628  42.118  -36.419  38.799 0.0000000000
78629  41.941  -35.932  38.949 0.0000000000
78630  42.349  -36.136  39.134 0.0000000000
78631  42.507  -35.869  39.474 0.0000000000
78632  42.747  -36.379  39.330 0.0000000000
78633  43.668  -37.388  39.635 0.0000000000
78634  43.521  -36.844  39.729 0.0000000000
78635  43.904  -37.106  39.938 0.0000000000
78636  44.125  -36.783  40.285 0.0000000000
78637  44.290  -37.345  40.180 0.0000000000
78638  44.635  -37.499  40.349 0.0000000000
78639  44.372  -37.744  40.007 0.0000000000
78640  44.203  -38.608  39.200 0.0000000000
78641  44.483  -38.413  39.532 0.0000000000
78642  44.654  -38.687  39.261 0.0000000000
78643  45.067  -38.789  39.375 0.0000000000
78644  44.771  -38.937  38.994 0.0000000000
78645  43.112  -39.381  37.564 0.0000000000
78646  43.359  -39.183  37.972 0.0000000000
78647  43.559  -39.418  37.626 0.0000000000
78648  44.719  -39.790  37.514 0.0000000000
78649  44.471  -39.551  37.843 0.0000000000
78650  44.886  -39.597  37.959 0.0000000000
78651  45.028  -39.435  38.403 0.0000000000
78652  45.281  -39.724  38.089 0.0000000000
78653  45.693  -39.846  38.248 0.0000000000
78654  45.508  -40.046  37.796 0.0000000000
78674  36.776  -40.338  35.415 0.0000000000
78676  37.525  -40.259  35.491 0.0000000000
82291  34.917  -33.248  38.183 0.0000000000
82297  33.942  -34.057  38.634 0.0000000000
82299  34.075  -34.514  38.380 0.0000000000
82300  34.307  -34.966  38.186 0.0000000000
82301  33.838  -34.868  38.517 0.0000000000
88133  46.067  -37.073  42.203 0.0000000000
88134  45.878  -36.586  42.403 0.0000000000
88135  46.236  -36.785  42.744 0.0000000000
88136  47.188  -36.427  44.156 0.0000000000
88137  46.746  -36.227  43.748 0.0000000000
88141  49.022  -36.941  45.140 0.0000000000
88142  48.547  -36.841  44.957 0.0000000000
88143  48.823  -36.538  45.427 0.0000000000
88181  49.353  -42.533  39.968 0.0000000000
88182  49.027  -42.221  39.651 0.0000000000
88183  49.346  -42.089  40.140 0.0000000000
88184  49.296  -41.634  40.329 0.0000000000
88185  49.716  -41.962  40.689 0.0000000000
88190  50.965  -42.479  41.794 0.0000000000
88191  50.892  -42.043  41.850 0.0000000000
88192  50.461  -41.698  41.536 0.0000000000
88193  50.782  -41.556  41.888 0.0000000000
88194  50.706  -41.075  41.958 0.0000000000
88244  57.185  -33.253  44.224 0.0000000000
92696  34.850  -36.866  37.764 0.0000000000
92697  34.563  -37.172  37.762 0.0000000000
95211  39.983  -39.184  36.590 0.0000000000
95212  40.318  -38.956  36.866 0.0000000000
95213  40.419  -39.354  36.624 0.0000000000
95214  40.848  -39.496  36.650 0.0000000000
95215  41.283  -39.570  36.661 0.0000000000
95216  41.726  -39.663  36.708 0.0000000000
95217  41.461  -39.913  36.350 0.0000000000
95218  41.708  -40.257  36.090 0.0000000000
95946  33.836  -32.289  42.860 0.0000000000
97112  44.535  -35.255  42.002 0.0000000000
97113  44.972  -35.449  42.359 0.0000000000
97114  45.414  -35.619  42.681 0.0000000000
97115  50.931  -37.834  44.127 0.0000000000
97116  50.713  -37.554  44.538 0.0000000000
97118  51.533  -37.387  45.297 0.0000000000
97119  51.876  -37.139  45.831 0.0000000000
97120  52.216  -36.901  46.268 0.0000000000
97121  52.428  -37.272  45.835 0.0000000000
99530  37.247  -35.678  37.646 0.0000000000
99531  36.624  -37.577  36.910 0.0000000000
99532  36.978  -37.288  37.075 0.0000000000
99533  37.091  -37.780  36.805 0.0000000000
99534  37.578  -37.977  36.674 0.0000000000
99535  38.012  -38.191  36.544 0.0000000000
99536  38.436  -38.437  36.507 0.0000000000
99537  38.073  -38.661  36.257 0.0000000000
99538  38.121  -39.174  36.077 0.0000000000
99539  38.239  -39.595  35.830 0.0000000000
101430  45.583  -38.414  40.120 0.0000000000
101431  45.905  -38.211  40.557 0.0000000000
101432  46.077  -38.525  40.262 0.0000000000
101433  46.585  -38.593  40.405 0.0000000000
101434  47.067  -38.643  40.599 0.0000000000
101435  48.285  -39.843  40.316 0.0000000000
101436  48.172  -39.445  40.547 0.0000000000
101437  48.619  -39.594  40.731 0.0000000000
101438  48.984  -39.338  41.143 0.0000000000
101439  49.318  -39.116  41.585 0.0000000000
101440  49.659  -38.863  41.985 0.0000000000
101441  49.734  -39.327  41.777 0.0000000000
101442  50.113  -39.592  42.007 0.0000000000
101443  50.529  -39.908  42.213 0.0000000000
107072  42.817  -35.377  40.188 0.0000000000
107073  39.045  -35.234  37.971 0.0000000000
107075  39.537  -35.540  38.029 0.0000000000
107076  40.004  -35.786  38.096 0.0000000000
107077  40.469  -36.021  38.155 0.0000000000
107078  41.694  -38.033  38.026 0.0000000000
107079  41.644  -37.546  38.145 0.0000000000
107080  42.021  -37.785  38.377 0.0000000000
107081  42.354  -37.488  38.588 0.0000000000
107082  42.663  -37.212  38.880 0.0000000000
107083  42.935  -36.927  39.226 0.0000000000
107084  43.049  -37.474  39.155 0.0000000000
107085  43.393  -37.660  39.355 0.0000000000
107086  43.750  -37.851  39.532 0.0000000000
107087  44.115  -37.977  39.640 0.0000000000
107088  43.805  -38.170  39.333 0.0000000000
107089  43.815  -38.503  39.116 0.0000000000
107090  43.896  -38.790  38.843 0.0000000000
107091  43.598  -39.917  36.881 0.0000000000
107092  43.815  -39.653  37.273 0.0000000000
107093  44.047  -39.962  36.975 0.0000000000
107094  44.484  -40.014  37.071 0.0000000000
107095  44.924  -40.127  37.260 0.0000000000
107096  45.319  -40.259  37.402 0.0000000000
107097  45.096  -40.513  37.062 0.0000000000
112784  46.883  -37.312  42.805 0.0000000000
112785  46.671  -36.930  43.086 0.0000000000
112786  47.137  -37.070  43.376 0.0000000000
112787  47.384  -36.830  43.956 0.0000000000
112788  47.605  -36.551  44.464 0.0000000000
112802  53.766  -35.561  46.978 0.0000000000
112803  53.644  -35.124  47.051 0.0000000000
112804  54.155  -35.161  46.929 0.0000000000
112805  54.485  -34.783  46.799 0.0000000000
112815  49.764  -42.800  40.265 0.0000000000
116449  35.330  -35.228  37.829 0.0000000000
116450  35.881  -35.479  37.708 0.0000000000
116451  35.610  -35.847  37.767 0.0000000000
116452  35.857  -36.436  37.611 0.0000000000
116453  36.017  -36.917  37.321 0.0000000000
116454  35.260  -37.021  37.480 0.0000000000
116455  35.713  -37.193  37.233 0.0000000000
116456  36.172  -37.351  37.022 0.0000000000
116457  36.280  -37.843  36.761 0.0000000000
117930  46.183  -39.481  39.080 0.0000000000
117931  46.540  -39.304  39.498 0.0000000000
117932  46.697  -39.605  39.267 0.0000000000
117933  47.147  -39.746  39.439 0.0000000000
117934  47.573  -39.895  39.620 0.0000000000
117935  47.413  -40.468  38.943 0.0000000000
117936  47.682  -40.236  39.387 0.0000000000
117937  47.979  -40.053  39.859 0.0000000000
117938  48.418  -40.269  40.083 0.0000000000
117939  48.847  -40.518  40.313 0.0000000000
117940  49.216  -40.803  40.521 0.0000000000
122319  39.696  -37.335  37.238 0.0000000000
122320  40.043  -37.091  37.467 0.0000000000
122321  40.155  -37.583  37.331 0.0000000000
122322  40.590  -37.829  37.505 0.0000000000
122323  40.951  -38.048  37.618 0.0000000000
122324  40.660  -38.744  37.126 0.0000000000
122325  41.001  -38.492  37.413 0.0000000000
122326  41.346  -38.249  37.720 0.0000000000
122327  41.707  -38.453  37.855 0.0000000000
122328  42.071  -38.594  37.961 0.0000000000
122329  42.440  -38.715  38.105 0.0000000000
122330  42.815  -38.831  38.253 0.0000000000
122331  42.540  -39.017  37.824 0.0000000000
122332  42.696  -39.313  37.501 0.0000000000
122333  42.924  -39.579  37.139 0.0000000000
122334  42.167  -39.746  36.733 0.0000000000
122335  42.670  -39.812  36.772 0.0000000000
122336  43.158  -39.868  36.798 0.0000000000
122337  43.362  -40.165  36.522 0.0000000000
122338  43.545  -40.499  36.290 0.0000000000
124030  34.978  -31.243  41.792 0.0000000000
124031  34.692  -31.402  41.149 0.0000000000
126761  48.876  -37.645  43.489 0.0000000000
126762  48.579  -37.384  43.964 0.0000000000
126763  49.067  -37.494  44.075 0.0000000000
126764  49.275  -37.286  44.697 0.0000000000
126765  49.538  -37.048  45.316 0.0000000000
126766  50.374  -37.307  44.964 0.0000000000
126767  50.065  -37.049  45.449 0.0000000000
126768  49.849  -36.808  45.871 0.0000000000
126769  50.236  -36.513  46.292 0.0000000000
126775  52.734  -35.912  47.015 0.0000000000
126776  52.616  -36.631  46.582 0.0000000000
126777  52.962  -36.326  46.809 0.0000000000
126778  53.341  -35.966  46.934 0.0000000000
126779  53.868  -36.013  46.764 0.0000000000
126780  54.321  -36.049  46.542 0.0000000000
126781  54.724  -36.115  46.289 0.0000000000
132039  38.783  -35.561  37.822 0.0000000000
132040  38.975  -36.172  37.629 0.0000000000
132041  39.127  -36.651  37.435 0.0000000000
132042  36.429  -35.758  37.647 0.0000000000
132043  36.966  -36.031  37.643 0.0000000000
132044  37.439  -36.275  37.465 0.0000000000
132045  37.294  -37.007  37.179 0.0000000000
132046  37.602  -36.750  37.265 0.0000000000
132047  37.910  -36.516  37.374 0.0000000000
132048  38.358  -36.707  37.336 0.0000000000
132049  38.811  -36.893  37.277 0.0000000000
132050  39.265  -37.084  37.253 0.0000000000
132051  39.381  -37.603  37.108 0.0000000000
132052  39.495  -38.076  36.915 0.0000000000
132053  39.560  -38.518  36.725 0.0000000000
132054  38.827  -38.653  36.485 0.0000000000
132055  39.217  -38.807  36.508 0.0000000000
132056  39.602  -39.031  36.560 0.0000000000
132057  39.694  -39.441  36.346 0.0000000000
132058  39.857  -39.854  36.105 0.0000000000
132059  40.021  -40.252  35.827 0.0000000000
136050  45.066  -36.959  41.082 0.0000000000
136051  45.273  -36.664  41.559 0.0000000000
136052  45.448  -37.139  41.343 0.0000000000
136053  45.785  -37.341  41.649 0.0000000000
136054  46.232  -37.424  41.916 0.0000000000
136055  46.172  -37.981  41.073 0.0000000000
136056  46.458  -37.719  41.574 0.0000000000
136057  46.635  -37.559  42.172 0.0000000000
136058  47.121  -37.636  42.414 0.0000000000
136059  47.684  -37.720  42.600 0.0000000000
136060  48.168  -37.792  42.758 0.0000000000
136061  46.906  -39.115  39.896 0.0000000000
136062  47.224  -38.914  40.314 0.0000000000
136063  47.499  -38.704  40.773 0.0000000000
136064  48.086  -39.093  40.746 0.0000000000
136065  47.949  -38.778  40.964 0.0000000000
136066  47.834  -38.458  41.232 0.0000000000
136067  48.196  -38.222  41.757 0.0000000000
136068  48.422  -38.052  42.295 0.0000000000
136069  48.648  -37.811  42.915 0.0000000000
136070  49.159  -37.830  43.014 0.0000000000
136071  49.634  -37.843  43.190 0.0000000000
136072  50.140  -37.905  43.392 0.0000000000
136073  49.974  -38.550  42.449 0.0000000000
136074  50.309  -38.324  42.993 0.0000000000
136075  50.630  -38.087  43.569 0.0000000000
147564  43.932  -35.361  41.420 0.0000000000
147565  44.175  -35.786  41.266 0.0000000000
147566  44.459  -36.243  41.093 0.0000000000
147576  40.369  -36.826  37.702 0.0000000000
147577  40.663  -36.540  37.935 0.0000000000
147578  40.931  -36.256  38.230 0.0000000000
147579  41.567  -36.997  38.188 0.0000000000
147580  41.402  -36.486  38.322 0.0000000000
147581  41.256  -36.008  38.543 0.0000000000
147582  41.476  -35.689  38.852 0.0000000000
147583  41.649  -35.375  39.164 0.0000000000
147585  42.245  -35.379  39.679 0.0000000000
147586  42.677  -35.606  39.838 0.0000000000
147587  43.090  -35.825  40.023 0.0000000000
147588  43.153  -36.616  39.538 0.0000000000
147589  43.341  -36.266  39.890 0.0000000000
147590  43.500  -36.021  40.259 0.0000000000
147591  43.912  -36.238  40.444 0.0000000000
147592  44.313  -36.481  40.676 0.0000000000
147593  44.707  -36.733  40.905 0.0000000000
147594  44.877  -37.234  40.698 0.0000000000
147595  44.993  -37.654  40.500 0.0000000000
147596  45.062  -38.015  40.299 0.0000000000
147597  44.428  -38.097  39.778 0.0000000000
147598  44.763  -38.233  39.919 0.0000000000
147599  45.152  -38.320  40.038 0.0000000000
147600  45.324  -38.600  39.753 0.0000000000
147601  45.471  -38.891  39.480 0.0000000000
147602  45.573  -39.123  39.202 0.0000000000
147603  43.202  -38.929  38.326 0.0000000000
147604  43.614  -38.985  38.419 0.0000000000
147605  44.075  -39.054  38.474 0.0000000000
147606  44.022  -39.498  37.721 0.0000000000
147607  44.237  -39.292  38.159 0.0000000000
147608  44.484  -39.096  38.587 0.0000000000
147609  44.876  -39.178  38.716 0.0000000000
147610  45.218  -39.298  38.869 0.0000000000
147611  45.710  -39.375  38.956 0.0000000000
147612  45.903  -39.643  38.709 0.0000000000
147613  46.117  -39.967  38.439 0.0000000000
147614  46.286  -40.311  38.155 0.0000000000
147615  45.725  -40.397  37.570 0.0000000000
147616  46.070  -40.571  37.740 0.0000000000
147640  37.899  -39.958  35.673 0.0000000000
147641  38.343  -40.099  35.620 0.0000000000
147644  38.794  -40.288  35.582 0.0000000000
147645  39.261  -40.414  35.573 0.0000000000
152002  35.108  -34.702  37.920 0.0000000000
152003  34.833  -35.109  37.992 0.0000000000
152004  34.593  -35.491  38.100 0.0000000000
152005  34.372  -35.831  38.259 0.0000000000
152008  34.196  -36.223  38.365 0.0000000000
159009  45.469  -36.399  42.092 0.0000000000
159010  45.672  -36.094  42.561 0.0000000000
159011  45.881  -35.777  43.007 0.0000000000
159012  46.474  -36.483  43.256 0.0000000000
159013  46.316  -35.971  43.374 0.0000000000
159014  46.158  -35.418  43.418 0.0000000000
159018  48.307  -37.077  44.397 0.0000000000
159019  48.061  -36.707  44.763 0.0000000000
159020  47.885  -36.223  44.901 0.0000000000
159067  48.658  -41.938  39.344 0.0000000000
159068  48.571  -41.472  39.547 0.0000000000
159069  48.907  -41.339  40.037 0.0000000000
159070  49.262  -41.226  40.459 0.0000000000
159071  49.612  -41.073  40.858 0.0000000000
159074  50.121  -42.684  40.812 0.0000000000
159076  50.528  -42.564  41.327 0.0000000000
159077  50.093  -42.265  41.052 0.0000000000
159078  50.101  -41.837  41.160 0.0000000000
159079  50.038  -41.372  41.194 0.0000000000
159080  49.967  -40.892  41.255 0.0000000000
159081  50.319  -40.715  41.640 0.0000000000
159082  50.622  -40.509  42.063 0.0000000000
159083  50.931  -40.334  42.416 0.0000000000
159086  51.259  -40.041  42.842 0.0000000000
159139  56.627  -34.278  44.861 0.0000000000
159141  57.001  -33.148  44.870 0.0000000000
