#!ascii label  , from subject fsaverage vox2ras=TkReg
321
144  46.923  -19.174  1.777 0.0000000000
1788  50.639  -15.024  4.154 0.0000000000
1789  51.447  -11.807  0.824 0.0000000000
1790  57.288  -10.277  0.848 0.0000000000
2407  49.384  -19.110  6.294 0.0000000000
3939  53.196  -14.762  3.390 0.0000000000
3940  53.706  -12.569  2.632 0.0000000000
5370  46.676  -19.559  6.231 0.0000000000
5371  46.053  -21.149  7.417 0.0000000000
5703  52.344  -10.376  -0.975 0.0000000000
8010  48.367  -16.410  3.293 0.0000000000
8011  49.168  -15.581  1.389 0.0000000000
8012  50.900  -13.267  2.603 0.0000000000
8013  54.206  -10.653  1.352 0.0000000000
9774  45.596  -20.409  3.074 0.0000000000
9775  47.502  -17.996  4.668 0.0000000000
9776  50.110  -17.069  5.336 0.0000000000
9777  52.371  -16.862  4.162 0.0000000000
11619  54.285  -14.767  2.481 0.0000000000
11620  54.595  -13.678  2.245 0.0000000000
13050  44.734  -21.515  7.018 0.0000000000
17574  49.469  -15.492  3.826 0.0000000000
17575  49.561  -14.792  3.035 0.0000000000
17576  50.731  -14.040  3.421 0.0000000000
17577  55.318  -11.516  1.612 0.0000000000
17578  53.954  -11.616  2.054 0.0000000000
17579  55.668  -10.482  1.226 0.0000000000
17580  56.118  -9.388  0.543 0.0000000000
21870  46.463  -19.004  3.865 0.0000000000
21871  45.947  -19.614  4.703 0.0000000000
21872  48.028  -19.239  6.526 0.0000000000
21873  48.440  -18.293  5.909 0.0000000000
21874  49.771  -18.087  5.827 0.0000000000
21875  51.321  -16.971  4.986 0.0000000000
21876  50.932  -18.007  5.368 0.0000000000
21878  46.863  -21.982  7.651 0.0000000000
22862  50.286  -13.629  1.128 0.0000000000
22863  49.698  -15.207  0.421 0.0000000000
22864  50.759  -13.107  0.193 0.0000000000
22865  52.835  -9.566  -1.872 0.0000000000
22866  51.834  -11.764  -1.640 0.0000000000
25521  51.999  -14.834  4.052 0.0000000000
25522  52.147  -13.758  3.504 0.0000000000
25523  53.411  -13.680  3.114 0.0000000000
25524  54.956  -12.572  1.975 0.0000000000
25525  56.781  -11.484  1.023 0.0000000000
28098  45.517  -20.181  5.549 0.0000000000
28099  45.089  -20.847  6.308 0.0000000000
28100  46.343  -20.321  6.904 0.0000000000
28101  47.718  -20.117  7.050 0.0000000000
28694  53.077  -10.214  0.335 0.0000000000
28695  51.861  -11.114  -0.119 0.0000000000
34356  47.538  -17.740  2.603 0.0000000000
34357  48.072  -17.413  1.612 0.0000000000
34358  48.630  -16.020  2.365 0.0000000000
34359  49.813  -14.168  2.089 0.0000000000
34360  51.090  -12.559  1.739 0.0000000000
34361  52.241  -12.774  2.818 0.0000000000
34362  52.395  -11.948  2.126 0.0000000000
34363  52.684  -11.055  1.248 0.0000000000
34364  54.551  -9.747  0.539 0.0000000000
34369  58.980  -10.092  0.622 0.0000000000
39558  46.211  -19.828  2.503 0.0000000000
39559  46.966  -18.378  3.265 0.0000000000
39560  47.961  -17.159  3.974 0.0000000000
39561  49.123  -16.459  4.539 0.0000000000
39562  47.094  -18.776  5.480 0.0000000000
39563  48.748  -17.400  5.226 0.0000000000
39564  50.383  -16.050  4.788 0.0000000000
39565  51.662  -15.950  4.533 0.0000000000
39566  52.774  -15.812  3.814 0.0000000000
39567  53.789  -15.832  2.880 0.0000000000
39568  45.588  -22.014  7.870 0.0000000000
39569  47.326  -21.067  7.402 0.0000000000
39570  48.990  -20.050  6.639 0.0000000000
40747  48.642  -17.088  0.626 0.0000000000
40750  51.268  -12.532  -0.731 0.0000000000
41739  46.599  -19.819  1.358 0.0000000000
41741  47.176  -19.046  1.261 0.0000000000
42339  54.967  -14.779  1.977 0.0000000000
48294  50.048  -15.204  4.021 0.0000000000
48295  50.083  -14.753  3.648 0.0000000000
48296  50.698  -14.525  3.794 0.0000000000
48297  56.255  -10.976  1.142 0.0000000000
48298  55.506  -10.974  1.431 0.0000000000
48299  56.436  -10.396  1.030 0.0000000000
48300  56.610  -9.855  0.849 0.0000000000
48301  57.459  -9.701  0.717 0.0000000000
52590  45.505  -20.220  4.273 0.0000000000
52591  45.230  -20.507  4.668 0.0000000000
52592  48.723  -19.179  6.459 0.0000000000
52593  48.905  -18.679  6.194 0.0000000000
52594  49.584  -18.609  6.081 0.0000000000
52595  50.375  -18.037  5.648 0.0000000000
52596  50.181  -18.546  5.848 0.0000000000
52598  47.079  -22.444  7.417 0.0000000000
53582  50.832  -12.740  0.960 0.0000000000
53583  50.471  -13.419  0.652 0.0000000000
53584  51.036  -12.445  0.513 0.0000000000
53586  52.516  -10.147  -2.168 0.0000000000
57894  52.622  -14.797  3.773 0.0000000000
57895  52.696  -14.251  3.633 0.0000000000
57896  53.312  -14.187  3.245 0.0000000000
57897  55.468  -13.138  1.650 0.0000000000
57898  54.773  -13.135  2.142 0.0000000000
57899  55.641  -12.595  1.542 0.0000000000
62190  44.501  -21.274  5.917 0.0000000000
62192  45.370  -21.277  7.306 0.0000000000
62193  45.541  -20.909  6.974 0.0000000000
62194  46.201  -20.724  7.171 0.0000000000
62195  47.044  -20.171  7.046 0.0000000000
62196  46.887  -20.611  7.277 0.0000000000
63182  53.969  -9.537  0.002 0.0000000000
63183  53.283  -9.774  -0.137 0.0000000000
75759  47.943  -17.009  2.945 0.0000000000
75760  48.106  -16.869  2.504 0.0000000000
75761  48.494  -16.198  2.841 0.0000000000
75762  50.201  -14.017  2.805 0.0000000000
75763  49.654  -14.493  2.557 0.0000000000
75764  50.283  -13.668  2.394 0.0000000000
75765  50.466  -13.348  1.926 0.0000000000
75766  50.960  -12.896  2.217 0.0000000000
75767  52.922  -13.141  3.100 0.0000000000
75768  52.212  -13.246  3.202 0.0000000000
75769  52.992  -12.637  2.779 0.0000000000
75770  54.055  -11.137  1.707 0.0000000000
75771  53.190  -11.700  2.127 0.0000000000
75772  53.297  -11.277  1.753 0.0000000000
75773  52.536  -11.491  1.692 0.0000000000
75774  53.442  -10.805  1.357 0.0000000000
75775  53.570  -10.407  0.970 0.0000000000
75776  54.331  -10.178  0.972 0.0000000000
75788  58.800  -10.754  0.628 0.0000000000
88649  45.873  -20.132  2.809 0.0000000000
88650  46.567  -19.114  2.895 0.0000000000
88651  46.268  -19.409  3.144 0.0000000000
88652  46.958  -18.417  4.326 0.0000000000
88653  47.217  -18.047  3.958 0.0000000000
88654  47.754  -17.555  4.327 0.0000000000
88655  48.530  -16.771  4.282 0.0000000000
88656  48.338  -17.205  4.629 0.0000000000
88657  46.073  -19.812  5.921 0.0000000000
88658  46.270  -19.433  5.526 0.0000000000
88659  46.889  -19.162  5.886 0.0000000000
88660  49.276  -17.687  5.623 0.0000000000
88661  48.581  -17.858  5.555 0.0000000000
88662  49.378  -17.219  5.364 0.0000000000
88663  49.543  -16.738  5.051 0.0000000000
88664  50.207  -16.590  5.073 0.0000000000
88665  51.091  -15.930  4.671 0.0000000000
88666  50.892  -16.490  4.973 0.0000000000
88667  51.878  -16.920  4.629 0.0000000000
88668  52.068  -16.397  4.439 0.0000000000
88669  52.575  -16.338  3.996 0.0000000000
88670  53.277  -15.778  3.362 0.0000000000
88671  53.071  -16.326  3.523 0.0000000000
88673  44.668  -22.504  8.064 0.0000000000
88675  47.686  -21.519  7.248 0.0000000000
88676  47.114  -21.522  7.536 0.0000000000
88677  47.957  -21.033  7.180 0.0000000000
88678  48.212  -20.534  7.055 0.0000000000
88679  48.732  -20.561  6.728 0.0000000000
88686  50.217  -19.506  5.652 0.0000000000
88688  51.262  -18.445  5.041 0.0000000000
91622  48.627  -16.507  1.502 0.0000000000
91623  48.360  -17.276  1.118 0.0000000000
91624  48.933  -16.335  1.005 0.0000000000
91625  50.037  -14.902  -0.041 0.0000000000
91626  49.456  -16.000  0.090 0.0000000000
91630  52.081  -10.749  -0.537 0.0000000000
91631  51.505  -11.778  -0.361 0.0000000000
91632  51.769  -11.426  -0.826 0.0000000000
91634  51.349  -12.944  -1.576 0.0000000000
93565  47.716  -18.657  0.283 0.0000000000
94641  53.731  -14.756  2.956 0.0000000000
94642  53.869  -14.187  2.841 0.0000000000
94643  54.424  -14.206  2.381 0.0000000000
94644  55.261  -13.670  1.723 0.0000000000
97221  45.143  -21.689  7.543 0.0000000000
105360  48.886  -15.909  3.579 0.0000000000
105361  48.959  -15.621  3.177 0.0000000000
105362  49.490  -15.115  3.457 0.0000000000
105363  50.120  -14.366  3.280 0.0000000000
105364  50.803  -13.661  2.993 0.0000000000
105365  54.497  -12.024  2.122 0.0000000000
105366  53.817  -12.067  2.341 0.0000000000
105367  54.656  -11.507  1.892 0.0000000000
105368  54.788  -11.072  1.638 0.0000000000
105369  54.941  -10.567  1.319 0.0000000000
105370  55.147  -10.052  0.956 0.0000000000
105371  55.848  -9.962  0.951 0.0000000000
113094  46.014  -19.703  3.429 0.0000000000
113095  45.786  -19.946  3.869 0.0000000000
113096  46.223  -19.311  4.306 0.0000000000
113097  46.703  -18.792  4.720 0.0000000000
113098  47.337  -19.337  6.444 0.0000000000
113099  47.529  -18.929  6.090 0.0000000000
113100  48.207  -18.775  6.198 0.0000000000
113101  49.125  -18.165  5.905 0.0000000000
113102  49.977  -17.561  5.582 0.0000000000
113103  50.742  -17.003  5.213 0.0000000000
113104  50.614  -17.487  5.462 0.0000000000
113105  51.130  -17.510  5.225 0.0000000000
113106  51.655  -17.446  4.807 0.0000000000
113109  46.543  -22.428  7.762 0.0000000000
113110  47.384  -21.984  7.359 0.0000000000
113111  48.201  -21.528  6.815 0.0000000000
114878  49.744  -14.563  1.281 0.0000000000
114879  49.461  -15.386  0.911 0.0000000000
114880  49.970  -14.402  0.799 0.0000000000
114881  50.229  -14.121  0.334 0.0000000000
114882  50.528  -13.877  -0.154 0.0000000000
114883  52.606  -9.990  -1.425 0.0000000000
114884  52.031  -11.064  -1.276 0.0000000000
114885  52.291  -10.705  -1.745 0.0000000000
120987  51.345  -14.860  4.176 0.0000000000
120988  51.382  -14.379  3.855 0.0000000000
120989  52.070  -14.296  3.809 0.0000000000
120990  52.800  -13.708  3.376 0.0000000000
120991  53.560  -13.123  2.889 0.0000000000
120992  54.006  -13.665  2.731 0.0000000000
120993  54.163  -13.126  2.568 0.0000000000
120994  54.387  -12.547  2.351 0.0000000000
120995  55.121  -12.076  1.796 0.0000000000
120996  56.001  -11.535  1.306 0.0000000000
120997  57.032  -10.929  0.916 0.0000000000
127002  44.990  -20.719  5.130 0.0000000000
127003  44.746  -20.988  5.537 0.0000000000
127004  45.299  -20.471  5.953 0.0000000000
127005  45.858  -20.174  6.281 0.0000000000
127006  44.917  -21.168  6.678 0.0000000000
127007  45.696  -20.543  6.640 0.0000000000
127008  46.516  -19.942  6.578 0.0000000000
127009  47.213  -19.761  6.769 0.0000000000
127010  47.884  -19.656  6.820 0.0000000000
127011  48.524  -19.614  6.736 0.0000000000
128390  52.225  -10.965  0.610 0.0000000000
128391  51.674  -11.476  0.349 0.0000000000
128392  52.418  -10.570  0.139 0.0000000000
128393  52.551  -10.214  -0.328 0.0000000000
128394  52.816  -9.816  -0.776 0.0000000000
128397  53.060  -9.375  -1.203 0.0000000000
144114  47.205  -18.474  2.210 0.0000000000
144115  47.475  -18.334  1.712 0.0000000000
144116  47.783  -17.601  2.142 0.0000000000
144117  48.296  -16.732  2.009 0.0000000000
144118  48.846  -15.797  1.876 0.0000000000
144119  49.055  -15.361  2.716 0.0000000000
144120  49.199  -15.079  2.233 0.0000000000
144121  49.441  -14.830  1.745 0.0000000000
144122  50.063  -13.890  1.615 0.0000000000
144123  50.635  -13.050  1.436 0.0000000000
144124  51.271  -12.182  1.253 0.0000000000
144125  51.419  -13.875  3.522 0.0000000000
144126  51.445  -13.422  3.134 0.0000000000
144127  51.537  -12.982  2.755 0.0000000000
144128  53.081  -12.169  2.449 0.0000000000
144129  52.324  -12.330  2.475 0.0000000000
144130  51.627  -12.572  2.406 0.0000000000
144131  51.686  -12.191  1.990 0.0000000000
144132  51.848  -11.774  1.516 0.0000000000
144133  52.040  -11.312  1.055 0.0000000000
144134  52.864  -10.638  0.801 0.0000000000
144135  53.779  -9.969  0.467 0.0000000000
144136  54.757  -9.290  0.065 0.0000000000
144137  55.342  -9.559  0.561 0.0000000000
144138  55.572  -9.059  0.131 0.0000000000
144150  57.911  -10.821  0.739 0.0000000000
144151  58.119  -10.188  0.703 0.0000000000
144158  59.892  -9.428  0.549 0.0000000000
144159  59.087  -9.510  0.587 0.0000000000
144160  58.326  -9.554  0.632 0.0000000000
159630  46.561  -19.506  2.150 0.0000000000
159631  46.849  -18.800  2.575 0.0000000000
159632  47.271  -18.039  2.943 0.0000000000
159633  47.703  -17.328  3.292 0.0000000000
159634  46.717  -18.687  3.546 0.0000000000
159635  47.448  -17.640  3.629 0.0000000000
159636  48.159  -16.777  3.619 0.0000000000
159637  48.691  -16.354  3.927 0.0000000000
159638  49.304  -15.951  4.208 0.0000000000
159639  49.863  -15.736  4.382 0.0000000000
159640  45.747  -19.883  5.111 0.0000000000
159641  46.488  -19.138  5.136 0.0000000000
159642  47.274  -18.386  5.088 0.0000000000
159643  47.754  -18.497  5.727 0.0000000000
159644  47.920  -18.085  5.370 0.0000000000
159645  48.108  -17.667  4.977 0.0000000000
159646  48.965  -16.911  4.888 0.0000000000
159647  49.718  -16.232  4.712 0.0000000000
159648  50.528  -15.538  4.463 0.0000000000
159649  51.205  -15.411  4.421 0.0000000000
159650  51.843  -15.370  4.273 0.0000000000
159651  52.413  -15.374  4.037 0.0000000000
159652  51.470  -16.486  4.792 0.0000000000
159653  52.227  -15.899  4.237 0.0000000000
159654  52.979  -15.300  3.602 0.0000000000
159655  53.491  -15.298  3.155 0.0000000000
159656  54.033  -15.304  2.670 0.0000000000
159659  44.926  -22.073  7.796 0.0000000000
159660  45.839  -21.560  7.641 0.0000000000
159661  46.235  -21.996  7.826 0.0000000000
159662  46.465  -21.549  7.684 0.0000000000
159663  46.682  -21.103  7.469 0.0000000000
159664  47.565  -20.595  7.283 0.0000000000
159665  48.367  -20.083  6.913 0.0000000000
159666  49.185  -19.581  6.510 0.0000000000
159672  49.189  -20.574  6.275 0.0000000000
159674  49.745  -19.526  6.133 0.0000000000
159675  49.975  -19.032  6.025 0.0000000000
159676  50.734  -18.503  5.512 0.0000000000
159678  52.195  -17.386  4.290 0.0000000000
159683  54.494  -15.851  2.393 0.0000000000
159684  55.501  -15.378  1.864 0.0000000000
163195  47.764  -18.189  1.204 0.0000000000
163198  49.189  -16.167  0.514 0.0000000000
163204  51.288  -12.115  0.049 0.0000000000
163205  51.020  -12.833  -0.267 0.0000000000
163206  50.763  -13.704  -0.629 0.0000000000
163207  51.551  -12.194  -1.175 0.0000000000
163208  51.086  -13.337  -1.094 0.0000000000
