#!ascii label  , from subject fsaverage vox2ras=TkReg
1711
90  46.395  -25.617  -10.599 0.0000000000
160  56.309  -5.087  -9.244 0.0000000000
447  61.124  -24.259  -0.500 0.0000000000
448  53.234  -20.464  -3.062 0.0000000000
449  45.765  -27.895  -2.197 0.0000000000
637  48.411  -15.763  -10.830 0.0000000000
984  57.337  -27.711  1.036 0.0000000000
985  53.098  -26.364  -0.884 0.0000000000
986  49.046  -29.398  0.732 0.0000000000
1426  53.432  -2.743  -13.434 0.0000000000
1427  46.519  -22.543  -6.098 0.0000000000
1428  50.348  -18.116  -6.282 0.0000000000
1429  46.034  -20.418  -10.653 0.0000000000
1511  44.961  -14.238  -10.654 0.0000000000
2002  61.326  -18.350  -1.089 0.0000000000
2003  57.137  -22.631  -1.798 0.0000000000
2004  49.284  -24.447  -2.827 0.0000000000
2005  44.577  -26.607  -6.309 0.0000000000
2007  45.203  -31.269  -6.578 0.0000000000
2008  48.628  -29.791  -10.022 0.0000000000
2420  64.440  -27.173  1.257 0.0000000000
2537  44.533  -17.481  -7.627 0.0000000000
2545  58.233  -15.404  -3.019 0.0000000000
2546  54.969  -12.812  -6.268 0.0000000000
2547  52.656  -10.919  -11.062 0.0000000000
2548  48.266  -18.473  -15.594 0.0000000000
2549  47.665  -13.398  -16.009 0.0000000000
2550  49.860  -8.112  -15.460 0.0000000000
2904  55.316  -29.585  1.519 0.0000000000
2905  53.162  -28.521  1.016 0.0000000000
3344  57.711  -2.260  -8.769 0.0000000000
3345  56.098  -1.032  -10.675 0.0000000000
3346  54.866  -3.821  -11.190 0.0000000000
3347  45.223  -23.945  -8.512 0.0000000000
3348  45.915  -21.473  -8.340 0.0000000000
3349  45.851  -23.080  -10.801 0.0000000000
4389  62.853  -22.216  -0.593 0.0000000000
4390  61.182  -21.497  -1.083 0.0000000000
4391  59.111  -23.577  -1.426 0.0000000000
4392  49.173  -27.159  -1.324 0.0000000000
4393  51.150  -25.547  -1.946 0.0000000000
4394  47.431  -26.229  -2.569 0.0000000000
4395  46.042  -25.210  -4.159 0.0000000000
4396  44.814  -27.175  -4.073 0.0000000000
4402  47.919  -32.686  -7.910 0.0000000000
4403  46.633  -30.596  -8.422 0.0000000000
4404  50.121  -31.671  -9.177 0.0000000000
5699  47.045  -15.966  -6.515 0.0000000000
5717  57.143  -19.416  -1.955 0.0000000000
5718  59.558  -16.949  -2.099 0.0000000000
5719  55.621  -17.958  -3.018 0.0000000000
5720  49.259  -16.880  -8.467 0.0000000000
5721  52.759  -15.497  -6.333 0.0000000000
5722  51.459  -14.391  -8.602 0.0000000000
5723  53.941  -11.862  -8.717 0.0000000000
5724  50.301  -13.461  -11.034 0.0000000000
5731  48.369  -10.806  -15.766 0.0000000000
6378  59.288  -25.995  0.307 0.0000000000
6379  57.107  -25.379  -0.714 0.0000000000
6380  55.180  -26.947  0.186 0.0000000000
6381  51.141  -27.850  -0.079 0.0000000000
6382  47.310  -28.677  -0.612 0.0000000000
7175  49.399  -21.626  -4.484 0.0000000000
7176  51.706  -19.254  -4.639 0.0000000000
7177  48.279  -20.395  -6.236 0.0000000000
7178  47.403  -19.191  -8.199 0.0000000000
7179  46.891  -17.988  -10.645 0.0000000000
7367  47.373  -10.807  -11.226 0.0000000000
8020  58.057  -6.204  -7.738 0.0000000000
8022  48.203  -24.501  -12.359 0.0000000000
8585  63.272  -19.433  -0.459 0.0000000000
8586  59.227  -20.540  -1.382 0.0000000000
8587  55.169  -21.519  -2.057 0.0000000000
8588  55.096  -24.620  -1.592 0.0000000000
8589  53.167  -23.570  -2.060 0.0000000000
8590  51.228  -22.523  -2.930 0.0000000000
8591  47.707  -23.436  -4.189 0.0000000000
8592  45.291  -24.532  -6.157 0.0000000000
8593  45.170  -26.173  -8.656 0.0000000000
8595  45.661  -30.529  -0.163 0.0000000000
8596  44.691  -29.930  -2.043 0.0000000000
8598  44.394  -31.826  -4.428 0.0000000000
8599  44.221  -29.392  -4.322 0.0000000000
8600  44.573  -28.954  -6.577 0.0000000000
8601  45.755  -28.407  -8.619 0.0000000000
8602  47.392  -27.718  -10.331 0.0000000000
9816  62.845  -25.540  0.658 0.0000000000
9817  60.982  -27.520  1.064 0.0000000000
10168  44.805  -15.878  -9.167 0.0000000000
10190  62.064  -14.446  -2.169 0.0000000000
10191  60.513  -12.938  -3.063 0.0000000000
10192  54.198  -16.712  -4.556 0.0000000000
10193  56.441  -14.107  -4.430 0.0000000000
10194  58.701  -11.528  -4.252 0.0000000000
10195  57.235  -10.136  -6.107 0.0000000000
10196  56.160  -9.125  -8.404 0.0000000000
10197  54.621  -8.013  -10.423 0.0000000000
10198  47.266  -22.060  -12.903 0.0000000000
10199  46.837  -19.516  -13.141 0.0000000000
10200  47.030  -16.992  -13.321 0.0000000000
10202  47.737  -15.953  -15.994 0.0000000000
10203  47.859  -14.600  -13.374 0.0000000000
10204  49.249  -12.307  -13.458 0.0000000000
10205  51.200  -9.587  -13.214 0.0000000000
10206  53.076  -6.762  -12.325 0.0000000000
10207  51.542  -5.625  -14.510 0.0000000000
10555  48.051  -8.568  -12.281 0.0000000000
10584  54.169  -30.468  1.692 0.0000000000
10585  53.173  -29.814  1.653 0.0000000000
11022  57.854  -4.367  -8.087 0.0000000000
11023  58.541  -2.945  -7.818 0.0000000000
11024  57.046  -3.749  -8.910 0.0000000000
11025  56.308  -3.053  -9.870 0.0000000000
11026  55.562  -4.421  -10.124 0.0000000000
11027  45.509  -24.823  -9.669 0.0000000000
11028  45.423  -23.513  -9.664 0.0000000000
11029  46.010  -24.348  -10.713 0.0000000000
12069  61.928  -23.273  -0.661 0.0000000000
12070  61.050  -22.842  -1.096 0.0000000000
12071  60.117  -23.874  -1.042 0.0000000000
12072  47.387  -27.520  -1.636 0.0000000000
12073  48.299  -26.705  -1.950 0.0000000000
12074  46.597  -27.058  -2.366 0.0000000000
12075  45.914  -26.590  -3.170 0.0000000000
12076  45.193  -27.550  -3.103 0.0000000000
12082  49.674  -33.120  -8.285 0.0000000000
12083  48.927  -32.191  -8.532 0.0000000000
12084  50.812  -32.577  -8.755 0.0000000000
13378  46.887  -16.813  -5.741 0.0000000000
13397  55.250  -19.930  -2.417 0.0000000000
13398  56.378  -18.691  -2.433 0.0000000000
13399  54.496  -19.214  -3.084 0.0000000000
13400  48.786  -16.305  -9.643 0.0000000000
13401  50.281  -15.671  -8.615 0.0000000000
13402  49.800  -15.107  -9.765 0.0000000000
13403  50.890  -13.938  -9.778 0.0000000000
13404  49.305  -14.633  -10.917 0.0000000000
14469  58.363  -26.852  0.676 0.0000000000
14470  57.230  -26.466  0.250 0.0000000000
14471  56.246  -27.294  0.708 0.0000000000
14472  51.078  -28.970  0.894 0.0000000000
14473  52.160  -28.202  0.500 0.0000000000
14474  50.120  -28.613  0.376 0.0000000000
14475  49.166  -28.254  -0.236 0.0000000000
14476  48.123  -29.047  0.104 0.0000000000
15792  54.787  -1.891  -12.045 0.0000000000
15793  55.447  -0.384  -11.717 0.0000000000
15797  47.854  -22.095  -5.210 0.0000000000
15798  48.760  -21.032  -5.380 0.0000000000
15799  47.344  -21.474  -6.182 0.0000000000
15800  45.902  -20.961  -9.456 0.0000000000
15801  46.560  -20.312  -8.260 0.0000000000
15802  46.406  -19.720  -9.396 0.0000000000
15803  47.070  -18.563  -9.417 0.0000000000
15804  46.388  -19.176  -10.601 0.0000000000
16197  44.590  -13.865  -11.256 0.0000000000
16198  45.858  -12.324  -11.602 0.0000000000
17596  58.853  -6.838  -7.022 0.0000000000
18927  59.153  -22.119  -1.532 0.0000000000
18928  60.265  -21.066  -1.291 0.0000000000
18929  58.158  -21.584  -1.611 0.0000000000
18930  57.165  -21.006  -1.724 0.0000000000
18931  56.141  -22.025  -1.851 0.0000000000
18932  55.111  -25.900  -0.773 0.0000000000
18933  56.067  -25.083  -1.206 0.0000000000
18934  54.113  -25.576  -1.272 0.0000000000
18935  50.204  -24.991  -2.374 0.0000000000
18936  52.131  -24.574  -2.066 0.0000000000
18937  51.209  -24.036  -2.377 0.0000000000
18938  52.201  -23.049  -2.406 0.0000000000
18939  50.207  -23.524  -2.880 0.0000000000
18940  49.371  -22.960  -3.505 0.0000000000
18941  48.455  -23.906  -3.425 0.0000000000
18942  44.993  -25.852  -5.099 0.0000000000
18943  45.567  -24.843  -5.090 0.0000000000
18944  44.834  -25.561  -6.261 0.0000000000
18945  44.865  -25.303  -7.374 0.0000000000
18946  44.761  -26.435  -7.501 0.0000000000
18952  44.640  -31.275  -1.079 0.0000000000
18953  45.122  -30.233  -1.061 0.0000000000
18954  44.349  -31.063  -2.106 0.0000000000
18958  45.654  -32.429  -6.475 0.0000000000
18959  45.084  -32.776  -5.504 0.0000000000
18960  44.705  -31.569  -5.511 0.0000000000
18961  44.246  -30.601  -4.416 0.0000000000
18962  44.434  -30.355  -5.531 0.0000000000
18963  44.285  -29.148  -5.442 0.0000000000
18964  44.810  -30.124  -6.594 0.0000000000
18965  47.625  -30.243  -9.315 0.0000000000
18966  46.165  -29.506  -8.555 0.0000000000
18967  46.997  -29.172  -9.408 0.0000000000
18968  46.540  -28.103  -9.525 0.0000000000
18969  47.984  -28.767  -10.195 0.0000000000
18970  49.006  -28.299  -10.853 0.0000000000
18971  49.747  -29.228  -10.728 0.0000000000
21974  63.638  -26.355  1.002 0.0000000000
21975  61.990  -26.546  0.911 0.0000000000
21976  62.758  -27.351  1.093 0.0000000000
22909  62.544  -17.074  -1.025 0.0000000000
22910  58.919  -16.174  -2.520 0.0000000000
22911  60.995  -15.647  -2.126 0.0000000000
22912  60.178  -14.874  -2.590 0.0000000000
22913  61.366  -13.649  -2.629 0.0000000000
22914  59.445  -14.113  -3.060 0.0000000000
22915  51.022  -18.675  -5.379 0.0000000000
22916  52.989  -18.004  -4.553 0.0000000000
22917  52.270  -17.412  -5.348 0.0000000000
22918  53.983  -14.176  -6.348 0.0000000000
22919  54.722  -14.785  -5.359 0.0000000000
22920  55.678  -13.444  -5.254 0.0000000000
22921  57.554  -12.819  -4.278 0.0000000000
22922  56.712  -12.119  -5.133 0.0000000000
22923  57.892  -10.784  -5.082 0.0000000000
22924  56.064  -11.477  -6.167 0.0000000000
22925  53.355  -11.444  -9.892 0.0000000000
22926  55.008  -10.564  -8.666 0.0000000000
22927  54.508  -10.076  -9.786 0.0000000000
22928  55.399  -8.578  -9.517 0.0000000000
22929  53.775  -9.451  -10.794 0.0000000000
22933  48.715  -19.602  -15.301 0.0000000000
22934  47.797  -20.235  -14.224 0.0000000000
22935  47.523  -19.024  -14.416 0.0000000000
22936  46.834  -18.262  -13.231 0.0000000000
22937  47.348  -17.808  -14.559 0.0000000000
22943  47.621  -14.703  -16.042 0.0000000000
22944  47.449  -15.242  -14.633 0.0000000000
22945  47.726  -14.015  -14.682 0.0000000000
22946  48.510  -13.490  -13.382 0.0000000000
22947  48.153  -12.834  -14.680 0.0000000000
22948  49.110  -9.446  -15.606 0.0000000000
22949  49.593  -10.139  -14.488 0.0000000000
22950  50.477  -8.877  -14.251 0.0000000000
22951  52.114  -8.221  -12.844 0.0000000000
22952  51.349  -7.513  -13.835 0.0000000000
22953  52.249  -6.179  -13.367 0.0000000000
22954  50.639  -6.911  -14.997 0.0000000000
23607  45.077  -11.733  -12.845 0.0000000000
23609  46.296  -9.985  -13.230 0.0000000000
23658  56.281  -28.678  1.342 0.0000000000
23659  55.201  -28.110  1.107 0.0000000000
23660  54.239  -28.987  1.374 0.0000000000
23661  52.155  -29.337  1.351 0.0000000000
24451  57.350  -0.285  -9.410 0.0000000000
24452  56.857  -1.696  -9.661 0.0000000000
24453  55.480  -2.496  -10.986 0.0000000000
24454  54.097  -3.316  -12.369 0.0000000000
24455  45.596  -23.162  -7.197 0.0000000000
24456  46.194  -21.993  -7.203 0.0000000000
24457  45.493  -22.688  -8.386 0.0000000000
24458  45.568  -22.214  -9.568 0.0000000000
24459  45.852  -21.733  -10.736 0.0000000000
26332  63.087  -20.814  -0.513 0.0000000000
26333  62.062  -21.822  -0.854 0.0000000000
26334  60.153  -22.561  -1.383 0.0000000000
26335  58.069  -23.149  -1.659 0.0000000000
26336  51.112  -26.822  -1.082 0.0000000000
26337  52.124  -25.992  -1.419 0.0000000000
26338  50.160  -26.400  -1.662 0.0000000000
26339  49.229  -25.903  -2.192 0.0000000000
26340  48.328  -25.386  -2.765 0.0000000000
26341  47.540  -24.816  -3.373 0.0000000000
26342  46.675  -25.725  -3.325 0.0000000000
26343  45.351  -26.200  -4.114 0.0000000000
26344  44.560  -26.863  -5.166 0.0000000000
26353  46.949  -33.147  -7.167 0.0000000000
26354  46.370  -32.037  -7.336 0.0000000000
26355  45.807  -30.948  -7.512 0.0000000000
26356  47.235  -31.640  -8.175 0.0000000000
26357  48.251  -31.222  -8.998 0.0000000000
26358  49.296  -30.735  -9.710 0.0000000000
26360  51.235  -31.068  -9.860 0.0000000000
28688  45.666  -17.630  -6.292 0.0000000000
28689  45.855  -16.767  -7.106 0.0000000000
28690  45.894  -16.013  -7.876 0.0000000000
28691  47.169  -15.097  -7.331 0.0000000000
28704  53.245  -2.779  -6.914 0.0000000000
28705  54.052  0.093  -7.101 0.0000000000
28721  59.233  -18.903  -1.505 0.0000000000
28722  60.492  -17.629  -1.506 0.0000000000
28724  57.549  -17.450  -2.446 0.0000000000
28725  56.889  -16.694  -2.942 0.0000000000
28726  49.789  -17.493  -7.313 0.0000000000
28727  51.551  -16.830  -6.333 0.0000000000
28728  50.930  -16.243  -7.378 0.0000000000
28729  52.163  -14.887  -7.376 0.0000000000
28730  53.296  -13.589  -7.444 0.0000000000
28731  54.426  -12.231  -7.408 0.0000000000
28732  52.726  -13.139  -8.606 0.0000000000
28733  52.079  -12.692  -9.865 0.0000000000
28734  51.475  -12.203  -11.072 0.0000000000
28745  47.896  -12.104  -15.905 0.0000000000
28746  47.785  -11.435  -17.157 0.0000000000
28747  48.133  -10.089  -16.981 0.0000000000
28748  48.714  -8.774  -16.903 0.0000000000
28749  49.396  -7.471  -16.662 0.0000000000
30240  60.238  -25.110  -0.121 0.0000000000
30241  59.108  -24.829  -0.664 0.0000000000
30242  58.206  -25.641  -0.224 0.0000000000
30243  56.152  -26.188  -0.275 0.0000000000
30244  54.136  -26.655  -0.338 0.0000000000
30245  54.165  -27.745  0.648 0.0000000000
30246  53.184  -27.411  0.108 0.0000000000
30247  52.173  -27.109  -0.484 0.0000000000
30248  50.148  -27.530  -0.666 0.0000000000
30249  48.247  -27.917  -0.892 0.0000000000
30250  46.491  -28.335  -1.333 0.0000000000
32099  51.294  -21.063  -3.733 0.0000000000
32100  52.474  -19.817  -3.843 0.0000000000
32101  50.525  -20.490  -4.596 0.0000000000
32102  49.857  -19.856  -5.433 0.0000000000
32103  49.221  -19.293  -6.312 0.0000000000
32104  46.920  -20.891  -7.184 0.0000000000
32105  47.770  -19.780  -7.235 0.0000000000
32106  48.688  -18.684  -7.255 0.0000000000
32107  48.257  -18.049  -8.356 0.0000000000
32108  47.877  -17.424  -9.548 0.0000000000
32109  47.616  -16.825  -10.722 0.0000000000
32612  43.803  -13.106  -12.401 0.0000000000
32613  45.473  -12.037  -12.226 0.0000000000
34383  58.735  -4.931  -7.361 0.0000000000
34384  57.138  -5.637  -8.493 0.0000000000
34385  47.657  -26.225  -11.220 0.0000000000
34386  47.182  -25.109  -11.494 0.0000000000
36013  62.386  -18.914  -0.789 0.0000000000
36014  62.240  -20.475  -0.860 0.0000000000
36015  61.367  -19.997  -1.017 0.0000000000
36016  60.283  -19.436  -1.182 0.0000000000
36017  58.169  -19.988  -1.620 0.0000000000
36018  56.199  -20.444  -1.995 0.0000000000
36019  54.181  -20.969  -2.467 0.0000000000
36020  58.113  -24.523  -1.162 0.0000000000
36021  57.061  -24.153  -1.531 0.0000000000
36022  56.109  -23.591  -1.741 0.0000000000
36023  53.133  -25.060  -1.723 0.0000000000
36024  54.131  -24.098  -1.846 0.0000000000
36025  55.105  -23.058  -1.860 0.0000000000
36026  54.132  -22.526  -2.072 0.0000000000
36027  53.173  -22.029  -2.440 0.0000000000
36028  52.190  -21.515  -3.012 0.0000000000
36029  50.237  -22.041  -3.649 0.0000000000
36030  48.530  -22.526  -4.301 0.0000000000
36031  47.033  -22.988  -5.116 0.0000000000
36032  46.820  -24.315  -4.148 0.0000000000
36033  46.278  -23.896  -5.072 0.0000000000
36034  45.850  -23.523  -6.111 0.0000000000
36035  45.154  -24.253  -7.302 0.0000000000
36036  45.108  -25.059  -8.538 0.0000000000
36037  45.700  -25.890  -9.656 0.0000000000
36039  48.992  -30.682  1.565 0.0000000000
36040  48.013  -30.258  1.050 0.0000000000
36042  46.315  -30.811  0.612 0.0000000000
36043  47.161  -29.899  0.418 0.0000000000
36044  46.414  -29.560  -0.322 0.0000000000
36045  45.734  -29.235  -1.143 0.0000000000
36046  45.180  -28.878  -2.014 0.0000000000
36052  44.217  -32.054  -3.302 0.0000000000
36053  44.215  -30.866  -3.237 0.0000000000
36054  44.366  -29.679  -3.142 0.0000000000
36055  44.679  -28.557  -3.083 0.0000000000
36056  44.393  -28.274  -4.196 0.0000000000
36057  44.326  -27.984  -5.324 0.0000000000
36058  44.467  -27.734  -6.460 0.0000000000
36059  45.395  -29.859  -7.615 0.0000000000
36060  45.105  -28.676  -7.653 0.0000000000
36061  44.865  -27.525  -7.582 0.0000000000
36062  45.357  -27.300  -8.624 0.0000000000
36063  46.040  -27.005  -9.606 0.0000000000
36064  46.823  -26.688  -10.469 0.0000000000
36065  48.328  -27.245  -10.998 0.0000000000
39675  62.687  -23.886  -0.077 0.0000000000
39683  63.491  -24.575  0.497 0.0000000000
39684  61.934  -24.855  0.140 0.0000000000
39685  61.104  -25.755  0.498 0.0000000000
39686  60.206  -26.707  0.812 0.0000000000
39687  59.191  -27.601  1.019 0.0000000000
39690  58.118  -28.582  1.259 0.0000000000
39691  57.107  -29.486  1.421 0.0000000000
40740  44.897  -15.060  -9.935 0.0000000000
40741  46.029  -15.147  -8.658 0.0000000000
40742  46.086  -14.356  -9.427 0.0000000000
40804  61.679  -16.414  -1.643 0.0000000000
40809  61.577  -11.766  -3.081 0.0000000000
40810  53.734  -18.584  -3.813 0.0000000000
40811  54.964  -17.305  -3.712 0.0000000000
40812  56.180  -16.019  -3.674 0.0000000000
40813  53.484  -16.104  -5.347 0.0000000000
40814  55.349  -15.427  -4.509 0.0000000000
40815  57.397  -14.746  -3.683 0.0000000000
40816  58.463  -13.494  -3.627 0.0000000000
40817  59.625  -12.252  -3.605 0.0000000000
40818  60.687  -11.028  -3.713 0.0000000000
40819  59.968  -10.239  -4.312 0.0000000000
40820  59.258  -9.510  -5.055 0.0000000000
40821  58.485  -8.839  -6.067 0.0000000000
40822  55.513  -10.977  -7.419 0.0000000000
40823  56.619  -9.663  -7.296 0.0000000000
40824  57.819  -8.270  -7.158 0.0000000000
40825  57.087  -7.662  -8.201 0.0000000000
40826  56.208  -7.130  -9.058 0.0000000000
40827  55.435  -6.601  -9.868 0.0000000000
40828  46.762  -23.870  -11.771 0.0000000000
40829  46.479  -22.619  -11.910 0.0000000000
40830  46.327  -21.286  -11.908 0.0000000000
40832  47.033  -20.801  -13.126 0.0000000000
40833  46.379  -20.003  -11.953 0.0000000000
40834  46.532  -18.696  -11.923 0.0000000000
40835  46.906  -17.449  -11.930 0.0000000000
40836  47.438  -16.268  -12.029 0.0000000000
40842  47.931  -17.254  -15.836 0.0000000000
40843  47.338  -16.512  -14.666 0.0000000000
40844  47.345  -15.765  -13.299 0.0000000000
40845  48.119  -15.158  -12.046 0.0000000000
40846  48.875  -14.059  -12.168 0.0000000000
40847  49.791  -12.947  -12.239 0.0000000000
40848  50.834  -11.685  -12.189 0.0000000000
40849  48.765  -11.528  -14.626 0.0000000000
40850  50.168  -10.940  -13.370 0.0000000000
40851  51.941  -10.247  -12.120 0.0000000000
40852  52.991  -8.832  -11.797 0.0000000000
40853  53.842  -7.395  -11.357 0.0000000000
40854  54.647  -5.975  -10.785 0.0000000000
40855  53.913  -5.357  -11.762 0.0000000000
40856  53.234  -4.813  -12.864 0.0000000000
40857  52.467  -4.224  -14.081 0.0000000000
40858  50.108  -6.285  -16.231 0.0000000000
41742  57.089  -4.734  -8.650 0.0000000000
41743  57.456  -4.068  -8.475 0.0000000000
41744  56.678  -4.440  -9.068 0.0000000000
41745  56.312  -4.100  -9.490 0.0000000000
41746  55.931  -4.780  -9.679 0.0000000000
41747  45.889  -25.239  -10.170 0.0000000000
41748  45.763  -24.594  -10.228 0.0000000000
41749  46.185  -25.006  -10.679 0.0000000000
42789  61.518  -23.783  -0.623 0.0000000000
42790  61.057  -23.579  -0.889 0.0000000000
42791  60.645  -24.071  -0.784 0.0000000000
42792  46.515  -27.692  -1.871 0.0000000000
42793  47.000  -27.278  -1.991 0.0000000000
42794  46.196  -27.463  -2.267 0.0000000000
42795  45.873  -27.258  -2.670 0.0000000000
42796  45.463  -27.695  -2.650 0.0000000000
42802  50.612  -33.348  -8.374 0.0000000000
42803  50.224  -32.846  -8.522 0.0000000000
42804  51.183  -33.036  -8.611 0.0000000000
44097  48.822  -14.933  -5.292 0.0000000000
44117  54.281  -20.206  -2.710 0.0000000000
44118  54.871  -19.549  -2.722 0.0000000000
44119  53.886  -19.852  -3.072 0.0000000000
44120  48.583  -16.022  -10.248 0.0000000000
44121  49.278  -15.725  -9.722 0.0000000000
44122  49.087  -15.416  -10.287 0.0000000000
44123  49.509  -14.885  -10.387 0.0000000000
44124  48.879  -15.163  -10.852 0.0000000000
45189  57.853  -27.282  0.842 0.0000000000
45190  57.287  -27.077  0.718 0.0000000000
45191  56.786  -27.498  0.898 0.0000000000
45192  50.066  -29.164  0.822 0.0000000000
45193  50.601  -28.782  0.642 0.0000000000
45194  49.612  -28.979  0.586 0.0000000000
45195  49.137  -28.821  0.279 0.0000000000
45196  48.572  -29.217  0.424 0.0000000000
46512  54.158  -2.336  -12.663 0.0000000000
46513  54.435  -1.601  -12.605 0.0000000000
46517  47.165  -22.294  -5.633 0.0000000000
46518  47.611  -21.791  -5.677 0.0000000000
46519  46.946  -22.021  -6.122 0.0000000000
46520  45.930  -20.704  -10.065 0.0000000000
46521  46.131  -20.339  -9.442 0.0000000000
46522  46.116  -20.048  -10.013 0.0000000000
46523  46.393  -19.415  -9.977 0.0000000000
46524  46.191  -19.793  -10.623 0.0000000000
46917  44.838  -13.981  -10.990 0.0000000000
49647  58.119  -22.382  -1.669 0.0000000000
49648  58.666  -21.855  -1.574 0.0000000000
49649  57.614  -22.109  -1.704 0.0000000000
49650  57.102  -21.842  -1.724 0.0000000000
49651  56.657  -22.310  -1.815 0.0000000000
49652  54.083  -26.125  -0.825 0.0000000000
49653  54.577  -25.767  -1.025 0.0000000000
49654  53.581  -25.967  -1.073 0.0000000000
49655  49.750  -24.728  -2.592 0.0000000000
49656  50.729  -24.519  -2.381 0.0000000000
49657  50.246  -24.247  -2.596 0.0000000000
49658  50.693  -23.779  -2.621 0.0000000000
49659  49.760  -23.994  -2.847 0.0000000000
49660  49.299  -23.739  -3.125 0.0000000000
49661  48.844  -24.184  -3.086 0.0000000000
49662  44.713  -26.189  -5.676 0.0000000000
49663  44.886  -25.695  -5.679 0.0000000000
49664  44.691  -26.074  -6.263 0.0000000000
49665  44.710  -25.962  -6.849 0.0000000000
49666  44.622  -26.536  -6.875 0.0000000000
49673  44.475  -31.178  -1.582 0.0000000000
49678  45.406  -31.827  -6.506 0.0000000000
49679  45.131  -31.999  -6.009 0.0000000000
49680  44.936  -31.416  -6.056 0.0000000000
49681  44.551  -30.954  -5.550 0.0000000000
49682  44.757  -30.833  -6.081 0.0000000000
49683  44.580  -30.232  -6.058 0.0000000000
49684  44.987  -30.699  -6.593 0.0000000000
49685  48.134  -30.038  -9.682 0.0000000000
49686  47.252  -29.701  -9.332 0.0000000000
49687  47.735  -29.500  -9.727 0.0000000000
49688  47.476  -28.968  -9.810 0.0000000000
49689  48.289  -29.286  -10.127 0.0000000000
49690  48.832  -29.049  -10.483 0.0000000000
49691  49.177  -29.528  -10.384 0.0000000000
52692  64.868  -26.643  1.268 0.0000000000
52693  64.442  -26.259  1.112 0.0000000000
52694  64.046  -26.737  1.146 0.0000000000
52695  63.214  -26.857  1.056 0.0000000000
52696  63.602  -27.271  1.146 0.0000000000
53574  43.890  -17.733  -7.875 0.0000000000
53575  43.958  -17.351  -8.305 0.0000000000
53576  44.575  -17.088  -8.038 0.0000000000
53577  49.116  -11.281  -8.553 0.0000000000
53579  49.150  -10.781  -8.969 0.0000000000
53580  49.132  -10.365  -9.377 0.0000000000
53600  52.864  0.300  -9.095 0.0000000000
53627  62.345  -18.085  -0.869 0.0000000000
53628  62.907  -17.437  -0.808 0.0000000000
53629  61.904  -17.682  -1.069 0.0000000000
53630  58.549  -15.777  -2.761 0.0000000000
53631  59.556  -15.494  -2.577 0.0000000000
53632  59.210  -15.097  -2.784 0.0000000000
53633  59.836  -14.485  -2.834 0.0000000000
53634  58.875  -14.697  -2.999 0.0000000000
53635  50.642  -18.421  -5.835 0.0000000000
53636  51.645  -18.065  -5.359 0.0000000000
53637  51.241  -17.808  -5.820 0.0000000000
53638  54.502  -13.480  -6.301 0.0000000000
53639  54.871  -13.793  -5.792 0.0000000000
53640  55.356  -13.110  -5.698 0.0000000000
53641  56.179  -12.782  -5.165 0.0000000000
53642  55.798  -12.424  -5.695 0.0000000000
53643  56.363  -11.771  -5.632 0.0000000000
53644  55.494  -12.135  -6.240 0.0000000000
53645  53.023  -11.203  -10.506 0.0000000000
53646  53.948  -10.773  -9.894 0.0000000000
53647  53.598  -10.503  -10.467 0.0000000000
53648  54.167  -9.763  -10.298 0.0000000000
53649  53.288  -10.179  -10.976 0.0000000000
53653  48.450  -19.047  -15.420 0.0000000000
53654  48.042  -19.337  -14.902 0.0000000000
53655  47.861  -18.754  -14.999 0.0000000000
53656  47.401  -18.409  -14.488 0.0000000000
53657  47.727  -18.166  -15.102 0.0000000000
53662  47.754  -14.384  -16.674 0.0000000000
53663  47.603  -14.033  -16.034 0.0000000000
53664  47.569  -14.347  -15.339 0.0000000000
53665  47.683  -13.722  -15.315 0.0000000000
53666  47.933  -13.440  -14.690 0.0000000000
53667  47.810  -13.134  -15.275 0.0000000000
53668  49.509  -8.788  -15.542 0.0000000000
53669  49.766  -9.150  -14.963 0.0000000000
53670  50.190  -8.480  -14.817 0.0000000000
53671  50.933  -8.198  -14.097 0.0000000000
53672  50.581  -7.844  -14.667 0.0000000000
53673  50.977  -7.189  -14.394 0.0000000000
53674  50.280  -7.549  -15.200 0.0000000000
54705  45.866  -11.118  -12.711 0.0000000000
54708  48.176  -7.064  -13.166 0.0000000000
54710  47.966  -7.004  -13.497 0.0000000000
54789  55.803  -29.124  1.429 0.0000000000
54790  55.271  -28.855  1.351 0.0000000000
54791  54.776  -29.272  1.473 0.0000000000
54792  52.110  -29.987  1.647 0.0000000000
54793  52.689  -29.551  1.526 0.0000000000
54794  51.584  -29.765  1.506 0.0000000000
54795  51.041  -29.597  1.324 0.0000000000
56105  58.156  -2.644  -8.267 0.0000000000
56107  58.454  -1.902  -8.203 0.0000000000
56109  58.019  -1.550  -8.640 0.0000000000
56110  57.600  -1.285  -9.083 0.0000000000
56111  57.286  -1.938  -9.207 0.0000000000
56112  55.583  -3.432  -10.513 0.0000000000
56113  55.847  -2.752  -10.398 0.0000000000
56114  55.173  -3.162  -11.056 0.0000000000
56115  54.785  -2.920  -11.664 0.0000000000
56116  54.547  -3.561  -11.694 0.0000000000
56117  45.319  -23.556  -7.881 0.0000000000
56118  45.499  -22.932  -7.803 0.0000000000
56119  45.330  -23.300  -8.470 0.0000000000
56120  45.590  -23.292  -10.201 0.0000000000
56121  45.444  -22.855  -9.607 0.0000000000
56122  45.619  -22.666  -10.227 0.0000000000
56123  45.678  -22.000  -10.178 0.0000000000
56124  45.829  -22.417  -10.774 0.0000000000
59244  63.354  -21.691  -0.383 0.0000000000
59245  62.990  -21.477  -0.543 0.0000000000
59246  62.450  -22.024  -0.730 0.0000000000
59247  60.122  -23.246  -1.296 0.0000000000
59248  60.624  -22.741  -1.259 0.0000000000
59249  59.611  -23.099  -1.463 0.0000000000
59250  59.102  -22.900  -1.602 0.0000000000
59251  58.581  -23.397  -1.572 0.0000000000
59252  50.177  -26.980  -1.196 0.0000000000
59253  50.628  -26.626  -1.379 0.0000000000
59254  49.674  -26.771  -1.512 0.0000000000
59255  47.871  -26.472  -2.255 0.0000000000
59256  48.729  -26.316  -2.098 0.0000000000
59257  48.278  -26.074  -2.384 0.0000000000
59258  48.775  -25.653  -2.468 0.0000000000
59259  47.863  -25.822  -2.675 0.0000000000
59260  47.458  -25.542  -3.012 0.0000000000
59261  47.024  -25.983  -2.943 0.0000000000
59262  45.289  -26.850  -3.595 0.0000000000
59263  45.594  -26.367  -3.638 0.0000000000
59264  45.067  -26.677  -4.089 0.0000000000
59265  44.891  -26.515  -4.587 0.0000000000
59266  44.657  -27.020  -4.586 0.0000000000
59278  48.238  -33.204  -7.768 0.0000000000
59279  47.722  -33.460  -7.429 0.0000000000
59280  47.403  -32.929  -7.547 0.0000000000
59281  46.644  -32.595  -7.240 0.0000000000
59282  47.107  -32.394  -7.657 0.0000000000
59283  46.779  -31.846  -7.759 0.0000000000
59284  47.578  -32.166  -8.036 0.0000000000
59285  49.489  -31.935  -8.835 0.0000000000
59286  48.573  -31.698  -8.747 0.0000000000
59287  49.161  -31.457  -9.145 0.0000000000
59288  48.745  -31.002  -9.366 0.0000000000
59289  49.740  -31.209  -9.471 0.0000000000
59290  50.289  -30.926  -9.808 0.0000000000
59291  50.697  -31.385  -9.517 0.0000000000
63172  46.333  -16.847  -6.412 0.0000000000
63173  45.748  -17.230  -6.681 0.0000000000
63179  49.058  -12.679  -7.335 0.0000000000
63180  49.076  -12.253  -7.759 0.0000000000
63198  54.087  -0.610  -6.662 0.0000000000
63230  55.993  -18.318  -2.720 0.0000000000
63231  56.970  -18.078  -2.451 0.0000000000
63232  56.586  -17.713  -2.715 0.0000000000
63233  57.189  -17.059  -2.699 0.0000000000
63234  56.188  -17.331  -3.000 0.0000000000
63235  49.465  -17.204  -7.919 0.0000000000
63236  50.314  -16.911  -7.380 0.0000000000
63237  50.074  -16.589  -7.921 0.0000000000
63238  50.872  -15.049  -8.613 0.0000000000
63239  51.193  -15.289  -8.010 0.0000000000
63240  51.769  -14.639  -8.010 0.0000000000
63241  52.683  -14.242  -7.441 0.0000000000
63242  52.385  -13.983  -7.999 0.0000000000
63243  53.010  -13.343  -8.019 0.0000000000
63244  52.093  -13.748  -8.589 0.0000000000
63245  50.636  -13.682  -10.379 0.0000000000
63246  51.484  -13.317  -9.825 0.0000000000
63247  51.165  -13.090  -10.450 0.0000000000
63248  51.758  -12.465  -10.467 0.0000000000
63249  50.880  -12.880  -11.024 0.0000000000
63269  47.967  -10.427  -17.758 0.0000000000
63270  48.122  -9.771  -17.646 0.0000000000
63271  48.415  -9.428  -16.900 0.0000000000
63272  48.353  -9.103  -17.572 0.0000000000
63273  48.578  -8.433  -17.565 0.0000000000
66444  59.792  -25.558  0.114 0.0000000000
66445  59.203  -25.400  -0.167 0.0000000000
66446  58.708  -25.825  0.056 0.0000000000
66447  56.223  -26.707  0.224 0.0000000000
66448  56.698  -26.314  -0.005 0.0000000000
66449  55.686  -26.547  -0.012 0.0000000000
66450  55.167  -26.407  -0.304 0.0000000000
66451  54.653  -26.795  -0.063 0.0000000000
66452  54.211  -28.302  1.065 0.0000000000
66453  54.723  -27.894  0.907 0.0000000000
66454  53.683  -28.117  0.840 0.0000000000
66455  51.641  -28.014  0.213 0.0000000000
66456  52.651  -27.799  0.294 0.0000000000
66457  52.171  -27.634  -0.004 0.0000000000
66458  52.723  -27.240  -0.179 0.0000000000
66459  51.679  -27.483  -0.291 0.0000000000
66460  51.151  -27.347  -0.586 0.0000000000
66461  50.642  -27.710  -0.370 0.0000000000
66462  48.186  -28.484  -0.389 0.0000000000
66463  48.702  -28.098  -0.565 0.0000000000
66464  47.802  -28.311  -0.727 0.0000000000
66465  47.358  -28.131  -1.080 0.0000000000
66466  46.908  -28.509  -0.964 0.0000000000
70380  48.694  -15.835  -4.492 0.0000000000
70412  56.755  -0.630  -10.015 0.0000000000
70413  56.949  0.066  -9.871 0.0000000000
70414  56.322  -0.334  -10.532 0.0000000000
70427  50.340  -21.345  -4.103 0.0000000000
70428  50.920  -20.758  -4.166 0.0000000000
70429  49.988  -21.049  -4.535 0.0000000000
70430  48.494  -20.714  -5.812 0.0000000000
70431  49.268  -20.486  -5.398 0.0000000000
70432  49.035  -20.152  -5.816 0.0000000000
70433  49.537  -19.569  -5.853 0.0000000000
70434  48.772  -19.847  -6.256 0.0000000000
70435  46.031  -21.718  -7.766 0.0000000000
70436  46.550  -21.440  -7.195 0.0000000000
70437  46.377  -21.164  -7.736 0.0000000000
70438  46.924  -19.755  -8.261 0.0000000000
70439  47.134  -20.036  -7.716 0.0000000000
70440  47.551  -19.498  -7.727 0.0000000000
70441  48.225  -19.273  -7.204 0.0000000000
70442  48.015  -18.941  -7.719 0.0000000000
70443  48.492  -18.356  -7.780 0.0000000000
70444  47.816  -18.603  -8.270 0.0000000000
70445  46.984  -18.266  -10.012 0.0000000000
70446  47.457  -18.006  -9.461 0.0000000000
70447  47.356  -17.698  -10.045 0.0000000000
70448  47.726  -17.134  -10.129 0.0000000000
70449  47.242  -17.411  -10.610 0.0000000000
71634  44.813  -12.832  -12.042 0.0000000000
71639  47.953  -9.793  -11.372 0.0000000000
75822  58.821  -5.871  -7.211 0.0000000000
75824  58.374  -5.571  -7.551 0.0000000000
75825  57.907  -5.258  -7.937 0.0000000000
75826  57.558  -5.925  -8.122 0.0000000000
75827  48.474  -26.485  -11.417 0.0000000000
75828  48.173  -25.959  -11.595 0.0000000000
75829  49.021  -26.163  -11.739 0.0000000000
79816  62.851  -19.190  -0.648 0.0000000000
79817  62.107  -21.156  -0.826 0.0000000000
79818  62.642  -20.656  -0.702 0.0000000000
79819  61.769  -21.010  -0.964 0.0000000000
79820  59.728  -20.801  -1.328 0.0000000000
79821  60.825  -20.516  -1.126 0.0000000000
79822  60.297  -20.249  -1.185 0.0000000000
79823  60.832  -19.728  -1.088 0.0000000000
79824  59.752  -19.990  -1.282 0.0000000000
79825  59.207  -19.715  -1.393 0.0000000000
79826  58.708  -20.281  -1.474 0.0000000000
79827  56.168  -21.233  -1.891 0.0000000000
79828  56.695  -20.713  -1.826 0.0000000000
79829  55.732  -20.932  -1.992 0.0000000000
79830  55.208  -20.697  -2.219 0.0000000000
79831  54.695  -21.237  -2.213 0.0000000000
79832  58.077  -25.096  -0.719 0.0000000000
79833  58.599  -24.684  -0.926 0.0000000000
79834  57.566  -24.961  -0.964 0.0000000000
79835  55.568  -24.878  -1.413 0.0000000000
79836  56.569  -24.616  -1.390 0.0000000000
79837  56.072  -24.384  -1.563 0.0000000000
79838  56.564  -23.879  -1.662 0.0000000000
79839  55.603  -24.104  -1.694 0.0000000000
79840  51.633  -25.800  -1.685 0.0000000000
79841  52.646  -25.528  -1.584 0.0000000000
79842  52.124  -25.316  -1.804 0.0000000000
79843  52.658  -24.069  -2.062 0.0000000000
79844  53.129  -24.313  -1.938 0.0000000000
79845  53.651  -23.806  -1.961 0.0000000000
79846  54.585  -23.579  -1.865 0.0000000000
79847  54.111  -23.315  -1.956 0.0000000000
79848  54.635  -22.794  -1.946 0.0000000000
79849  53.668  -23.057  -2.070 0.0000000000
79850  51.689  -22.778  -2.644 0.0000000000
79851  52.676  -22.554  -2.415 0.0000000000
79852  52.165  -22.280  -2.659 0.0000000000
79853  52.641  -21.791  -2.697 0.0000000000
79854  51.701  -22.036  -2.968 0.0000000000
79855  51.210  -21.796  -3.326 0.0000000000
79856  50.763  -22.279  -3.251 0.0000000000
79857  48.511  -23.188  -3.835 0.0000000000
79858  48.950  -22.740  -3.887 0.0000000000
79859  48.107  -22.973  -4.249 0.0000000000
79860  47.731  -22.766  -4.687 0.0000000000
79861  47.359  -23.211  -4.634 0.0000000000
79862  46.737  -25.025  -3.739 0.0000000000
79863  47.170  -24.540  -3.739 0.0000000000
79864  46.420  -24.756  -4.140 0.0000000000
79865  45.408  -24.686  -5.582 0.0000000000
79866  45.898  -24.362  -5.084 0.0000000000
79867  45.672  -24.191  -5.607 0.0000000000
79868  46.033  -23.706  -5.587 0.0000000000
79869  45.570  -24.018  -6.137 0.0000000000
79870  45.449  -23.867  -6.702 0.0000000000
79871  45.224  -24.380  -6.724 0.0000000000
79872  44.949  -25.745  -8.054 0.0000000000
79873  44.976  -25.193  -7.974 0.0000000000
79874  45.116  -25.621  -8.607 0.0000000000
79875  45.303  -25.463  -9.128 0.0000000000
79876  45.421  -26.042  -9.166 0.0000000000
79883  48.491  -30.468  1.334 0.0000000000
79884  47.544  -30.696  1.160 0.0000000000
79888  45.338  -31.021  -0.152 0.0000000000
79889  45.636  -31.132  0.244 0.0000000000
79890  45.977  -30.673  0.235 0.0000000000
79891  46.720  -30.329  0.499 0.0000000000
79892  46.342  -30.188  0.163 0.0000000000
79893  46.756  -29.732  0.042 0.0000000000
79894  46.022  -30.027  -0.217 0.0000000000
79895  44.889  -30.079  -1.550 0.0000000000
79896  45.418  -29.723  -1.090 0.0000000000
79897  45.156  -29.557  -1.548 0.0000000000
79898  45.455  -29.048  -1.566 0.0000000000
79899  44.901  -29.401  -2.028 0.0000000000
79911  44.667  -32.279  -4.990 0.0000000000
79912  44.837  -32.910  -4.994 0.0000000000
79913  44.498  -32.443  -4.432 0.0000000000
79914  44.350  -32.575  -3.893 0.0000000000
79915  44.292  -31.960  -3.872 0.0000000000
79916  44.221  -31.479  -3.268 0.0000000000
79917  44.233  -31.355  -3.823 0.0000000000
79918  44.196  -30.037  -4.386 0.0000000000
79919  44.210  -30.143  -3.775 0.0000000000
79920  44.279  -29.542  -3.716 0.0000000000
79921  44.508  -29.113  -3.098 0.0000000000
79922  44.381  -28.959  -3.655 0.0000000000
79923  44.515  -28.410  -3.637 0.0000000000
79924  44.293  -28.808  -4.213 0.0000000000
79925  44.387  -29.038  -5.999 0.0000000000
79926  44.287  -28.559  -5.374 0.0000000000
79927  44.362  -28.449  -5.957 0.0000000000
79928  44.373  -27.856  -5.891 0.0000000000
79929  44.497  -28.352  -6.545 0.0000000000
79930  46.199  -30.769  -7.971 0.0000000000
79931  45.562  -30.394  -7.577 0.0000000000
79932  45.955  -30.236  -8.026 0.0000000000
79933  45.967  -28.954  -8.603 0.0000000000
79934  45.616  -29.115  -8.159 0.0000000000
79935  45.407  -28.552  -8.153 0.0000000000
79936  44.967  -28.100  -7.620 0.0000000000
79937  45.240  -27.977  -8.124 0.0000000000
79938  45.102  -27.419  -8.106 0.0000000000
79939  45.543  -27.858  -8.620 0.0000000000
79940  46.968  -27.897  -9.969 0.0000000000
79941  46.273  -27.538  -9.592 0.0000000000
79942  46.679  -27.377  -10.013 0.0000000000
79943  46.415  -26.856  -10.065 0.0000000000
79944  47.094  -27.210  -10.401 0.0000000000
79945  47.522  -26.998  -10.752 0.0000000000
79946  47.817  -27.498  -10.670 0.0000000000
88940  63.080  -23.383  -0.095 0.0000000000
88941  63.449  -23.710  0.158 0.0000000000
88960  63.638  -25.448  0.740 0.0000000000
88961  63.975  -24.969  0.680 0.0000000000
88962  63.165  -25.073  0.579 0.0000000000
88963  62.728  -24.719  0.317 0.0000000000
88964  62.366  -25.183  0.447 0.0000000000
88965  61.539  -25.273  0.344 0.0000000000
88966  61.997  -25.649  0.585 0.0000000000
88967  61.501  -27.032  1.010 0.0000000000
88968  61.119  -26.613  0.894 0.0000000000
88969  60.584  -27.127  0.949 0.0000000000
88970  59.661  -27.168  0.873 0.0000000000
88971  60.082  -27.573  1.028 0.0000000000
88978  59.055  -28.544  1.237 0.0000000000
88979  58.479  -28.991  1.306 0.0000000000
88980  57.598  -29.025  1.345 0.0000000000
88981  58.000  -29.428  1.371 0.0000000000
91604  44.194  -16.118  -9.405 0.0000000000
91605  44.224  -15.751  -9.782 0.0000000000
91606  44.861  -15.459  -9.557 0.0000000000
91608  45.969  -15.578  -8.262 0.0000000000
91609  46.634  -14.744  -8.375 0.0000000000
91610  47.304  -13.019  -9.285 0.0000000000
91612  46.733  -13.488  -9.542 0.0000000000
91613  46.127  -13.922  -9.814 0.0000000000
91615  46.761  -12.603  -10.338 0.0000000000
91618  48.583  -10.012  -10.385 0.0000000000
91619  49.129  -8.920  -10.539 0.0000000000
91668  50.823  -11.255  -6.196 0.0000000000
91765  60.025  -17.299  -1.804 0.0000000000
91766  61.111  -17.000  -1.547 0.0000000000
91767  60.629  -16.672  -1.868 0.0000000000
91768  61.474  -15.081  -2.204 0.0000000000
91769  61.905  -15.446  -1.923 0.0000000000
91770  62.407  -14.834  -1.916 0.0000000000
91775  60.990  -13.267  -2.804 0.0000000000
91777  61.554  -12.697  -2.810 0.0000000000
91779  61.063  -12.364  -3.069 0.0000000000
91780  52.105  -19.517  -4.236 0.0000000000
91781  53.120  -19.207  -3.854 0.0000000000
91782  52.725  -18.929  -4.211 0.0000000000
91783  53.618  -17.351  -4.558 0.0000000000
91784  54.019  -17.651  -4.154 0.0000000000
91785  54.619  -16.988  -4.142 0.0000000000
91786  55.557  -16.654  -3.692 0.0000000000
91787  55.210  -16.375  -4.087 0.0000000000
91788  52.138  -16.164  -6.331 0.0000000000
91789  52.537  -16.452  -5.819 0.0000000000
91790  53.121  -15.804  -5.829 0.0000000000
91791  55.564  -14.438  -4.898 0.0000000000
91792  55.044  -15.103  -4.921 0.0000000000
91793  55.961  -14.780  -4.496 0.0000000000
91794  56.396  -15.092  -4.088 0.0000000000
91795  56.956  -14.431  -4.041 0.0000000000
91796  57.934  -14.084  -3.656 0.0000000000
91797  57.425  -13.787  -3.997 0.0000000000
91798  58.137  -12.194  -4.223 0.0000000000
91799  58.627  -12.536  -3.823 0.0000000000
91800  59.173  -11.886  -3.879 0.0000000000
91801  60.186  -11.646  -3.656 0.0000000000
91802  59.745  -11.293  -3.948 0.0000000000
91803  60.338  -10.638  -3.999 0.0000000000
91804  59.304  -10.920  -4.329 0.0000000000
91805  57.535  -10.453  -5.591 0.0000000000
91806  58.542  -10.127  -5.079 0.0000000000
91807  58.230  -9.784  -5.536 0.0000000000
91808  58.865  -9.135  -5.552 0.0000000000
91809  57.878  -9.472  -6.057 0.0000000000
91810  54.156  -12.055  -8.076 0.0000000000
91811  54.945  -11.670  -7.445 0.0000000000
91812  54.726  -11.425  -8.076 0.0000000000
91813  55.564  -9.888  -8.566 0.0000000000
91814  55.808  -10.108  -7.959 0.0000000000
91815  56.397  -9.383  -7.853 0.0000000000
91816  57.274  -8.949  -7.212 0.0000000000
91817  57.013  -8.663  -7.754 0.0000000000
91818  57.443  -7.969  -7.704 0.0000000000
91819  56.626  -8.418  -8.364 0.0000000000
91820  54.988  -8.312  -9.956 0.0000000000
91821  55.783  -7.846  -9.297 0.0000000000
91822  55.440  -7.565  -9.744 0.0000000000
91823  55.833  -6.840  -9.450 0.0000000000
91824  55.034  -7.277  -10.157 0.0000000000
91825  47.656  -24.829  -11.928 0.0000000000
91826  46.972  -24.488  -11.644 0.0000000000
91827  47.440  -24.220  -12.117 0.0000000000
91829  47.016  -22.996  -12.335 0.0000000000
91830  46.854  -22.363  -12.402 0.0000000000
91831  46.371  -21.943  -11.915 0.0000000000
91832  46.698  -21.675  -12.432 0.0000000000
91836  47.261  -19.877  -13.735 0.0000000000
91837  47.402  -20.523  -13.669 0.0000000000
91838  46.929  -20.161  -13.157 0.0000000000
91839  46.619  -20.418  -12.597 0.0000000000
91840  46.566  -19.753  -12.525 0.0000000000
91841  46.439  -19.328  -11.953 0.0000000000
91842  46.607  -19.097  -12.580 0.0000000000
91843  46.895  -17.605  -13.252 0.0000000000
91844  46.777  -17.841  -12.577 0.0000000000
91845  46.946  -17.223  -12.600 0.0000000000
91846  47.161  -16.857  -11.980 0.0000000000
91847  47.143  -16.613  -12.677 0.0000000000
91859  47.957  -15.666  -16.606 0.0000000000
91861  48.104  -16.300  -16.518 0.0000000000
91862  48.256  -16.947  -16.396 0.0000000000
91863  47.810  -16.616  -15.910 0.0000000000
91864  47.537  -16.900  -15.264 0.0000000000
91865  47.505  -16.245  -15.301 0.0000000000
91866  47.575  -14.892  -13.966 0.0000000000
91867  47.403  -15.500  -13.961 0.0000000000
91868  47.600  -15.175  -13.310 0.0000000000
91869  47.664  -15.440  -12.684 0.0000000000
91870  48.009  -14.865  -12.663 0.0000000000
91871  48.503  -14.618  -12.094 0.0000000000
91872  48.308  -14.341  -12.770 0.0000000000
91873  48.856  -12.922  -13.435 0.0000000000
91874  49.122  -13.239  -12.788 0.0000000000
91875  49.553  -12.664  -12.816 0.0000000000
91876  50.302  -12.333  -12.242 0.0000000000
91877  49.942  -12.036  -12.869 0.0000000000
91878  48.108  -11.475  -15.825 0.0000000000
91879  48.259  -11.827  -15.206 0.0000000000
91880  48.556  -11.175  -15.174 0.0000000000
91881  50.377  -9.879  -13.852 0.0000000000
91882  49.878  -10.553  -13.941 0.0000000000
91883  50.686  -10.250  -13.332 0.0000000000
91884  50.972  -10.612  -12.785 0.0000000000
91885  51.594  -9.926  -12.685 0.0000000000
91886  52.503  -9.570  -11.998 0.0000000000
91887  52.112  -9.246  -12.523 0.0000000000
91888  52.596  -7.528  -12.579 0.0000000000
91889  52.986  -7.827  -12.110 0.0000000000
91890  53.461  -7.107  -11.835 0.0000000000
91891  54.241  -6.708  -11.095 0.0000000000
91892  53.870  -6.355  -11.568 0.0000000000
91893  54.340  -5.618  -11.226 0.0000000000
91894  53.538  -6.038  -12.019 0.0000000000
91895  51.816  -5.919  -13.980 0.0000000000
91896  52.734  -5.527  -13.141 0.0000000000
91897  52.348  -5.238  -13.708 0.0000000000
91898  52.867  -4.506  -13.444 0.0000000000
91899  52.020  -4.891  -14.319 0.0000000000
91901  49.755  -6.849  -16.506 0.0000000000
92729  47.892  -8.362  -12.616 0.0000000000
92779  54.210  -29.689  1.602 0.0000000000
92780  53.652  -30.124  1.696 0.0000000000
92781  52.630  -30.257  1.736 0.0000000000
93566  58.641  -3.962  -7.509 0.0000000000
93568  58.232  -3.660  -7.910 0.0000000000
93569  57.808  -3.343  -8.332 0.0000000000
93570  57.402  -2.997  -8.826 0.0000000000
93571  56.996  -2.641  -9.313 0.0000000000
93572  56.676  -3.370  -9.374 0.0000000000
93573  55.930  -3.715  -9.975 0.0000000000
93574  55.171  -4.110  -10.673 0.0000000000
93575  45.268  -24.404  -9.129 0.0000000000
93576  45.309  -23.678  -9.106 0.0000000000
93577  45.458  -24.160  -9.716 0.0000000000
93578  45.671  -23.946  -10.262 0.0000000000
93579  45.917  -23.699  -10.799 0.0000000000
95451  62.395  -22.744  -0.631 0.0000000000
95452  61.956  -22.536  -0.840 0.0000000000
95453  61.499  -23.043  -0.884 0.0000000000
95454  60.620  -23.371  -1.113 0.0000000000
95455  59.629  -23.734  -1.247 0.0000000000
95456  48.245  -27.346  -1.477 0.0000000000
95457  48.711  -26.933  -1.655 0.0000000000
95458  47.843  -27.123  -1.809 0.0000000000
95459  47.449  -26.887  -2.124 0.0000000000
95460  46.996  -26.641  -2.476 0.0000000000
95461  46.623  -26.391  -2.853 0.0000000000
95462  46.239  -26.824  -2.758 0.0000000000
95463  45.554  -27.047  -3.103 0.0000000000
95464  44.987  -27.341  -3.576 0.0000000000
95473  49.119  -33.426  -7.972 0.0000000000
95474  48.783  -32.944  -8.098 0.0000000000
95475  48.418  -32.445  -8.235 0.0000000000
95476  49.310  -32.711  -8.393 0.0000000000
95477  49.885  -32.432  -8.654 0.0000000000
95478  50.477  -32.128  -8.938 0.0000000000
95479  51.050  -31.829  -9.233 0.0000000000
95480  51.405  -32.288  -9.015 0.0000000000
97806  46.885  -17.178  -5.341 0.0000000000
97809  47.679  -15.448  -6.256 0.0000000000
97810  47.763  -15.035  -6.631 0.0000000000
97841  56.214  -19.680  -2.154 0.0000000000
97842  56.740  -19.028  -2.157 0.0000000000
97843  55.818  -19.299  -2.423 0.0000000000
97844  55.460  -18.947  -2.729 0.0000000000
97845  55.046  -18.561  -3.043 0.0000000000
97846  49.012  -16.609  -9.040 0.0000000000
97847  49.806  -16.293  -8.501 0.0000000000
97848  49.495  -16.019  -9.132 0.0000000000
97849  50.038  -15.421  -9.192 0.0000000000
97850  50.599  -14.777  -9.219 0.0000000000
97851  51.151  -14.168  -9.191 0.0000000000
97852  50.272  -14.550  -9.825 0.0000000000
97853  50.031  -14.300  -10.365 0.0000000000
97854  49.834  -14.002  -10.948 0.0000000000
99771  58.801  -26.427  0.481 0.0000000000
99772  58.201  -26.205  0.285 0.0000000000
99773  57.769  -26.635  0.502 0.0000000000
99774  56.758  -26.875  0.487 0.0000000000
99775  55.723  -27.090  0.463 0.0000000000
99776  52.129  -28.763  0.964 0.0000000000
99777  52.662  -28.339  0.783 0.0000000000
99778  51.632  -28.580  0.712 0.0000000000
99779  51.118  -28.403  0.437 0.0000000000
99780  50.619  -28.212  0.155 0.0000000000
99781  50.167  -28.040  -0.125 0.0000000000
99782  49.655  -28.410  0.087 0.0000000000
99783  48.647  -28.653  -0.050 0.0000000000
99784  47.664  -28.893  -0.230 0.0000000000
102152  55.455  -1.452  -11.363 0.0000000000
102153  55.740  -0.729  -11.191 0.0000000000
102154  55.149  -1.138  -11.862 0.0000000000
102155  54.847  -0.847  -12.397 0.0000000000
102161  48.587  -21.887  -4.825 0.0000000000
102162  49.046  -21.330  -4.943 0.0000000000
102163  48.289  -21.562  -5.305 0.0000000000
102164  48.014  -21.246  -5.779 0.0000000000
102165  47.774  -20.932  -6.230 0.0000000000
102166  45.889  -21.218  -8.899 0.0000000000
102167  46.213  -20.879  -8.296 0.0000000000
102168  46.167  -20.607  -8.854 0.0000000000
102169  46.452  -20.035  -8.841 0.0000000000
102170  46.811  -19.443  -8.788 0.0000000000
102171  47.202  -18.873  -8.796 0.0000000000
102172  46.729  -19.137  -9.386 0.0000000000
102173  46.659  -18.845  -10.005 0.0000000000
102174  46.620  -18.548  -10.591 0.0000000000
102884  45.043  -12.948  -11.768 0.0000000000
102885  45.250  -13.104  -11.469 0.0000000000
102886  45.989  -12.518  -11.286 0.0000000000
102887  46.782  -11.767  -11.088 0.0000000000
105400  58.523  -6.500  -7.360 0.0000000000
107795  60.205  -21.821  -1.324 0.0000000000
107796  60.765  -21.314  -1.198 0.0000000000
107797  59.758  -21.612  -1.426 0.0000000000
107798  59.216  -21.333  -1.467 0.0000000000
107799  58.686  -21.066  -1.499 0.0000000000
107800  58.200  -20.807  -1.540 0.0000000000
107801  57.639  -21.315  -1.644 0.0000000000
107802  56.633  -21.526  -1.797 0.0000000000
107803  55.648  -21.757  -1.935 0.0000000000
107804  56.117  -25.638  -0.740 0.0000000000
107805  56.582  -25.237  -0.967 0.0000000000
107806  55.584  -25.534  -0.980 0.0000000000
107807  55.086  -25.372  -1.216 0.0000000000
107808  54.612  -25.113  -1.447 0.0000000000
107809  50.669  -25.265  -2.178 0.0000000000
107810  51.652  -25.056  -2.034 0.0000000000
107811  51.184  -24.799  -2.229 0.0000000000
107812  51.663  -24.314  -2.216 0.0000000000
107813  52.175  -23.822  -2.206 0.0000000000
107814  52.695  -23.318  -2.214 0.0000000000
107815  51.681  -23.567  -2.397 0.0000000000
107816  51.168  -23.290  -2.643 0.0000000000
107817  50.714  -23.012  -2.926 0.0000000000
107818  50.271  -22.751  -3.243 0.0000000000
107819  49.779  -23.247  -3.164 0.0000000000
107820  48.919  -23.427  -3.454 0.0000000000
107821  48.086  -23.655  -3.789 0.0000000000
107822  45.446  -25.504  -4.634 0.0000000000
107823  45.787  -25.016  -4.614 0.0000000000
107824  45.240  -25.325  -5.144 0.0000000000
107825  45.107  -25.191  -5.652 0.0000000000
107826  45.034  -25.049  -6.217 0.0000000000
107827  44.984  -24.905  -6.770 0.0000000000
107828  44.820  -25.432  -6.853 0.0000000000
107829  44.804  -25.849  -7.490 0.0000000000
107830  44.949  -26.308  -8.092 0.0000000000
107840  45.078  -30.879  -0.609 0.0000000000
107841  45.379  -30.359  -0.604 0.0000000000
107842  44.862  -30.769  -1.056 0.0000000000
107843  44.664  -30.639  -1.514 0.0000000000
107844  44.481  -30.476  -2.043 0.0000000000
107850  45.899  -32.999  -6.415 0.0000000000
107851  45.565  -33.203  -5.948 0.0000000000
107852  45.360  -32.619  -6.004 0.0000000000
107853  44.893  -32.170  -5.508 0.0000000000
107854  44.530  -31.690  -4.970 0.0000000000
107855  44.304  -31.205  -4.403 0.0000000000
107856  44.415  -31.077  -4.995 0.0000000000
107857  44.323  -30.469  -4.987 0.0000000000
107858  44.250  -29.917  -4.934 0.0000000000
107859  44.230  -29.261  -4.888 0.0000000000
107860  44.335  -29.774  -5.478 0.0000000000
107861  44.451  -29.627  -6.036 0.0000000000
107862  44.681  -29.533  -6.604 0.0000000000
107863  47.091  -30.414  -8.874 0.0000000000
107864  46.368  -30.059  -8.484 0.0000000000
107865  46.799  -29.874  -8.949 0.0000000000
107866  46.573  -29.337  -8.995 0.0000000000
107867  46.354  -28.783  -9.048 0.0000000000
107868  46.134  -28.253  -9.079 0.0000000000
107869  46.772  -28.583  -9.492 0.0000000000
107870  47.214  -28.427  -9.889 0.0000000000
107871  47.686  -28.235  -10.268 0.0000000000
107872  48.140  -28.025  -10.595 0.0000000000
107873  48.462  -28.540  -10.547 0.0000000000
107874  49.384  -28.756  -10.810 0.0000000000
113280  64.773  -25.786  1.065 0.0000000000
113281  64.048  -25.866  0.912 0.0000000000
113282  63.256  -25.944  0.826 0.0000000000
113283  62.435  -26.054  0.777 0.0000000000
113284  62.857  -26.482  0.923 0.0000000000
113285  62.408  -26.965  1.040 0.0000000000
113286  61.890  -27.429  1.101 0.0000000000
114868  44.767  -16.268  -8.810 0.0000000000
114869  47.915  -13.299  -8.270 0.0000000000
114870  47.269  -13.868  -8.519 0.0000000000
114871  47.928  -12.888  -8.665 0.0000000000
114873  47.959  -12.007  -9.434 0.0000000000
114876  49.167  -9.842  -9.761 0.0000000000
114964  59.249  -16.568  -2.309 0.0000000000
114965  60.287  -16.296  -2.114 0.0000000000
114966  59.935  -15.903  -2.352 0.0000000000
114967  60.541  -15.284  -2.394 0.0000000000
114968  61.111  -14.692  -2.419 0.0000000000
114969  61.723  -14.056  -2.407 0.0000000000
114970  60.779  -14.288  -2.656 0.0000000000
114971  60.402  -13.891  -2.868 0.0000000000
114972  59.983  -13.519  -3.053 0.0000000000
114973  51.386  -18.969  -4.995 0.0000000000
114974  52.380  -18.640  -4.581 0.0000000000
114975  51.988  -18.363  -4.968 0.0000000000
114976  52.645  -17.714  -4.916 0.0000000000
114977  53.239  -17.059  -4.964 0.0000000000
114978  53.402  -14.862  -6.330 0.0000000000
114979  53.740  -15.175  -5.847 0.0000000000
114980  54.369  -14.510  -5.833 0.0000000000
114981  55.206  -14.119  -5.328 0.0000000000
114982  56.041  -13.774  -4.823 0.0000000000
114983  56.973  -13.456  -4.340 0.0000000000
114984  56.593  -13.111  -4.727 0.0000000000
114985  57.129  -12.474  -4.677 0.0000000000
114986  57.683  -11.833  -4.641 0.0000000000
114987  58.282  -11.160  -4.661 0.0000000000
114988  57.261  -11.476  -5.099 0.0000000000
114989  56.931  -11.125  -5.590 0.0000000000
114990  56.568  -10.833  -6.183 0.0000000000
114991  53.655  -11.685  -9.307 0.0000000000
114992  54.463  -11.215  -8.713 0.0000000000
114993  54.242  -11.003  -9.300 0.0000000000
114994  54.815  -10.339  -9.236 0.0000000000
114995  55.296  -9.628  -9.124 0.0000000000
114996  55.791  -8.862  -8.991 0.0000000000
114997  54.951  -9.325  -9.660 0.0000000000
114998  54.648  -9.018  -10.157 0.0000000000
114999  54.232  -8.729  -10.616 0.0000000000
115001  47.921  -23.909  -12.544 0.0000000000
115005  48.898  -20.192  -15.066 0.0000000000
115006  48.410  -20.527  -14.588 0.0000000000
115007  48.239  -19.927  -14.773 0.0000000000
115008  47.640  -19.597  -14.336 0.0000000000
115009  47.157  -19.278  -13.756 0.0000000000
115010  46.824  -18.884  -13.210 0.0000000000
115011  47.123  -18.650  -13.894 0.0000000000
115012  47.075  -18.023  -13.894 0.0000000000
115013  47.106  -17.403  -13.959 0.0000000000
115023  47.656  -15.352  -16.018 0.0000000000
115024  47.490  -15.601  -15.302 0.0000000000
115025  47.518  -15.022  -15.344 0.0000000000
115026  47.566  -14.638  -14.651 0.0000000000
115027  47.785  -14.321  -14.011 0.0000000000
115028  48.185  -14.028  -13.335 0.0000000000
115029  48.050  -13.746  -14.029 0.0000000000
115030  48.326  -13.170  -14.063 0.0000000000
115031  48.627  -12.578  -14.063 0.0000000000
115032  48.709  -10.142  -15.697 0.0000000000
115033  48.922  -10.487  -15.076 0.0000000000
115034  49.341  -9.813  -15.031 0.0000000000
115035  50.124  -9.528  -14.327 0.0000000000
115036  50.837  -9.242  -13.705 0.0000000000
115037  51.706  -8.908  -13.022 0.0000000000
115038  51.298  -8.579  -13.522 0.0000000000
115039  51.757  -7.866  -13.361 0.0000000000
115040  52.142  -7.180  -13.084 0.0000000000
115041  52.619  -6.463  -12.860 0.0000000000
115042  51.728  -6.863  -13.661 0.0000000000
115043  51.397  -6.578  -14.153 0.0000000000
115044  51.041  -6.271  -14.824 0.0000000000
116527  46.149  -9.770  -13.556 0.0000000000
116529  46.844  -8.982  -13.422 0.0000000000
116640  56.786  -28.206  1.219 0.0000000000
116641  56.258  -27.934  1.081 0.0000000000
116642  55.733  -28.396  1.250 0.0000000000
116643  54.731  -28.588  1.235 0.0000000000
116644  53.683  -28.743  1.219 0.0000000000
116645  53.723  -29.386  1.525 0.0000000000
116646  53.185  -29.158  1.378 0.0000000000
116647  52.638  -28.960  1.191 0.0000000000
116648  51.556  -29.179  1.142 0.0000000000
116649  50.551  -29.377  1.080 0.0000000000
116650  49.578  -29.581  1.024 0.0000000000
118490  57.767  -0.637  -8.942 0.0000000000
118491  57.094  -1.023  -9.591 0.0000000000
118492  56.426  -1.405  -10.231 0.0000000000
118493  56.549  -2.348  -9.758 0.0000000000
118494  56.172  -2.095  -10.295 0.0000000000
118495  55.823  -1.755  -10.833 0.0000000000
118496  55.127  -2.214  -11.548 0.0000000000
118497  54.468  -2.657  -12.245 0.0000000000
118498  53.786  -3.081  -12.973 0.0000000000
118499  45.993  -22.841  -6.630 0.0000000000
118500  46.359  -22.271  -6.651 0.0000000000
118501  45.848  -22.595  -7.205 0.0000000000
118502  45.736  -22.333  -7.770 0.0000000000
118503  45.671  -22.079  -8.350 0.0000000000
118504  45.371  -23.077  -9.053 0.0000000000
118505  45.507  -22.448  -8.972 0.0000000000
118506  45.675  -21.832  -8.945 0.0000000000
118507  45.701  -21.582  -9.547 0.0000000000
118508  45.785  -21.320  -10.107 0.0000000000
118509  45.923  -21.099  -10.744 0.0000000000
122879  63.511  -20.975  -0.347 0.0000000000
122880  62.598  -21.298  -0.702 0.0000000000
122881  61.618  -21.670  -0.978 0.0000000000
122882  61.526  -22.371  -0.994 0.0000000000
122883  61.113  -22.179  -1.127 0.0000000000
122884  60.682  -22.007  -1.231 0.0000000000
122885  59.699  -22.351  -1.467 0.0000000000
122886  58.627  -22.630  -1.612 0.0000000000
122887  57.602  -22.896  -1.726 0.0000000000
122888  52.118  -26.581  -0.964 0.0000000000
122889  52.606  -26.187  -1.154 0.0000000000
122890  51.597  -26.427  -1.256 0.0000000000
122891  51.133  -26.224  -1.530 0.0000000000
122892  50.669  -25.989  -1.799 0.0000000000
122893  49.187  -26.554  -1.805 0.0000000000
122894  49.696  -26.158  -1.937 0.0000000000
122895  50.193  -25.724  -2.060 0.0000000000
122896  49.698  -25.458  -2.299 0.0000000000
122897  49.266  -25.199  -2.559 0.0000000000
122898  48.841  -24.936  -2.806 0.0000000000
122899  48.397  -24.647  -3.053 0.0000000000
122900  47.926  -25.093  -3.045 0.0000000000
122901  47.084  -25.274  -3.373 0.0000000000
122902  46.340  -25.450  -3.736 0.0000000000
122903  46.262  -26.146  -3.264 0.0000000000
122904  45.975  -25.906  -3.673 0.0000000000
122905  45.677  -25.707  -4.146 0.0000000000
122906  45.142  -26.027  -4.604 0.0000000000
122907  44.760  -26.335  -5.100 0.0000000000
122908  44.551  -26.727  -5.741 0.0000000000
122927  46.543  -33.348  -6.790 0.0000000000
122928  46.235  -32.806  -6.822 0.0000000000
122929  45.996  -32.219  -6.906 0.0000000000
122930  45.756  -31.705  -7.001 0.0000000000
122931  45.467  -31.107  -7.050 0.0000000000
122932  46.082  -31.482  -7.447 0.0000000000
122933  46.477  -31.294  -7.883 0.0000000000
122934  46.915  -31.115  -8.314 0.0000000000
122935  48.048  -31.928  -8.384 0.0000000000
122936  47.738  -31.437  -8.588 0.0000000000
122937  47.409  -30.941  -8.747 0.0000000000
122938  47.902  -30.739  -9.170 0.0000000000
122939  48.442  -30.515  -9.569 0.0000000000
122940  49.018  -30.264  -9.912 0.0000000000
122941  49.536  -30.010  -10.244 0.0000000000
122942  49.907  -30.473  -10.063 0.0000000000
127149  63.974  -27.682  1.280 0.0000000000
128377  45.072  -17.968  -6.577 0.0000000000
128379  45.221  -17.139  -7.382 0.0000000000
128380  45.227  -16.765  -7.756 0.0000000000
128381  45.880  -16.396  -7.477 0.0000000000
128385  47.830  -14.193  -7.445 0.0000000000
128411  53.635  -2.677  -6.126 0.0000000000
128412  53.273  -3.401  -6.501 0.0000000000
128413  53.637  -2.020  -6.567 0.0000000000
128414  53.612  -1.343  -6.975 0.0000000000
128417  53.977  0.741  -7.546 0.0000000000
128421  53.182  1.641  -9.190 0.0000000000
128422  53.040  2.122  -9.618 0.0000000000
128453  60.298  -18.605  -1.287 0.0000000000
128454  60.879  -17.974  -1.289 0.0000000000
128455  59.869  -18.250  -1.524 0.0000000000
128457  59.008  -17.591  -2.019 0.0000000000
128458  57.334  -18.450  -2.185 0.0000000000
128459  57.962  -17.818  -2.220 0.0000000000
128460  58.576  -17.229  -2.250 0.0000000000
128461  58.229  -16.826  -2.482 0.0000000000
128462  57.895  -16.439  -2.713 0.0000000000
128463  57.537  -16.037  -2.975 0.0000000000
128464  50.093  -17.803  -6.778 0.0000000000
128465  50.948  -17.491  -6.313 0.0000000000
128466  50.639  -17.200  -6.839 0.0000000000
128467  51.188  -16.555  -6.862 0.0000000000
128468  51.795  -15.866  -6.858 0.0000000000
128469  50.625  -15.948  -7.972 0.0000000000
128470  51.503  -15.548  -7.442 0.0000000000
128471  52.454  -15.185  -6.840 0.0000000000
128472  53.039  -14.529  -6.880 0.0000000000
128473  53.628  -13.858  -6.878 0.0000000000
128474  54.137  -13.191  -6.870 0.0000000000
128475  54.675  -12.554  -6.810 0.0000000000
128476  53.886  -12.913  -7.399 0.0000000000
128477  53.611  -12.689  -8.001 0.0000000000
128478  53.306  -12.490  -8.673 0.0000000000
128479  51.801  -13.525  -9.195 0.0000000000
128480  52.411  -12.920  -9.245 0.0000000000
128481  53.038  -12.292  -9.280 0.0000000000
128482  52.710  -12.080  -9.878 0.0000000000
128483  52.426  -11.834  -10.436 0.0000000000
128484  52.092  -11.592  -11.038 0.0000000000
128507  47.740  -12.757  -15.973 0.0000000000
128509  47.814  -11.774  -16.543 0.0000000000
128510  48.001  -11.112  -16.432 0.0000000000
128512  47.899  -10.758  -17.068 0.0000000000
128513  48.232  -10.449  -16.377 0.0000000000
128514  48.536  -9.766  -16.247 0.0000000000
128515  48.899  -9.117  -16.234 0.0000000000
128516  49.249  -8.422  -16.152 0.0000000000
128517  49.584  -7.776  -16.071 0.0000000000
128518  49.029  -8.089  -16.817 0.0000000000
128519  48.925  -7.774  -17.410 0.0000000000
132546  60.639  -24.687  -0.323 0.0000000000
132547  60.113  -24.547  -0.599 0.0000000000
132548  59.657  -24.970  -0.386 0.0000000000
132549  58.653  -25.225  -0.448 0.0000000000
132550  57.665  -25.500  -0.467 0.0000000000
132551  57.693  -26.048  0.030 0.0000000000
132552  57.175  -25.913  -0.236 0.0000000000
132553  56.652  -25.789  -0.482 0.0000000000
132554  55.660  -26.049  -0.519 0.0000000000
132555  54.628  -26.275  -0.567 0.0000000000
132556  53.602  -26.532  -0.602 0.0000000000
132557  55.731  -27.719  0.904 0.0000000000
132558  55.199  -27.538  0.685 0.0000000000
132559  54.656  -27.360  0.435 0.0000000000
132560  53.160  -27.962  0.577 0.0000000000
132561  53.645  -27.585  0.383 0.0000000000
132562  54.151  -27.192  0.169 0.0000000000
132563  53.660  -27.033  -0.095 0.0000000000
132564  53.143  -26.919  -0.391 0.0000000000
132565  52.632  -26.746  -0.672 0.0000000000
132566  51.644  -26.964  -0.775 0.0000000000
132567  50.663  -27.179  -0.872 0.0000000000
132568  49.655  -27.355  -0.983 0.0000000000
132569  49.688  -27.895  -0.439 0.0000000000
132570  49.186  -27.723  -0.765 0.0000000000
132571  48.678  -27.544  -1.106 0.0000000000
132572  47.803  -27.738  -1.265 0.0000000000
132573  46.918  -27.931  -1.469 0.0000000000
132574  46.086  -28.129  -1.765 0.0000000000
137576  56.024  0.037  -11.036 0.0000000000
137591  52.255  -20.748  -3.394 0.0000000000
137592  52.861  -20.131  -3.422 0.0000000000
137593  51.869  -20.434  -3.783 0.0000000000
137594  51.490  -20.155  -4.224 0.0000000000
137595  51.095  -19.848  -4.638 0.0000000000
137596  49.606  -20.781  -4.971 0.0000000000
137597  50.161  -20.174  -5.013 0.0000000000
137598  50.719  -19.564  -5.051 0.0000000000
137599  50.374  -19.253  -5.443 0.0000000000
137600  50.072  -19.002  -5.831 0.0000000000
137601  49.744  -18.713  -6.299 0.0000000000
137602  46.754  -21.726  -6.653 0.0000000000
137603  47.104  -21.200  -6.673 0.0000000000
137604  47.574  -20.615  -6.672 0.0000000000
137605  46.719  -20.609  -7.699 0.0000000000
137606  47.354  -20.333  -7.174 0.0000000000
137607  48.048  -20.079  -6.697 0.0000000000
137608  48.474  -19.547  -6.755 0.0000000000
137609  48.924  -18.990  -6.789 0.0000000000
137610  49.514  -18.385  -6.736 0.0000000000
137611  49.244  -18.078  -7.282 0.0000000000
137612  48.994  -17.762  -7.839 0.0000000000
137613  48.714  -17.464  -8.446 0.0000000000
137614  47.577  -18.331  -8.886 0.0000000000
137615  47.974  -17.762  -8.997 0.0000000000
137616  48.540  -17.117  -8.991 0.0000000000
137617  48.339  -16.868  -9.565 0.0000000000
137618  48.167  -16.577  -10.152 0.0000000000
137619  47.991  -16.284  -10.772 0.0000000000
139072  45.280  -11.901  -12.530 0.0000000000
139073  46.054  -11.220  -12.384 0.0000000000
139074  45.660  -12.165  -11.949 0.0000000000
139076  46.863  -10.412  -12.227 0.0000000000
144194  58.242  -4.648  -7.785 0.0000000000
144195  57.483  -5.002  -8.318 0.0000000000
144196  56.714  -5.366  -8.870 0.0000000000
144197  46.978  -25.948  -10.920 0.0000000000
144198  46.761  -25.375  -11.044 0.0000000000
144199  47.405  -25.675  -11.340 0.0000000000
144200  47.869  -25.392  -11.751 0.0000000000
144201  48.416  -25.092  -12.134 0.0000000000
149016  62.874  -18.372  -0.674 0.0000000000
149017  61.870  -18.615  -0.911 0.0000000000
149018  63.533  -20.346  -0.269 0.0000000000
149019  63.130  -20.174  -0.532 0.0000000000
149020  62.767  -19.957  -0.681 0.0000000000
149021  61.316  -20.789  -1.076 0.0000000000
149022  61.815  -20.247  -0.944 0.0000000000
149023  62.367  -19.720  -0.810 0.0000000000
149024  61.886  -19.469  -0.918 0.0000000000
149025  61.351  -19.153  -0.981 0.0000000000
149026  60.833  -18.854  -1.101 0.0000000000
149027  59.752  -19.145  -1.319 0.0000000000
149029  57.660  -19.704  -1.765 0.0000000000
149030  57.704  -20.498  -1.626 0.0000000000
149031  57.185  -20.214  -1.787 0.0000000000
149033  55.705  -20.202  -2.173 0.0000000000
149034  54.711  -20.460  -2.449 0.0000000000
149035  53.659  -20.735  -2.746 0.0000000000
149036  59.599  -24.376  -0.877 0.0000000000
149037  59.133  -24.222  -1.116 0.0000000000
149038  58.651  -24.081  -1.326 0.0000000000
149039  57.093  -24.800  -1.188 0.0000000000
149040  57.619  -24.364  -1.367 0.0000000000
149041  58.120  -23.920  -1.485 0.0000000000
149042  57.535  -23.662  -1.631 0.0000000000
149043  57.071  -23.390  -1.723 0.0000000000
149044  56.610  -23.115  -1.781 0.0000000000
149045  53.113  -25.763  -1.330 0.0000000000
149046  53.641  -25.316  -1.519 0.0000000000
149047  54.099  -24.872  -1.656 0.0000000000
149048  52.617  -24.813  -1.885 0.0000000000
149049  53.604  -24.613  -1.818 0.0000000000
149050  54.601  -24.378  -1.730 0.0000000000
149051  55.094  -23.851  -1.772 0.0000000000
149052  55.590  -23.329  -1.795 0.0000000000
149053  56.126  -22.811  -1.813 0.0000000000
149054  55.651  -22.533  -1.873 0.0000000000
149055  55.143  -22.260  -1.948 0.0000000000
149056  54.626  -22.013  -2.048 0.0000000000
149057  53.167  -22.806  -2.230 0.0000000000
149058  53.658  -22.275  -2.230 0.0000000000
149059  54.174  -21.759  -2.215 0.0000000000
149060  53.668  -21.497  -2.428 0.0000000000
149061  53.155  -21.222  -2.716 0.0000000000
149062  52.705  -20.983  -3.044 0.0000000000
149063  51.749  -21.282  -3.354 0.0000000000
149064  50.743  -21.574  -3.703 0.0000000000
149065  49.820  -21.833  -4.056 0.0000000000
149066  49.809  -22.512  -3.579 0.0000000000
149067  49.365  -22.291  -3.978 0.0000000000
149068  48.971  -22.086  -4.399 0.0000000000
149069  48.148  -22.323  -4.769 0.0000000000
149070  47.428  -22.519  -5.174 0.0000000000
149071  46.736  -22.761  -5.627 0.0000000000
149072  47.979  -24.368  -3.396 0.0000000000
149073  47.593  -24.122  -3.768 0.0000000000
149074  47.254  -23.884  -4.156 0.0000000000
149075  46.146  -24.552  -4.598 0.0000000000
149076  46.545  -24.096  -4.585 0.0000000000
149077  46.961  -23.656  -4.596 0.0000000000
149078  46.675  -23.443  -5.071 0.0000000000
149079  46.417  -23.228  -5.542 0.0000000000
149080  46.177  -23.026  -6.094 0.0000000000
149081  45.715  -23.345  -6.659 0.0000000000
149082  45.352  -23.717  -7.304 0.0000000000
149083  45.170  -24.098  -7.915 0.0000000000
149084  44.965  -24.774  -7.341 0.0000000000
149085  45.047  -24.637  -7.917 0.0000000000
149086  45.148  -24.514  -8.520 0.0000000000
149087  45.282  -24.919  -9.114 0.0000000000
149088  45.588  -25.358  -9.659 0.0000000000
149089  46.024  -25.757  -10.130 0.0000000000
149097  48.990  -30.000  1.181 0.0000000000
149098  48.509  -29.838  0.900 0.0000000000
149105  47.112  -30.501  0.857 0.0000000000
149106  47.575  -30.079  0.742 0.0000000000
149107  48.048  -29.648  0.587 0.0000000000
149108  47.590  -29.457  0.251 0.0000000000
149109  47.179  -29.266  -0.093 0.0000000000
149110  46.842  -29.088  -0.448 0.0000000000
149111  45.725  -29.861  -0.625 0.0000000000
149112  46.090  -29.391  -0.706 0.0000000000
149113  46.484  -28.924  -0.833 0.0000000000
149114  46.087  -28.770  -1.223 0.0000000000
149115  45.746  -28.576  -1.657 0.0000000000
149116  45.434  -28.374  -2.107 0.0000000000
149133  44.237  -32.651  -3.379 0.0000000000
149134  44.197  -32.145  -2.770 0.0000000000
149135  44.230  -31.565  -2.703 0.0000000000
149136  44.270  -30.970  -2.668 0.0000000000
149137  44.350  -30.367  -2.626 0.0000000000
149138  44.209  -30.758  -3.809 0.0000000000
149139  44.267  -30.258  -3.193 0.0000000000
149140  44.498  -29.801  -2.585 0.0000000000
149141  44.663  -29.260  -2.561 0.0000000000
149142  44.909  -28.716  -2.518 0.0000000000
149143  45.151  -28.179  -2.580 0.0000000000
149144  44.900  -28.036  -3.094 0.0000000000
149145  44.707  -27.876  -3.616 0.0000000000
149146  44.565  -27.702  -4.127 0.0000000000
149147  44.260  -28.680  -4.805 0.0000000000
149148  44.329  -28.134  -4.740 0.0000000000
149149  44.454  -27.557  -4.689 0.0000000000
149150  44.415  -27.423  -5.233 0.0000000000
149151  44.431  -27.291  -5.807 0.0000000000
149152  44.495  -27.173  -6.398 0.0000000000
149153  45.251  -30.556  -7.100 0.0000000000
149154  45.088  -30.007  -7.125 0.0000000000
149155  44.936  -29.407  -7.125 0.0000000000
149156  45.756  -29.677  -8.073 0.0000000000
149157  45.238  -29.263  -7.630 0.0000000000
149158  44.821  -28.813  -7.124 0.0000000000
149159  44.722  -28.231  -7.097 0.0000000000
149160  44.644  -27.622  -7.040 0.0000000000
149161  44.621  -27.082  -6.990 0.0000000000
149162  44.791  -26.975  -7.548 0.0000000000
149163  44.998  -26.866  -8.103 0.0000000000
149164  45.244  -26.732  -8.651 0.0000000000
149165  45.889  -27.705  -9.111 0.0000000000
149166  45.695  -27.152  -9.133 0.0000000000
149167  45.553  -26.598  -9.157 0.0000000000
149168  45.870  -26.453  -9.640 0.0000000000
149169  46.192  -26.293  -10.092 0.0000000000
149170  46.600  -26.147  -10.542 0.0000000000
149171  47.221  -26.462  -10.847 0.0000000000
149172  47.971  -26.742  -11.094 0.0000000000
149173  48.829  -26.946  -11.307 0.0000000000
149174  48.600  -27.754  -10.888 0.0000000000
149175  49.099  -27.457  -11.176 0.0000000000
149180  50.073  -29.737  -10.567 0.0000000000
159978  63.146  -22.574  -0.335 0.0000000000
159979  62.711  -23.109  -0.401 0.0000000000
159980  62.248  -23.600  -0.414 0.0000000000
159981  61.928  -24.081  -0.331 0.0000000000
160006  63.067  -24.224  0.219 0.0000000000
160007  62.306  -24.383  0.011 0.0000000000
160008  61.517  -24.511  -0.176 0.0000000000
160009  61.119  -24.942  0.003 0.0000000000
160010  60.708  -25.388  0.205 0.0000000000
160011  60.241  -25.859  0.418 0.0000000000
160012  61.559  -26.150  0.727 0.0000000000
160013  60.669  -26.239  0.679 0.0000000000
160014  59.742  -26.340  0.571 0.0000000000
160015  59.260  -26.778  0.708 0.0000000000
160016  58.769  -27.216  0.856 0.0000000000
160017  58.262  -27.676  1.020 0.0000000000
160018  63.122  -27.751  1.209 0.0000000000
160019  62.263  -27.819  1.146 0.0000000000
160020  61.377  -27.913  1.136 0.0000000000
160023  60.476  -27.980  1.104 0.0000000000
160025  58.649  -28.130  1.156 0.0000000000
160026  57.718  -28.170  1.178 0.0000000000
160027  57.201  -28.611  1.302 0.0000000000
160028  56.712  -29.073  1.395 0.0000000000
160029  56.234  -29.545  1.466 0.0000000000
163176  44.927  -14.662  -10.286 0.0000000000
163178  45.363  -15.933  -8.546 0.0000000000
163181  46.006  -14.816  -9.047 0.0000000000
163182  45.451  -15.147  -9.300 0.0000000000
163185  45.560  -13.921  -10.429 0.0000000000
163186  46.175  -13.074  -10.580 0.0000000000
163187  46.766  -12.198  -10.721 0.0000000000
163189  47.987  -11.085  -10.232 0.0000000000
163190  47.972  -10.660  -10.618 0.0000000000
163191  47.942  -10.256  -10.991 0.0000000000
163193  49.034  -8.030  -11.299 0.0000000000
163254  50.302  -10.944  -7.238 0.0000000000
163366  61.513  -17.338  -1.276 0.0000000000
163367  62.129  -16.729  -1.327 0.0000000000
163368  62.692  -16.125  -1.337 0.0000000000
163369  61.313  -16.050  -1.891 0.0000000000
163370  62.318  -15.822  -1.647 0.0000000000
163384  53.498  -19.526  -3.494 0.0000000000
163385  54.130  -18.879  -3.434 0.0000000000
163386  54.687  -18.261  -3.402 0.0000000000
163387  53.339  -18.257  -4.220 0.0000000000
163388  54.348  -17.944  -3.772 0.0000000000
163389  55.295  -17.621  -3.356 0.0000000000
163390  55.891  -16.989  -3.304 0.0000000000
163391  56.524  -16.331  -3.306 0.0000000000
163392  57.195  -15.688  -3.316 0.0000000000
163393  51.873  -17.124  -5.830 0.0000000000
163394  52.880  -16.791  -5.370 0.0000000000
163395  53.817  -16.440  -4.956 0.0000000000
163396  54.117  -15.451  -5.360 0.0000000000
163397  54.422  -15.772  -4.923 0.0000000000
163398  54.764  -16.096  -4.531 0.0000000000
163399  55.760  -15.748  -4.111 0.0000000000
163400  56.797  -15.377  -3.719 0.0000000000
163401  57.821  -15.041  -3.338 0.0000000000
163402  58.399  -14.389  -3.335 0.0000000000
163403  58.957  -13.805  -3.325 0.0000000000
163404  59.508  -13.192  -3.317 0.0000000000
163405  57.948  -13.194  -3.944 0.0000000000
163406  59.044  -12.870  -3.595 0.0000000000
163407  60.073  -12.602  -3.327 0.0000000000
163408  60.627  -12.009  -3.353 0.0000000000
163409  61.141  -11.400  -3.402 0.0000000000
163414  58.925  -10.529  -4.691 0.0000000000
163415  59.616  -9.887  -4.674 0.0000000000
163418  59.446  -8.523  -5.575 0.0000000000
163419  59.044  -8.172  -6.076 0.0000000000
163420  55.217  -11.872  -6.820 0.0000000000
163421  55.739  -11.224  -6.808 0.0000000000
163422  56.291  -10.556  -6.743 0.0000000000
163423  55.221  -10.756  -8.080 0.0000000000
163424  56.030  -10.312  -7.384 0.0000000000
163425  56.898  -9.901  -6.690 0.0000000000
163426  57.494  -9.262  -6.680 0.0000000000
163427  58.150  -8.547  -6.614 0.0000000000
163428  58.708  -7.874  -6.602 0.0000000000
163429  58.336  -7.550  -7.139 0.0000000000
163430  57.989  -7.247  -7.580 0.0000000000
163431  57.618  -6.944  -7.998 0.0000000000
163432  56.223  -8.117  -8.843 0.0000000000
163433  56.681  -7.393  -8.668 0.0000000000
163434  57.160  -6.652  -8.375 0.0000000000
163435  56.675  -6.407  -8.750 0.0000000000
163436  56.252  -6.132  -9.159 0.0000000000
163437  55.813  -5.855  -9.551 0.0000000000
163438  46.552  -24.760  -11.162 0.0000000000
163439  46.344  -24.104  -11.235 0.0000000000
163440  46.248  -23.488  -11.362 0.0000000000
163441  47.214  -23.594  -12.255 0.0000000000
163442  46.608  -23.258  -11.858 0.0000000000
163443  46.140  -22.861  -11.367 0.0000000000
163444  46.082  -22.158  -11.353 0.0000000000
163445  46.069  -21.520  -11.337 0.0000000000
163446  46.113  -20.862  -11.334 0.0000000000
163449  47.692  -21.774  -13.408 0.0000000000
163450  47.975  -20.849  -14.082 0.0000000000
163451  47.544  -21.151  -13.568 0.0000000000
163452  47.116  -21.432  -13.010 0.0000000000
163453  46.651  -21.048  -12.536 0.0000000000
163454  46.343  -20.654  -11.969 0.0000000000
163455  46.184  -20.220  -11.288 0.0000000000
163456  46.301  -19.566  -11.318 0.0000000000
163457  46.452  -18.922  -11.275 0.0000000000
163458  46.634  -18.320  -11.253 0.0000000000
163459  46.661  -18.469  -12.590 0.0000000000
163460  46.695  -18.067  -11.903 0.0000000000
163461  46.890  -17.700  -11.253 0.0000000000
163462  47.197  -17.114  -11.319 0.0000000000
163463  47.514  -16.541  -11.352 0.0000000000
163464  47.856  -16.003  -11.415 0.0000000000
163473  48.656  -18.185  -16.142 0.0000000000
163481  48.417  -17.593  -16.280 0.0000000000
163482  48.055  -17.902  -15.724 0.0000000000
163483  47.599  -17.526  -15.200 0.0000000000
163484  47.312  -17.152  -14.612 0.0000000000
163485  47.181  -16.748  -13.966 0.0000000000
163486  47.374  -15.874  -14.632 0.0000000000
163487  47.271  -16.142  -14.012 0.0000000000
163488  47.166  -16.371  -13.333 0.0000000000
163489  47.386  -16.001  -12.685 0.0000000000
163490  47.758  -15.706  -12.038 0.0000000000
163491  48.260  -15.433  -11.421 0.0000000000
163492  48.679  -14.904  -11.482 0.0000000000
163493  49.113  -14.343  -11.493 0.0000000000
163494  49.534  -13.743  -11.621 0.0000000000
163495  48.713  -13.787  -12.747 0.0000000000
163496  49.320  -13.498  -12.195 0.0000000000
163497  50.023  -13.199  -11.648 0.0000000000
163498  50.593  -12.603  -11.665 0.0000000000
163499  51.183  -11.959  -11.611 0.0000000000
163500  51.726  -11.318  -11.611 0.0000000000
163501  48.003  -12.498  -15.251 0.0000000000
163502  48.450  -12.216  -14.613 0.0000000000
163503  49.004  -11.935  -14.031 0.0000000000
163504  49.171  -10.835  -14.544 0.0000000000
163505  49.425  -11.243  -13.982 0.0000000000
163506  49.668  -11.658  -13.420 0.0000000000
163507  50.476  -11.325  -12.796 0.0000000000
163508  51.311  -10.966  -12.233 0.0000000000
163509  52.296  -10.580  -11.609 0.0000000000
163510  52.870  -9.863  -11.478 0.0000000000
163511  53.392  -9.142  -11.288 0.0000000000
163512  53.787  -8.440  -11.145 0.0000000000
163513  52.541  -8.528  -12.335 0.0000000000
163514  53.388  -8.154  -11.622 0.0000000000
163515  54.217  -7.704  -10.873 0.0000000000
163516  54.605  -7.016  -10.615 0.0000000000
163517  55.008  -6.329  -10.311 0.0000000000
163518  55.445  -5.557  -10.001 0.0000000000
163519  55.093  -5.227  -10.444 0.0000000000
163520  54.752  -4.870  -10.911 0.0000000000
163521  54.365  -4.594  -11.500 0.0000000000
163522  53.103  -5.791  -12.572 0.0000000000
163523  53.546  -5.096  -12.358 0.0000000000
163524  54.079  -4.300  -11.996 0.0000000000
163525  53.707  -4.052  -12.558 0.0000000000
163526  53.278  -3.776  -13.213 0.0000000000
163527  52.878  -3.498  -13.822 0.0000000000
163528  50.001  -7.205  -15.795 0.0000000000
163529  50.372  -6.582  -15.650 0.0000000000
163530  50.776  -5.960  -15.410 0.0000000000
163534  51.648  -4.663  -15.013 0.0000000000
