#!ascii label  , from subject fsaverage vox2ras=TkReg
1172
36  65.168  -17.023  3.027 0.0000000000
320  64.885  -35.522  12.343 0.0000000000
356  62.335  -10.491  -3.002 0.0000000000
431  52.151  8.481  -16.605 0.0000000000
595  65.997  -30.597  3.741 0.0000000000
635  56.677  4.038  -7.798 0.0000000000
835  62.863  -10.867  0.772 0.0000000000
836  64.449  -13.710  -0.276 0.0000000000
1320  66.477  -26.718  4.380 0.0000000000
1321  65.093  -29.690  7.982 0.0000000000
1422  60.911  -2.774  -4.427 0.0000000000
1423  58.116  -0.550  -4.388 0.0000000000
1424  58.306  0.326  -8.265 0.0000000000
1425  55.808  2.839  -12.305 0.0000000000
1791  62.213  -6.393  -1.329 0.0000000000
1792  59.667  -7.504  -6.068 0.0000000000
2001  64.662  -20.231  0.577 0.0000000000
2418  64.470  -20.373  4.649 0.0000000000
2419  66.246  -23.208  2.051 0.0000000000
2420  64.440  -27.173  1.257 0.0000000000
2422  65.849  -32.917  8.273 0.0000000000
2542  54.326  6.241  -12.142 0.0000000000
2755  64.263  -14.024  1.996 0.0000000000
2756  65.072  -15.260  1.454 0.0000000000
3342  59.365  -3.576  -6.920 0.0000000000
3343  59.937  -1.016  -6.258 0.0000000000
3942  63.598  -10.180  -0.884 0.0000000000
3943  62.677  -8.492  -0.188 0.0000000000
3944  62.855  -8.224  -2.249 0.0000000000
3945  62.042  -6.540  -3.798 0.0000000000
3946  61.139  -8.900  -4.261 0.0000000000
4389  62.853  -22.216  -0.593 0.0000000000
5400  65.814  -21.560  3.774 0.0000000000
5401  65.667  -23.269  4.252 0.0000000000
5402  66.700  -28.717  3.865 0.0000000000
5403  66.584  -27.040  2.382 0.0000000000
5407  64.923  -33.673  12.409 0.0000000000
5408  65.533  -32.402  10.526 0.0000000000
5409  65.379  -34.287  10.444 0.0000000000
5705  57.290  1.628  -6.005 0.0000000000
5707  55.073  1.154  -6.531 0.0000000000
5709  54.808  3.593  -8.298 0.0000000000
5710  53.773  5.022  -10.377 0.0000000000
5711  55.757  5.625  -9.895 0.0000000000
6111  64.118  -12.113  0.437 0.0000000000
6112  63.615  -12.051  -1.635 0.0000000000
6986  65.859  -28.301  5.932 0.0000000000
6987  66.445  -29.901  5.959 0.0000000000
7166  60.409  -3.261  -2.368 0.0000000000
7168  59.878  -1.186  -4.113 0.0000000000
7169  58.964  0.767  -5.862 0.0000000000
7170  57.903  2.495  -7.896 0.0000000000
7171  57.060  4.235  -9.893 0.0000000000
7172  57.096  1.913  -10.083 0.0000000000
8017  60.745  -5.358  -0.896 0.0000000000
8018  61.736  -4.490  -2.808 0.0000000000
8019  60.905  -5.009  -5.408 0.0000000000
8583  65.406  -18.474  1.924 0.0000000000
8584  64.673  -17.384  0.465 0.0000000000
8585  63.272  -19.433  -0.459 0.0000000000
9810  64.917  -18.648  4.046 0.0000000000
9811  65.814  -19.963  2.952 0.0000000000
9812  65.442  -21.600  1.260 0.0000000000
9813  64.154  -23.559  0.425 0.0000000000
9814  66.689  -24.963  3.071 0.0000000000
9815  65.674  -25.201  1.321 0.0000000000
9821  66.155  -31.097  8.382 0.0000000000
9822  65.996  -31.838  6.046 0.0000000000
10182  53.341  6.980  -14.530 0.0000000000
10183  55.613  5.103  -12.100 0.0000000000
10189  63.579  -15.884  -0.913 0.0000000000
10190  62.064  -14.446  -2.169 0.0000000000
10434  64.656  -16.424  3.417 0.0000000000
10435  64.788  -15.470  2.640 0.0000000000
10436  65.152  -16.163  2.344 0.0000000000
11023  58.541  -2.945  -7.818 0.0000000000
11622  63.262  -10.242  -1.990 0.0000000000
11623  63.222  -9.156  -1.554 0.0000000000
11624  62.821  -9.355  -2.646 0.0000000000
11625  62.289  -8.494  -3.384 0.0000000000
11626  61.742  -9.710  -3.600 0.0000000000
13080  64.837  -22.686  4.957 0.0000000000
13082  66.444  -29.682  3.719 0.0000000000
13083  66.400  -28.952  2.841 0.0000000000
13087  65.035  -34.524  12.405 0.0000000000
13088  65.305  -34.004  11.437 0.0000000000
13089  65.096  -34.880  11.431 0.0000000000
13385  56.962  2.823  -6.916 0.0000000000
13386  56.196  1.596  -6.152 0.0000000000
13387  55.965  2.894  -7.004 0.0000000000
13388  54.991  2.460  -7.357 0.0000000000
13389  55.799  4.132  -7.954 0.0000000000
13390  55.389  4.927  -8.936 0.0000000000
13391  56.297  4.879  -8.768 0.0000000000
14022  64.603  -13.756  0.957 0.0000000000
14023  64.212  -13.049  1.244 0.0000000000
14024  64.400  -12.851  0.123 0.0000000000
14025  64.149  -12.006  -0.598 0.0000000000
14026  64.073  -12.890  -0.948 0.0000000000
14865  54.919  4.517  2.725 0.0000000000
15484  65.422  -29.016  6.936 0.0000000000
15485  66.258  -29.136  5.965 0.0000000000
15486  65.967  -29.692  7.141 0.0000000000
15782  60.873  -2.801  -3.308 0.0000000000
15783  60.170  -2.208  -3.257 0.0000000000
15784  60.474  -1.877  -4.261 0.0000000000
15785  59.261  -0.225  -7.218 0.0000000000
15786  59.682  0.060  -6.013 0.0000000000
15787  58.835  0.641  -7.078 0.0000000000
15788  58.421  1.565  -6.869 0.0000000000
15789  58.278  1.478  -8.012 0.0000000000
15790  57.740  2.372  -8.975 0.0000000000
15791  57.684  1.104  -9.153 0.0000000000
15793  55.447  -0.384  -11.717 0.0000000000
17585  62.476  -7.372  -0.725 0.0000000000
17586  61.812  -7.957  0.033 0.0000000000
17587  61.766  -6.843  -0.403 0.0000000000
17589  61.594  -5.794  -1.045 0.0000000000
17590  61.424  -4.723  -1.774 0.0000000000
17591  61.975  -5.420  -2.099 0.0000000000
17592  61.181  -6.989  -5.002 0.0000000000
17593  61.554  -5.737  -4.648 0.0000000000
17594  60.433  -6.274  -5.982 0.0000000000
17595  59.581  -5.560  -6.728 0.0000000000
17596  58.853  -6.838  -7.022 0.0000000000
18924  65.175  -19.414  1.268 0.0000000000
18925  64.647  -18.888  0.632 0.0000000000
18926  63.933  -19.876  -0.031 0.0000000000
21959  64.769  -19.502  4.316 0.0000000000
21960  65.538  -19.307  3.562 0.0000000000
21961  65.444  -20.084  3.985 0.0000000000
21962  66.116  -22.325  2.934 0.0000000000
21963  65.972  -21.499  2.528 0.0000000000
21964  65.822  -22.389  1.626 0.0000000000
21965  64.859  -22.553  0.619 0.0000000000
21966  65.400  -23.295  1.077 0.0000000000
21967  65.994  -25.796  4.617 0.0000000000
21968  66.224  -24.897  4.062 0.0000000000
21969  66.657  -25.881  3.668 0.0000000000
21970  65.810  -27.124  1.678 0.0000000000
21971  66.266  -26.080  1.851 0.0000000000
21972  65.179  -26.150  1.308 0.0000000000
21973  64.395  -25.378  0.864 0.0000000000
21974  63.638  -26.355  1.002 0.0000000000
21985  65.941  -32.606  9.388 0.0000000000
21986  65.893  -31.647  9.476 0.0000000000
21987  66.145  -31.978  8.328 0.0000000000
21988  66.273  -31.423  7.205 0.0000000000
21989  65.992  -32.293  7.256 0.0000000000
22887  54.096  5.933  -11.144 0.0000000000
22888  53.167  5.370  -11.365 0.0000000000
22889  53.487  6.259  -12.246 0.0000000000
22891  53.780  6.646  -13.321 0.0000000000
22892  56.692  3.679  -11.051 0.0000000000
22893  56.438  4.856  -10.988 0.0000000000
22894  55.928  4.132  -12.188 0.0000000000
22907  63.319  -17.870  -0.529 0.0000000000
22908  64.170  -16.626  -0.304 0.0000000000
22913  61.366  -13.649  -2.629 0.0000000000
23390  64.157  -14.990  2.827 0.0000000000
23391  64.770  -14.595  1.779 0.0000000000
23392  64.801  -14.501  0.594 0.0000000000
24446  60.473  -3.022  -5.594 0.0000000000
24447  60.431  -1.899  -5.265 0.0000000000
24448  59.847  -2.208  -6.502 0.0000000000
24449  59.112  -1.529  -7.544 0.0000000000
24450  58.247  -0.871  -8.457 0.0000000000
24451  57.350  -0.285  -9.410 0.0000000000
25526  63.472  -10.407  0.077 0.0000000000
25527  62.803  -9.706  0.316 0.0000000000
25528  63.249  -9.313  -0.524 0.0000000000
25529  62.990  -8.176  -1.134 0.0000000000
25530  62.647  -7.242  -1.762 0.0000000000
25531  62.286  -6.294  -2.500 0.0000000000
25532  62.422  -7.334  -2.934 0.0000000000
25533  61.769  -7.678  -4.126 0.0000000000
25534  60.377  -8.187  -5.100 0.0000000000
26331  63.835  -21.177  -0.129 0.0000000000
28151  64.148  -21.311  5.047 0.0000000000
28152  65.254  -20.908  4.345 0.0000000000
28153  65.035  -21.889  4.714 0.0000000000
28154  65.730  -22.428  4.055 0.0000000000
28155  66.347  -23.179  3.236 0.0000000000
28156  66.671  -27.723  4.111 0.0000000000
28157  66.773  -26.822  3.357 0.0000000000
28158  66.730  -27.869  3.085 0.0000000000
28159  66.223  -28.090  2.196 0.0000000000
28160  65.095  -28.106  1.593 0.0000000000
28165  64.523  -32.948  12.395 0.0000000000
28166  64.796  -32.242  11.439 0.0000000000
28167  65.272  -33.087  11.487 0.0000000000
28168  65.637  -33.350  10.432 0.0000000000
28169  65.651  -33.601  9.344 0.0000000000
28699  57.606  0.440  -5.181 0.0000000000
28706  53.941  1.370  -7.963 0.0000000000
28708  53.310  3.236  -9.778 0.0000000000
28709  54.299  4.384  -9.317 0.0000000000
28710  54.796  5.645  -10.062 0.0000000000
28711  55.000  6.008  -11.010 0.0000000000
29615  63.556  -13.521  2.086 0.0000000000
29616  63.640  -12.460  1.339 0.0000000000
29617  63.593  -11.440  0.647 0.0000000000
29618  63.928  -11.184  -0.263 0.0000000000
29619  63.739  -11.119  -1.294 0.0000000000
29620  62.986  -11.264  -2.332 0.0000000000
31659  65.664  -26.622  5.279 0.0000000000
31662  66.202  -27.503  5.127 0.0000000000
31663  66.509  -28.467  4.956 0.0000000000
31664  66.620  -29.393  4.840 0.0000000000
31665  66.426  -30.316  4.813 0.0000000000
31666  64.511  -36.377  12.342 0.0000000000
31667  64.604  -35.716  11.334 0.0000000000
32081  59.305  -1.902  -3.377 0.0000000000
32082  59.107  -0.736  -4.187 0.0000000000
32083  60.109  -0.897  -5.091 0.0000000000
32084  59.592  -0.086  -4.922 0.0000000000
32085  58.737  0.354  -4.975 0.0000000000
32086  58.150  1.299  -5.873 0.0000000000
32087  57.826  2.331  -6.835 0.0000000000
32088  57.390  3.361  -7.875 0.0000000000
32089  57.018  4.321  -8.812 0.0000000000
32090  57.492  3.418  -8.881 0.0000000000
32091  57.276  3.152  -9.986 0.0000000000
32092  56.518  2.476  -11.140 0.0000000000
32093  56.626  0.412  -10.364 0.0000000000
32094  56.043  1.050  -11.377 0.0000000000
32095  55.420  1.484  -12.520 0.0000000000
33991  64.241  -33.525  13.195 0.0000000000
33992  64.732  -34.218  13.294 0.0000000000
34003  64.462  -37.032  13.226 0.0000000000
34376  60.591  -4.339  -1.526 0.0000000000
34377  61.179  -3.796  -2.452 0.0000000000
34378  61.407  -3.617  -3.596 0.0000000000
34379  62.020  -5.362  -3.281 0.0000000000
34380  61.626  -4.606  -4.035 0.0000000000
34381  61.071  -3.834  -4.903 0.0000000000
34382  60.177  -4.255  -6.161 0.0000000000
34383  58.735  -4.931  -7.361 0.0000000000
36009  65.436  -17.696  2.555 0.0000000000
36010  65.273  -17.025  1.812 0.0000000000
36011  65.043  -17.930  1.229 0.0000000000
36012  64.018  -18.417  0.026 0.0000000000
36013  62.386  -18.914  -0.789 0.0000000000
39585  64.150  -17.278  3.904 0.0000000000
39666  65.039  -17.850  3.608 0.0000000000
39667  65.499  -18.520  3.091 0.0000000000
39668  65.676  -19.293  2.426 0.0000000000
39669  65.512  -20.088  1.703 0.0000000000
39670  65.917  -20.736  3.376 0.0000000000
39671  65.804  -20.750  2.125 0.0000000000
39672  65.040  -20.921  0.906 0.0000000000
39673  64.348  -21.832  0.223 0.0000000000
39674  63.496  -22.883  -0.051 0.0000000000
39675  62.687  -23.886  -0.077 0.0000000000
39676  65.469  -24.114  4.564 0.0000000000
39677  66.311  -24.045  3.613 0.0000000000
39678  66.579  -24.087  2.503 0.0000000000
39679  66.735  -25.983  2.704 0.0000000000
39680  66.516  -25.076  2.111 0.0000000000
39681  66.056  -24.156  1.571 0.0000000000
39682  64.891  -24.330  0.907 0.0000000000
39683  63.491  -24.575  0.497 0.0000000000
39697  65.119  -31.530  10.448 0.0000000000
39698  65.524  -30.857  9.425 0.0000000000
39699  65.783  -30.288  8.297 0.0000000000
39700  66.270  -30.485  7.212 0.0000000000
39701  66.354  -30.862  5.990 0.0000000000
39702  65.999  -31.208  4.821 0.0000000000
39703  64.835  -35.177  10.370 0.0000000000
39704  64.999  -34.595  9.337 0.0000000000
39705  65.174  -33.811  8.278 0.0000000000
40782  52.806  7.548  -15.515 0.0000000000
40783  56.511  5.068  -9.864 0.0000000000
40784  55.825  5.644  -10.976 0.0000000000
40785  55.046  5.873  -12.143 0.0000000000
40786  55.040  4.300  -13.556 0.0000000000
40787  54.853  5.381  -13.447 0.0000000000
40788  54.371  6.221  -13.437 0.0000000000
40789  53.831  6.533  -14.565 0.0000000000
40790  53.331  7.099  -15.671 0.0000000000
40791  52.742  7.908  -16.680 0.0000000000
40801  65.083  -16.279  0.968 0.0000000000
40802  64.732  -15.524  0.118 0.0000000000
40803  64.180  -14.801  -0.721 0.0000000000
40805  62.825  -15.239  -1.637 0.0000000000
40806  63.607  -14.037  -1.396 0.0000000000
40807  62.998  -13.193  -2.011 0.0000000000
40808  62.383  -12.445  -2.529 0.0000000000
40809  61.577  -11.766  -3.081 0.0000000000
40819  59.968  -10.239  -4.312 0.0000000000
41154  64.951  -16.710  3.250 0.0000000000
41155  64.968  -16.250  2.916 0.0000000000
41156  65.170  -16.592  2.719 0.0000000000
42342  62.946  -10.334  -2.493 0.0000000000
42343  63.048  -9.816  -2.369 0.0000000000
42344  62.636  -9.923  -2.831 0.0000000000
42345  62.382  -9.504  -3.127 0.0000000000
42346  62.033  -10.104  -3.294 0.0000000000
43802  66.242  -30.157  3.688 0.0000000000
43803  66.173  -29.806  3.196 0.0000000000
43804  65.889  -30.261  3.222 0.0000000000
43807  65.023  -35.040  12.363 0.0000000000
43808  65.096  -34.726  11.912 0.0000000000
43809  64.977  -35.178  11.870 0.0000000000
44105  56.826  3.429  -7.357 0.0000000000
44106  56.491  2.918  -6.917 0.0000000000
44107  56.365  3.558  -7.348 0.0000000000
44108  55.950  3.648  -7.457 0.0000000000
44109  56.326  4.162  -7.878 0.0000000000
44110  56.106  4.623  -8.359 0.0000000000
44111  56.528  4.457  -8.308 0.0000000000
44742  64.600  -13.703  0.319 0.0000000000
44743  64.506  -13.322  0.536 0.0000000000
44744  64.457  -13.256  -0.043 0.0000000000
44745  64.313  -12.814  -0.444 0.0000000000
44746  64.266  -13.262  -0.610 0.0000000000
46204  65.229  -29.354  7.478 0.0000000000
46205  65.707  -29.353  7.086 0.0000000000
46206  65.590  -29.654  7.643 0.0000000000
46502  60.936  -2.751  -3.860 0.0000000000
46503  60.653  -2.329  -3.810 0.0000000000
46504  60.708  -2.288  -4.318 0.0000000000
46505  58.755  0.009  -7.733 0.0000000000
46506  59.088  0.273  -7.098 0.0000000000
46507  58.624  0.502  -7.680 0.0000000000
46508  58.553  1.079  -7.548 0.0000000000
46509  58.355  0.896  -8.115 0.0000000000
46510  58.028  1.328  -8.584 0.0000000000
46511  57.996  0.709  -8.700 0.0000000000
48305  62.364  -6.891  -1.006 0.0000000000
48306  62.141  -7.076  -0.546 0.0000000000
48307  62.029  -6.567  -0.833 0.0000000000
48308  61.674  -6.325  -0.707 0.0000000000
48309  61.923  -6.063  -1.183 0.0000000000
48310  61.834  -5.537  -1.562 0.0000000000
48311  62.095  -5.905  -1.717 0.0000000000
48312  60.482  -7.268  -5.557 0.0000000000
48313  60.876  -6.651  -5.455 0.0000000000
48314  60.082  -6.896  -6.023 0.0000000000
48315  59.632  -6.543  -6.508 0.0000000000
48316  59.263  -7.166  -6.564 0.0000000000
49644  64.921  -19.820  0.912 0.0000000000
49645  64.606  -19.601  0.602 0.0000000000
49646  64.283  -20.059  0.268 0.0000000000
52677  63.853  -20.151  4.786 0.0000000000
52678  63.990  -19.708  4.632 0.0000000000
52679  64.622  -19.940  4.484 0.0000000000
52680  65.146  -19.779  4.152 0.0000000000
52681  65.024  -20.172  4.336 0.0000000000
52682  66.210  -22.756  2.473 0.0000000000
52683  66.092  -22.351  2.261 0.0000000000
52684  66.047  -22.803  1.821 0.0000000000
52685  65.681  -22.825  1.262 0.0000000000
52686  65.933  -23.230  1.529 0.0000000000
52687  66.263  -26.227  4.517 0.0000000000
52688  66.368  -25.827  4.164 0.0000000000
52689  66.570  -26.284  4.016 0.0000000000
52690  65.195  -27.137  1.420 0.0000000000
52691  65.520  -26.640  1.470 0.0000000000
52692  64.868  -26.643  1.268 0.0000000000
52693  64.442  -26.259  1.112 0.0000000000
52694  64.046  -26.737  1.146 0.0000000000
52705  65.928  -32.768  8.827 0.0000000000
52706  66.032  -32.280  8.867 0.0000000000
52707  66.015  -32.451  8.300 0.0000000000
52708  66.113  -32.165  7.773 0.0000000000
52709  65.878  -32.602  7.743 0.0000000000
53590  58.216  -1.214  -4.026 0.0000000000
53607  54.216  6.149  -11.606 0.0000000000
53608  53.802  6.117  -11.677 0.0000000000
53609  53.948  6.330  -12.210 0.0000000000
53610  53.625  6.514  -12.784 0.0000000000
53611  54.048  6.454  -12.762 0.0000000000
53612  56.288  3.289  -11.655 0.0000000000
53613  56.347  3.925  -11.630 0.0000000000
53614  55.920  3.439  -12.289 0.0000000000
53627  62.345  -18.085  -0.869 0.0000000000
53628  62.907  -17.437  -0.808 0.0000000000
54340  63.629  -15.286  3.204 0.0000000000
54341  64.050  -15.482  3.212 0.0000000000
54342  64.987  -15.360  2.095 0.0000000000
54343  64.789  -15.022  2.234 0.0000000000
54344  64.954  -14.948  1.674 0.0000000000
54345  64.850  -14.529  1.195 0.0000000000
54346  64.947  -14.897  1.040 0.0000000000
56102  60.007  -3.246  -6.243 0.0000000000
56103  60.169  -2.611  -6.010 0.0000000000
56104  59.655  -2.832  -6.678 0.0000000000
56105  58.156  -2.644  -8.267 0.0000000000
56106  58.839  -2.274  -7.687 0.0000000000
56107  58.454  -1.902  -8.203 0.0000000000
56108  58.691  -1.180  -8.011 0.0000000000
56109  58.019  -1.550  -8.640 0.0000000000
56110  57.600  -1.285  -9.083 0.0000000000
57902  63.585  -10.274  -0.353 0.0000000000
57903  63.369  -9.878  -0.220 0.0000000000
57904  63.429  -9.747  -0.690 0.0000000000
57905  63.054  -8.683  -1.901 0.0000000000
57906  63.138  -8.651  -1.335 0.0000000000
57907  62.980  -8.146  -1.684 0.0000000000
57908  62.830  -7.691  -1.462 0.0000000000
57909  62.786  -7.705  -2.019 0.0000000000
57910  62.588  -7.260  -2.324 0.0000000000
57911  62.645  -7.768  -2.574 0.0000000000
57912  61.794  -8.694  -3.844 0.0000000000
57913  62.021  -8.072  -3.739 0.0000000000
57914  61.493  -8.306  -4.254 0.0000000000
57915  61.171  -7.961  -4.646 0.0000000000
57916  60.779  -8.530  -4.674 0.0000000000
59244  63.354  -21.691  -0.383 0.0000000000
62280  64.614  -21.595  4.915 0.0000000000
62281  64.506  -22.083  5.085 0.0000000000
62282  65.250  -22.932  4.592 0.0000000000
62283  65.337  -22.546  4.524 0.0000000000
62284  65.712  -22.841  4.140 0.0000000000
62285  66.077  -22.775  3.655 0.0000000000
62286  66.073  -23.202  3.772 0.0000000000
62287  66.717  -28.235  3.959 0.0000000000
62288  66.744  -27.806  3.567 0.0000000000
62289  66.717  -28.307  3.440 0.0000000000
62290  66.024  -29.048  2.400 0.0000000000
62291  66.366  -28.538  2.492 0.0000000000
62292  65.935  -28.596  2.110 0.0000000000
62293  65.773  -28.107  1.869 0.0000000000
62302  64.762  -33.300  12.459 0.0000000000
62303  64.929  -32.989  11.972 0.0000000000
62304  65.068  -33.404  11.973 0.0000000000
62305  65.411  -34.152  10.954 0.0000000000
62306  65.472  -33.671  10.937 0.0000000000
62307  65.550  -33.816  10.437 0.0000000000
62308  65.713  -33.493  9.929 0.0000000000
62309  65.544  -33.945  9.869 0.0000000000
63190  57.445  1.063  -5.563 0.0000000000
63191  57.092  0.475  -5.321 0.0000000000
63192  56.911  1.068  -5.678 0.0000000000
63193  55.611  1.402  -6.327 0.0000000000
63200  54.912  3.060  -7.826 0.0000000000
63201  54.495  2.044  -7.647 0.0000000000
63202  54.376  2.553  -8.104 0.0000000000
63204  54.257  3.159  -8.596 0.0000000000
63205  53.989  3.436  -9.061 0.0000000000
63206  54.551  4.011  -8.820 0.0000000000
63207  55.614  5.339  -9.378 0.0000000000
63208  55.153  5.390  -9.517 0.0000000000
63209  55.287  5.711  -9.965 0.0000000000
63210  54.923  5.912  -10.500 0.0000000000
63211  55.379  5.847  -10.480 0.0000000000
65102  63.896  -14.289  2.481 0.0000000000
65103  63.474  -14.065  2.460 0.0000000000
65104  63.944  -13.770  2.076 0.0000000000
65105  64.187  -12.576  0.821 0.0000000000
65106  63.959  -12.757  1.322 0.0000000000
65107  63.936  -12.239  0.911 0.0000000000
65108  63.613  -11.952  0.985 0.0000000000
65109  63.884  -11.759  0.547 0.0000000000
65110  63.858  -11.243  0.194 0.0000000000
65111  64.054  -11.661  0.081 0.0000000000
65112  63.934  -12.010  -1.141 0.0000000000
65113  63.934  -11.572  -0.964 0.0000000000
65114  63.693  -11.577  -1.516 0.0000000000
65115  63.441  -11.152  -1.852 0.0000000000
65116  63.306  -11.661  -2.015 0.0000000000
67633  53.997  5.682  1.810 0.0000000000
69490  65.281  -28.294  6.357 0.0000000000
69492  65.578  -27.913  5.919 0.0000000000
69493  65.794  -27.461  5.565 0.0000000000
69494  66.043  -27.916  5.495 0.0000000000
69495  66.383  -27.988  5.022 0.0000000000
69496  66.232  -28.373  5.464 0.0000000000
69497  66.376  -29.517  5.963 0.0000000000
69498  66.516  -29.234  5.421 0.0000000000
69499  66.545  -29.673  5.364 0.0000000000
69500  66.585  -29.880  4.774 0.0000000000
69501  66.509  -30.075  5.370 0.0000000000
69502  64.170  -36.813  12.372 0.0000000000
69503  64.194  -36.456  11.866 0.0000000000
70382  60.066  -3.626  -1.955 0.0000000000
70384  59.955  -3.081  -2.363 0.0000000000
70385  60.037  -1.720  -3.716 0.0000000000
70386  59.738  -2.064  -3.290 0.0000000000
70387  59.651  -1.480  -3.741 0.0000000000
70388  59.205  -1.315  -3.784 0.0000000000
70389  59.519  -0.917  -4.130 0.0000000000
70390  60.182  -1.435  -5.760 0.0000000000
70391  60.291  -1.387  -5.205 0.0000000000
70392  60.114  -0.892  -5.668 0.0000000000
70393  59.345  0.458  -5.927 0.0000000000
70394  59.680  0.053  -5.439 0.0000000000
70395  59.309  0.365  -5.394 0.0000000000
70396  59.217  0.168  -4.889 0.0000000000
70397  58.892  0.608  -5.375 0.0000000000
70398  58.392  0.778  -5.446 0.0000000000
70399  58.577  1.059  -5.834 0.0000000000
70400  58.207  2.021  -7.311 0.0000000000
70401  58.144  1.980  -6.856 0.0000000000
70402  57.916  2.464  -7.325 0.0000000000
70403  57.576  2.822  -7.390 0.0000000000
70404  57.653  2.961  -7.907 0.0000000000
70405  57.476  3.485  -8.383 0.0000000000
70406  57.682  2.999  -8.420 0.0000000000
70407  57.477  2.191  -9.519 0.0000000000
70408  57.481  2.785  -9.445 0.0000000000
70409  57.220  2.598  -9.989 0.0000000000
70410  56.992  2.890  -10.497 0.0000000000
70411  56.835  2.298  -10.603 0.0000000000
70412  56.755  -0.630  -10.015 0.0000000000
70413  56.949  0.066  -9.871 0.0000000000
70414  56.322  -0.334  -10.532 0.0000000000
70415  55.145  -0.127  -12.324 0.0000000000
70416  55.765  0.356  -11.562 0.0000000000
70417  55.458  0.578  -12.114 0.0000000000
70418  55.748  1.292  -11.923 0.0000000000
70419  55.170  0.806  -12.628 0.0000000000
70420  54.860  1.041  -13.280 0.0000000000
74895  63.860  -33.286  13.108 0.0000000000
74896  63.729  -33.548  13.488 0.0000000000
74898  64.441  -34.126  13.635 0.0000000000
74899  64.664  -34.524  13.713 0.0000000000
74900  64.864  -34.656  13.319 0.0000000000
74901  64.789  -34.950  13.708 0.0000000000
74926  64.643  -36.852  13.654 0.0000000000
74928  64.171  -37.739  13.693 0.0000000000
75790  62.762  -9.091  0.094 0.0000000000
75792  62.356  -8.767  0.164 0.0000000000
75800  60.780  -5.919  -0.562 0.0000000000
75802  60.183  -5.861  -0.542 0.0000000000
75804  60.176  -5.287  -0.867 0.0000000000
75805  60.140  -4.749  -1.182 0.0000000000
75806  60.669  -4.866  -1.201 0.0000000000
75807  61.631  -4.547  -2.281 0.0000000000
75808  61.339  -4.251  -2.089 0.0000000000
75809  61.489  -4.110  -2.610 0.0000000000
75810  61.335  -3.662  -2.994 0.0000000000
75811  61.568  -4.067  -3.175 0.0000000000
75812  62.206  -6.385  -3.139 0.0000000000
75813  62.150  -5.837  -2.903 0.0000000000
75814  62.055  -5.942  -3.520 0.0000000000
75815  61.285  -5.385  -5.046 0.0000000000
75816  61.621  -5.112  -4.305 0.0000000000
75817  61.352  -4.787  -4.710 0.0000000000
75818  61.375  -4.244  -4.461 0.0000000000
75819  61.040  -4.409  -5.121 0.0000000000
75820  60.727  -4.007  -5.551 0.0000000000
75821  60.568  -4.636  -5.760 0.0000000000
75822  58.821  -5.871  -7.211 0.0000000000
75823  59.170  -5.251  -6.995 0.0000000000
75824  58.374  -5.571  -7.551 0.0000000000
79809  65.457  -18.073  2.259 0.0000000000
79810  65.348  -17.758  1.901 0.0000000000
79811  65.255  -18.214  1.588 0.0000000000
79812  64.060  -19.145  0.087 0.0000000000
79813  64.337  -18.667  0.304 0.0000000000
79814  63.675  -18.929  -0.227 0.0000000000
79815  63.283  -18.666  -0.450 0.0000000000
79816  62.851  -19.190  -0.648 0.0000000000
88915  64.250  -18.838  4.351 0.0000000000
88917  64.383  -18.405  4.207 0.0000000000
88918  64.496  -17.985  4.008 0.0000000000
88919  64.983  -18.262  3.842 0.0000000000
88920  65.316  -18.186  3.363 0.0000000000
88921  65.324  -18.550  3.633 0.0000000000
88922  65.720  -19.635  3.271 0.0000000000
88923  65.723  -19.329  2.973 0.0000000000
88924  65.777  -19.647  2.680 0.0000000000
88925  65.622  -19.672  2.092 0.0000000000
88926  65.755  -20.035  2.303 0.0000000000
88927  65.568  -21.233  4.075 0.0000000000
88928  65.636  -20.788  3.922 0.0000000000
88929  65.843  -21.130  3.545 0.0000000000
88930  65.786  -21.531  1.897 0.0000000000
88931  65.894  -21.112  2.323 0.0000000000
88932  65.656  -21.162  1.702 0.0000000000
88933  65.505  -20.807  1.505 0.0000000000
88934  65.266  -21.278  1.100 0.0000000000
88935  64.730  -21.367  0.538 0.0000000000
88936  64.954  -21.699  0.693 0.0000000000
88937  64.489  -23.058  0.510 0.0000000000
88938  64.214  -22.688  0.279 0.0000000000
88939  63.834  -23.192  0.224 0.0000000000
88940  63.080  -23.383  -0.095 0.0000000000
88941  63.449  -23.710  0.158 0.0000000000
88945  66.536  -24.938  3.578 0.0000000000
88946  66.292  -24.481  3.823 0.0000000000
88947  66.537  -24.511  3.290 0.0000000000
88948  66.518  -24.075  3.052 0.0000000000
88949  66.626  -24.536  2.782 0.0000000000
88950  66.736  -26.933  2.864 0.0000000000
88951  66.774  -26.396  3.030 0.0000000000
88952  66.672  -26.498  2.557 0.0000000000
88953  65.989  -25.625  1.580 0.0000000000
88954  66.413  -25.570  1.968 0.0000000000
88955  66.181  -25.130  1.677 0.0000000000
88956  66.307  -24.613  1.836 0.0000000000
88957  65.887  -24.667  1.431 0.0000000000
88958  65.549  -24.184  1.199 0.0000000000
88959  65.306  -24.769  1.102 0.0000000000
88960  63.638  -25.448  0.740 0.0000000000
88961  63.975  -24.969  0.680 0.0000000000
88995  65.232  -32.317  11.049 0.0000000000
88996  64.952  -31.907  10.976 0.0000000000
88997  65.351  -31.940  10.533 0.0000000000
88998  66.036  -31.381  8.957 0.0000000000
88999  65.737  -31.205  9.485 0.0000000000
89000  65.905  -30.968  8.940 0.0000000000
89001  65.667  -30.590  8.874 0.0000000000
89002  66.061  -30.632  8.331 0.0000000000
89003  66.093  -30.359  7.755 0.0000000000
89004  66.234  -30.782  7.773 0.0000000000
89005  66.196  -31.635  6.629 0.0000000000
89006  66.315  -31.171  6.593 0.0000000000
89007  66.207  -31.360  6.005 0.0000000000
89008  66.242  -31.009  5.378 0.0000000000
89009  66.009  -31.506  5.399 0.0000000000
89011  64.713  -35.443  10.829 0.0000000000
89016  65.092  -34.243  8.784 0.0000000000
89017  64.704  -34.276  8.243 0.0000000000
89024  64.896  -33.680  7.218 0.0000000000
89025  64.992  -33.376  6.652 0.0000000000
91697  53.559  4.204  -10.033 0.0000000000
91699  53.304  4.534  -10.546 0.0000000000
91700  52.936  5.570  -11.888 0.0000000000
91707  53.249  6.851  -13.922 0.0000000000
91709  53.046  7.136  -14.535 0.0000000000
91710  52.745  7.362  -15.053 0.0000000000
91711  53.116  7.273  -15.070 0.0000000000
91712  57.100  4.353  -9.335 0.0000000000
91713  56.803  4.718  -9.331 0.0000000000
91714  56.838  4.699  -9.860 0.0000000000
91715  56.002  5.012  -11.603 0.0000000000
91716  56.146  5.269  -11.009 0.0000000000
91717  55.781  5.430  -11.546 0.0000000000
91718  55.413  5.697  -11.576 0.0000000000
91719  55.359  5.511  -12.124 0.0000000000
91725  54.517  5.572  -14.092 0.0000000000
91726  54.632  5.860  -13.395 0.0000000000
91727  54.314  6.038  -13.997 0.0000000000
91728  54.148  6.375  -14.016 0.0000000000
91729  54.085  6.168  -14.677 0.0000000000
91732  53.284  7.076  -16.233 0.0000000000
91733  53.071  7.410  -16.160 0.0000000000
91757  65.033  -17.193  1.124 0.0000000000
91758  65.158  -16.658  1.382 0.0000000000
91759  64.928  -16.785  0.719 0.0000000000
91760  63.893  -16.268  -0.630 0.0000000000
91761  64.555  -16.084  -0.058 0.0000000000
91762  64.260  -15.678  -0.458 0.0000000000
91763  64.485  -15.145  -0.303 0.0000000000
91764  63.918  -15.344  -0.844 0.0000000000
91770  62.407  -14.834  -1.916 0.0000000000
91771  63.215  -14.605  -1.552 0.0000000000
91772  62.908  -14.226  -1.811 0.0000000000
91773  63.305  -13.605  -1.692 0.0000000000
91774  62.611  -13.824  -2.072 0.0000000000
91776  61.928  -13.020  -2.555 0.0000000000
91777  61.554  -12.697  -2.810 0.0000000000
91778  61.976  -12.102  -2.802 0.0000000000
92508  64.313  -16.144  3.493 0.0000000000
92509  64.474  -15.648  3.122 0.0000000000
92510  64.736  -15.917  3.051 0.0000000000
92511  64.991  -15.790  2.515 0.0000000000
92512  65.129  -15.723  1.913 0.0000000000
93566  58.641  -3.962  -7.509 0.0000000000
93567  58.978  -3.239  -7.330 0.0000000000
93568  58.232  -3.660  -7.910 0.0000000000
94646  63.477  -10.186  -1.435 0.0000000000
94647  63.396  -9.683  -1.226 0.0000000000
94648  63.273  -9.725  -1.797 0.0000000000
94649  63.090  -9.254  -2.119 0.0000000000
94650  62.874  -8.790  -2.458 0.0000000000
94651  62.639  -8.345  -2.826 0.0000000000
94652  62.576  -8.918  -2.998 0.0000000000
94653  62.110  -9.076  -3.492 0.0000000000
94654  61.442  -9.297  -3.892 0.0000000000
97275  65.141  -23.380  4.692 0.0000000000
97276  66.603  -29.201  3.780 0.0000000000
97277  66.668  -28.811  3.352 0.0000000000
97278  66.431  -29.332  3.227 0.0000000000
97279  66.096  -29.457  2.746 0.0000000000
97285  65.006  -34.072  12.419 0.0000000000
97286  65.134  -33.823  11.948 0.0000000000
97287  65.158  -34.260  11.973 0.0000000000
97288  65.226  -34.455  11.439 0.0000000000
97289  65.217  -34.599  10.941 0.0000000000
97819  57.160  2.217  -6.428 0.0000000000
97820  56.766  1.657  -6.063 0.0000000000
97821  56.675  2.327  -6.490 0.0000000000
97822  56.065  2.248  -6.564 0.0000000000
97823  55.526  2.104  -6.736 0.0000000000
97824  55.045  1.876  -6.960 0.0000000000
97825  55.505  2.880  -7.167 0.0000000000
97826  55.410  3.394  -7.577 0.0000000000
97827  55.282  3.928  -8.090 0.0000000000
97828  55.095  4.362  -8.563 0.0000000000
97829  55.592  4.595  -8.423 0.0000000000
97830  55.861  4.968  -8.825 0.0000000000
97831  56.060  5.240  -9.310 0.0000000000
98966  64.487  -13.853  1.495 0.0000000000
98967  64.252  -13.531  1.622 0.0000000000
98968  64.421  -13.380  1.120 0.0000000000
98969  64.361  -12.926  0.695 0.0000000000
98970  64.292  -12.477  0.284 0.0000000000
98971  64.207  -12.047  -0.069 0.0000000000
98972  64.298  -12.421  -0.265 0.0000000000
98973  64.166  -12.441  -0.794 0.0000000000
98974  63.863  -12.478  -1.289 0.0000000000
101599  65.051  -28.719  6.816 0.0000000000
101600  65.614  -28.663  6.411 0.0000000000
101601  66.079  -28.740  5.948 0.0000000000
101602  65.887  -29.049  6.474 0.0000000000
101603  66.078  -29.417  6.570 0.0000000000
101604  66.268  -29.750  6.546 0.0000000000
102134  60.685  -2.951  -2.833 0.0000000000
102135  60.265  -2.705  -2.831 0.0000000000
102136  60.510  -2.457  -3.316 0.0000000000
102137  60.368  -1.995  -3.753 0.0000000000
102138  60.207  -1.519  -4.163 0.0000000000
102139  59.630  -0.608  -6.737 0.0000000000
102140  59.861  -0.459  -6.135 0.0000000000
102141  59.552  -0.048  -6.614 0.0000000000
102142  59.336  0.450  -6.485 0.0000000000
102143  58.941  0.792  -6.414 0.0000000000
102144  58.691  1.190  -6.324 0.0000000000
102145  58.664  1.186  -6.930 0.0000000000
102146  58.392  1.536  -7.432 0.0000000000
102147  58.088  2.010  -7.942 0.0000000000
102148  57.836  2.463  -8.452 0.0000000000
102149  57.954  1.917  -8.512 0.0000000000
102150  57.737  1.759  -9.064 0.0000000000
102151  57.388  1.526  -9.617 0.0000000000
105379  62.559  -7.922  -0.450 0.0000000000
105380  62.275  -8.192  -0.066 0.0000000000
105381  62.204  -7.608  -0.297 0.0000000000
105382  61.781  -7.388  -0.181 0.0000000000
105383  61.290  -7.210  -0.068 0.0000000000
105384  60.733  -7.076  0.023 0.0000000000
105385  61.301  -6.658  -0.302 0.0000000000
105386  61.241  -6.129  -0.608 0.0000000000
105387  61.214  -5.537  -0.961 0.0000000000
105388  61.137  -4.998  -1.309 0.0000000000
105389  61.515  -5.231  -1.428 0.0000000000
105390  61.741  -5.032  -1.932 0.0000000000
105391  61.890  -4.926  -2.455 0.0000000000
105392  61.733  -6.706  -4.404 0.0000000000
105393  61.829  -6.103  -4.192 0.0000000000
105394  61.434  -6.355  -4.852 0.0000000000
105395  61.110  -6.019  -5.381 0.0000000000
105396  60.698  -5.649  -5.780 0.0000000000
105397  60.298  -5.281  -6.113 0.0000000000
105398  59.988  -5.911  -6.393 0.0000000000
105399  59.191  -6.182  -6.914 0.0000000000
105400  58.523  -6.500  -7.360 0.0000000000
107790  65.307  -18.909  1.615 0.0000000000
107791  65.134  -18.656  1.255 0.0000000000
107792  64.900  -19.131  0.949 0.0000000000
107793  64.326  -19.375  0.345 0.0000000000
107794  63.602  -19.671  -0.254 0.0000000000
113254  64.107  -19.305  4.495 0.0000000000
113255  64.821  -19.093  4.193 0.0000000000
113256  65.270  -18.966  3.821 0.0000000000
113257  65.220  -19.369  4.002 0.0000000000
113258  65.523  -19.676  3.787 0.0000000000
113259  65.707  -19.987  3.531 0.0000000000
113260  65.980  -21.921  3.371 0.0000000000
113261  65.982  -21.496  3.137 0.0000000000
113262  66.064  -21.893  2.736 0.0000000000
113263  65.913  -21.941  2.070 0.0000000000
113264  65.613  -21.999  1.413 0.0000000000
113265  65.173  -22.070  0.861 0.0000000000
113266  65.408  -22.446  1.068 0.0000000000
113267  65.117  -22.922  0.853 0.0000000000
113268  64.779  -23.426  0.736 0.0000000000
113269  65.645  -25.380  4.798 0.0000000000
113270  65.775  -24.919  4.542 0.0000000000
113271  66.111  -25.370  4.337 0.0000000000
113272  66.487  -25.394  3.856 0.0000000000
113273  66.703  -25.414  3.363 0.0000000000
113274  66.294  -27.104  1.993 0.0000000000
113275  66.461  -26.603  2.093 0.0000000000
113276  66.077  -26.630  1.730 0.0000000000
113277  65.782  -26.133  1.526 0.0000000000
113278  65.417  -25.702  1.263 0.0000000000
113279  65.064  -25.293  1.059 0.0000000000
113280  64.773  -25.786  1.065 0.0000000000
113281  64.048  -25.866  0.912 0.0000000000
113301  65.789  -32.510  9.957 0.0000000000
113302  65.709  -32.010  10.038 0.0000000000
113303  65.967  -32.127  9.442 0.0000000000
113304  66.106  -31.814  8.915 0.0000000000
113305  66.188  -31.532  8.364 0.0000000000
113306  66.282  -31.249  7.796 0.0000000000
113307  66.245  -31.687  7.757 0.0000000000
113308  66.168  -31.866  7.226 0.0000000000
113309  65.997  -32.057  6.671 0.0000000000
114923  53.953  5.585  -10.742 0.0000000000
114925  53.622  5.721  -11.285 0.0000000000
114926  53.337  5.886  -11.757 0.0000000000
114927  53.107  6.107  -12.285 0.0000000000
114929  53.269  6.513  -12.736 0.0000000000
114930  53.416  6.677  -13.378 0.0000000000
114931  53.534  6.804  -13.975 0.0000000000
114932  56.930  4.004  -10.462 0.0000000000
114933  56.787  4.589  -10.409 0.0000000000
114934  56.647  4.366  -10.987 0.0000000000
114935  56.238  4.557  -11.560 0.0000000000
114936  55.769  4.644  -12.193 0.0000000000
114959  64.066  -17.621  -0.087 0.0000000000
114960  64.442  -17.003  0.085 0.0000000000
114961  63.823  -17.218  -0.448 0.0000000000
114962  63.450  -16.845  -0.740 0.0000000000
114963  63.084  -16.476  -1.070 0.0000000000
116014  64.244  -14.488  2.426 0.0000000000
116015  64.501  -15.216  2.751 0.0000000000
116016  64.553  -14.756  2.328 0.0000000000
116017  64.535  -14.286  1.881 0.0000000000
116018  64.700  -14.162  1.324 0.0000000000
116019  64.756  -14.100  0.710 0.0000000000
116020  64.636  -14.115  0.123 0.0000000000
118478  60.795  -2.844  -4.973 0.0000000000
118479  60.653  -2.341  -4.809 0.0000000000
118480  60.502  -2.453  -5.384 0.0000000000
118481  60.221  -2.027  -5.843 0.0000000000
118482  59.926  -1.631  -6.406 0.0000000000
118483  59.227  -2.555  -7.200 0.0000000000
118484  59.449  -1.923  -7.056 0.0000000000
118485  59.599  -1.248  -6.889 0.0000000000
118486  59.264  -0.864  -7.362 0.0000000000
118487  58.832  -0.510  -7.812 0.0000000000
118488  58.324  -0.279  -8.355 0.0000000000
118489  57.895  0.039  -8.834 0.0000000000
118490  57.767  -0.637  -8.942 0.0000000000
118491  57.094  -1.023  -9.591 0.0000000000
120998  63.248  -10.588  0.452 0.0000000000
120999  62.885  -10.289  0.530 0.0000000000
121000  63.171  -10.053  0.198 0.0000000000
121001  63.072  -9.471  -0.035 0.0000000000
121002  63.004  -8.880  -0.339 0.0000000000
121003  63.273  -9.187  -1.024 0.0000000000
121004  63.117  -8.731  -0.826 0.0000000000
121005  62.881  -8.295  -0.627 0.0000000000
121006  62.740  -7.747  -0.912 0.0000000000
121007  62.626  -7.284  -1.227 0.0000000000
121008  62.463  -6.791  -1.542 0.0000000000
121009  62.289  -6.325  -1.896 0.0000000000
121010  62.443  -6.749  -2.107 0.0000000000
121011  62.379  -6.804  -2.722 0.0000000000
121012  62.226  -6.923  -3.324 0.0000000000
121013  62.384  -7.875  -3.133 0.0000000000
121014  62.165  -7.464  -3.515 0.0000000000
121015  61.966  -7.076  -3.905 0.0000000000
121016  61.514  -7.334  -4.563 0.0000000000
121017  60.777  -7.605  -5.080 0.0000000000
121018  59.970  -7.836  -5.565 0.0000000000
122877  64.296  -20.688  0.215 0.0000000000
122878  63.935  -20.507  -0.013 0.0000000000
122879  63.511  -20.975  -0.347 0.0000000000
127127  64.327  -20.852  4.833 0.0000000000
127128  64.887  -20.617  4.534 0.0000000000
127129  64.783  -21.081  4.711 0.0000000000
127130  65.175  -21.398  4.492 0.0000000000
127131  65.496  -21.692  4.289 0.0000000000
127132  64.950  -22.306  4.856 0.0000000000
127133  65.410  -22.159  4.433 0.0000000000
127134  65.760  -22.004  3.966 0.0000000000
127135  65.994  -22.350  3.548 0.0000000000
127136  66.230  -22.733  3.114 0.0000000000
127137  66.382  -23.172  2.650 0.0000000000
127138  66.612  -27.228  4.235 0.0000000000
127139  66.699  -26.792  3.871 0.0000000000
127140  66.743  -27.301  3.711 0.0000000000
127141  66.787  -27.357  3.220 0.0000000000
127142  66.653  -27.464  2.733 0.0000000000
127143  66.614  -28.415  2.961 0.0000000000
127144  66.529  -27.992  2.621 0.0000000000
127145  66.415  -27.564  2.303 0.0000000000
127146  66.061  -27.602  1.935 0.0000000000
127147  65.484  -27.625  1.632 0.0000000000
127148  64.787  -27.645  1.381 0.0000000000
127161  64.682  -32.567  11.913 0.0000000000
127162  65.069  -32.637  11.474 0.0000000000
127163  65.393  -32.778  10.984 0.0000000000
127164  65.328  -33.527  11.460 0.0000000000
127165  65.470  -33.222  10.948 0.0000000000
127166  65.646  -32.893  10.444 0.0000000000
127167  65.795  -33.008  9.926 0.0000000000
127168  65.843  -33.125  9.362 0.0000000000
127169  65.765  -33.253  8.809 0.0000000000
128401  57.927  -0.035  -4.709 0.0000000000
128403  57.244  -0.140  -4.973 0.0000000000
128406  56.301  0.964  -5.761 0.0000000000
128416  54.521  1.373  -7.232 0.0000000000
128423  53.495  2.806  -9.307 0.0000000000
128424  53.801  3.835  -9.493 0.0000000000
128425  54.062  4.719  -9.833 0.0000000000
128426  54.850  4.760  -9.128 0.0000000000
128427  54.608  5.190  -9.673 0.0000000000
128428  54.290  5.405  -10.204 0.0000000000
128429  54.459  5.846  -10.607 0.0000000000
128430  54.564  6.035  -11.067 0.0000000000
128431  54.644  6.102  -11.591 0.0000000000
128432  55.292  2.357  -13.039 0.0000000000
128433  55.425  2.956  -12.946 0.0000000000
130850  63.951  -13.261  1.706 0.0000000000
130854  63.247  -11.686  1.023 0.0000000000
130856  63.573  -10.903  0.354 0.0000000000
130857  63.721  -10.776  -0.065 0.0000000000
130858  63.767  -10.691  -0.558 0.0000000000
130859  64.059  -11.615  -0.426 0.0000000000
130860  63.884  -11.142  -0.764 0.0000000000
130861  63.704  -10.646  -1.083 0.0000000000
130862  63.489  -10.668  -1.655 0.0000000000
130863  63.157  -10.745  -2.188 0.0000000000
130864  62.681  -10.880  -2.685 0.0000000000
136400  65.853  -26.210  4.971 0.0000000000
136401  66.172  -26.667  4.888 0.0000000000
136408  65.434  -27.053  5.575 0.0000000000
136409  65.963  -27.046  5.209 0.0000000000
136410  66.379  -27.125  4.728 0.0000000000
136411  66.494  -27.615  4.652 0.0000000000
136412  66.602  -28.124  4.521 0.0000000000
136413  66.666  -28.618  4.402 0.0000000000
136414  66.384  -28.815  5.446 0.0000000000
136415  66.581  -28.913  4.919 0.0000000000
136416  66.661  -29.070  4.336 0.0000000000
136417  66.596  -29.549  4.259 0.0000000000
136418  66.444  -30.023  4.238 0.0000000000
136419  66.243  -30.468  4.242 0.0000000000
136420  64.739  -35.954  12.332 0.0000000000
136421  64.788  -35.618  11.851 0.0000000000
136422  64.545  -36.029  11.841 0.0000000000
136423  64.262  -36.107  11.345 0.0000000000
137539  59.855  -2.531  -2.776 0.0000000000
137540  59.343  -2.515  -2.910 0.0000000000
137542  58.810  -1.830  -3.509 0.0000000000
137543  58.716  -1.250  -3.877 0.0000000000
137544  58.613  -0.656  -4.253 0.0000000000
137545  60.521  -1.849  -4.762 0.0000000000
137546  60.294  -1.416  -4.663 0.0000000000
137547  60.026  -0.988  -4.575 0.0000000000
137548  59.955  -0.379  -5.556 0.0000000000
137549  59.886  -0.413  -5.020 0.0000000000
137550  59.733  -0.619  -4.534 0.0000000000
137551  59.422  -0.326  -4.550 0.0000000000
137552  58.941  -0.208  -4.519 0.0000000000
137553  58.499  0.026  -4.629 0.0000000000
137554  58.167  0.402  -5.071 0.0000000000
137555  57.899  0.915  -5.484 0.0000000000
137556  57.737  1.487  -5.918 0.0000000000
137557  58.341  1.505  -6.354 0.0000000000
137558  57.983  1.789  -6.366 0.0000000000
137559  57.594  2.042  -6.397 0.0000000000
137560  57.447  2.613  -6.878 0.0000000000
137561  57.207  3.144  -7.376 0.0000000000
137562  57.063  3.762  -7.844 0.0000000000
137563  56.871  4.220  -8.296 0.0000000000
137564  57.217  3.890  -8.328 0.0000000000
137565  57.285  3.908  -8.832 0.0000000000
137566  57.296  3.845  -9.345 0.0000000000
137567  57.642  2.910  -8.928 0.0000000000
137568  57.432  3.304  -9.422 0.0000000000
137569  57.255  3.720  -9.876 0.0000000000
137570  57.015  3.443  -10.448 0.0000000000
137571  56.657  3.105  -11.053 0.0000000000
137572  56.187  2.695  -11.700 0.0000000000
137573  57.531  0.413  -9.284 0.0000000000
137574  57.223  0.728  -9.734 0.0000000000
137575  56.931  1.184  -10.224 0.0000000000
137576  56.024  0.037  -11.036 0.0000000000
137577  56.373  0.790  -10.873 0.0000000000
137578  56.602  1.539  -10.688 0.0000000000
137579  56.310  1.797  -11.242 0.0000000000
137580  55.958  1.969  -11.841 0.0000000000
137581  55.621  2.168  -12.424 0.0000000000
137582  55.057  1.690  -13.184 0.0000000000
143060  64.344  -33.254  12.818 0.0000000000
143061  64.626  -33.557  12.832 0.0000000000
143062  64.113  -33.814  13.565 0.0000000000
143063  64.546  -33.845  13.231 0.0000000000
143064  64.841  -33.910  12.824 0.0000000000
143065  64.923  -34.305  12.861 0.0000000000
143067  64.939  -35.349  12.810 0.0000000000
143087  63.970  -35.038  14.704 0.0000000000
143094  64.840  -35.830  12.795 0.0000000000
143095  64.704  -36.262  12.813 0.0000000000
143098  64.437  -37.309  13.661 0.0000000000
143099  64.165  -37.452  13.233 0.0000000000
144171  60.134  -4.126  -1.536 0.0000000000
144172  60.519  -3.793  -1.947 0.0000000000
144173  61.066  -4.518  -1.608 0.0000000000
144174  60.940  -3.999  -1.980 0.0000000000
144175  60.812  -3.507  -2.386 0.0000000000
144176  61.029  -3.312  -2.843 0.0000000000
144177  61.164  -3.177  -3.388 0.0000000000
144178  61.151  -3.204  -4.019 0.0000000000
144179  62.156  -5.841  -2.301 0.0000000000
144180  62.035  -5.368  -2.673 0.0000000000
144181  61.924  -4.912  -3.030 0.0000000000
144182  61.854  -5.504  -3.918 0.0000000000
144183  61.831  -4.963  -3.645 0.0000000000
144184  61.743  -4.517  -3.394 0.0000000000
144185  61.560  -4.113  -3.770 0.0000000000
144186  61.298  -3.699  -4.238 0.0000000000
144187  61.028  -3.280  -4.649 0.0000000000
144188  60.790  -3.410  -5.290 0.0000000000
144189  60.421  -3.588  -5.865 0.0000000000
144190  59.792  -3.906  -6.507 0.0000000000
144191  59.916  -4.934  -6.448 0.0000000000
144192  59.487  -4.590  -6.787 0.0000000000
144193  59.061  -4.277  -7.161 0.0000000000
144194  58.242  -4.648  -7.785 0.0000000000
149007  65.329  -17.333  2.783 0.0000000000
149008  65.330  -16.982  2.428 0.0000000000
149009  65.371  -17.331  2.172 0.0000000000
149010  65.198  -17.463  1.507 0.0000000000
149011  64.849  -17.655  0.847 0.0000000000
149012  64.869  -18.413  0.925 0.0000000000
149013  64.587  -18.145  0.592 0.0000000000
149014  64.341  -17.888  0.269 0.0000000000
149015  63.685  -18.141  -0.247 0.0000000000
149016  62.874  -18.372  -0.674 0.0000000000
149018  63.533  -20.346  -0.269 0.0000000000
159709  63.980  -16.655  3.776 0.0000000000
159710  64.391  -16.861  3.678 0.0000000000
159711  64.748  -17.110  3.542 0.0000000000
159952  63.994  -17.745  4.082 0.0000000000
159953  64.648  -17.552  3.814 0.0000000000
159954  65.096  -17.446  3.321 0.0000000000
159955  65.312  -17.761  3.092 0.0000000000
159956  65.469  -18.130  2.835 0.0000000000
159957  65.530  -18.475  2.524 0.0000000000
159958  65.575  -18.906  3.328 0.0000000000
159959  65.625  -18.898  2.770 0.0000000000
159960  65.543  -18.886  2.190 0.0000000000
159961  65.472  -19.318  1.849 0.0000000000
159962  65.329  -19.737  1.491 0.0000000000
159963  65.121  -20.153  1.118 0.0000000000
159964  65.345  -20.459  4.211 0.0000000000
159965  65.702  -20.403  3.747 0.0000000000
159966  65.857  -20.345  3.150 0.0000000000
159967  65.981  -21.087  2.938 0.0000000000
159968  65.923  -20.723  2.737 0.0000000000
159969  65.856  -20.363  2.508 0.0000000000
159970  65.663  -20.433  1.891 0.0000000000
159971  65.299  -20.496  1.304 0.0000000000
159972  64.846  -20.583  0.739 0.0000000000
159973  64.507  -21.018  0.343 0.0000000000
159974  64.100  -21.504  0.045 0.0000000000
159975  63.618  -22.029  -0.189 0.0000000000
159976  64.591  -22.186  0.413 0.0000000000
159977  63.894  -22.362  -0.000 0.0000000000
159978  63.146  -22.574  -0.335 0.0000000000
159979  62.711  -23.109  -0.401 0.0000000000
159983  65.012  -23.801  4.800 0.0000000000
159984  65.610  -23.685  4.407 0.0000000000
159985  65.876  -24.477  4.309 0.0000000000
159986  65.989  -24.018  4.160 0.0000000000
159987  66.023  -23.637  3.932 0.0000000000
159988  66.343  -23.619  3.397 0.0000000000
159989  66.516  -23.628  2.833 0.0000000000
159990  66.424  -23.669  2.272 0.0000000000
159991  66.740  -26.346  3.505 0.0000000000
159992  66.787  -25.924  3.142 0.0000000000
159993  66.747  -25.462  2.866 0.0000000000
159994  66.573  -26.076  2.260 0.0000000000
159995  66.668  -25.522  2.419 0.0000000000
159996  66.677  -25.013  2.574 0.0000000000
159997  66.570  -24.575  2.292 0.0000000000
159998  66.392  -24.147  2.012 0.0000000000
159999  66.190  -23.708  1.735 0.0000000000
160000  65.764  -23.674  1.334 0.0000000000
160001  65.112  -23.802  0.980 0.0000000000
160002  64.451  -23.944  0.675 0.0000000000
160003  64.665  -24.866  0.864 0.0000000000
160004  64.246  -24.446  0.660 0.0000000000
160005  63.821  -24.069  0.430 0.0000000000
160006  63.067  -24.224  0.219 0.0000000000
160044  64.950  -30.032  8.546 0.0000000000
160048  65.543  -31.547  10.002 0.0000000000
160049  65.314  -31.173  9.935 0.0000000000
160050  65.022  -30.869  9.803 0.0000000000
160051  65.197  -30.578  9.272 0.0000000000
160052  65.325  -30.276  8.746 0.0000000000
160053  65.468  -29.976  8.176 0.0000000000
160054  65.877  -29.993  7.720 0.0000000000
160055  66.162  -30.062  7.167 0.0000000000
160056  66.344  -30.185  6.610 0.0000000000
160057  66.310  -30.948  7.197 0.0000000000
160058  66.356  -30.671  6.619 0.0000000000
160059  66.449  -30.328  6.018 0.0000000000
160060  66.413  -30.513  5.378 0.0000000000
160061  66.239  -30.736  4.785 0.0000000000
160062  66.006  -30.897  4.254 0.0000000000
160063  64.892  -35.318  11.355 0.0000000000
160064  64.992  -35.030  10.900 0.0000000000
160065  65.116  -34.758  10.398 0.0000000000
160067  64.897  -34.887  9.862 0.0000000000
160068  65.249  -34.453  9.884 0.0000000000
160069  65.367  -34.099  9.331 0.0000000000
160070  65.504  -33.717  8.808 0.0000000000
160071  65.572  -33.361  8.293 0.0000000000
160078  64.820  -33.959  7.740 0.0000000000
160079  65.264  -33.529  7.767 0.0000000000
160080  65.589  -33.045  7.722 0.0000000000
160081  65.641  -32.783  7.209 0.0000000000
160082  65.717  -32.513  6.684 0.0000000000
160083  65.710  -32.315  6.059 0.0000000000
160086  65.730  -31.987  5.472 0.0000000000
160087  65.705  -31.671  4.888 0.0000000000
160088  65.682  -31.373  4.320 0.0000000000
163301  52.415  7.749  -15.573 0.0000000000
163302  52.444  8.056  -16.111 0.0000000000
163303  56.658  4.614  -8.782 0.0000000000
163304  56.441  5.016  -9.308 0.0000000000
163305  56.195  5.405  -9.850 0.0000000000
163306  56.514  5.035  -10.405 0.0000000000
163307  56.211  5.420  -10.416 0.0000000000
163308  55.811  5.708  -10.429 0.0000000000
163309  55.433  5.847  -11.028 0.0000000000
163310  55.042  5.979  -11.568 0.0000000000
163311  54.700  6.093  -12.155 0.0000000000
163312  55.467  3.559  -12.932 0.0000000000
163313  55.435  4.155  -12.868 0.0000000000
163314  55.361  4.730  -12.785 0.0000000000
163316  54.957  4.876  -13.531 0.0000000000
163317  55.211  5.236  -12.769 0.0000000000
163318  55.003  5.677  -12.750 0.0000000000
163319  54.703  6.071  -12.768 0.0000000000
163320  54.375  6.285  -12.821 0.0000000000
163321  54.102  6.484  -13.351 0.0000000000
163322  53.822  6.628  -13.928 0.0000000000
163323  53.623  6.899  -14.523 0.0000000000
163324  53.815  6.376  -15.214 0.0000000000
163325  53.626  6.839  -15.146 0.0000000000
163326  53.354  7.063  -15.103 0.0000000000
163327  53.131  7.299  -15.591 0.0000000000
163328  52.799  7.731  -16.059 0.0000000000
163329  52.472  8.305  -16.634 0.0000000000
163330  52.443  8.484  -17.216 0.0000000000
163357  65.280  -16.580  2.030 0.0000000000
163358  65.201  -16.168  1.627 0.0000000000
163359  65.134  -15.758  1.254 0.0000000000
163360  64.724  -16.442  0.316 0.0000000000
163361  64.916  -15.905  0.566 0.0000000000
163362  64.984  -15.369  0.801 0.0000000000
163363  64.839  -14.999  0.376 0.0000000000
163364  64.604  -14.643  -0.081 0.0000000000
163365  64.351  -14.260  -0.473 0.0000000000
163368  62.692  -16.125  -1.337 0.0000000000
163370  62.318  -15.822  -1.647 0.0000000000
163371  63.180  -15.564  -1.280 0.0000000000
163372  63.563  -14.998  -1.223 0.0000000000
163373  63.874  -14.418  -1.066 0.0000000000
163374  64.122  -13.853  -0.853 0.0000000000
163375  63.898  -13.429  -1.172 0.0000000000
163376  63.616  -13.036  -1.503 0.0000000000
163377  63.364  -12.629  -1.823 0.0000000000
163378  62.256  -13.400  -2.362 0.0000000000
163379  62.712  -12.782  -2.289 0.0000000000
163380  63.077  -12.233  -2.142 0.0000000000
163381  62.707  -11.860  -2.446 0.0000000000
163382  62.359  -11.489  -2.753 0.0000000000
163383  61.971  -11.125  -3.087 0.0000000000
163409  61.141  -11.400  -3.402 0.0000000000
163410  61.555  -10.753  -3.402 0.0000000000
163411  61.236  -10.378  -3.689 0.0000000000
163412  60.909  -9.966  -3.955 0.0000000000
163413  60.580  -9.613  -4.295 0.0000000000
163416  60.240  -9.203  -4.687 0.0000000000
163417  59.822  -8.832  -5.113 0.0000000000
163418  59.446  -8.523  -5.575 0.0000000000
163419  59.044  -8.172  -6.076 0.0000000000
163428  58.708  -7.874  -6.602 0.0000000000
163429  58.336  -7.550  -7.139 0.0000000000
