#!ascii label  , from subject fsaverage vox2ras=TkReg
1055
22  48.439  25.941  5.158 0.0000000000
258  51.835  32.833  -1.332 0.0000000000
382  51.448  30.489  5.731 0.0000000000
383  54.608  23.837  12.211 0.0000000000
384  46.508  27.054  14.182 0.0000000000
738  51.297  28.518  1.345 0.0000000000
878  48.877  29.374  9.843 0.0000000000
1110  54.195  22.518  17.801 0.0000000000
1111  54.314  19.003  14.643 0.0000000000
1112  54.121  16.919  17.309 0.0000000000
1618  50.516  32.896  -5.147 0.0000000000
1852  53.064  27.415  4.461 0.0000000000
1853  52.699  24.376  7.529 0.0000000000
1854  53.654  27.328  8.435 0.0000000000
1855  51.571  25.946  13.626 0.0000000000
1872  51.982  31.695  2.505 0.0000000000
2163  50.547  20.975  10.950 0.0000000000
2649  47.738  24.408  7.477 0.0000000000
2658  50.094  27.030  3.323 0.0000000000
2659  47.833  28.145  2.680 0.0000000000
3031  54.583  19.713  18.130 0.0000000000
3032  52.119  18.646  18.625 0.0000000000
3655  51.325  33.203  -3.179 0.0000000000
4072  53.060  29.168  4.935 0.0000000000
4073  53.694  27.423  6.204 0.0000000000
4074  52.641  28.945  6.954 0.0000000000
4075  47.641  28.412  11.869 0.0000000000
4076  50.118  27.415  11.327 0.0000000000
4077  49.295  26.728  13.812 0.0000000000
4078  50.960  25.593  16.539 0.0000000000
4113  49.338  32.380  5.156 0.0000000000
4115  51.867  30.934  4.090 0.0000000000
4116  52.950  29.461  3.241 0.0000000000
4770  54.291  23.929  9.285 0.0000000000
4771  52.038  22.296  8.838 0.0000000000
4772  53.519  22.157  11.200 0.0000000000
5936  51.914  30.285  -0.313 0.0000000000
5937  50.793  30.808  -1.701 0.0000000000
5938  49.062  29.080  0.431 0.0000000000
6187  48.694  31.420  6.699 0.0000000000
6188  50.148  30.165  7.795 0.0000000000
6189  47.477  31.099  9.004 0.0000000000
6190  46.256  30.333  10.914 0.0000000000
6191  45.155  28.768  12.840 0.0000000000
6606  54.552  23.472  15.398 0.0000000000
6607  54.538  21.773  14.128 0.0000000000
6608  55.272  20.783  16.426 0.0000000000
6609  55.346  17.849  15.905 0.0000000000
7615  49.353  31.657  -2.870 0.0000000000
7616  48.072  32.072  -4.354 0.0000000000
8182  51.161  26.360  4.391 0.0000000000
8183  50.537  25.391  6.371 0.0000000000
8184  52.866  26.072  5.795 0.0000000000
8185  54.203  25.804  7.806 0.0000000000
8186  54.260  25.638  10.142 0.0000000000
8187  51.448  28.429  9.081 0.0000000000
8188  52.560  26.616  10.807 0.0000000000
8189  53.641  25.150  13.267 0.0000000000
8190  53.143  24.648  16.231 0.0000000000
8191  52.059  23.977  18.607 0.0000000000
8236  52.109  32.130  0.534 0.0000000000
8237  52.570  29.860  1.446 0.0000000000
8238  52.334  27.819  2.890 0.0000000000
9051  49.911  23.272  7.948 0.0000000000
9052  48.909  21.214  8.887 0.0000000000
9054  52.290  20.185  13.379 0.0000000000
10327  47.143  25.668  5.732 0.0000000000
10329  47.945  25.278  6.368 0.0000000000
10338  49.184  26.488  4.168 0.0000000000
10339  48.234  27.022  3.811 0.0000000000
10340  47.387  26.336  4.731 0.0000000000
10711  52.295  20.172  18.821 0.0000000000
11335  51.607  33.116  -2.253 0.0000000000
11752  52.444  29.886  5.335 0.0000000000
11753  52.923  29.058  5.981 0.0000000000
11754  52.067  29.785  6.353 0.0000000000
11755  47.038  27.717  12.968 0.0000000000
11756  48.400  27.516  12.690 0.0000000000
11757  47.862  26.940  13.935 0.0000000000
11793  50.437  31.297  5.323 0.0000000000
11794  50.693  31.691  4.601 0.0000000000
11795  51.702  30.726  4.867 0.0000000000
11796  52.558  30.055  4.384 0.0000000000
12450  54.553  23.908  10.641 0.0000000000
12451  54.090  22.886  10.126 0.0000000000
12452  54.448  22.884  11.600 0.0000000000
13733  51.769  29.323  0.494 0.0000000000
13734  50.848  29.455  -0.158 0.0000000000
13735  50.237  28.734  0.780 0.0000000000
13736  46.022  27.808  3.355 0.0000000000
14153  48.072  31.311  7.810 0.0000000000
14156  45.495  31.143  10.427 0.0000000000
14157  45.004  30.578  11.443 0.0000000000
14158  45.746  29.646  11.885 0.0000000000
14850  54.483  22.940  16.700 0.0000000000
14851  54.952  22.166  16.054 0.0000000000
14852  54.896  21.568  17.229 0.0000000000
14853  54.502  18.185  17.904 0.0000000000
14854  55.193  18.691  17.117 0.0000000000
14855  54.979  17.344  16.656 0.0000000000
16721  50.662  34.049  -4.832 0.0000000000
16723  50.412  33.845  -5.854 0.0000000000
16725  50.209  32.828  -5.988 0.0000000000
16726  49.236  30.292  -1.162 0.0000000000
16727  50.084  31.281  -2.251 0.0000000000
16728  48.431  30.986  -1.639 0.0000000000
16730  47.060  31.806  -3.028 0.0000000000
16732  47.622  32.197  -5.112 0.0000000000
17977  52.321  26.767  4.278 0.0000000000
17978  52.045  26.247  5.045 0.0000000000
17979  52.984  26.692  4.964 0.0000000000
17980  53.830  27.466  7.316 0.0000000000
17981  54.018  26.702  7.046 0.0000000000
17982  54.219  26.592  8.130 0.0000000000
17983  54.431  25.715  8.882 0.0000000000
17984  54.030  26.480  9.240 0.0000000000
17985  49.453  29.875  8.838 0.0000000000
17986  50.854  29.387  8.343 0.0000000000
17987  50.148  28.901  9.460 0.0000000000
17988  50.811  26.628  12.350 0.0000000000
17989  51.350  26.956  11.058 0.0000000000
17990  51.970  26.202  12.179 0.0000000000
17991  53.030  25.860  11.971 0.0000000000
17992  52.691  25.542  13.527 0.0000000000
17993  53.436  24.877  14.789 0.0000000000
17994  52.403  25.256  14.947 0.0000000000
17996  51.638  24.931  17.873 0.0000000000
18101  51.127  32.712  3.293 0.0000000000
18103  51.285  32.922  2.277 0.0000000000
18104  51.366  33.076  1.176 0.0000000000
18105  52.078  31.949  1.511 0.0000000000
18106  52.394  30.987  0.906 0.0000000000
18107  52.511  30.723  1.850 0.0000000000
18108  53.029  28.356  3.699 0.0000000000
18109  52.797  28.504  2.950 0.0000000000
18110  52.670  27.555  3.642 0.0000000000
18111  51.869  26.902  3.649 0.0000000000
20070  51.677  24.846  6.911 0.0000000000
20071  50.154  24.398  7.478 0.0000000000
20072  51.344  23.785  7.766 0.0000000000
20073  51.279  21.612  9.791 0.0000000000
20074  50.381  21.730  8.759 0.0000000000
20075  49.725  21.101  9.890 0.0000000000
20076  48.186  20.347  9.922 0.0000000000
20077  48.985  20.167  10.940 0.0000000000
20078  54.459  20.433  14.627 0.0000000000
20079  53.648  20.943  13.652 0.0000000000
20080  53.183  19.527  14.093 0.0000000000
23216  50.820  27.814  2.357 0.0000000000
23217  49.688  28.281  1.878 0.0000000000
23218  49.102  27.695  2.934 0.0000000000
23219  47.227  27.543  3.632 0.0000000000
23886  53.427  22.119  18.544 0.0000000000
23887  54.522  21.123  18.164 0.0000000000
23888  53.613  20.661  18.672 0.0000000000
23889  53.503  19.145  18.469 0.0000000000
23890  53.287  17.722  18.385 0.0000000000
25011  50.889  33.119  -4.158 0.0000000000
25762  53.249  28.415  4.627 0.0000000000
25763  53.480  27.436  5.271 0.0000000000
25764  53.413  28.285  5.599 0.0000000000
25765  53.403  28.245  6.580 0.0000000000
25766  53.173  28.168  7.634 0.0000000000
25767  48.215  28.929  10.926 0.0000000000
25768  49.487  28.379  10.525 0.0000000000
25769  48.912  27.967  11.571 0.0000000000
25770  49.726  27.134  12.538 0.0000000000
25771  50.598  26.402  13.703 0.0000000000
25772  51.359  25.720  15.011 0.0000000000
25837  49.654  33.034  4.712 0.0000000000
25838  50.885  32.226  3.998 0.0000000000
25839  51.942  31.297  3.416 0.0000000000
25840  52.569  30.482  2.793 0.0000000000
25841  52.589  30.183  3.618 0.0000000000
25842  52.969  29.297  4.025 0.0000000000
27018  53.684  24.019  8.277 0.0000000000
27019  52.459  23.276  8.203 0.0000000000
27020  53.408  22.976  8.992 0.0000000000
27021  52.894  22.117  9.799 0.0000000000
27022  52.129  21.591  11.040 0.0000000000
27023  54.176  17.581  14.104 0.0000000000
27024  53.095  18.092  13.868 0.0000000000
29210  52.106  31.403  -0.896 0.0000000000
29211  51.637  31.718  -1.726 0.0000000000
29212  51.348  30.392  -1.070 0.0000000000
29213  49.913  29.766  -0.769 0.0000000000
29214  48.076  29.605  -0.105 0.0000000000
29215  48.454  28.649  1.573 0.0000000000
29216  47.258  28.983  1.152 0.0000000000
29797  50.173  30.928  6.217 0.0000000000
29798  50.879  30.310  6.793 0.0000000000
29799  49.494  30.790  7.346 0.0000000000
29800  48.815  30.634  8.348 0.0000000000
29801  48.226  30.354  9.428 0.0000000000
29802  45.912  31.383  9.401 0.0000000000
29803  46.908  30.778  9.958 0.0000000000
29804  47.570  29.914  10.445 0.0000000000
29805  46.971  29.455  11.302 0.0000000000
29806  46.381  28.721  12.345 0.0000000000
29807  45.770  27.838  13.435 0.0000000000
29859  49.036  31.823  5.882 0.0000000000
30774  54.637  23.831  13.815 0.0000000000
30775  54.698  22.874  13.239 0.0000000000
30776  54.822  22.664  14.734 0.0000000000
30777  55.016  21.334  15.426 0.0000000000
30778  55.137  19.855  15.496 0.0000000000
30779  55.184  20.235  17.351 0.0000000000
30780  55.392  19.263  16.337 0.0000000000
30781  55.170  18.435  15.166 0.0000000000
33283  51.230  31.994  -2.523 0.0000000000
33284  50.664  32.220  -3.265 0.0000000000
33285  50.084  32.227  -4.040 0.0000000000
33286  47.724  31.487  -2.244 0.0000000000
33287  48.698  31.857  -3.529 0.0000000000
33288  49.526  32.177  -4.811 0.0000000000
33289  49.196  32.213  -5.671 0.0000000000
33290  48.886  32.301  -6.495 0.0000000000
34852  49.824  26.150  4.713 0.0000000000
34853  49.465  25.700  5.736 0.0000000000
34854  50.823  25.964  5.319 0.0000000000
34855  51.767  25.681  5.936 0.0000000000
34856  52.742  25.309  6.699 0.0000000000
34857  53.533  26.708  5.917 0.0000000000
34858  53.604  25.960  6.786 0.0000000000
34859  53.663  24.996  7.486 0.0000000000
34860  54.339  24.917  8.503 0.0000000000
34861  54.511  24.813  9.647 0.0000000000
34862  54.438  24.751  11.095 0.0000000000
34863  51.487  29.588  7.358 0.0000000000
34864  52.100  28.861  7.953 0.0000000000
34865  52.667  27.900  8.687 0.0000000000
34866  50.714  27.868  10.163 0.0000000000
34867  52.015  27.474  9.838 0.0000000000
34868  53.145  27.020  9.534 0.0000000000
34869  53.561  26.258  10.483 0.0000000000
34870  53.866  25.423  11.568 0.0000000000
34871  54.296  24.624  12.791 0.0000000000
34872  54.229  24.482  14.495 0.0000000000
34873  54.031  24.097  15.902 0.0000000000
34874  53.724  23.729  17.113 0.0000000000
34875  52.062  25.089  16.432 0.0000000000
34876  52.722  24.336  17.541 0.0000000000
34877  53.151  23.340  18.171 0.0000000000
34878  52.218  22.846  18.731 0.0000000000
35007  51.401  33.370  0.167 0.0000000000
35008  52.011  32.430  -0.428 0.0000000000
35009  52.297  31.158  -0.034 0.0000000000
35010  52.339  30.066  0.599 0.0000000000
35011  52.196  29.110  1.244 0.0000000000
35012  52.802  29.556  2.361 0.0000000000
35013  52.590  28.884  2.161 0.0000000000
35014  51.899  28.169  2.130 0.0000000000
35015  51.422  27.336  3.011 0.0000000000
35016  50.650  26.591  3.814 0.0000000000
37395  49.076  24.945  6.939 0.0000000000
37396  48.820  23.911  7.837 0.0000000000
37397  48.399  22.800  8.045 0.0000000000
37398  50.945  22.686  8.163 0.0000000000
37399  49.441  22.154  8.116 0.0000000000
37400  47.980  21.642  8.293 0.0000000000
37404  54.064  22.051  12.613 0.0000000000
37405  52.863  21.383  12.374 0.0000000000
37406  51.364  20.692  12.167 0.0000000000
37409  49.791  19.887  11.973 0.0000000000
41047  47.764  25.805  5.420 0.0000000000
41048  47.545  25.454  6.037 0.0000000000
41049  48.170  25.608  5.728 0.0000000000
41058  48.792  26.233  4.647 0.0000000000
41059  48.254  26.448  4.412 0.0000000000
41060  47.890  26.124  4.896 0.0000000000
41061  47.219  26.001  5.188 0.0000000000
42053  51.655  33.487  -1.516 0.0000000000
42054  51.544  33.679  -1.949 0.0000000000
42055  51.749  32.985  -1.792 0.0000000000
42472  51.970  30.197  5.535 0.0000000000
42473  52.263  29.812  5.836 0.0000000000
42474  51.759  30.157  6.053 0.0000000000
42475  46.754  27.347  13.590 0.0000000000
42476  47.388  27.259  13.435 0.0000000000
42477  47.170  27.003  14.063 0.0000000000
42478  47.632  26.737  14.562 0.0000000000
42513  50.957  30.881  5.495 0.0000000000
42514  51.076  31.048  5.039 0.0000000000
42515  51.564  30.619  5.255 0.0000000000
42516  52.122  30.262  5.063 0.0000000000
43170  54.579  23.869  11.400 0.0000000000
43171  54.568  23.446  11.140 0.0000000000
43172  54.614  23.376  11.913 0.0000000000
44453  51.567  28.853  0.865 0.0000000000
44454  51.097  28.934  0.537 0.0000000000
44455  50.796  28.591  1.026 0.0000000000
44876  44.659  31.017  11.233 0.0000000000
44877  44.405  30.582  11.701 0.0000000000
44878  44.733  30.153  11.905 0.0000000000
45570  54.362  22.705  17.268 0.0000000000
45571  54.685  22.244  16.994 0.0000000000
45572  54.586  22.012  17.524 0.0000000000
45573  54.340  17.519  17.684 0.0000000000
45574  54.799  17.757  17.351 0.0000000000
45575  54.610  17.108  16.999 0.0000000000
45576  54.788  16.729  16.191 0.0000000000
45577  54.379  16.527  16.516 0.0000000000
47441  50.706  33.435  -5.107 0.0000000000
47442  50.562  33.921  -5.381 0.0000000000
47443  50.533  33.348  -5.553 0.0000000000
47444  50.407  33.310  -5.994 0.0000000000
47445  50.369  32.830  -5.591 0.0000000000
47446  48.315  30.204  -0.853 0.0000000000
47447  48.844  30.640  -1.403 0.0000000000
47448  47.999  30.600  -1.090 0.0000000000
48697  52.752  27.063  4.346 0.0000000000
48698  52.657  26.748  4.649 0.0000000000
48699  53.046  27.057  4.698 0.0000000000
48700  53.783  27.414  7.881 0.0000000000
48701  54.031  27.062  7.723 0.0000000000
48702  53.995  26.962  8.298 0.0000000000
48703  54.168  26.520  8.688 0.0000000000
48704  53.888  26.887  8.810 0.0000000000
48705  49.170  29.635  9.332 0.0000000000
48706  49.768  29.392  9.129 0.0000000000
48707  49.506  29.124  9.621 0.0000000000
48708  51.170  26.257  12.938 0.0000000000
48709  51.371  26.385  12.243 0.0000000000
48710  51.737  26.043  12.901 0.0000000000
48711  52.339  25.874  12.814 0.0000000000
48712  52.141  25.711  13.589 0.0000000000
48713  52.583  25.379  14.280 0.0000000000
48714  52.008  25.594  14.303 0.0000000000
48821  51.560  32.195  2.886 0.0000000000
48822  51.188  32.836  2.799 0.0000000000
48823  51.649  32.358  2.417 0.0000000000
48824  51.737  32.422  1.869 0.0000000000
48825  52.038  31.840  2.014 0.0000000000
48826  52.296  31.356  1.675 0.0000000000
48827  52.310  31.217  2.142 0.0000000000
48828  53.062  27.868  4.081 0.0000000000
48829  52.886  27.945  3.659 0.0000000000
48830  52.853  27.473  4.045 0.0000000000
48831  52.523  27.117  3.989 0.0000000000
50790  52.172  24.545  7.189 0.0000000000
50791  51.508  24.338  7.387 0.0000000000
50792  52.040  24.050  7.581 0.0000000000
50793  50.899  21.339  10.363 0.0000000000
50794  50.463  21.368  9.850 0.0000000000
50795  50.124  21.046  10.443 0.0000000000
50796  49.381  20.700  10.453 0.0000000000
50797  49.827  20.635  11.001 0.0000000000
50798  54.391  19.730  14.700 0.0000000000
50799  53.929  20.018  14.329 0.0000000000
50800  53.756  19.285  14.412 0.0000000000
54053  50.544  27.429  2.843 0.0000000000
54054  49.989  27.742  2.620 0.0000000000
54055  49.630  27.376  3.099 0.0000000000
54056  47.333  26.987  4.136 0.0000000000
54057  47.770  27.306  3.697 0.0000000000
54058  46.832  27.208  3.998 0.0000000000
54059  46.302  27.405  3.904 0.0000000000
55170  52.922  21.881  18.688 0.0000000000
55171  53.581  21.398  18.636 0.0000000000
55172  52.997  21.144  18.773 0.0000000000
55173  52.241  19.395  18.696 0.0000000000
55174  52.907  19.642  18.666 0.0000000000
55175  52.812  18.897  18.558 0.0000000000
55176  53.356  18.432  18.410 0.0000000000
55177  52.702  18.174  18.526 0.0000000000
57043  51.242  33.748  -3.459 0.0000000000
57044  51.034  33.690  -3.988 0.0000000000
57045  51.098  33.181  -3.657 0.0000000000
58297  53.202  28.785  4.763 0.0000000000
58298  53.365  28.336  5.091 0.0000000000
58299  53.233  28.739  5.263 0.0000000000
58300  52.806  28.987  6.498 0.0000000000
58301  53.168  28.628  6.334 0.0000000000
58302  53.068  28.597  6.801 0.0000000000
58303  53.327  28.216  7.125 0.0000000000
58304  52.937  28.562  7.313 0.0000000000
58305  47.933  28.683  11.389 0.0000000000
58306  48.553  28.457  11.228 0.0000000000
58307  48.285  28.188  11.694 0.0000000000
58308  48.818  27.095  13.226 0.0000000000
58309  49.100  27.383  12.609 0.0000000000
58310  49.522  26.987  13.160 0.0000000000
58311  50.164  26.756  13.101 0.0000000000
58312  50.018  26.586  13.750 0.0000000000
58313  50.442  26.269  14.393 0.0000000000
58314  49.782  26.429  14.452 0.0000000000
58419  48.985  33.386  5.072 0.0000000000
58420  49.518  32.753  4.968 0.0000000000
58421  51.331  31.333  4.363 0.0000000000
58422  50.788  31.944  4.282 0.0000000000
58423  51.384  31.518  4.028 0.0000000000
58424  51.422  31.762  3.693 0.0000000000
58425  51.915  31.070  3.762 0.0000000000
58426  52.327  30.696  3.518 0.0000000000
58427  52.293  30.547  3.830 0.0000000000
58428  52.833  29.664  4.662 0.0000000000
58429  52.801  29.703  4.200 0.0000000000
58430  53.017  29.260  4.480 0.0000000000
58431  53.119  28.892  4.318 0.0000000000
60390  54.052  23.971  8.755 0.0000000000
60391  53.554  23.485  8.645 0.0000000000
60392  53.936  23.488  9.089 0.0000000000
60393  53.850  22.511  10.607 0.0000000000
60394  53.555  22.520  9.918 0.0000000000
60395  53.242  22.176  10.446 0.0000000000
60396  52.453  21.852  10.383 0.0000000000
60397  52.891  21.844  11.056 0.0000000000
60398  54.137  16.920  13.564 0.0000000000
64238  52.011  30.835  -0.611 0.0000000000
64239  51.757  30.891  -1.039 0.0000000000
64240  51.632  30.329  -0.691 0.0000000000
64241  50.017  29.208  0.081 0.0000000000
64242  50.364  29.569  -0.488 0.0000000000
64243  49.454  29.386  -0.187 0.0000000000
64244  49.037  29.672  -0.468 0.0000000000
64245  48.485  29.297  0.133 0.0000000000
64246  48.867  28.274  2.248 0.0000000000
64247  49.099  28.513  1.691 0.0000000000
64248  48.133  28.408  2.121 0.0000000000
65497  49.458  31.133  6.483 0.0000000000
65498  49.844  30.862  6.768 0.0000000000
65499  49.110  31.103  7.026 0.0000000000
65500  47.778  31.219  8.431 0.0000000000
65501  48.466  31.014  8.148 0.0000000000
65502  48.166  30.879  8.678 0.0000000000
65503  48.520  30.506  8.886 0.0000000000
65504  47.894  30.754  9.220 0.0000000000
65508  45.903  30.782  10.661 0.0000000000
65509  46.156  30.978  10.211 0.0000000000
65510  46.574  30.609  10.454 0.0000000000
65511  47.255  30.391  10.213 0.0000000000
65512  46.938  30.135  10.695 0.0000000000
65513  47.235  29.637  10.898 0.0000000000
65514  46.598  29.877  11.139 0.0000000000
65515  45.457  29.207  12.363 0.0000000000
65516  46.068  29.198  12.089 0.0000000000
65517  45.786  28.761  12.607 0.0000000000
65518  46.074  28.318  12.890 0.0000000000
65519  45.461  28.314  13.143 0.0000000000
65628  48.079  31.827  6.455 0.0000000000
65629  48.228  32.101  6.107 0.0000000000
65630  48.876  31.580  6.272 0.0000000000
65631  49.624  31.309  6.040 0.0000000000
67590  54.593  23.662  14.615 0.0000000000
67591  54.754  23.266  14.280 0.0000000000
67592  54.747  23.086  15.074 0.0000000000
67593  55.123  21.496  16.302 0.0000000000
67594  55.039  21.762  15.712 0.0000000000
67595  55.169  21.064  15.917 0.0000000000
67596  55.086  20.582  15.532 0.0000000000
67597  55.268  20.315  15.990 0.0000000000
67598  54.579  20.430  18.189 0.0000000000
67599  54.899  20.690  17.795 0.0000000000
67600  54.940  19.970  17.791 0.0000000000
67601  55.364  18.257  16.541 0.0000000000
67602  55.370  19.011  16.678 0.0000000000
67603  55.389  18.525  16.105 0.0000000000
67604  55.348  18.811  15.739 0.0000000000
67605  55.280  18.134  15.500 0.0000000000
67606  55.019  17.744  14.891 0.0000000000
67607  55.174  17.476  15.177 0.0000000000
73216  51.337  31.193  -1.783 0.0000000000
73217  51.447  31.853  -2.143 0.0000000000
73218  51.065  31.393  -2.116 0.0000000000
73219  49.732  31.513  -2.588 0.0000000000
73220  50.405  31.775  -2.775 0.0000000000
73221  50.064  31.877  -3.089 0.0000000000
73222  50.417  32.251  -3.638 0.0000000000
73223  49.742  31.987  -3.463 0.0000000000
73227  47.573  31.950  -3.739 0.0000000000
73228  47.896  31.794  -3.331 0.0000000000
73229  48.377  31.960  -3.949 0.0000000000
73230  49.100  32.054  -4.154 0.0000000000
73231  48.844  32.098  -4.586 0.0000000000
73232  49.346  32.190  -5.285 0.0000000000
73233  48.640  32.114  -5.017 0.0000000000
73235  48.262  32.229  -5.804 0.0000000000
73236  48.119  32.253  -6.291 0.0000000000
73238  48.020  32.229  -6.809 0.0000000000
76972  50.506  26.266  4.531 0.0000000000
76973  50.350  26.071  5.031 0.0000000000
76974  50.980  26.162  4.847 0.0000000000
76975  52.476  26.167  5.380 0.0000000000
76976  51.945  26.000  5.461 0.0000000000
76977  52.372  25.848  5.850 0.0000000000
76978  52.291  25.473  6.336 0.0000000000
76979  52.802  25.728  6.287 0.0000000000
76980  53.618  27.444  5.744 0.0000000000
76981  53.514  27.047  5.540 0.0000000000
76982  53.697  27.100  6.013 0.0000000000
76983  54.148  26.250  7.434 0.0000000000
76984  53.859  26.321  6.899 0.0000000000
76985  53.934  25.874  7.283 0.0000000000
76986  53.613  25.486  7.130 0.0000000000
76987  53.956  25.404  7.632 0.0000000000
76988  54.058  24.943  7.990 0.0000000000
76989  54.271  25.359  8.160 0.0000000000
76990  54.384  25.675  9.469 0.0000000000
76991  54.509  25.291  9.264 0.0000000000
76992  54.448  25.242  9.892 0.0000000000
76993  54.493  24.798  10.339 0.0000000000
76994  54.361  25.205  10.586 0.0000000000
76995  50.524  30.216  7.343 0.0000000000
76996  51.176  29.973  7.073 0.0000000000
76997  50.848  29.899  7.536 0.0000000000
76998  51.167  28.945  8.698 0.0000000000
76999  51.489  29.130  8.145 0.0000000000
77000  51.795  28.699  8.504 0.0000000000
77001  52.373  28.392  8.312 0.0000000000
77002  52.067  28.169  8.877 0.0000000000
77003  49.790  27.908  10.927 0.0000000000
77004  50.048  28.110  10.341 0.0000000000
77005  50.381  27.563  10.758 0.0000000000
77006  51.970  26.794  10.932 0.0000000000
77007  51.669  27.209  10.465 0.0000000000
77008  52.280  27.021  10.312 0.0000000000
77009  52.613  27.242  9.684 0.0000000000
77010  52.846  26.824  10.165 0.0000000000
77011  53.363  26.648  9.998 0.0000000000
77012  53.119  26.436  10.653 0.0000000000
77013  53.309  25.487  12.629 0.0000000000
77014  53.474  25.687  11.786 0.0000000000
77015  53.714  25.304  12.387 0.0000000000
77016  54.071  25.019  12.162 0.0000000000
77017  54.018  24.914  13.049 0.0000000000
77018  54.263  24.569  13.643 0.0000000000
77019  53.974  24.835  13.885 0.0000000000
77020  53.343  24.739  15.516 0.0000000000
77021  53.745  24.542  15.370 0.0000000000
77022  53.648  24.368  16.082 0.0000000000
77023  53.916  23.892  16.556 0.0000000000
77024  53.442  24.237  16.680 0.0000000000
77025  51.185  25.674  15.773 0.0000000000
77026  51.716  25.396  15.728 0.0000000000
77027  51.508  25.327  16.496 0.0000000000
77028  51.878  24.502  18.298 0.0000000000
77029  52.188  24.644  17.748 0.0000000000
77030  52.465  24.206  18.163 0.0000000000
77031  52.970  23.868  17.891 0.0000000000
77032  52.644  23.700  18.428 0.0000000000
77033  52.726  23.095  18.548 0.0000000000
77034  52.185  23.384  18.781 0.0000000000
77351  51.857  32.605  0.866 0.0000000000
77352  51.413  33.212  0.733 0.0000000000
77353  51.799  32.762  0.393 0.0000000000
77354  51.786  32.936  -0.110 0.0000000000
77355  52.054  32.274  0.060 0.0000000000
77356  52.215  31.742  -0.271 0.0000000000
77357  52.259  31.646  0.231 0.0000000000
77358  52.490  30.410  1.151 0.0000000000
77359  52.401  30.525  0.683 0.0000000000
77360  52.455  29.980  0.990 0.0000000000
77361  52.294  29.572  0.921 0.0000000000
77363  52.809  29.912  2.957 0.0000000000
77364  52.776  29.972  2.525 0.0000000000
77365  52.859  29.447  2.798 0.0000000000
77366  52.655  28.141  2.918 0.0000000000
77367  52.719  28.702  2.579 0.0000000000
77368  52.475  28.336  2.516 0.0000000000
77369  52.319  28.512  2.110 0.0000000000
77370  52.135  28.004  2.506 0.0000000000
77371  51.680  27.756  2.584 0.0000000000
77372  51.933  27.540  2.919 0.0000000000
77373  51.528  26.593  3.971 0.0000000000
77374  51.307  26.705  3.702 0.0000000000
77375  50.910  26.448  4.083 0.0000000000
77376  50.209  26.362  4.245 0.0000000000
83250  49.967  25.555  6.039 0.0000000000
83251  49.238  25.362  6.339 0.0000000000
83252  49.740  25.167  6.674 0.0000000000
83253  50.107  23.871  7.783 0.0000000000
83254  49.521  24.173  7.636 0.0000000000
83255  49.365  23.607  7.891 0.0000000000
83256  48.605  23.376  8.005 0.0000000000
83257  49.140  23.032  8.024 0.0000000000
83258  52.285  22.762  8.505 0.0000000000
83259  51.700  22.943  8.190 0.0000000000
83260  51.523  22.408  8.414 0.0000000000
83261  49.623  21.489  8.812 0.0000000000
83262  49.917  21.895  8.335 0.0000000000
83263  49.193  21.642  8.364 0.0000000000
83264  48.679  21.898  8.165 0.0000000000
83265  48.433  21.377  8.522 0.0000000000
83273  54.624  22.333  13.689 0.0000000000
83274  54.503  22.400  12.918 0.0000000000
83275  54.306  21.944  13.371 0.0000000000
83276  53.017  20.561  13.474 0.0000000000
83277  53.240  21.174  13.034 0.0000000000
83278  52.550  20.837  12.921 0.0000000000
83279  52.118  21.088  12.282 0.0000000000
83280  51.779  20.468  12.811 0.0000000000
83287  50.260  19.650  12.513 0.0000000000
83289  49.032  19.342  11.855 0.0000000000
83324  52.593  16.760  18.569 0.0000000000
92321  47.837  24.860  6.975 0.0000000000
92336  49.608  26.737  3.718 0.0000000000
92337  49.176  27.028  3.532 0.0000000000
92338  48.685  26.719  3.957 0.0000000000
92339  47.782  26.693  4.255 0.0000000000
93009  51.566  19.824  18.681 0.0000000000
93010  51.498  19.072  18.667 0.0000000000
94130  51.449  33.814  -2.448 0.0000000000
94131  51.487  33.217  -2.730 0.0000000000
94882  52.799  29.561  5.134 0.0000000000
94883  52.985  29.178  5.476 0.0000000000
94884  52.673  29.493  5.637 0.0000000000
94885  52.558  29.405  6.127 0.0000000000
94886  52.357  29.378  6.654 0.0000000000
94887  47.338  28.161  12.358 0.0000000000
94888  48.008  27.956  12.226 0.0000000000
94889  47.701  27.658  12.813 0.0000000000
94890  48.118  27.203  13.317 0.0000000000
94891  48.576  26.828  13.857 0.0000000000
94892  49.033  26.540  14.455 0.0000000000
94893  48.309  26.648  14.495 0.0000000000
94955  49.899  31.785  5.215 0.0000000000
94956  50.021  32.095  4.895 0.0000000000
94957  50.550  31.459  4.897 0.0000000000
94958  51.217  31.192  4.709 0.0000000000
94959  51.824  30.861  4.489 0.0000000000
94960  52.258  30.469  4.205 0.0000000000
94961  52.228  30.359  4.636 0.0000000000
94962  52.541  29.960  4.862 0.0000000000
96138  54.474  23.871  9.926 0.0000000000
96139  54.218  23.392  9.693 0.0000000000
96140  54.423  23.369  10.387 0.0000000000
96141  54.287  22.903  10.855 0.0000000000
96142  54.066  22.490  11.369 0.0000000000
98447  51.847  29.785  0.063 0.0000000000
98448  51.458  29.803  -0.274 0.0000000000
98449  51.353  29.366  0.146 0.0000000000
98450  50.582  29.072  0.312 0.0000000000
98451  49.652  28.937  0.645 0.0000000000
98452  46.905  27.988  3.063 0.0000000000
98453  47.184  28.276  2.534 0.0000000000
98454  46.288  28.094  2.884 0.0000000000
99203  48.407  31.396  7.240 0.0000000000
99204  47.651  31.594  7.449 0.0000000000
99205  47.328  31.457  8.018 0.0000000000
99206  47.007  31.381  8.636 0.0000000000
99208  45.005  31.391  10.170 0.0000000000
99209  44.837  31.254  10.673 0.0000000000
99210  45.259  30.909  10.916 0.0000000000
99211  45.631  30.479  11.153 0.0000000000
99212  46.005  30.002  11.411 0.0000000000
99213  45.388  30.108  11.663 0.0000000000
99214  45.082  29.682  12.150 0.0000000000
99215  44.782  29.201  12.588 0.0000000000
100458  54.515  23.231  16.115 0.0000000000
100459  54.751  22.840  15.772 0.0000000000
100460  54.718  22.551  16.414 0.0000000000
100461  54.932  21.886  16.665 0.0000000000
100462  55.142  21.204  16.860 0.0000000000
100463  54.551  18.932  18.030 0.0000000000
100464  54.930  19.191  17.670 0.0000000000
100465  54.897  18.452  17.545 0.0000000000
100466  55.161  18.007  17.012 0.0000000000
100467  55.257  17.595  16.288 0.0000000000
100468  55.188  17.210  15.529 0.0000000000
100469  55.052  16.991  15.871 0.0000000000
103831  50.237  33.804  -6.312 0.0000000000
103832  50.276  33.282  -6.442 0.0000000000
103833  50.099  32.876  -6.417 0.0000000000
103834  50.049  30.476  -1.472 0.0000000000
103835  50.468  31.021  -1.965 0.0000000000
103836  49.710  30.769  -1.715 0.0000000000
103837  49.273  31.147  -1.983 0.0000000000
103838  48.895  31.324  -2.243 0.0000000000
103840  46.522  31.657  -2.336 0.0000000000
103842  46.761  32.001  -3.430 0.0000000000
103843  47.276  32.088  -4.107 0.0000000000
103844  47.830  32.133  -4.743 0.0000000000
106087  51.771  26.512  4.285 0.0000000000
106088  51.584  26.258  4.701 0.0000000000
106089  52.163  26.491  4.653 0.0000000000
106090  52.538  26.434  4.971 0.0000000000
106091  52.925  26.373  5.335 0.0000000000
106092  53.767  27.414  6.724 0.0000000000
106093  53.841  27.047  6.593 0.0000000000
106094  53.969  27.080  7.172 0.0000000000
106095  54.149  26.660  7.579 0.0000000000
106096  54.308  26.201  7.971 0.0000000000
106097  54.422  25.763  8.343 0.0000000000
106098  54.343  26.144  8.510 0.0000000000
106099  54.279  26.101  9.054 0.0000000000
106100  54.139  26.079  9.693 0.0000000000
106101  49.787  30.084  8.268 0.0000000000
106102  50.489  29.801  8.039 0.0000000000
106103  50.156  29.637  8.574 0.0000000000
106104  50.488  29.167  8.912 0.0000000000
106105  50.811  28.672  9.259 0.0000000000
106106  50.477  27.033  11.827 0.0000000000
106107  50.721  27.139  11.200 0.0000000000
106108  51.065  26.781  11.697 0.0000000000
106109  51.653  26.574  11.583 0.0000000000
106110  52.265  26.408  11.456 0.0000000000
106111  52.812  26.235  11.350 0.0000000000
106112  52.541  26.039  12.085 0.0000000000
106113  52.846  25.683  12.755 0.0000000000
106114  53.179  25.343  13.433 0.0000000000
106115  53.547  25.035  14.046 0.0000000000
106116  53.069  25.215  14.179 0.0000000000
106117  52.983  25.038  14.908 0.0000000000
106118  52.765  24.949  15.581 0.0000000000
106120  51.297  25.238  17.215 0.0000000000
106123  51.513  24.309  18.762 0.0000000000
106309  50.526  33.161  3.674 0.0000000000
106311  50.661  33.330  3.193 0.0000000000
106315  51.347  32.979  1.683 0.0000000000
106316  51.814  32.503  1.346 0.0000000000
106317  52.132  32.030  1.008 0.0000000000
106318  52.312  31.543  0.695 0.0000000000
106319  52.305  31.469  1.191 0.0000000000
106320  52.457  30.878  1.407 0.0000000000
106321  52.620  30.249  1.598 0.0000000000
106322  52.996  28.879  3.420 0.0000000000
106323  52.890  28.922  3.054 0.0000000000
106324  52.903  28.394  3.305 0.0000000000
106325  52.756  28.016  3.281 0.0000000000
106326  52.582  27.628  3.268 0.0000000000
106327  52.142  27.338  3.275 0.0000000000
106328  52.353  27.182  3.626 0.0000000000
106329  52.075  26.828  3.935 0.0000000000
109854  51.112  25.151  6.639 0.0000000000
109855  50.314  24.921  6.978 0.0000000000
109856  50.922  24.638  7.197 0.0000000000
109857  50.778  24.087  7.603 0.0000000000
109858  50.626  23.526  7.857 0.0000000000
109859  51.661  21.906  9.234 0.0000000000
109860  51.211  22.004  8.818 0.0000000000
109861  50.837  21.670  9.300 0.0000000000
109862  50.039  21.409  9.316 0.0000000000
109863  49.308  21.139  9.361 0.0000000000
109864  48.554  20.824  9.404 0.0000000000
109865  48.966  20.765  9.907 0.0000000000
109866  48.580  20.287  10.462 0.0000000000
109868  54.516  21.106  14.485 0.0000000000
109869  54.189  21.334  13.814 0.0000000000
109870  54.073  20.694  14.131 0.0000000000
109871  53.462  20.299  13.955 0.0000000000
109872  52.766  19.894  13.742 0.0000000000
115610  51.050  28.177  1.851 0.0000000000
115611  50.501  28.322  1.583 0.0000000000
115612  50.233  28.051  2.095 0.0000000000
115613  49.417  28.014  2.422 0.0000000000
115614  48.541  27.980  2.816 0.0000000000
115615  48.719  27.322  3.381 0.0000000000
115616  48.177  27.608  3.264 0.0000000000
115617  47.543  27.858  3.191 0.0000000000
115618  46.634  27.711  3.511 0.0000000000
117174  53.863  22.340  18.299 0.0000000000
117175  54.399  21.816  18.029 0.0000000000
117176  54.063  21.633  18.407 0.0000000000
117177  54.179  20.888  18.458 0.0000000000
117178  54.158  20.189  18.470 0.0000000000
117179  52.962  20.405  18.764 0.0000000000
117180  53.554  19.918  18.615 0.0000000000
117181  54.118  19.426  18.367 0.0000000000
117182  54.029  18.682  18.275 0.0000000000
117183  53.905  17.983  18.191 0.0000000000
117184  53.786  17.292  18.000 0.0000000000
119797  50.825  34.199  -4.281 0.0000000000
119798  50.839  33.573  -4.521 0.0000000000
119799  50.662  32.981  -4.653 0.0000000000
121552  53.220  27.879  4.551 0.0000000000
121553  53.265  27.460  4.838 0.0000000000
121554  53.366  27.942  4.955 0.0000000000
121555  53.505  27.861  5.428 0.0000000000
121556  53.576  27.816  5.917 0.0000000000
121557  53.218  28.707  5.810 0.0000000000
121558  53.424  28.243  6.099 0.0000000000
121559  53.604  27.817  6.392 0.0000000000
121560  53.623  27.860  6.931 0.0000000000
121561  53.565  27.829  7.457 0.0000000000
121562  53.401  27.754  8.013 0.0000000000
121563  48.553  29.119  10.400 0.0000000000
121564  49.203  28.852  10.151 0.0000000000
121565  48.876  28.637  10.690 0.0000000000
121566  49.185  28.189  11.065 0.0000000000
121567  49.530  27.709  11.462 0.0000000000
121568  48.680  27.773  12.119 0.0000000000
121569  49.297  27.528  12.001 0.0000000000
121570  49.910  27.280  11.925 0.0000000000
121571  50.321  26.888  12.458 0.0000000000
121572  50.708  26.524  13.020 0.0000000000
121573  51.099  26.221  13.664 0.0000000000
121574  51.474  25.871  14.310 0.0000000000
121575  50.996  26.092  14.331 0.0000000000
121576  50.831  25.968  15.077 0.0000000000
121578  49.537  26.289  15.159 0.0000000000
121724  49.093  33.709  4.822 0.0000000000
121725  49.770  33.340  4.449 0.0000000000
121726  50.141  32.348  4.578 0.0000000000
121727  50.281  32.630  4.327 0.0000000000
121728  50.416  32.934  4.057 0.0000000000
121729  50.980  32.476  3.675 0.0000000000
121730  51.447  31.982  3.312 0.0000000000
121731  51.916  31.519  2.971 0.0000000000
121732  52.285  31.087  2.648 0.0000000000
121733  52.306  30.903  3.114 0.0000000000
121734  52.599  30.312  3.199 0.0000000000
121735  52.814  29.844  3.398 0.0000000000
121736  52.564  30.117  3.973 0.0000000000
121737  52.803  29.744  3.765 0.0000000000
121738  52.953  29.359  3.609 0.0000000000
121739  53.048  28.841  3.842 0.0000000000
121740  53.133  28.363  4.147 0.0000000000
124482  53.233  24.186  7.873 0.0000000000
124483  52.622  23.823  7.896 0.0000000000
124484  53.114  23.614  8.237 0.0000000000
124485  52.968  23.091  8.572 0.0000000000
124486  52.796  22.607  8.902 0.0000000000
124487  53.797  22.935  9.469 0.0000000000
124488  53.205  22.502  9.352 0.0000000000
124489  52.476  22.192  9.280 0.0000000000
124490  52.082  21.860  9.782 0.0000000000
124491  51.691  21.593  10.373 0.0000000000
124492  51.342  21.327  10.973 0.0000000000
124493  54.237  18.281  14.446 0.0000000000
124494  53.693  18.536  14.292 0.0000000000
124495  53.654  17.844  13.981 0.0000000000
129752  51.948  32.167  -1.084 0.0000000000
129753  51.815  32.304  -1.548 0.0000000000
129754  51.819  31.560  -1.318 0.0000000000
129755  51.543  31.004  -1.434 0.0000000000
129756  51.084  30.542  -1.395 0.0000000000
129757  51.087  29.886  -0.623 0.0000000000
129758  50.734  29.986  -0.968 0.0000000000
129759  50.367  30.175  -1.268 0.0000000000
129760  49.558  30.032  -0.980 0.0000000000
129761  48.668  29.951  -0.675 0.0000000000
129763  49.941  28.513  1.342 0.0000000000
129764  49.346  28.718  1.172 0.0000000000
129765  48.751  28.856  1.042 0.0000000000
129766  47.510  28.534  1.987 0.0000000000
129767  47.838  28.776  1.406 0.0000000000
129768  48.158  29.025  0.782 0.0000000000
131347  50.850  30.745  5.955 0.0000000000
131348  51.176  30.420  6.264 0.0000000000
131349  50.535  30.651  6.486 0.0000000000
131350  50.193  30.542  7.074 0.0000000000
131351  49.835  30.475  7.600 0.0000000000
131352  48.777  31.089  7.575 0.0000000000
131353  49.114  30.766  7.830 0.0000000000
131354  49.454  30.422  8.053 0.0000000000
131355  49.143  30.287  8.567 0.0000000000
131356  48.844  30.131  9.106 0.0000000000
131357  48.543  29.908  9.632 0.0000000000
131360  46.695  31.270  9.210 0.0000000000
131361  45.700  31.273  9.942 0.0000000000
131362  46.410  31.149  9.729 0.0000000000
131363  47.168  30.945  9.481 0.0000000000
131364  47.597  30.574  9.705 0.0000000000
131365  47.898  30.217  9.961 0.0000000000
131366  48.230  29.660  10.171 0.0000000000
131367  47.856  29.366  10.661 0.0000000000
131368  47.570  29.172  11.123 0.0000000000
131369  47.298  28.907  11.573 0.0000000000
131370  46.348  29.577  11.602 0.0000000000
131371  46.667  29.107  11.826 0.0000000000
131372  46.998  28.600  12.081 0.0000000000
131373  46.697  28.229  12.625 0.0000000000
131374  46.399  27.778  13.171 0.0000000000
131375  46.115  27.415  13.757 0.0000000000
131511  47.963  33.380  5.547 0.0000000000
131512  48.571  32.695  5.456 0.0000000000
131514  48.363  32.377  5.709 0.0000000000
131515  49.183  32.086  5.487 0.0000000000
131516  49.782  31.561  5.616 0.0000000000
131517  50.315  31.090  5.744 0.0000000000
133998  54.637  23.871  13.065 0.0000000000
133999  54.698  23.398  12.770 0.0000000000
134000  54.734  23.374  13.566 0.0000000000
134001  54.771  22.819  13.977 0.0000000000
134002  54.737  22.210  14.463 0.0000000000
134003  54.893  22.441  15.417 0.0000000000
134004  54.882  22.027  15.107 0.0000000000
134005  54.776  21.551  14.831 0.0000000000
134006  54.813  20.855  15.027 0.0000000000
134007  54.824  20.135  15.065 0.0000000000
134008  54.852  19.428  15.038 0.0000000000
134009  54.769  21.332  17.727 0.0000000000
134010  55.076  20.915  17.332 0.0000000000
134011  55.305  20.484  16.963 0.0000000000
134012  55.213  19.487  17.285 0.0000000000
134013  55.378  19.846  16.816 0.0000000000
134014  55.358  20.025  16.450 0.0000000000
134015  55.314  19.524  15.982 0.0000000000
134016  55.181  19.145  15.364 0.0000000000
134017  54.798  18.712  14.893 0.0000000000
134018  54.697  18.001  14.630 0.0000000000
134019  54.623  17.340  14.230 0.0000000000
141007  51.666  32.414  -2.011 0.0000000000
141008  51.525  32.499  -2.499 0.0000000000
141009  51.312  32.613  -2.894 0.0000000000
141010  50.747  31.598  -2.436 0.0000000000
141011  50.957  32.140  -2.903 0.0000000000
141012  51.063  32.664  -3.295 0.0000000000
141013  50.843  32.670  -3.733 0.0000000000
141014  50.617  32.607  -4.165 0.0000000000
141015  50.372  32.511  -4.631 0.0000000000
141017  48.051  31.251  -1.907 0.0000000000
141018  48.568  31.532  -2.546 0.0000000000
141019  47.345  31.630  -2.651 0.0000000000
141020  48.230  31.700  -2.882 0.0000000000
141021  49.018  31.792  -3.184 0.0000000000
141022  49.408  32.010  -3.802 0.0000000000
141023  49.786  32.210  -4.426 0.0000000000
141024  50.143  32.445  -5.044 0.0000000000
141025  49.935  32.442  -5.436 0.0000000000
141026  49.826  32.450  -5.875 0.0000000000
141027  49.677  32.440  -6.283 0.0000000000
141028  48.461  32.140  -5.395 0.0000000000
141029  49.052  32.217  -6.079 0.0000000000
145582  49.124  26.063  4.909 0.0000000000
145583  48.959  25.808  5.435 0.0000000000
145584  49.631  25.946  5.198 0.0000000000
145585  50.148  25.839  5.515 0.0000000000
145586  50.649  25.729  5.806 0.0000000000
145587  51.446  26.081  5.149 0.0000000000
145588  51.303  25.845  5.625 0.0000000000
145589  51.174  25.539  6.121 0.0000000000
145590  51.718  25.291  6.424 0.0000000000
145591  52.245  25.015  6.798 0.0000000000
145592  52.700  24.857  7.103 0.0000000000
145593  53.291  27.043  5.104 0.0000000000
145594  53.295  26.662  5.381 0.0000000000
145595  53.264  26.354  5.843 0.0000000000
145596  53.765  26.720  6.474 0.0000000000
145597  53.553  26.356  6.374 0.0000000000
145598  53.237  26.004  6.282 0.0000000000
145599  53.204  25.616  6.684 0.0000000000
145600  53.163  25.189  7.027 0.0000000000
145601  53.208  24.689  7.479 0.0000000000
145602  53.755  24.524  7.874 0.0000000000
145603  54.081  24.453  8.365 0.0000000000
145604  54.308  24.400  8.889 0.0000000000
145605  54.470  25.342  8.711 0.0000000000
145606  54.470  24.865  9.061 0.0000000000
145607  54.460  24.352  9.440 0.0000000000
145608  54.529  24.349  10.122 0.0000000000
145609  54.536  24.327  10.870 0.0000000000
145610  54.512  24.295  11.651 0.0000000000
145611  51.492  30.069  6.571 0.0000000000
145612  51.785  29.707  6.864 0.0000000000
145613  52.092  29.261  7.165 0.0000000000
145614  51.169  29.508  7.812 0.0000000000
145615  51.806  29.187  7.650 0.0000000000
145616  52.386  28.897  7.466 0.0000000000
145617  52.659  28.535  7.769 0.0000000000
145618  52.910  28.074  8.135 0.0000000000
145619  53.211  27.638  8.562 0.0000000000
145620  49.821  28.597  9.972 0.0000000000
145621  50.439  28.383  9.787 0.0000000000
145622  51.080  28.140  9.599 0.0000000000
145623  51.029  27.339  10.603 0.0000000000
145624  51.372  27.662  10.016 0.0000000000
145625  51.730  27.931  9.454 0.0000000000
145626  52.369  27.681  9.251 0.0000000000
145627  52.979  27.403  9.080 0.0000000000
145628  53.467  27.196  8.957 0.0000000000
145629  53.656  26.781  9.376 0.0000000000
145630  53.806  26.402  9.849 0.0000000000
145631  53.923  25.982  10.319 0.0000000000
145632  53.286  26.059  11.210 0.0000000000
145633  53.680  25.854  11.011 0.0000000000
145634  54.050  25.552  10.809 0.0000000000
145635  54.202  25.106  11.336 0.0000000000
145636  54.336  24.703  11.901 0.0000000000
145637  54.501  24.284  12.486 0.0000000000
145638  54.499  24.271  13.361 0.0000000000
145639  54.455  24.163  14.163 0.0000000000
145640  54.385  23.987  14.948 0.0000000000
145641  53.841  24.680  14.633 0.0000000000
145642  54.099  24.286  15.181 0.0000000000
145643  54.355  23.854  15.697 0.0000000000
145644  54.270  23.551  16.339 0.0000000000
145645  54.164  23.313  16.937 0.0000000000
145646  53.985  23.129  17.521 0.0000000000
145647  51.845  25.470  14.980 0.0000000000
145648  52.210  25.169  15.649 0.0000000000
145649  52.581  24.859  16.319 0.0000000000
145650  51.853  25.006  17.169 0.0000000000
145651  52.388  24.758  17.069 0.0000000000
145652  52.928  24.498  16.879 0.0000000000
145653  53.244  24.063  17.320 0.0000000000
145654  53.474  23.530  17.666 0.0000000000
145655  53.683  22.945  18.015 0.0000000000
145656  53.288  22.727  18.421 0.0000000000
145657  52.812  22.486  18.615 0.0000000000
145685  44.443  28.756  13.054 0.0000000000
146017  51.689  33.276  -1.079 0.0000000000
146042  51.383  33.578  -0.354 0.0000000000
146043  51.725  33.092  -0.611 0.0000000000
146044  51.902  32.636  -0.863 0.0000000000
146045  52.093  31.930  -0.688 0.0000000000
146046  52.176  31.278  -0.467 0.0000000000
146047  52.165  30.711  -0.182 0.0000000000
146048  52.383  31.058  0.436 0.0000000000
146049  52.337  30.600  0.273 0.0000000000
146050  52.147  30.160  0.152 0.0000000000
146051  52.106  29.678  0.528 0.0000000000
146053  51.806  28.760  1.260 0.0000000000
146054  52.569  30.583  2.309 0.0000000000
146055  52.689  30.112  2.074 0.0000000000
146056  52.701  29.699  1.912 0.0000000000
146057  52.812  29.060  2.673 0.0000000000
146058  52.736  29.211  2.243 0.0000000000
146060  52.410  29.020  1.720 0.0000000000
146061  52.087  28.607  1.655 0.0000000000
146062  51.609  28.341  1.725 0.0000000000
146063  51.383  27.966  2.242 0.0000000000
146064  51.156  27.587  2.694 0.0000000000
146065  50.806  27.161  3.151 0.0000000000
146066  51.657  27.074  3.327 0.0000000000
146067  51.089  26.886  3.440 0.0000000000
146068  50.378  26.803  3.570 0.0000000000
146069  49.922  26.528  3.975 0.0000000000
146070  49.493  26.298  4.431 0.0000000000
153147  48.717  25.503  6.036 0.0000000000
153148  48.526  25.152  6.637 0.0000000000
153149  48.412  24.698  7.254 0.0000000000
153150  49.596  24.693  7.246 0.0000000000
153151  48.951  24.451  7.466 0.0000000000
153152  48.268  24.183  7.689 0.0000000000
153153  48.083  23.661  7.938 0.0000000000
153154  47.886  23.116  8.047 0.0000000000
153155  47.694  22.538  8.097 0.0000000000
153156  51.897  23.527  7.920 0.0000000000
153157  51.158  23.216  7.976 0.0000000000
153158  50.427  22.959  8.011 0.0000000000
153159  50.687  22.182  8.402 0.0000000000
153160  50.182  22.429  8.130 0.0000000000
153161  49.679  22.708  8.021 0.0000000000
153162  48.905  22.480  8.062 0.0000000000
153163  48.195  22.220  8.113 0.0000000000
153168  47.849  20.454  9.461 0.0000000000
153174  54.609  22.913  12.447 0.0000000000
153175  54.303  22.476  12.100 0.0000000000
153176  53.779  22.125  11.951 0.0000000000
153177  53.816  21.544  13.145 0.0000000000
153178  53.489  21.737  12.460 0.0000000000
153179  53.190  21.805  11.798 0.0000000000
153180  52.527  21.513  11.754 0.0000000000
153181  51.759  21.205  11.649 0.0000000000
153182  50.951  20.862  11.559 0.0000000000
153183  53.109  18.803  14.084 0.0000000000
153189  51.071  20.101  12.669 0.0000000000
153190  50.597  20.309  12.069 0.0000000000
153191  50.183  20.490  11.502 0.0000000000
153192  49.407  20.079  11.436 0.0000000000
153193  48.562  19.485  11.325 0.0000000000
153234  52.660  17.452  18.623 0.0000000000
153235  53.181  17.051  18.266 0.0000000000
153236  53.600  16.700  17.659 0.0000000000
