#!ascii label  , from subject fsaverage vox2ras=TkReg
703
121  7.738  55.656  -10.342 0.0000000000
525  9.347  62.620  9.049 0.0000000000
1158  7.537  62.358  -6.979 0.0000000000
1159  8.549  60.615  -0.676 0.0000000000
1160  9.940  55.166  -4.028 0.0000000000
1633  7.008  60.234  -12.931 0.0000000000
1634  6.778  55.629  -17.126 0.0000000000
2218  8.843  61.120  14.540 0.0000000000
2220  10.301  64.376  3.357 0.0000000000
2221  9.813  58.403  4.754 0.0000000000
3078  7.429  58.954  -8.593 0.0000000000
3079  9.523  59.184  -5.247 0.0000000000
3080  10.296  56.091  -7.308 0.0000000000
3084  8.180  53.085  -12.027 0.0000000000
3681  8.281  62.261  -10.729 0.0000000000
3682  9.580  59.046  -12.973 0.0000000000
3683  8.752  58.251  -15.734 0.0000000000
4908  11.357  63.656  11.029 0.0000000000
4909  10.541  63.402  14.221 0.0000000000
4910  9.656  62.318  11.827 0.0000000000
4911  9.716  59.105  12.503 0.0000000000
4912  9.645  59.834  9.370 0.0000000000
4915  10.538  65.374  0.428 0.0000000000
4916  10.247  57.296  -0.143 0.0000000000
4917  10.365  59.821  1.963 0.0000000000
4935  7.350  54.664  -19.767 0.0000000000
4936  6.483  52.437  -18.913 0.0000000000
6691  11.401  63.079  8.034 0.0000000000
6692  8.455  64.683  -4.852 0.0000000000
6693  8.535  64.352  -1.497 0.0000000000
6694  8.427  61.909  -3.263 0.0000000000
6695  8.848  57.705  -2.538 0.0000000000
7649  7.941  63.942  -8.365 0.0000000000
7650  6.696  61.633  -10.100 0.0000000000
7651  6.168  58.654  -11.765 0.0000000000
7652  6.745  55.957  -13.515 0.0000000000
7653  6.601  58.141  -15.169 0.0000000000
7654  7.771  57.256  -18.230 0.0000000000
9223  12.198  63.993  5.096 0.0000000000
9224  9.768  63.323  6.111 0.0000000000
9225  9.325  63.331  1.094 0.0000000000
9226  9.843  61.794  4.195 0.0000000000
9227  9.203  60.463  6.830 0.0000000000
9249  7.533  53.116  -15.607 0.0000000000
10758  7.565  57.246  -9.360 0.0000000000
10759  8.802  57.583  -8.002 0.0000000000
10760  9.039  55.926  -8.881 0.0000000000
10761  10.484  54.624  -8.243 0.0000000000
10762  9.054  54.471  -9.793 0.0000000000
10763  9.006  53.159  -10.593 0.0000000000
10764  7.939  54.390  -11.172 0.0000000000
12588  10.188  63.274  10.074 0.0000000000
12589  10.180  63.338  11.524 0.0000000000
12590  9.565  62.463  10.395 0.0000000000
12591  9.635  61.171  10.614 0.0000000000
12592  9.297  61.383  9.291 0.0000000000
12616  7.130  53.194  -20.438 0.0000000000
14991  12.516  62.486  8.894 0.0000000000
14992  12.721  62.583  7.253 0.0000000000
14993  7.839  63.651  -5.855 0.0000000000
14994  8.199  63.594  -4.003 0.0000000000
14995  8.293  62.278  -5.025 0.0000000000
14996  10.143  57.197  -4.499 0.0000000000
14997  9.355  58.500  -3.633 0.0000000000
14998  9.329  56.537  -3.333 0.0000000000
14999  9.368  56.038  -2.099 0.0000000000
15000  9.061  54.716  -2.852 0.0000000000
15002  9.101  53.531  -3.700 0.0000000000
16803  7.570  61.334  -11.813 0.0000000000
16804  7.179  62.250  -10.611 0.0000000000
16805  6.698  61.009  -11.510 0.0000000000
16806  6.426  60.111  -10.851 0.0000000000
16807  6.280  59.721  -12.472 0.0000000000
16808  6.216  58.505  -13.451 0.0000000000
16809  6.726  59.175  -14.086 0.0000000000
16811  8.233  57.838  -17.056 0.0000000000
20486  9.529  62.578  14.406 0.0000000000
20488  8.993  61.904  15.693 0.0000000000
20490  8.678  60.313  15.650 0.0000000000
20501  11.487  64.897  2.830 0.0000000000
20502  12.536  64.464  3.691 0.0000000000
20503  11.099  64.499  4.332 0.0000000000
20504  10.800  64.083  5.686 0.0000000000
20505  9.941  64.014  4.741 0.0000000000
20506  8.226  62.749  -1.071 0.0000000000
20507  8.699  63.978  -0.182 0.0000000000
20508  8.831  62.218  0.063 0.0000000000
20509  10.442  59.174  3.609 0.0000000000
20510  10.190  60.931  3.122 0.0000000000
20511  10.025  60.134  4.663 0.0000000000
20512  9.637  61.113  5.641 0.0000000000
20513  9.486  59.370  5.803 0.0000000000
20514  8.930  58.788  6.991 0.0000000000
20515  9.027  57.676  5.847 0.0000000000
20565  6.727  55.869  -15.356 0.0000000000
20566  7.264  54.577  -14.564 0.0000000000
20567  6.975  54.337  -16.441 0.0000000000
20568  6.130  50.855  -19.425 0.0000000000
20569  6.451  51.219  -18.060 0.0000000000
23972  7.398  60.719  -7.835 0.0000000000
23973  8.417  60.838  -6.214 0.0000000000
23974  8.646  59.229  -7.181 0.0000000000
23975  9.982  57.662  -6.290 0.0000000000
23976  10.800  55.774  -5.408 0.0000000000
23977  10.500  53.876  -4.812 0.0000000000
23978  11.201  54.423  -6.353 0.0000000000
23984  8.366  51.848  -12.865 0.0000000000
25059  8.864  60.816  -11.689 0.0000000000
25060  8.136  60.003  -12.995 0.0000000000
25061  7.749  59.265  -14.246 0.0000000000
25062  9.216  58.763  -14.366 0.0000000000
27266  12.389  63.494  12.053 0.0000000000
27268  11.001  63.752  12.771 0.0000000000
27269  9.959  63.144  13.100 0.0000000000
27270  9.360  61.854  13.339 0.0000000000
27271  9.075  60.113  13.540 0.0000000000
27272  9.598  60.749  12.195 0.0000000000
27273  9.947  59.565  10.857 0.0000000000
27279  10.475  65.014  1.905 0.0000000000
27280  9.279  58.860  -0.475 0.0000000000
27281  9.467  60.249  0.370 0.0000000000
27282  10.287  58.651  0.863 0.0000000000
27283  10.765  58.187  2.424 0.0000000000
27315  6.986  55.264  -18.649 0.0000000000
27316  6.807  53.985  -18.149 0.0000000000
27317  6.763  53.664  -19.425 0.0000000000
27318  6.500  52.158  -20.064 0.0000000000
27319  6.239  50.443  -20.470 0.0000000000
30971  12.548  62.968  10.416 0.0000000000
30972  11.356  63.251  9.431 0.0000000000
30973  10.214  63.202  8.631 0.0000000000
30976  8.650  64.686  -3.113 0.0000000000
30977  8.204  63.248  -2.437 0.0000000000
30978  8.138  61.113  -1.925 0.0000000000
30979  8.979  60.497  -4.167 0.0000000000
30980  8.590  59.792  -2.810 0.0000000000
30981  8.549  59.004  -1.558 0.0000000000
30982  9.400  57.375  -1.313 0.0000000000
33378  8.191  64.434  -6.702 0.0000000000
33379  7.342  63.349  -7.705 0.0000000000
33380  7.989  63.323  -9.720 0.0000000000
33381  7.113  62.929  -9.336 0.0000000000
33382  6.822  62.092  -8.625 0.0000000000
33383  6.691  60.487  -9.290 0.0000000000
33384  6.658  58.738  -10.038 0.0000000000
33385  6.681  57.076  -10.976 0.0000000000
33386  6.978  55.768  -11.829 0.0000000000
33387  6.378  57.277  -12.649 0.0000000000
33388  6.419  57.177  -14.367 0.0000000000
33389  6.563  57.015  -16.178 0.0000000000
33390  7.404  58.461  -15.633 0.0000000000
33391  7.035  57.779  -16.846 0.0000000000
33392  6.948  56.641  -17.836 0.0000000000
33393  7.684  56.069  -19.041 0.0000000000
37912  13.538  63.504  4.157 0.0000000000
37913  13.162  63.010  5.645 0.0000000000
37914  11.814  63.445  6.509 0.0000000000
37915  10.473  63.437  7.075 0.0000000000
37916  9.508  62.760  7.525 0.0000000000
37917  9.409  65.074  -0.731 0.0000000000
37918  9.630  64.649  0.822 0.0000000000
37919  9.734  64.115  2.303 0.0000000000
37920  9.744  61.541  1.367 0.0000000000
37921  9.784  62.531  2.621 0.0000000000
37922  9.704  63.309  3.773 0.0000000000
37923  9.578  62.678  5.167 0.0000000000
37924  9.380  61.991  6.506 0.0000000000
37925  9.070  61.564  7.876 0.0000000000
37926  9.117  60.116  8.106 0.0000000000
37927  9.393  58.481  8.228 0.0000000000
37989  7.477  54.522  -12.771 0.0000000000
37990  7.986  53.272  -13.735 0.0000000000
37991  8.290  51.827  -14.690 0.0000000000
37992  6.850  52.787  -17.449 0.0000000000
37994  8.252  50.352  -15.540 0.0000000000
41478  7.655  56.396  -9.830 0.0000000000
41479  8.268  56.550  -9.126 0.0000000000
41480  8.367  55.760  -9.602 0.0000000000
41481  9.084  55.190  -9.323 0.0000000000
41482  8.389  55.051  -10.074 0.0000000000
41483  8.419  54.426  -10.457 0.0000000000
41484  7.859  55.004  -10.778 0.0000000000
43308  9.704  63.020  9.583 0.0000000000
43309  9.788  62.963  10.239 0.0000000000
43310  9.443  62.536  9.689 0.0000000000
43311  9.391  61.939  9.872 0.0000000000
43312  9.239  62.045  9.176 0.0000000000
45711  13.172  62.098  7.623 0.0000000000
45712  13.418  62.230  6.829 0.0000000000
45713  7.661  63.041  -6.435 0.0000000000
45714  7.997  63.031  -5.453 0.0000000000
45715  7.979  62.348  -6.012 0.0000000000
45716  10.200  56.172  -4.242 0.0000000000
45717  9.795  56.853  -3.864 0.0000000000
45718  9.631  55.870  -3.664 0.0000000000
45719  9.191  55.578  -3.082 0.0000000000
45720  9.330  54.940  -3.472 0.0000000000
45721  9.070  54.139  -3.284 0.0000000000
45722  9.487  54.337  -3.887 0.0000000000
47522  9.963  63.579  -8.567 0.0000000000
47523  7.244  60.764  -12.361 0.0000000000
47524  7.039  61.249  -11.700 0.0000000000
47525  6.801  60.617  -12.212 0.0000000000
47526  6.495  60.350  -11.972 0.0000000000
47527  6.589  60.021  -12.749 0.0000000000
47528  6.478  59.461  -13.292 0.0000000000
47529  6.877  59.684  -13.504 0.0000000000
51206  9.137  61.928  14.489 0.0000000000
51207  9.215  62.264  15.076 0.0000000000
51208  8.890  61.538  15.091 0.0000000000
51209  8.779  61.161  15.657 0.0000000000
51210  8.728  60.720  15.112 0.0000000000
51211  8.661  59.815  15.182 0.0000000000
51212  8.726  60.267  14.623 0.0000000000
51221  10.850  64.701  3.108 0.0000000000
51222  11.272  64.687  3.605 0.0000000000
51223  10.726  64.461  3.853 0.0000000000
51224  10.524  64.343  4.549 0.0000000000
51225  10.221  64.118  4.080 0.0000000000
51226  8.344  61.689  -0.847 0.0000000000
51227  8.452  62.508  -0.467 0.0000000000
51228  8.678  61.479  -0.277 0.0000000000
51229  10.168  58.787  4.212 0.0000000000
51230  10.208  59.627  4.151 0.0000000000
51231  9.924  59.221  4.762 0.0000000000
51232  9.744  59.758  5.256 0.0000000000
51233  9.556  58.861  5.285 0.0000000000
51234  9.242  58.500  5.812 0.0000000000
51235  9.394  58.043  5.246 0.0000000000
51285  6.723  55.780  -16.274 0.0000000000
51286  6.886  55.160  -15.864 0.0000000000
51287  6.856  55.014  -16.801 0.0000000000
55313  7.435  59.852  -8.229 0.0000000000
55314  7.995  59.963  -7.541 0.0000000000
55315  8.046  59.100  -7.932 0.0000000000
55316  9.570  56.878  -7.695 0.0000000000
55317  9.476  57.684  -7.204 0.0000000000
55318  10.164  56.895  -6.807 0.0000000000
55319  10.486  56.767  -5.845 0.0000000000
55320  10.689  55.979  -6.325 0.0000000000
55321  10.981  55.076  -5.873 0.0000000000
55322  10.846  55.251  -6.820 0.0000000000
55330  8.502  53.066  -11.252 0.0000000000
55332  8.503  52.427  -11.667 0.0000000000
55334  8.200  52.489  -12.460 0.0000000000
57123  9.908  59.297  -12.164 0.0000000000
57125  9.196  59.918  -12.262 0.0000000000
57126  8.506  60.442  -12.347 0.0000000000
57127  8.830  59.608  -12.980 0.0000000000
57128  8.631  59.383  -13.629 0.0000000000
60803  11.864  63.599  11.552 0.0000000000
60804  11.686  63.734  12.441 0.0000000000
60805  11.216  63.745  11.901 0.0000000000
60806  9.813  62.909  11.682 0.0000000000
60807  10.023  63.298  12.330 0.0000000000
60808  9.745  62.818  12.488 0.0000000000
60809  9.639  62.590  13.225 0.0000000000
60810  9.560  62.122  12.619 0.0000000000
60811  9.431  61.300  12.773 0.0000000000
60812  9.621  61.569  11.977 0.0000000000
60813  9.662  60.518  10.037 0.0000000000
60814  9.775  60.368  10.797 0.0000000000
60815  9.862  59.734  10.123 0.0000000000
60816  10.124  58.979  10.230 0.0000000000
60817  9.904  59.024  9.451 0.0000000000
60823  11.095  65.462  0.924 0.0000000000
60824  11.025  65.244  1.642 0.0000000000
60825  10.473  65.252  1.206 0.0000000000
60826  9.764  58.058  -0.350 0.0000000000
60827  9.757  58.754  0.126 0.0000000000
60828  10.200  57.976  0.304 0.0000000000
60832  10.642  57.887  3.141 0.0000000000
60885  7.106  54.988  -19.230 0.0000000000
60886  6.872  54.465  -19.044 0.0000000000
60887  6.998  54.199  -19.608 0.0000000000
60888  7.068  52.472  -20.695 0.0000000000
60889  6.778  52.700  -20.241 0.0000000000
60890  6.659  51.930  -20.541 0.0000000000
60891  6.347  51.316  -20.335 0.0000000000
68013  11.923  62.817  8.423 0.0000000000
68014  11.892  62.904  9.178 0.0000000000
68015  11.297  63.081  8.739 0.0000000000
68016  10.719  63.221  9.061 0.0000000000
68017  10.735  63.175  8.371 0.0000000000
68018  8.917  65.073  -4.348 0.0000000000
68019  8.996  65.121  -3.510 0.0000000000
68020  8.551  64.767  -3.960 0.0000000000
68021  8.288  62.804  -3.629 0.0000000000
68022  8.257  63.429  -3.193 0.0000000000
68023  8.257  62.560  -2.874 0.0000000000
68024  8.155  62.237  -2.146 0.0000000000
68025  8.284  61.562  -2.572 0.0000000000
68026  9.003  60.055  -5.737 0.0000000000
68027  8.818  60.740  -5.170 0.0000000000
68028  9.255  59.854  -4.713 0.0000000000
68029  9.031  58.065  -3.127 0.0000000000
68030  8.982  59.220  -3.231 0.0000000000
68031  8.692  58.711  -2.680 0.0000000000
68032  8.413  59.298  -2.197 0.0000000000
68033  8.650  58.341  -2.073 0.0000000000
68034  8.954  58.150  -1.435 0.0000000000
68035  9.022  57.457  -1.901 0.0000000000
68036  9.687  55.271  -1.923 0.0000000000
68037  9.809  55.959  -1.559 0.0000000000
73442  9.970  64.659  -6.015 0.0000000000
73443  8.550  64.270  -7.836 0.0000000000
73444  8.622  64.588  -7.086 0.0000000000
73445  8.046  64.171  -7.560 0.0000000000
73446  7.704  63.917  -7.192 0.0000000000
73447  7.536  63.678  -8.063 0.0000000000
73448  8.727  62.691  -10.211 0.0000000000
73449  8.592  63.231  -9.729 0.0000000000
73450  8.079  62.865  -10.247 0.0000000000
73451  6.860  61.983  -10.387 0.0000000000
73452  7.124  62.614  -9.988 0.0000000000
73453  6.856  62.309  -9.730 0.0000000000
73454  6.886  62.584  -9.013 0.0000000000
73455  6.698  61.920  -9.403 0.0000000000
73456  6.683  61.330  -8.953 0.0000000000
73457  6.621  61.129  -9.714 0.0000000000
73458  6.287  59.385  -11.266 0.0000000000
73459  6.476  59.459  -10.438 0.0000000000
73460  6.393  58.636  -10.863 0.0000000000
73461  6.663  57.925  -10.495 0.0000000000
73462  6.343  57.900  -11.330 0.0000000000
73463  6.484  57.204  -11.782 0.0000000000
73464  6.248  57.961  -12.206 0.0000000000
73465  6.396  58.329  -14.320 0.0000000000
73466  6.269  57.843  -13.867 0.0000000000
73467  6.425  57.719  -14.791 0.0000000000
73468  6.476  57.128  -15.300 0.0000000000
73469  6.526  57.628  -15.701 0.0000000000
73470  8.210  58.709  -14.898 0.0000000000
73471  7.598  58.823  -14.935 0.0000000000
73472  8.015  58.384  -15.657 0.0000000000
73473  7.985  57.578  -17.660 0.0000000000
73474  7.540  57.843  -17.043 0.0000000000
73475  7.362  57.502  -17.595 0.0000000000
73476  6.932  57.284  -17.370 0.0000000000
73477  7.242  57.067  -18.105 0.0000000000
73478  7.251  56.417  -18.489 0.0000000000
73479  7.720  56.690  -18.656 0.0000000000
84496  11.133  63.630  14.069 0.0000000000
84498  10.816  63.448  14.783 0.0000000000
84544  12.335  64.214  4.407 0.0000000000
84545  13.061  64.038  3.959 0.0000000000
84546  12.867  63.762  4.648 0.0000000000
84547  13.390  63.294  4.839 0.0000000000
84548  12.686  63.572  5.388 0.0000000000
84549  12.456  63.250  6.109 0.0000000000
84550  12.031  63.761  5.745 0.0000000000
84551  10.248  63.805  5.890 0.0000000000
84552  10.733  63.730  6.374 0.0000000000
84553  10.104  63.447  6.599 0.0000000000
84554  9.915  63.180  7.382 0.0000000000
84555  9.633  63.006  6.809 0.0000000000
84556  8.900  64.881  -1.843 0.0000000000
84557  9.326  65.169  -1.413 0.0000000000
84558  8.874  64.769  -1.068 0.0000000000
84559  9.035  63.660  0.417 0.0000000000
84560  9.203  64.362  0.261 0.0000000000
84561  9.366  64.148  0.950 0.0000000000
84562  9.716  64.440  1.560 0.0000000000
84563  9.587  63.784  1.680 0.0000000000
84564  9.993  60.064  1.129 0.0000000000
84565  9.614  60.901  0.786 0.0000000000
84566  10.045  60.680  1.633 0.0000000000
84567  10.042  61.383  3.646 0.0000000000
84568  9.974  61.738  2.862 0.0000000000
84569  9.811  62.139  3.418 0.0000000000
84570  9.713  62.925  3.216 0.0000000000
84571  9.683  62.550  3.971 0.0000000000
84572  9.597  62.976  4.489 0.0000000000
84573  9.668  62.231  4.702 0.0000000000
84574  9.420  60.779  6.236 0.0000000000
84575  9.484  61.535  6.086 0.0000000000
84576  9.272  61.238  6.686 0.0000000000
84577  9.142  61.722  7.181 0.0000000000
84578  9.094  61.096  7.318 0.0000000000
84579  9.071  60.891  8.001 0.0000000000
84580  9.039  60.284  7.449 0.0000000000
84581  8.841  58.021  7.073 0.0000000000
84582  9.015  58.599  7.587 0.0000000000
84583  9.203  57.813  7.642 0.0000000000
84735  6.826  55.910  -12.661 0.0000000000
84736  7.206  55.147  -12.278 0.0000000000
84737  7.103  55.223  -13.126 0.0000000000
84738  7.446  53.880  -15.125 0.0000000000
84739  7.633  53.939  -14.173 0.0000000000
84740  7.836  53.258  -14.675 0.0000000000
84741  8.218  52.571  -14.184 0.0000000000
84742  7.920  52.473  -15.167 0.0000000000
84743  6.676  53.224  -18.559 0.0000000000
84744  6.819  53.396  -17.869 0.0000000000
84745  6.628  52.615  -18.195 0.0000000000
84747  6.829  51.402  -17.280 0.0000000000
84749  7.858  50.973  -16.041 0.0000000000
84750  7.655  50.218  -16.421 0.0000000000
93092  7.488  58.138  -8.913 0.0000000000
93093  8.083  58.253  -8.292 0.0000000000
93094  8.145  57.379  -8.661 0.0000000000
93095  8.897  56.745  -8.459 0.0000000000
93096  9.724  56.074  -8.168 0.0000000000
93097  10.387  55.338  -7.774 0.0000000000
93098  9.788  55.304  -8.587 0.0000000000
93099  9.817  54.569  -9.042 0.0000000000
93100  9.741  53.842  -9.561 0.0000000000
93102  9.029  53.823  -10.204 0.0000000000
93103  8.433  53.778  -10.856 0.0000000000
93104  8.051  53.700  -11.585 0.0000000000
96386  10.729  63.489  10.564 0.0000000000
96387  10.729  63.608  11.309 0.0000000000
96388  10.208  63.317  10.774 0.0000000000
96389  9.793  62.971  10.955 0.0000000000
96390  9.598  62.411  11.100 0.0000000000
96391  9.629  61.781  11.204 0.0000000000
96392  9.529  61.855  10.521 0.0000000000
96393  9.493  61.264  9.912 0.0000000000
96394  9.455  60.649  9.338 0.0000000000
96401  10.582  57.183  0.502 0.0000000000
96435  7.671  54.385  -20.255 0.0000000000
96436  7.178  53.932  -20.126 0.0000000000
96437  7.572  53.676  -20.587 0.0000000000
100712  13.087  62.051  8.511 0.0000000000
100713  12.566  62.463  8.068 0.0000000000
100714  12.048  62.853  7.672 0.0000000000
100715  8.050  64.231  -5.323 0.0000000000
100716  8.241  64.242  -4.418 0.0000000000
100717  8.058  63.683  -4.889 0.0000000000
100718  8.225  62.967  -4.465 0.0000000000
100719  8.459  62.143  -4.047 0.0000000000
100720  9.909  58.217  -4.827 0.0000000000
100721  9.590  58.908  -4.307 0.0000000000
100722  9.753  57.847  -4.065 0.0000000000
100723  9.387  57.473  -3.492 0.0000000000
100724  9.029  57.118  -2.980 0.0000000000
100725  9.085  56.813  -2.340 0.0000000000
100726  9.090  56.215  -2.730 0.0000000000
100727  9.250  55.364  -2.466 0.0000000000
103969  9.915  64.477  -6.805 0.0000000000
103972  8.529  63.993  -8.540 0.0000000000
103973  7.884  61.859  -11.300 0.0000000000
103974  7.660  62.341  -10.706 0.0000000000
103975  7.341  61.853  -11.198 0.0000000000
103976  6.964  61.647  -11.025 0.0000000000
103977  6.707  61.303  -10.795 0.0000000000
103978  6.538  60.870  -10.498 0.0000000000
103979  6.500  60.635  -11.227 0.0000000000
103980  6.322  59.955  -11.654 0.0000000000
103981  6.147  59.264  -12.155 0.0000000000
103982  6.136  58.644  -12.632 0.0000000000
103983  6.196  59.140  -12.991 0.0000000000
103984  6.367  58.924  -13.813 0.0000000000
103985  6.665  58.636  -14.601 0.0000000000
110602  10.015  63.054  14.303 0.0000000000
110603  10.212  63.160  14.856 0.0000000000
110604  9.636  62.801  14.991 0.0000000000
110605  9.329  62.503  15.699 0.0000000000
110606  9.129  62.106  16.324 0.0000000000
110632  11.790  64.519  4.043 0.0000000000
110633  11.629  64.343  4.764 0.0000000000
110634  11.508  64.125  5.430 0.0000000000
110635  10.950  64.327  5.011 0.0000000000
110636  10.347  64.105  5.213 0.0000000000
110637  9.882  63.680  5.412 0.0000000000
110638  8.288  63.710  -1.230 0.0000000000
110639  8.567  64.223  -0.829 0.0000000000
110640  8.407  63.455  -0.654 0.0000000000
110641  8.671  63.120  -0.073 0.0000000000
110642  9.084  62.788  0.536 0.0000000000
110643  10.546  59.509  2.835 0.0000000000
110644  10.332  60.403  2.543 0.0000000000
110645  10.374  60.072  3.395 0.0000000000
110646  10.207  60.554  3.947 0.0000000000
110647  9.998  61.003  4.451 0.0000000000
110648  9.791  61.498  4.989 0.0000000000
110649  9.834  60.647  5.174 0.0000000000
110650  9.596  60.275  5.746 0.0000000000
110651  9.359  59.882  6.321 0.0000000000
110652  9.112  59.585  6.915 0.0000000000
110653  9.168  59.037  6.370 0.0000000000
110654  8.950  58.220  6.436 0.0000000000
110655  8.834  57.381  6.502 0.0000000000
110745  6.739  55.931  -14.383 0.0000000000
110746  7.032  55.255  -13.969 0.0000000000
110747  6.916  55.255  -14.896 0.0000000000
110748  7.113  54.530  -15.473 0.0000000000
110749  7.213  53.742  -16.043 0.0000000000
110750  6.291  51.635  -19.208 0.0000000000
110751  6.402  51.809  -18.507 0.0000000000
110752  6.209  51.007  -18.815 0.0000000000
117374  7.456  61.532  -7.504 0.0000000000
117375  7.963  61.619  -6.573 0.0000000000
117376  7.955  60.800  -7.127 0.0000000000
117377  8.532  60.073  -6.726 0.0000000000
117378  9.145  59.321  -6.291 0.0000000000
117379  8.742  58.384  -7.594 0.0000000000
117380  9.346  58.463  -6.747 0.0000000000
117381  9.795  58.433  -5.811 0.0000000000
117382  10.251  57.557  -5.334 0.0000000000
117383  10.517  56.507  -4.973 0.0000000000
117384  10.524  55.478  -4.643 0.0000000000
117385  10.246  54.546  -4.412 0.0000000000
117386  10.831  54.801  -5.024 0.0000000000
117387  11.023  54.150  -5.497 0.0000000000
117389  10.912  54.567  -7.342 0.0000000000
117403  8.351  51.188  -12.465 0.0000000000
117404  8.360  51.201  -13.240 0.0000000000
119906  10.137  62.463  -9.463 0.0000000000
119908  9.008  61.975  -10.651 0.0000000000
119909  9.986  60.511  -10.853 0.0000000000
119911  8.563  61.638  -11.202 0.0000000000
119912  8.197  61.193  -11.801 0.0000000000
119913  7.846  60.779  -12.413 0.0000000000
119914  7.521  60.219  -12.992 0.0000000000
119915  7.350  59.790  -13.613 0.0000000000
119916  7.905  59.690  -13.622 0.0000000000
119917  8.418  59.071  -14.276 0.0000000000
119918  9.006  58.466  -15.094 0.0000000000
119919  10.104  58.377  -14.515 0.0000000000
125063  11.438  63.734  13.300 0.0000000000
125064  10.766  63.644  13.579 0.0000000000
125065  10.572  63.639  12.172 0.0000000000
125066  10.396  63.541  12.964 0.0000000000
125067  10.272  63.397  13.684 0.0000000000
125068  9.840  62.929  13.778 0.0000000000
125069  9.444  62.309  13.852 0.0000000000
125070  9.104  61.525  13.933 0.0000000000
125071  8.886  60.673  14.036 0.0000000000
125072  9.165  60.988  13.437 0.0000000000
125073  9.356  60.454  12.890 0.0000000000
125074  9.589  59.943  12.284 0.0000000000
125075  9.690  60.990  11.395 0.0000000000
125076  9.784  60.156  11.523 0.0000000000
125077  9.919  59.349  11.677 0.0000000000
125089  11.570  65.154  2.075 0.0000000000
125090  10.968  64.995  2.388 0.0000000000
125091  10.402  64.693  2.606 0.0000000000
125092  8.858  59.687  -0.566 0.0000000000
125093  8.893  60.399  -0.173 0.0000000000
125094  9.324  59.568  -0.032 0.0000000000
125095  9.910  59.448  0.658 0.0000000000
125096  10.371  59.249  1.421 0.0000000000
125097  10.643  57.789  1.032 0.0000000000
125098  10.649  58.443  1.642 0.0000000000
125099  10.643  58.981  2.247 0.0000000000
125100  10.634  58.662  3.026 0.0000000000
125101  10.426  58.351  3.672 0.0000000000
125102  10.094  58.008  4.248 0.0000000000
125103  9.694  57.656  4.754 0.0000000000
125175  6.849  55.452  -17.927 0.0000000000
125176  6.835  54.827  -17.637 0.0000000000
125177  6.843  54.674  -18.437 0.0000000000
125178  6.751  53.835  -18.838 0.0000000000
125179  6.615  53.070  -19.234 0.0000000000
125180  6.855  53.437  -19.953 0.0000000000
125181  6.637  52.926  -19.759 0.0000000000
125182  6.443  52.304  -19.517 0.0000000000
125183  6.267  51.473  -19.811 0.0000000000
125184  6.123  50.690  -20.015 0.0000000000
134532  12.514  63.262  11.226 0.0000000000
134533  11.967  63.423  10.708 0.0000000000
134534  12.507  62.642  9.664 0.0000000000
134535  11.971  63.106  9.904 0.0000000000
134536  11.382  63.420  10.215 0.0000000000
134537  10.726  63.362  9.835 0.0000000000
134538  10.186  63.213  9.380 0.0000000000
134539  9.674  63.034  8.895 0.0000000000
134543  8.947  65.049  -2.658 0.0000000000
134544  8.595  64.507  -2.282 0.0000000000
134545  8.344  64.182  -3.545 0.0000000000
134546  8.375  64.064  -2.714 0.0000000000
134547  8.320  63.845  -1.928 0.0000000000
134548  8.188  62.972  -1.681 0.0000000000
134549  8.176  61.924  -1.476 0.0000000000
134550  8.251  60.826  -1.258 0.0000000000
134551  8.378  61.573  -5.602 0.0000000000
134552  8.684  61.467  -4.572 0.0000000000
134553  8.676  61.215  -3.697 0.0000000000
134554  9.214  59.527  -3.846 0.0000000000
134555  8.834  60.220  -3.439 0.0000000000
134556  8.506  60.892  -2.994 0.0000000000
134557  8.314  60.451  -2.344 0.0000000000
134558  8.261  59.993  -1.719 0.0000000000
134559  8.503  59.782  -1.081 0.0000000000
134560  8.864  58.944  -0.990 0.0000000000
134561  9.340  58.128  -0.917 0.0000000000
134562  9.830  57.350  -0.751 0.0000000000
134563  9.423  56.695  -1.723 0.0000000000
134564  9.849  56.644  -1.183 0.0000000000
134579  9.744  53.666  -4.283 0.0000000000
141283  8.843  64.891  -5.261 0.0000000000
141284  9.285  64.702  -6.540 0.0000000000
141286  8.295  64.595  -5.802 0.0000000000
141287  7.910  64.110  -6.270 0.0000000000
141288  7.543  63.543  -6.796 0.0000000000
141289  7.340  62.918  -7.343 0.0000000000
141291  8.529  63.676  -9.223 0.0000000000
141292  7.985  63.671  -9.071 0.0000000000
141293  7.530  62.818  -10.167 0.0000000000
141294  7.462  63.224  -9.566 0.0000000000
141295  7.526  63.487  -8.856 0.0000000000
141296  7.172  63.172  -8.578 0.0000000000
141297  6.988  62.807  -8.200 0.0000000000
141298  7.109  62.212  -7.855 0.0000000000
141299  6.980  61.453  -8.214 0.0000000000
141300  6.971  60.608  -8.547 0.0000000000
141301  6.965  59.737  -8.896 0.0000000000
141302  6.510  60.305  -10.082 0.0000000000
141303  6.688  59.614  -9.646 0.0000000000
141304  7.013  58.885  -9.243 0.0000000000
141305  7.007  58.050  -9.660 0.0000000000
141306  7.090  57.167  -10.144 0.0000000000
141307  7.142  56.322  -10.612 0.0000000000
141308  7.280  55.675  -11.063 0.0000000000
141309  6.830  56.422  -11.394 0.0000000000
141310  6.606  56.547  -12.182 0.0000000000
141311  6.567  56.599  -13.085 0.0000000000
141312  6.235  57.943  -13.056 0.0000000000
141313  6.397  57.228  -13.506 0.0000000000
141314  6.559  56.575  -13.966 0.0000000000
141315  6.567  56.542  -14.835 0.0000000000
141316  6.564  56.482  -15.776 0.0000000000
141317  6.595  56.386  -16.643 0.0000000000
141318  7.204  59.316  -14.228 0.0000000000
141319  7.072  58.799  -14.817 0.0000000000
141320  6.930  58.404  -15.412 0.0000000000
141321  7.785  58.105  -16.414 0.0000000000
141322  7.253  58.109  -16.241 0.0000000000
141323  6.839  57.961  -15.994 0.0000000000
141324  6.728  57.450  -16.543 0.0000000000
141325  6.713  56.855  -17.029 0.0000000000
141326  6.804  56.154  -17.485 0.0000000000
141327  6.961  55.963  -18.235 0.0000000000
141328  7.263  55.719  -18.848 0.0000000000
141329  7.501  55.378  -19.400 0.0000000000
141330  8.249  56.209  -19.186 0.0000000000
141331  8.061  55.620  -19.508 0.0000000000
141332  7.843  55.012  -19.883 0.0000000000
154702  13.897  62.716  5.153 0.0000000000
154703  13.656  62.452  5.993 0.0000000000
154704  12.913  62.757  6.445 0.0000000000
154705  12.238  63.011  6.896 0.0000000000
154706  11.612  63.227  7.267 0.0000000000
154707  11.398  63.828  6.106 0.0000000000
154708  11.189  63.547  6.833 0.0000000000
154709  10.936  63.283  7.573 0.0000000000
154710  10.312  63.219  7.871 0.0000000000
154711  9.794  63.033  8.119 0.0000000000
154712  9.366  62.660  8.278 0.0000000000
154714  9.905  65.320  -0.953 0.0000000000
154715  9.962  65.261  -0.136 0.0000000000
154716  9.009  64.650  -0.435 0.0000000000
154717  9.547  64.873  0.072 0.0000000000
154718  10.019  65.086  0.663 0.0000000000
154719  10.003  64.893  1.418 0.0000000000
154720  10.029  64.638  2.084 0.0000000000
154721  9.987  64.251  2.851 0.0000000000
154722  9.084  61.190  0.159 0.0000000000
154723  9.301  61.847  0.635 0.0000000000
154724  9.484  62.421  1.192 0.0000000000
154725  10.038  61.263  2.221 0.0000000000
154726  9.811  62.094  1.983 0.0000000000
154727  9.621  62.955  1.814 0.0000000000
154728  9.636  63.325  2.441 0.0000000000
154729  9.764  63.656  3.053 0.0000000000
154730  9.899  63.922  3.610 0.0000000000
154731  9.797  63.624  4.284 0.0000000000
154732  9.637  63.437  4.930 0.0000000000
154733  9.604  63.076  5.622 0.0000000000
154734  9.622  61.897  5.438 0.0000000000
154735  9.520  62.339  5.858 0.0000000000
154736  9.535  62.732  6.319 0.0000000000
154737  9.362  62.438  7.004 0.0000000000
154738  9.209  62.196  7.715 0.0000000000
154739  9.119  62.100  8.457 0.0000000000
154740  9.109  61.473  8.584 0.0000000000
154741  9.217  60.759  8.692 0.0000000000
154742  9.340  59.981  8.729 0.0000000000
154743  8.979  59.427  7.533 0.0000000000
154744  9.167  59.301  8.143 0.0000000000
154745  9.548  59.168  8.791 0.0000000000
154746  9.858  58.384  8.879 0.0000000000
154929  7.449  55.047  -11.503 0.0000000000
154930  7.644  54.424  -11.949 0.0000000000
154931  7.836  53.812  -12.410 0.0000000000
154932  7.406  54.572  -13.622 0.0000000000
154933  7.717  53.953  -13.263 0.0000000000
154934  8.014  53.239  -12.864 0.0000000000
154935  8.255  52.563  -13.290 0.0000000000
154936  8.399  51.891  -13.712 0.0000000000
154937  8.493  51.199  -14.134 0.0000000000
154938  6.880  54.180  -17.329 0.0000000000
154939  6.982  53.561  -16.967 0.0000000000
154940  7.162  52.962  -16.532 0.0000000000
154941  6.645  51.994  -17.754 0.0000000000
154942  7.026  52.161  -16.987 0.0000000000
154943  7.457  52.323  -16.074 0.0000000000
154944  7.919  51.715  -15.633 0.0000000000
154945  8.272  51.101  -15.113 0.0000000000
154946  8.432  50.480  -14.538 0.0000000000
154947  8.450  49.816  -14.922 0.0000000000
154980  6.389  46.307  -17.328 0.0000000000
