#!ascii label  , from subject fsaverage vox2ras=TkReg
817
196  57.776  -18.850  27.276 0.0000000000
425  49.962  -26.104  25.104 0.0000000000
579  55.592  -23.599  31.947 0.0000000000
675  61.308  -16.121  24.087 0.0000000000
947  56.163  -23.596  25.037 0.0000000000
948  53.525  -23.813  22.647 0.0000000000
949  53.485  -26.374  27.458 0.0000000000
1284  52.631  -21.048  32.981 0.0000000000
1504  61.968  -17.490  20.420 0.0000000000
1505  59.028  -20.030  23.696 0.0000000000
1506  58.345  -23.523  27.451 0.0000000000
2374  56.673  -21.257  29.881 0.0000000000
2376  54.528  -24.992  35.265 0.0000000000
2867  56.751  -25.472  26.800 0.0000000000
2868  54.808  -25.025  26.200 0.0000000000
3466  63.029  -15.424  21.041 0.0000000000
3467  59.363  -17.473  25.439 0.0000000000
3468  60.296  -18.321  23.693 0.0000000000
3469  58.413  -19.438  25.496 0.0000000000
3470  57.773  -21.547  25.863 0.0000000000
3471  57.389  -21.375  27.429 0.0000000000
4290  46.493  -28.166  25.165 0.0000000000
4291  48.344  -27.729  26.010 0.0000000000
5290  54.777  -21.209  31.485 0.0000000000
5291  55.685  -19.857  30.763 0.0000000000
5292  56.249  -22.469  30.999 0.0000000000
5293  57.895  -23.468  30.095 0.0000000000
5294  57.617  -24.041  31.510 0.0000000000
5296  52.439  -24.476  34.848 0.0000000000
5823  62.758  -14.723  22.846 0.0000000000
5824  62.052  -13.622  24.507 0.0000000000
5825  60.294  -15.140  25.692 0.0000000000
5826  58.448  -16.466  27.102 0.0000000000
6313  56.775  -21.970  23.017 0.0000000000
6315  54.883  -23.645  23.936 0.0000000000
6316  53.241  -24.723  25.250 0.0000000000
6317  51.683  -26.052  26.548 0.0000000000
6318  50.212  -27.676  27.063 0.0000000000
6919  53.764  -19.962  32.369 0.0000000000
6920  53.984  -22.405  32.325 0.0000000000
7348  60.842  -15.434  19.161 0.0000000000
7351  62.067  -16.987  22.367 0.0000000000
7352  60.798  -18.910  21.829 0.0000000000
7353  58.880  -20.462  22.075 0.0000000000
7354  57.607  -21.853  24.194 0.0000000000
7355  57.458  -23.825  26.122 0.0000000000
8458  44.686  -28.932  24.565 0.0000000000
9680  57.118  -20.047  28.740 0.0000000000
9681  57.661  -22.630  28.802 0.0000000000
9682  59.102  -24.323  28.799 0.0000000000
9684  51.385  -22.283  33.656 0.0000000000
9685  53.151  -23.370  33.416 0.0000000000
9686  55.102  -24.396  33.509 0.0000000000
9689  57.053  -24.804  33.215 0.0000000000
10548  56.216  -26.129  27.283 0.0000000000
11146  63.407  -14.198  21.061 0.0000000000
11147  58.485  -18.040  26.296 0.0000000000
11148  58.872  -18.436  25.409 0.0000000000
11149  58.047  -19.142  26.425 0.0000000000
11150  57.739  -20.326  26.540 0.0000000000
11151  57.521  -20.129  27.395 0.0000000000
11970  48.260  -27.110  24.976 0.0000000000
11971  49.158  -26.917  25.541 0.0000000000
12970  55.074  -22.554  31.645 0.0000000000
12971  55.421  -21.878  31.232 0.0000000000
12972  55.971  -23.009  31.372 0.0000000000
12973  56.894  -23.393  31.138 0.0000000000
12974  56.599  -23.844  31.749 0.0000000000
13550  59.329  -15.865  26.317 0.0000000000
14362  56.382  -22.712  23.997 0.0000000000
14363  55.783  -22.802  23.441 0.0000000000
14364  55.512  -23.617  24.514 0.0000000000
14365  54.180  -25.647  26.923 0.0000000000
14366  54.015  -24.793  25.786 0.0000000000
14367  53.269  -25.432  26.533 0.0000000000
14368  52.444  -25.288  25.962 0.0000000000
14369  52.580  -26.202  27.042 0.0000000000
14370  51.856  -26.991  27.347 0.0000000000
14371  52.814  -27.110  27.767 0.0000000000
15372  53.166  -20.522  32.642 0.0000000000
15373  53.702  -21.164  32.154 0.0000000000
15374  53.251  -21.658  32.497 0.0000000000
16161  61.100  -18.341  20.146 0.0000000000
16162  62.167  -15.456  23.576 0.0000000000
16163  62.494  -15.922  22.682 0.0000000000
16164  61.788  -16.540  23.302 0.0000000000
16165  59.647  -19.182  23.636 0.0000000000
16166  60.653  -18.669  22.767 0.0000000000
16167  59.938  -19.450  22.691 0.0000000000
16168  59.849  -19.740  21.833 0.0000000000
16169  59.149  -20.245  22.855 0.0000000000
16170  58.230  -21.124  23.117 0.0000000000
16171  58.383  -20.923  23.884 0.0000000000
16172  57.788  -22.610  26.764 0.0000000000
16173  57.658  -22.758  25.969 0.0000000000
16174  58.004  -23.664  26.746 0.0000000000
16175  57.946  -24.775  26.916 0.0000000000
16176  58.649  -24.566  27.419 0.0000000000
18615  54.404  -22.926  22.380 0.0000000000
18630  44.705  -28.643  23.443 0.0000000000
18631  45.553  -28.164  23.675 0.0000000000
18632  46.652  -28.870  26.159 0.0000000000
18633  45.732  -29.137  25.867 0.0000000000
18638  49.457  -28.464  27.387 0.0000000000
21633  56.194  -20.526  30.373 0.0000000000
21635  56.606  -19.847  29.821 0.0000000000
21637  56.861  -20.648  29.307 0.0000000000
21638  57.085  -21.476  28.767 0.0000000000
21639  57.117  -21.958  29.372 0.0000000000
21640  58.631  -24.192  30.281 0.0000000000
21641  58.641  -23.926  29.508 0.0000000000
21642  59.278  -24.655  29.546 0.0000000000
21647  50.933  -22.895  34.047 0.0000000000
21649  52.748  -24.013  34.119 0.0000000000
21650  53.772  -24.317  34.259 0.0000000000
21651  54.115  -23.888  33.481 0.0000000000
21652  54.803  -24.760  34.378 0.0000000000
23593  56.263  -24.607  26.024 0.0000000000
23594  55.443  -24.411  25.593 0.0000000000
23595  55.673  -25.283  26.560 0.0000000000
23596  55.158  -25.849  27.149 0.0000000000
23597  54.504  -26.549  27.695 0.0000000000
24671  62.829  -15.685  20.293 0.0000000000
24672  62.604  -16.551  20.811 0.0000000000
24673  60.300  -16.855  24.683 0.0000000000
24674  60.829  -17.275  23.806 0.0000000000
24675  59.815  -17.895  24.581 0.0000000000
24676  59.297  -18.801  24.529 0.0000000000
24677  58.762  -19.732  24.628 0.0000000000
24678  58.323  -20.662  24.746 0.0000000000
24679  57.997  -20.454  25.687 0.0000000000
24680  57.566  -21.416  26.687 0.0000000000
24681  57.788  -22.511  27.458 0.0000000000
26145  52.652  -24.475  23.074 0.0000000000
26154  46.424  -27.724  24.090 0.0000000000
26156  47.390  -27.944  25.564 0.0000000000
27954  54.739  -19.925  31.544 0.0000000000
27956  55.227  -20.509  31.143 0.0000000000
27957  55.788  -21.263  30.873 0.0000000000
27958  56.474  -21.903  30.481 0.0000000000
27959  57.153  -22.473  29.998 0.0000000000
27960  57.083  -22.974  30.618 0.0000000000
27961  57.815  -23.751  30.836 0.0000000000
27964  51.486  -24.065  34.638 0.0000000000
28947  63.323  -13.882  21.881 0.0000000000
28949  62.391  -14.195  23.668 0.0000000000
28950  61.737  -14.941  24.387 0.0000000000
28952  61.240  -14.458  25.166 0.0000000000
28953  60.789  -15.607  24.874 0.0000000000
28954  59.804  -16.358  25.507 0.0000000000
28955  58.888  -16.996  26.257 0.0000000000
28956  58.077  -17.692  27.125 0.0000000000
30094  55.147  -22.887  22.853 0.0000000000
30095  54.249  -23.728  23.296 0.0000000000
30096  54.750  -24.245  25.088 0.0000000000
30097  54.075  -24.285  24.495 0.0000000000
30098  53.383  -24.372  23.833 0.0000000000
30099  52.528  -24.780  24.552 0.0000000000
30100  51.657  -25.300  25.293 0.0000000000
30101  50.837  -26.018  25.800 0.0000000000
30102  50.065  -26.816  26.157 0.0000000000
30103  50.934  -26.871  26.779 0.0000000000
31506  54.217  -20.605  31.845 0.0000000000
31507  54.339  -21.872  31.828 0.0000000000
31508  54.742  -23.112  32.184 0.0000000000
32569  63.006  -15.114  21.949 0.0000000000
32570  62.668  -16.259  21.761 0.0000000000
32571  62.133  -17.281  21.352 0.0000000000
32572  61.277  -17.597  22.951 0.0000000000
32573  61.474  -17.967  22.053 0.0000000000
32574  61.474  -18.237  21.067 0.0000000000
32578  57.820  -21.186  22.464 0.0000000000
32579  57.290  -21.886  23.556 0.0000000000
32580  56.856  -22.761  24.580 0.0000000000
32581  57.805  -21.769  24.924 0.0000000000
32582  57.333  -22.748  25.175 0.0000000000
32583  56.807  -23.759  25.554 0.0000000000
32584  57.108  -24.728  26.428 0.0000000000
32585  57.719  -25.544  27.187 0.0000000000
35650  43.780  -29.221  23.248 0.0000000000
35651  43.824  -29.460  24.268 0.0000000000
35653  45.585  -28.477  24.836 0.0000000000
35654  44.881  -29.464  25.524 0.0000000000
35659  49.275  -27.633  26.579 0.0000000000
35660  48.495  -28.476  26.942 0.0000000000
39268  57.835  -16.893  27.999 0.0000000000
39269  57.581  -18.092  28.011 0.0000000000
39278  57.365  -19.463  28.106 0.0000000000
39279  57.201  -20.800  28.131 0.0000000000
39280  57.462  -22.045  28.183 0.0000000000
39281  58.117  -23.013  28.203 0.0000000000
39282  57.851  -23.052  29.498 0.0000000000
39283  58.422  -23.483  28.834 0.0000000000
39284  58.802  -23.946  28.138 0.0000000000
39285  59.165  -24.900  28.066 0.0000000000
39289  51.366  -21.051  33.774 0.0000000000
39290  52.007  -21.683  33.356 0.0000000000
39291  51.788  -23.468  34.005 0.0000000000
39292  52.201  -22.917  33.474 0.0000000000
39293  52.677  -22.203  32.981 0.0000000000
39294  53.566  -22.840  32.870 0.0000000000
39295  54.428  -23.509  32.793 0.0000000000
39296  55.376  -24.082  32.707 0.0000000000
39303  55.812  -25.055  34.404 0.0000000000
39304  56.062  -24.710  33.407 0.0000000000
39305  56.339  -24.309  32.481 0.0000000000
39306  57.366  -24.415  32.289 0.0000000000
41867  58.086  -18.412  26.769 0.0000000000
41868  58.269  -18.582  26.360 0.0000000000
41869  57.940  -18.982  26.852 0.0000000000
41870  57.786  -19.616  26.922 0.0000000000
41871  57.669  -19.455  27.338 0.0000000000
42685  50.367  -25.749  24.860 0.0000000000
42690  49.131  -26.586  25.012 0.0000000000
42691  49.552  -26.486  25.328 0.0000000000
43690  55.288  -23.119  31.803 0.0000000000
43691  55.511  -22.828  31.534 0.0000000000
43692  55.800  -23.330  31.633 0.0000000000
43693  56.267  -23.477  31.535 0.0000000000
43694  56.094  -23.731  31.849 0.0000000000
45082  56.232  -23.175  24.517 0.0000000000
45083  55.951  -23.172  24.221 0.0000000000
45084  55.847  -23.586  24.780 0.0000000000
45085  53.858  -25.993  27.207 0.0000000000
45086  53.729  -25.555  26.777 0.0000000000
45087  53.370  -25.892  27.043 0.0000000000
45088  52.919  -25.785  26.821 0.0000000000
45089  53.010  -26.280  27.270 0.0000000000
45090  52.656  -26.684  27.452 0.0000000000
45091  53.138  -26.738  27.636 0.0000000000
46090  52.662  -20.450  33.096 0.0000000000
46092  52.923  -20.771  32.825 0.0000000000
46093  53.184  -21.085  32.528 0.0000000000
46094  52.939  -21.337  32.745 0.0000000000
46877  62.161  -17.124  20.137 0.0000000000
46881  61.572  -17.916  20.270 0.0000000000
46882  61.785  -15.786  23.882 0.0000000000
46883  61.991  -16.030  23.460 0.0000000000
46884  61.560  -16.330  23.718 0.0000000000
46885  59.333  -19.614  23.654 0.0000000000
46886  59.805  -19.317  23.158 0.0000000000
46887  59.486  -19.746  23.176 0.0000000000
46888  59.547  -19.814  22.762 0.0000000000
46889  59.132  -20.154  23.266 0.0000000000
46890  58.761  -20.573  23.367 0.0000000000
46891  58.701  -20.433  23.788 0.0000000000
46892  58.041  -23.093  27.112 0.0000000000
46893  57.881  -23.109  26.761 0.0000000000
46894  58.222  -23.597  27.073 0.0000000000
46895  58.342  -24.144  27.078 0.0000000000
46896  58.557  -24.043  27.402 0.0000000000
49335  53.960  -23.356  22.488 0.0000000000
49336  54.037  -22.932  22.154 0.0000000000
49337  53.581  -23.391  22.214 0.0000000000
49350  45.606  -28.107  23.123 0.0000000000
49351  46.011  -27.878  23.272 0.0000000000
49352  46.771  -29.245  26.583 0.0000000000
49353  46.324  -29.408  26.452 0.0000000000
52353  56.427  -20.901  30.135 0.0000000000
52354  56.375  -20.196  30.102 0.0000000000
52355  56.597  -20.549  29.857 0.0000000000
52356  56.747  -20.231  29.587 0.0000000000
52357  56.756  -20.931  29.602 0.0000000000
52358  56.889  -21.363  29.311 0.0000000000
52359  56.891  -21.599  29.618 0.0000000000
52367  50.730  -23.199  34.294 0.0000000000
52368  54.011  -24.824  35.164 0.0000000000
52369  53.614  -24.533  34.639 0.0000000000
52370  54.131  -24.678  34.749 0.0000000000
52371  54.248  -24.562  34.356 0.0000000000
52372  54.674  -24.887  34.840 0.0000000000
54682  56.485  -25.064  26.411 0.0000000000
54683  55.974  -24.977  26.282 0.0000000000
54684  56.223  -25.402  26.656 0.0000000000
54685  55.843  -26.377  27.637 0.0000000000
54686  55.653  -25.980  27.228 0.0000000000
54687  55.334  -26.282  27.555 0.0000000000
54688  54.835  -26.194  27.453 0.0000000000
54689  54.972  -26.615  27.823 0.0000000000
56477  63.178  -14.952  20.691 0.0000000000
56478  63.076  -15.048  20.328 0.0000000000
56479  62.952  -15.549  20.641 0.0000000000
56480  62.716  -16.096  20.532 0.0000000000
56481  62.823  -15.999  20.951 0.0000000000
56482  59.823  -17.176  25.049 0.0000000000
56483  60.069  -17.399  24.605 0.0000000000
56484  59.575  -17.675  25.015 0.0000000000
56485  58.643  -18.954  25.425 0.0000000000
56486  59.056  -18.601  24.952 0.0000000000
56487  58.846  -19.088  25.000 0.0000000000
56488  59.044  -19.254  24.559 0.0000000000
56489  58.596  -19.565  25.064 0.0000000000
56490  58.354  -20.043  25.168 0.0000000000
56491  58.199  -19.936  25.576 0.0000000000
56492  57.475  -20.818  26.999 0.0000000000
56493  57.599  -20.881  26.606 0.0000000000
56494  57.471  -21.390  27.043 0.0000000000
56495  57.592  -21.985  27.065 0.0000000000
56496  57.515  -21.975  27.443 0.0000000000
58952  48.296  -27.424  25.510 0.0000000000
58953  47.817  -27.529  25.265 0.0000000000
58954  47.875  -27.835  25.793 0.0000000000
58955  47.458  -28.288  26.095 0.0000000000
58956  47.940  -28.168  26.266 0.0000000000
61950  54.724  -20.563  31.475 0.0000000000
61951  54.991  -20.178  31.307 0.0000000000
61952  55.011  -20.841  31.316 0.0000000000
61953  55.823  -22.185  31.129 0.0000000000
61954  55.564  -21.599  31.063 0.0000000000
61955  55.971  -21.899  30.940 0.0000000000
61956  56.107  -21.594  30.699 0.0000000000
61957  56.364  -22.208  30.755 0.0000000000
61958  56.755  -22.483  30.547 0.0000000000
61959  56.671  -22.742  30.806 0.0000000000
61960  57.254  -23.758  31.297 0.0000000000
61961  57.364  -23.555  30.996 0.0000000000
61962  57.718  -23.893  31.186 0.0000000000
63678  62.525  -13.545  23.690 0.0000000000
63679  62.209  -13.916  24.074 0.0000000000
63680  62.069  -14.568  24.039 0.0000000000
63681  61.882  -14.286  24.460 0.0000000000
63687  60.820  -14.823  25.435 0.0000000000
63688  61.055  -15.043  25.017 0.0000000000
63689  60.534  -15.371  25.272 0.0000000000
63690  60.265  -15.979  25.141 0.0000000000
63691  60.021  -15.734  25.557 0.0000000000
63692  58.898  -16.159  26.699 0.0000000000
63693  59.106  -16.472  26.256 0.0000000000
63694  58.658  -16.700  26.695 0.0000000000
63695  58.456  -17.286  26.700 0.0000000000
63696  58.243  -17.090  27.111 0.0000000000
66130  55.331  -23.234  23.646 0.0000000000
66131  55.485  -22.845  23.121 0.0000000000
66132  55.052  -23.279  23.294 0.0000000000
66133  54.700  -23.306  23.063 0.0000000000
66134  54.580  -23.673  23.609 0.0000000000
66135  55.125  -24.736  25.880 0.0000000000
66136  55.089  -24.303  25.383 0.0000000000
66137  54.765  -24.616  25.673 0.0000000000
66138  53.617  -24.730  25.519 0.0000000000
66139  54.034  -24.483  25.150 0.0000000000
66140  53.654  -24.480  24.836 0.0000000000
66141  53.742  -24.307  24.158 0.0000000000
66142  53.321  -24.506  24.525 0.0000000000
66143  52.949  -24.571  24.196 0.0000000000
66144  52.905  -24.739  24.920 0.0000000000
66145  52.067  -25.651  26.314 0.0000000000
66146  52.043  -25.257  25.624 0.0000000000
66147  51.655  -25.643  25.988 0.0000000000
66148  51.247  -25.648  25.579 0.0000000000
66149  51.247  -26.008  26.199 0.0000000000
66150  50.875  -26.403  26.336 0.0000000000
66151  51.311  -26.453  26.676 0.0000000000
66152  51.983  -27.400  27.671 0.0000000000
66153  51.530  -27.340  27.430 0.0000000000
69153  53.533  -19.699  32.661 0.0000000000
69158  54.261  -19.967  31.926 0.0000000000
69160  53.779  -21.778  32.155 0.0000000000
69161  53.981  -21.542  31.971 0.0000000000
69162  54.177  -22.150  32.076 0.0000000000
69163  54.519  -22.521  32.005 0.0000000000
69164  54.386  -22.779  32.255 0.0000000000
71509  60.417  -15.353  19.206 0.0000000000
71527  63.054  -14.326  22.394 0.0000000000
71528  63.201  -14.548  21.923 0.0000000000
71529  62.910  -14.907  22.420 0.0000000000
71530  62.357  -16.485  22.556 0.0000000000
71531  62.594  -16.094  22.226 0.0000000000
71532  62.390  -16.623  22.059 0.0000000000
71533  62.432  -16.767  21.570 0.0000000000
71534  62.117  -17.145  21.859 0.0000000000
71535  60.590  -17.840  23.713 0.0000000000
71536  61.081  -17.467  23.375 0.0000000000
71537  60.819  -18.007  23.242 0.0000000000
71538  60.734  -18.783  22.300 0.0000000000
71539  61.108  -18.322  22.383 0.0000000000
71540  61.140  -18.453  21.927 0.0000000000
71541  61.484  -18.108  21.554 0.0000000000
71542  61.136  -18.586  21.433 0.0000000000
71543  61.012  -18.641  20.979 0.0000000000
71544  60.677  -19.002  21.378 0.0000000000
71546  59.673  -19.819  21.417 0.0000000000
71551  58.379  -20.820  22.199 0.0000000000
71552  57.924  -21.468  23.661 0.0000000000
71553  57.779  -21.498  23.292 0.0000000000
71554  57.471  -21.876  23.837 0.0000000000
71555  57.013  -22.282  24.084 0.0000000000
71556  57.242  -22.301  24.350 0.0000000000
71557  58.028  -21.064  25.290 0.0000000000
71558  58.072  -21.233  24.825 0.0000000000
71559  57.828  -21.686  25.379 0.0000000000
71560  57.583  -23.312  26.016 0.0000000000
71561  57.545  -22.784  25.537 0.0000000000
71562  57.355  -23.295  25.665 0.0000000000
71563  57.067  -23.220  25.330 0.0000000000
71564  57.157  -23.800  25.808 0.0000000000
71565  56.918  -24.262  26.010 0.0000000000
71566  57.253  -24.298  26.297 0.0000000000
71567  58.272  -25.138  27.279 0.0000000000
71568  57.851  -25.197  27.061 0.0000000000
78931  44.242  -28.892  22.754 0.0000000000
78932  44.694  -28.743  23.987 0.0000000000
78933  44.251  -29.021  23.861 0.0000000000
78934  44.255  -29.185  24.406 0.0000000000
78936  44.305  -29.407  24.927 0.0000000000
78937  46.443  -27.899  24.617 0.0000000000
78938  45.985  -28.081  24.434 0.0000000000
78939  46.029  -28.309  24.996 0.0000000000
78941  45.273  -29.259  25.712 0.0000000000
78952  50.095  -27.257  26.621 0.0000000000
78953  49.657  -27.242  26.350 0.0000000000
78954  49.727  -27.641  26.810 0.0000000000
78956  48.977  -28.477  27.163 0.0000000000
87926  57.746  -16.550  28.500 0.0000000000
87927  57.613  -17.130  28.434 0.0000000000
87928  57.701  -17.501  27.990 0.0000000000
87929  57.490  -17.724  28.441 0.0000000000
87948  57.088  -19.634  29.036 0.0000000000
87950  57.213  -19.357  28.752 0.0000000000
87951  57.317  -19.075  28.436 0.0000000000
87952  57.224  -19.758  28.436 0.0000000000
87953  57.263  -20.127  28.127 0.0000000000
87954  57.130  -20.447  28.430 0.0000000000
87955  57.319  -22.078  28.795 0.0000000000
87956  57.279  -21.779  28.489 0.0000000000
87957  57.537  -22.347  28.510 0.0000000000
87958  57.748  -22.550  28.191 0.0000000000
87959  57.888  -22.806  28.540 0.0000000000
87960  57.504  -23.006  30.033 0.0000000000
87961  57.521  -22.769  29.743 0.0000000000
87962  57.879  -23.264  29.777 0.0000000000
87963  58.915  -24.095  29.156 0.0000000000
87964  58.526  -23.690  29.145 0.0000000000
87965  58.798  -23.864  28.815 0.0000000000
87966  58.680  -23.712  28.495 0.0000000000
87967  58.965  -24.144  28.455 0.0000000000
87968  59.010  -24.416  28.087 0.0000000000
87969  59.198  -24.612  28.422 0.0000000000
87978  51.080  -21.929  33.818 0.0000000000
87980  51.352  -21.643  33.683 0.0000000000
87981  51.671  -21.370  33.551 0.0000000000
87982  51.680  -21.993  33.514 0.0000000000
87983  51.948  -24.314  34.677 0.0000000000
87984  51.642  -23.773  34.325 0.0000000000
87985  52.070  -24.015  34.367 0.0000000000
87986  52.953  -23.671  33.721 0.0000000000
87987  52.459  -23.467  33.726 0.0000000000
87988  52.660  -23.151  33.411 0.0000000000
87989  52.413  -22.573  33.216 0.0000000000
87990  52.874  -22.820  33.162 0.0000000000
87991  53.103  -22.503  32.925 0.0000000000
87992  53.339  -23.102  33.146 0.0000000000
87993  54.598  -24.160  33.507 0.0000000000
87994  54.291  -23.714  33.145 0.0000000000
87995  54.776  -23.987  33.147 0.0000000000
87996  54.936  -23.831  32.790 0.0000000000
87997  55.269  -24.246  33.114 0.0000000000
88014  55.692  -25.173  34.884 0.0000000000
88018  56.550  -24.771  33.297 0.0000000000
88019  56.205  -24.524  32.918 0.0000000000
88020  56.718  -24.552  32.844 0.0000000000
88021  56.846  -24.344  32.435 0.0000000000
88022  57.193  -24.600  32.748 0.0000000000
92714  56.466  -25.785  27.039 0.0000000000
93792  63.218  -14.831  21.105 0.0000000000
93793  58.917  -17.750  25.848 0.0000000000
93794  59.105  -17.957  25.409 0.0000000000
93795  58.695  -18.231  25.896 0.0000000000
93796  58.455  -18.774  25.908 0.0000000000
93797  58.214  -19.303  25.969 0.0000000000
93798  58.026  -19.826  26.016 0.0000000000
93799  57.898  -19.747  26.482 0.0000000000
93800  57.634  -20.255  26.971 0.0000000000
93801  57.411  -20.770  27.419 0.0000000000
95276  48.730  -26.995  25.253 0.0000000000
95277  48.736  -27.335  25.762 0.0000000000
97074  54.888  -21.864  31.518 0.0000000000
97075  55.097  -21.469  31.361 0.0000000000
97076  55.269  -22.196  31.429 0.0000000000
97077  55.686  -22.466  31.278 0.0000000000
97078  56.118  -22.723  31.174 0.0000000000
97079  56.550  -22.991  31.048 0.0000000000
97080  56.412  -23.218  31.261 0.0000000000
97081  56.750  -23.615  31.432 0.0000000000
97082  57.125  -23.937  31.637 0.0000000000
98118  59.766  -15.505  25.970 0.0000000000
99580  56.567  -22.320  23.512 0.0000000000
99581  56.258  -22.375  23.237 0.0000000000
99582  56.099  -22.756  23.706 0.0000000000
99583  55.627  -23.195  23.919 0.0000000000
99584  55.202  -23.609  24.201 0.0000000000
99585  54.483  -25.303  26.565 0.0000000000
99586  54.393  -24.883  26.011 0.0000000000
99587  54.060  -25.193  26.383 0.0000000000
99588  53.627  -25.096  26.207 0.0000000000
99589  53.218  -25.036  25.935 0.0000000000
99590  52.820  -24.982  25.657 0.0000000000
99591  52.831  -25.336  26.302 0.0000000000
99592  52.502  -25.716  26.575 0.0000000000
99593  52.137  -26.115  26.806 0.0000000000
99594  51.780  -26.487  27.002 0.0000000000
99595  52.219  -26.595  27.214 0.0000000000
99596  52.325  -27.048  27.563 0.0000000000
99597  52.459  -27.470  27.862 0.0000000000
101397  53.215  -19.991  32.762 0.0000000000
101398  53.460  -20.252  32.499 0.0000000000
101399  53.729  -20.510  32.246 0.0000000000
101400  53.424  -20.838  32.357 0.0000000000
101401  53.468  -21.426  32.312 0.0000000000
101402  53.590  -22.026  32.368 0.0000000000
102819  60.560  -18.762  20.100 0.0000000000
102820  62.464  -15.105  23.232 0.0000000000
102821  62.635  -15.347  22.802 0.0000000000
102822  62.349  -15.750  23.117 0.0000000000
102823  62.195  -16.279  23.004 0.0000000000
102824  61.979  -16.769  22.850 0.0000000000
102825  59.961  -18.758  23.677 0.0000000000
102826  60.499  -18.494  23.208 0.0000000000
102827  60.137  -18.917  23.171 0.0000000000
102828  60.275  -19.068  22.702 0.0000000000
102829  60.338  -19.192  22.196 0.0000000000
102830  60.301  -19.328  21.797 0.0000000000
102831  59.923  -19.587  22.250 0.0000000000
102832  59.513  -19.939  22.336 0.0000000000
102833  59.040  -20.371  22.464 0.0000000000
102834  58.551  -20.788  22.588 0.0000000000
102835  58.686  -20.721  22.961 0.0000000000
102836  58.349  -21.033  23.499 0.0000000000
102837  58.012  -21.415  24.029 0.0000000000
102838  57.674  -22.078  26.369 0.0000000000
102839  57.694  -22.185  25.923 0.0000000000
102840  57.722  -22.664  26.382 0.0000000000
102841  57.761  -23.207  26.388 0.0000000000
102842  57.748  -23.821  26.419 0.0000000000
102843  57.655  -24.321  26.534 0.0000000000
102844  58.071  -24.280  26.777 0.0000000000
102845  58.344  -24.698  27.147 0.0000000000
102846  58.659  -25.032  27.476 0.0000000000
107262  44.710  -28.619  22.869 0.0000000000
107263  45.167  -28.322  23.027 0.0000000000
107264  45.146  -28.381  23.572 0.0000000000
107265  45.136  -28.512  24.129 0.0000000000
107266  46.564  -28.501  25.691 0.0000000000
107268  46.208  -29.002  26.039 0.0000000000
107269  45.874  -29.547  26.285 0.0000000000
107275  50.312  -28.090  27.422 0.0000000000
107276  49.833  -28.046  27.224 0.0000000000
107277  49.937  -28.466  27.603 0.0000000000
112667  55.970  -20.159  30.599 0.0000000000
112669  56.165  -19.811  30.353 0.0000000000
112674  56.899  -19.954  29.311 0.0000000000
112675  56.978  -20.357  29.016 0.0000000000
112676  57.041  -20.764  28.731 0.0000000000
112677  56.948  -21.069  29.017 0.0000000000
112678  57.091  -21.722  29.073 0.0000000000
112679  57.361  -22.306  29.100 0.0000000000
112680  58.262  -23.885  30.198 0.0000000000
112681  58.268  -23.703  29.830 0.0000000000
112682  58.636  -24.070  29.916 0.0000000000
112683  58.981  -24.291  29.536 0.0000000000
112684  59.242  -24.532  29.178 0.0000000000
112685  59.357  -24.786  28.830 0.0000000000
112693  51.192  -22.606  33.824 0.0000000000
112695  52.605  -24.246  34.508 0.0000000000
112696  53.108  -24.424  34.569 0.0000000000
112697  53.269  -24.148  34.167 0.0000000000
112698  53.483  -23.852  33.786 0.0000000000
112699  53.595  -23.632  33.431 0.0000000000
112700  53.929  -24.106  33.868 0.0000000000
112701  54.428  -24.343  33.895 0.0000000000
112702  54.921  -24.595  33.913 0.0000000000
116491  56.156  -24.098  25.564 0.0000000000
116492  55.802  -23.997  25.329 0.0000000000
116493  55.809  -24.499  25.836 0.0000000000
116494  55.517  -24.850  26.085 0.0000000000
116495  55.203  -25.151  26.398 0.0000000000
116496  55.926  -25.711  26.899 0.0000000000
116497  55.418  -25.560  26.820 0.0000000000
116498  54.919  -25.435  26.697 0.0000000000
116499  54.663  -25.755  27.053 0.0000000000
116500  54.350  -26.102  27.352 0.0000000000
116501  54.012  -26.465  27.587 0.0000000000
116502  53.651  -26.820  27.792 0.0000000000
117908  52.339  -20.727  33.228 0.0000000000
119006  62.882  -15.131  20.059 0.0000000000
119008  62.554  -16.179  20.149 0.0000000000
119009  62.461  -16.625  20.361 0.0000000000
119010  62.311  -17.053  20.600 0.0000000000
119011  60.816  -16.490  24.373 0.0000000000
119012  61.074  -16.683  23.953 0.0000000000
119013  60.573  -17.048  24.242 0.0000000000
119014  60.345  -17.618  24.155 0.0000000000
119015  60.094  -18.135  24.111 0.0000000000
119016  59.314  -18.148  24.988 0.0000000000
119017  59.531  -18.360  24.569 0.0000000000
119018  59.773  -18.566  24.109 0.0000000000
119019  59.482  -18.998  24.076 0.0000000000
119020  59.197  -19.452  24.120 0.0000000000
119021  58.892  -19.883  24.171 0.0000000000
119022  58.631  -20.317  24.239 0.0000000000
119023  58.516  -20.177  24.697 0.0000000000
119024  58.176  -20.552  25.227 0.0000000000
119025  57.863  -21.005  25.774 0.0000000000
119026  57.859  -20.391  26.105 0.0000000000
119027  57.656  -20.948  26.234 0.0000000000
119028  57.658  -21.494  26.294 0.0000000000
119029  57.636  -22.016  26.741 0.0000000000
119030  57.779  -22.571  27.098 0.0000000000
119031  58.080  -23.041  27.473 0.0000000000
122445  53.128  -24.181  22.866 0.0000000000
122446  53.124  -23.877  22.288 0.0000000000
122447  52.696  -24.240  22.463 0.0000000000
122468  46.895  -27.532  24.285 0.0000000000
122469  46.909  -27.732  24.827 0.0000000000
122471  47.367  -27.615  25.040 0.0000000000
122472  46.947  -28.044  25.362 0.0000000000
122473  47.006  -28.396  25.873 0.0000000000
126669  55.206  -19.859  31.139 0.0000000000
126670  55.458  -20.180  30.966 0.0000000000
126671  55.279  -21.199  31.180 0.0000000000
126672  55.496  -20.884  31.003 0.0000000000
126673  55.727  -20.541  30.812 0.0000000000
126674  56.012  -20.874  30.635 0.0000000000
126675  56.255  -21.243  30.402 0.0000000000
126676  56.574  -21.587  30.194 0.0000000000
126677  56.870  -21.883  29.934 0.0000000000
126678  56.816  -22.196  30.261 0.0000000000
126679  57.127  -22.740  30.320 0.0000000000
126680  57.521  -23.234  30.355 0.0000000000
126681  57.020  -23.165  30.866 0.0000000000
126682  57.456  -23.387  30.689 0.0000000000
126683  57.891  -23.636  30.444 0.0000000000
126684  58.268  -23.966  30.552 0.0000000000
126688  51.007  -23.807  34.570 0.0000000000
126696  53.886  -24.986  35.580 0.0000000000
126697  54.410  -25.113  35.718 0.0000000000
129041  63.187  -13.678  22.349 0.0000000000
129042  62.894  -14.116  22.849 0.0000000000
129044  62.693  -13.811  23.256 0.0000000000
129045  62.576  -14.484  23.277 0.0000000000
129046  62.294  -14.833  23.657 0.0000000000
129047  61.960  -15.201  23.994 0.0000000000
129048  61.541  -15.554  24.247 0.0000000000
129055  61.510  -14.683  24.767 0.0000000000
129056  61.342  -15.306  24.627 0.0000000000
129057  61.054  -15.905  24.500 0.0000000000
129058  60.545  -16.263  24.785 0.0000000000
129059  60.038  -16.629  25.091 0.0000000000
129060  59.597  -16.963  25.470 0.0000000000
129061  59.560  -16.115  25.911 0.0000000000
129062  59.347  -16.711  25.863 0.0000000000
129063  59.145  -17.270  25.842 0.0000000000
129064  58.687  -17.519  26.260 0.0000000000
129065  58.278  -17.855  26.701 0.0000000000
129066  57.920  -18.277  27.190 0.0000000000
132150  55.919  -22.409  22.967 0.0000000000
132151  55.582  -22.441  22.699 0.0000000000
132152  55.283  -22.416  22.430 0.0000000000
132153  54.755  -22.934  22.610 0.0000000000
132154  54.316  -23.356  22.790 0.0000000000
132155  53.879  -23.818  22.950 0.0000000000
132156  55.446  -23.988  25.103 0.0000000000
132157  55.117  -23.965  24.783 0.0000000000
132158  54.788  -23.973  24.449 0.0000000000
132159  54.400  -24.500  25.431 0.0000000000
132160  54.421  -24.267  24.797 0.0000000000
132161  54.480  -24.003  24.191 0.0000000000
132162  54.154  -24.047  23.855 0.0000000000
132163  53.825  -24.117  23.513 0.0000000000
132164  53.477  -24.156  23.202 0.0000000000
132165  53.027  -24.402  23.506 0.0000000000
132166  52.558  -24.616  23.817 0.0000000000
132167  52.118  -24.828  24.163 0.0000000000
132168  52.451  -24.975  25.262 0.0000000000
132169  52.078  -25.020  24.895 0.0000000000
132170  51.654  -25.062  24.495 0.0000000000
132171  51.205  -25.373  24.889 0.0000000000
132172  50.801  -25.700  25.187 0.0000000000
132173  50.414  -26.023  25.460 0.0000000000
132174  50.019  -26.426  25.659 0.0000000000
132175  50.464  -26.382  25.995 0.0000000000
132176  50.489  -26.837  26.454 0.0000000000
132177  50.577  -27.282  26.890 0.0000000000
132178  51.418  -26.903  27.072 0.0000000000
132179  51.078  -27.291  27.170 0.0000000000
132180  50.689  -27.706  27.283 0.0000000000
132185  52.934  -27.549  28.021 0.0000000000
135985  54.452  -20.282  31.683 0.0000000000
135986  54.476  -20.934  31.655 0.0000000000
135987  53.942  -20.899  32.000 0.0000000000
135988  54.232  -21.254  31.815 0.0000000000
135989  54.541  -21.606  31.661 0.0000000000
135990  54.690  -22.228  31.754 0.0000000000
135991  54.869  -22.840  31.918 0.0000000000
135992  55.092  -23.386  32.082 0.0000000000
138943  63.405  -14.063  21.430 0.0000000000
138944  63.232  -14.692  21.492 0.0000000000
138945  63.054  -15.284  21.490 0.0000000000
138946  62.751  -15.514  22.347 0.0000000000
138947  62.849  -15.704  21.913 0.0000000000
138948  62.885  -15.871  21.426 0.0000000000
138949  62.697  -16.443  21.299 0.0000000000
138950  62.407  -16.942  21.094 0.0000000000
138951  62.083  -17.393  20.907 0.0000000000
138952  61.335  -16.885  23.521 0.0000000000
138953  61.548  -17.088  23.103 0.0000000000
138954  61.681  -17.273  22.654 0.0000000000
138955  60.983  -18.147  22.827 0.0000000000
138956  61.394  -17.790  22.505 0.0000000000
138957  61.768  -17.468  22.177 0.0000000000
138958  61.820  -17.623  21.656 0.0000000000
138959  61.813  -17.752  21.175 0.0000000000
138960  61.747  -17.855  20.745 0.0000000000
138961  61.305  -18.274  20.604 0.0000000000
138962  60.826  -18.685  20.525 0.0000000000
138964  60.170  -19.450  21.347 0.0000000000
138971  57.514  -21.201  22.176 0.0000000000
138972  57.293  -21.579  22.768 0.0000000000
138973  58.054  -21.151  22.755 0.0000000000
138974  57.555  -21.533  23.023 0.0000000000
138975  57.063  -21.911  23.299 0.0000000000
138976  56.809  -22.282  23.812 0.0000000000
138977  56.623  -22.732  24.311 0.0000000000
138978  56.506  -23.220  24.803 0.0000000000
138979  58.367  -20.820  24.305 0.0000000000
138980  58.071  -21.354  24.407 0.0000000000
138981  57.737  -21.824  24.557 0.0000000000
138982  57.654  -22.271  25.477 0.0000000000
138983  57.581  -22.279  25.056 0.0000000000
138984  57.395  -22.284  24.711 0.0000000000
138985  57.107  -22.743  24.846 0.0000000000
138986  56.769  -23.214  25.061 0.0000000000
138987  56.468  -23.700  25.292 0.0000000000
138988  56.523  -24.240  25.792 0.0000000000
138989  56.697  -24.679  26.181 0.0000000000
138990  56.974  -25.118  26.592 0.0000000000
138991  57.477  -24.815  26.698 0.0000000000
138992  57.393  -25.174  26.823 0.0000000000
138993  57.240  -25.510  26.976 0.0000000000
147949  44.247  -28.925  23.320 0.0000000000
147950  43.802  -29.324  23.765 0.0000000000
147955  45.974  -27.944  23.853 0.0000000000
147956  45.548  -28.282  24.266 0.0000000000
147957  45.146  -28.685  24.697 0.0000000000
147958  45.639  -28.770  25.379 0.0000000000
147959  45.183  -28.889  25.246 0.0000000000
147960  44.772  -29.144  25.075 0.0000000000
147973  49.613  -26.853  25.850 0.0000000000
147974  49.198  -27.273  26.059 0.0000000000
147975  48.810  -27.668  26.293 0.0000000000
147976  49.351  -28.061  26.989 0.0000000000
147977  48.886  -28.056  26.755 0.0000000000
147978  48.403  -28.053  26.480 0.0000000000
147979  48.022  -28.535  26.720 0.0000000000
158759  58.295  -16.111  27.629 0.0000000000
158761  57.988  -16.323  28.068 0.0000000000
158762  58.095  -16.670  27.555 0.0000000000
158763  57.953  -17.296  27.551 0.0000000000
158764  57.803  -17.935  27.599 0.0000000000
158765  57.670  -18.520  27.653 0.0000000000
158790  57.402  -18.365  28.418 0.0000000000
158791  57.459  -18.744  28.074 0.0000000000
158792  57.550  -19.156  27.726 0.0000000000
158793  57.453  -19.775  27.763 0.0000000000
158794  57.346  -20.454  27.784 0.0000000000
158795  57.284  -21.085  27.800 0.0000000000
158796  57.071  -21.143  28.427 0.0000000000
158797  57.266  -21.441  28.179 0.0000000000
158798  57.408  -21.713  27.814 0.0000000000
158799  57.632  -22.297  27.811 0.0000000000
158800  57.962  -22.788  27.835 0.0000000000
158801  58.278  -23.257  27.833 0.0000000000
158802  57.187  -22.195  29.679 0.0000000000
158803  57.477  -22.535  29.443 0.0000000000
158804  57.762  -22.858  29.136 0.0000000000
158805  58.225  -23.500  29.495 0.0000000000
158806  58.140  -23.281  29.162 0.0000000000
158807  58.050  -23.075  28.837 0.0000000000
158808  58.289  -23.268  28.524 0.0000000000
158809  58.484  -23.483  28.173 0.0000000000
158810  58.574  -23.732  27.812 0.0000000000
158811  58.787  -24.236  27.747 0.0000000000
158812  58.921  -24.721  27.717 0.0000000000
158814  59.338  -25.070  28.449 0.0000000000
158826  51.773  -20.734  33.667 0.0000000000
158827  52.033  -21.036  33.413 0.0000000000
158828  52.327  -21.369  33.171 0.0000000000
158829  51.184  -23.497  34.318 0.0000000000
158830  51.385  -23.194  34.014 0.0000000000
158831  51.558  -22.911  33.751 0.0000000000
158832  52.258  -23.742  34.050 0.0000000000
158833  51.988  -23.199  33.717 0.0000000000
158834  51.764  -22.630  33.538 0.0000000000
158835  52.049  -22.312  33.364 0.0000000000
158836  52.338  -21.991  33.157 0.0000000000
158837  52.652  -21.641  32.960 0.0000000000
158838  53.010  -21.890  32.786 0.0000000000
158839  53.350  -22.252  32.641 0.0000000000
158840  53.757  -22.641  32.570 0.0000000000
158841  53.848  -23.414  33.137 0.0000000000
158842  54.015  -23.198  32.831 0.0000000000
158843  54.169  -22.986  32.529 0.0000000000
158844  54.603  -23.336  32.477 0.0000000000
158845  55.023  -23.686  32.408 0.0000000000
158846  55.471  -23.863  32.317 0.0000000000
158865  55.199  -25.030  34.858 0.0000000000
158866  55.336  -24.928  34.418 0.0000000000
158867  55.470  -24.783  33.968 0.0000000000
158870  55.587  -24.621  33.485 0.0000000000
158871  55.720  -24.440  33.005 0.0000000000
158872  55.847  -24.241  32.592 0.0000000000
158873  55.950  -23.997  32.206 0.0000000000
158874  56.426  -24.077  32.117 0.0000000000
158875  56.987  -24.143  32.036 0.0000000000
158876  57.502  -24.215  31.874 0.0000000000
158878  57.858  -24.500  32.107 0.0000000000
158879  58.002  -24.323  31.681 0.0000000000
