#!ascii label  , from subject fsaverage vox2ras=TkReg
370
315  31.890  -24.485  13.890 0.0000000000
589  34.113  -24.431  5.199 0.0000000000
1307  32.996  -28.318  13.494 0.0000000000
1308  35.340  -27.595  9.237 0.0000000000
2402  36.131  -24.186  1.338 0.0000000000
2404  32.445  -24.526  9.336 0.0000000000
3228  36.420  -28.103  11.592 0.0000000000
5357  33.546  -21.717  6.131 0.0000000000
5358  34.171  -21.766  4.146 0.0000000000
5359  35.131  -24.386  3.248 0.0000000000
5361  36.987  -25.948  3.081 0.0000000000
5363  32.951  -22.226  12.147 0.0000000000
5364  32.010  -24.559  11.597 0.0000000000
5366  36.667  -27.135  7.314 0.0000000000
6960  33.148  -21.813  8.065 0.0000000000
6961  31.827  -26.720  13.611 0.0000000000
6962  32.349  -26.683  11.306 0.0000000000
6963  34.001  -28.003  11.348 0.0000000000
9761  34.930  -21.788  2.200 0.0000000000
9767  33.003  -21.953  10.113 0.0000000000
9768  33.169  -24.494  7.227 0.0000000000
9769  33.315  -26.565  9.120 0.0000000000
9770  34.455  -26.392  7.030 0.0000000000
9771  35.690  -26.193  5.066 0.0000000000
13037  33.676  -23.175  5.554 0.0000000000
13038  34.049  -23.149  4.567 0.0000000000
13039  34.598  -24.385  4.222 0.0000000000
13040  35.987  -25.312  3.080 0.0000000000
13041  35.375  -25.360  4.080 0.0000000000
13042  32.322  -23.318  14.184 0.0000000000
13043  32.314  -23.399  12.972 0.0000000000
13044  31.912  -24.488  12.771 0.0000000000
15442  32.241  -27.607  13.558 0.0000000000
15443  32.610  -27.589  12.386 0.0000000000
15444  33.447  -28.165  12.459 0.0000000000
21835  34.919  -23.129  2.676 0.0000000000
21836  34.524  -21.792  3.211 0.0000000000
21837  35.349  -23.097  1.705 0.0000000000
21838  35.823  -23.007  0.655 0.0000000000
21850  32.440  -23.330  10.758 0.0000000000
21851  32.966  -22.110  11.157 0.0000000000
21852  32.550  -23.229  9.732 0.0000000000
21853  32.728  -23.211  8.637 0.0000000000
21854  32.799  -24.523  8.271 0.0000000000
21855  33.572  -27.363  10.216 0.0000000000
21856  32.810  -26.622  10.176 0.0000000000
21857  34.208  -27.231  9.135 0.0000000000
21858  37.364  -26.927  6.333 0.0000000000
21859  35.463  -26.945  7.116 0.0000000000
21860  36.114  -26.794  6.137 0.0000000000
21861  35.090  -26.294  6.012 0.0000000000
21862  36.766  -26.655  5.168 0.0000000000
21863  37.484  -26.466  4.212 0.0000000000
28077  33.831  -21.709  5.152 0.0000000000
28078  34.471  -23.144  3.647 0.0000000000
28079  35.608  -24.290  2.313 0.0000000000
28080  37.187  -25.002  1.105 0.0000000000
28081  36.551  -25.157  2.106 0.0000000000
28082  37.618  -25.746  2.117 0.0000000000
28086  32.981  -22.223  13.274 0.0000000000
28087  32.363  -23.377  11.852 0.0000000000
28088  32.203  -24.540  10.428 0.0000000000
28090  35.977  -27.361  8.293 0.0000000000
31601  33.307  -21.758  7.070 0.0000000000
31602  33.298  -23.177  6.556 0.0000000000
31603  31.708  -25.665  13.772 0.0000000000
31604  31.808  -25.602  12.605 0.0000000000
31605  32.016  -26.688  12.457 0.0000000000
31606  33.038  -27.462  11.290 0.0000000000
31607  34.664  -27.864  10.277 0.0000000000
31608  35.165  -28.242  11.493 0.0000000000
31609  35.884  -27.887  10.470 0.0000000000
31610  36.563  -27.536  9.528 0.0000000000
33945  31.890  -24.428  14.996 0.0000000000
33946  31.661  -25.615  14.896 0.0000000000
33947  31.679  -26.709  14.744 0.0000000000
33948  32.039  -27.712  14.649 0.0000000000
39537  33.643  -20.721  10.596 0.0000000000
39538  33.016  -21.914  9.109 0.0000000000
39539  32.988  -23.201  7.537 0.0000000000
39540  33.612  -24.428  6.180 0.0000000000
39541  32.029  -25.697  11.351 0.0000000000
39542  32.348  -25.686  10.223 0.0000000000
39543  32.759  -25.654  9.145 0.0000000000
39544  34.833  -27.065  8.064 0.0000000000
39545  33.832  -26.490  8.055 0.0000000000
39546  33.232  -25.635  8.059 0.0000000000
39547  33.716  -25.612  7.002 0.0000000000
39548  34.205  -25.479  6.058 0.0000000000
39549  34.807  -25.442  5.059 0.0000000000
39550  36.273  -26.089  4.093 0.0000000000
39551  38.119  -26.248  3.232 0.0000000000
43757  33.842  -23.865  5.352 0.0000000000
43758  34.054  -23.796  4.883 0.0000000000
43759  34.333  -24.395  4.725 0.0000000000
43760  34.965  -24.906  4.142 0.0000000000
43761  34.671  -24.934  4.625 0.0000000000
43762  32.080  -23.898  14.041 0.0000000000
43763  32.057  -23.890  13.503 0.0000000000
43764  31.895  -24.477  13.324 0.0000000000
46162  32.577  -27.993  13.524 0.0000000000
46163  32.737  -27.939  13.017 0.0000000000
46164  33.230  -28.248  12.977 0.0000000000
52555  35.479  -23.721  1.984 0.0000000000
52556  35.139  -23.134  2.188 0.0000000000
52557  35.686  -23.674  1.510 0.0000000000
52558  35.950  -23.592  1.020 0.0000000000
52559  36.403  -24.099  0.837 0.0000000000
52570  32.369  -23.912  10.040 0.0000000000
52571  32.488  -23.283  10.252 0.0000000000
52572  32.455  -23.876  9.521 0.0000000000
52573  32.583  -23.888  8.984 0.0000000000
52574  32.627  -24.517  8.816 0.0000000000
52575  34.397  -27.541  9.691 0.0000000000
52576  33.872  -27.307  9.675 0.0000000000
52577  34.733  -27.456  9.182 0.0000000000
52579  36.732  -26.950  6.218 0.0000000000
52580  37.059  -26.830  5.733 0.0000000000
52581  36.458  -26.720  5.650 0.0000000000
62154  33.678  -21.683  5.663 0.0000000000
62155  34.538  -23.820  3.906 0.0000000000
62156  34.221  -23.130  4.124 0.0000000000
62157  34.762  -23.789  3.434 0.0000000000
62158  34.999  -23.805  2.936 0.0000000000
62159  35.380  -24.346  2.776 0.0000000000
62160  36.060  -24.776  2.194 0.0000000000
62161  35.791  -24.814  2.680 0.0000000000
62162  36.505  -25.672  3.030 0.0000000000
62163  36.787  -25.585  2.556 0.0000000000
62164  37.290  -25.867  2.599 0.0000000000
62165  38.194  -25.917  2.167 0.0000000000
62166  37.827  -26.060  2.655 0.0000000000
62170  32.104  -23.966  12.307 0.0000000000
62171  32.353  -23.387  12.439 0.0000000000
62172  32.146  -23.969  11.715 0.0000000000
62173  32.202  -23.952  11.126 0.0000000000
62174  32.098  -24.550  11.010 0.0000000000
69362  33.302  -21.147  8.346 0.0000000000
69363  33.351  -21.091  7.824 0.0000000000
69364  33.201  -21.796  7.545 0.0000000000
69365  33.264  -22.485  6.794 0.0000000000
69366  33.130  -22.467  7.270 0.0000000000
69367  31.726  -26.216  13.694 0.0000000000
69368  31.765  -26.231  13.106 0.0000000000
69369  31.920  -26.723  13.021 0.0000000000
69370  33.231  -27.828  11.863 0.0000000000
69371  32.813  -27.505  11.846 0.0000000000
69372  33.447  -27.766  11.326 0.0000000000
69373  33.738  -27.709  10.775 0.0000000000
69374  34.274  -27.923  10.823 0.0000000000
69376  34.858  -28.379  11.957 0.0000000000
69377  35.821  -28.205  11.517 0.0000000000
69378  37.425  -27.319  10.347 0.0000000000
69379  36.487  -27.780  10.603 0.0000000000
69380  36.845  -27.543  10.171 0.0000000000
69381  36.231  -27.728  9.992 0.0000000000
74789  31.908  -24.425  15.560 0.0000000000
74790  31.752  -25.048  14.939 0.0000000000
74791  31.758  -25.038  15.476 0.0000000000
74793  31.607  -26.154  15.359 0.0000000000
74794  31.638  -26.724  15.274 0.0000000000
74795  31.827  -27.231  14.671 0.0000000000
74796  31.744  -27.276  15.200 0.0000000000
88548  34.713  -21.782  2.712 0.0000000000
88554  35.101  -21.796  1.701 0.0000000000
88567  37.671  -25.275  1.153 0.0000000000
88590  33.315  -21.625  12.863 0.0000000000
88592  33.300  -21.623  12.351 0.0000000000
88593  32.981  -22.027  10.673 0.0000000000
88594  33.319  -21.503  11.360 0.0000000000
88595  33.312  -21.405  10.897 0.0000000000
88597  33.305  -21.344  10.383 0.0000000000
88598  33.285  -21.299  9.880 0.0000000000
88599  33.022  -21.926  9.617 0.0000000000
88600  32.849  -23.919  7.840 0.0000000000
88601  32.849  -23.230  8.056 0.0000000000
88602  33.040  -23.869  7.360 0.0000000000
88603  33.216  -23.838  6.842 0.0000000000
88604  33.371  -24.444  6.711 0.0000000000
88605  32.001  -26.159  11.918 0.0000000000
88606  31.913  -25.636  11.979 0.0000000000
88607  32.151  -26.200  11.282 0.0000000000
88608  33.074  -26.608  9.631 0.0000000000
88609  32.531  -26.190  10.182 0.0000000000
88610  32.747  -26.165  9.650 0.0000000000
88611  32.539  -25.693  9.671 0.0000000000
88612  33.004  -26.140  9.107 0.0000000000
88613  36.290  -27.267  7.783 0.0000000000
88614  35.371  -27.256  8.178 0.0000000000
88615  35.688  -27.178  7.688 0.0000000000
88616  34.926  -26.703  7.064 0.0000000000
88617  34.615  -26.756  7.558 0.0000000000
88618  34.144  -26.448  7.549 0.0000000000
88619  33.504  -26.090  8.037 0.0000000000
88620  33.779  -26.057  7.521 0.0000000000
88621  33.480  -25.626  7.531 0.0000000000
88622  34.048  -26.022  7.007 0.0000000000
88623  35.381  -26.243  5.542 0.0000000000
88624  34.618  -25.931  6.028 0.0000000000
88625  34.923  -25.880  5.523 0.0000000000
88626  34.509  -25.461  5.548 0.0000000000
88627  35.215  -25.836  5.038 0.0000000000
88628  35.519  -25.794  4.554 0.0000000000
88629  35.997  -26.128  4.586 0.0000000000
88630  38.426  -26.396  3.822 0.0000000000
88631  37.818  -26.381  3.698 0.0000000000
97195  33.570  -22.459  5.825 0.0000000000
97196  33.725  -22.463  5.310 0.0000000000
97197  33.856  -23.144  5.072 0.0000000000
97198  34.278  -23.797  4.392 0.0000000000
97199  34.881  -24.402  3.735 0.0000000000
97200  35.489  -24.864  3.193 0.0000000000
97201  35.248  -24.894  3.637 0.0000000000
97202  35.686  -25.352  3.574 0.0000000000
97203  36.171  -25.708  3.545 0.0000000000
97204  32.612  -22.711  14.288 0.0000000000
97205  32.625  -22.768  13.715 0.0000000000
97206  32.309  -23.353  13.581 0.0000000000
97207  32.072  -23.931  12.890 0.0000000000
97208  31.916  -24.510  12.188 0.0000000000
101523  33.296  -21.193  8.836 0.0000000000
101524  32.004  -27.181  13.570 0.0000000000
101525  32.148  -27.178  12.982 0.0000000000
101526  32.425  -27.588  12.976 0.0000000000
101527  32.981  -27.894  12.438 0.0000000000
101528  33.713  -28.109  11.899 0.0000000000
101530  36.760  -27.843  11.187 0.0000000000
101532  37.958  -27.094  10.533 0.0000000000
101533  38.291  -26.751  10.144 0.0000000000
113031  34.461  -22.457  3.414 0.0000000000
113032  34.345  -21.770  3.690 0.0000000000
113033  34.651  -22.475  2.929 0.0000000000
113034  34.869  -22.488  2.434 0.0000000000
113035  35.106  -22.484  1.907 0.0000000000
113037  35.603  -23.055  1.186 0.0000000000
113038  36.197  -23.531  0.509 0.0000000000
113058  32.659  -22.754  11.447 0.0000000000
113059  32.955  -22.179  11.660 0.0000000000
113060  32.675  -22.717  10.954 0.0000000000
113061  32.691  -22.654  10.440 0.0000000000
113062  32.740  -22.596  9.920 0.0000000000
113063  32.801  -22.560  9.381 0.0000000000
113064  32.621  -23.212  9.201 0.0000000000
113065  32.714  -23.878  8.444 0.0000000000
113066  32.962  -24.514  7.728 0.0000000000
113067  32.834  -27.091  10.795 0.0000000000
113068  32.544  -26.640  10.748 0.0000000000
113069  33.154  -27.027  10.205 0.0000000000
113070  33.467  -26.994  9.625 0.0000000000
113071  33.764  -26.933  9.091 0.0000000000
113072  37.023  -27.030  6.817 0.0000000000
113073  36.054  -27.089  7.194 0.0000000000
113074  36.399  -27.006  6.712 0.0000000000
113075  35.784  -26.868  6.633 0.0000000000
113076  35.234  -26.646  6.543 0.0000000000
113077  34.780  -26.367  6.486 0.0000000000
113078  35.585  -26.579  6.052 0.0000000000
113079  35.895  -26.532  5.564 0.0000000000
113080  36.195  -26.467  5.109 0.0000000000
113081  36.544  -26.399  4.631 0.0000000000
113082  37.133  -26.569  4.689 0.0000000000
113083  38.097  -26.503  4.328 0.0000000000
118003  33.424  -28.582  13.545 0.0000000000
118004  33.726  -28.498  12.978 0.0000000000
126953  34.015  -21.727  4.662 0.0000000000
126954  33.902  -22.454  4.810 0.0000000000
126955  34.086  -22.448  4.378 0.0000000000
126956  34.276  -22.465  3.893 0.0000000000
126957  34.673  -23.133  3.150 0.0000000000
126958  35.236  -23.739  2.473 0.0000000000
126959  35.879  -24.236  1.822 0.0000000000
126960  36.650  -24.618  1.196 0.0000000000
126961  36.367  -24.698  1.691 0.0000000000
126962  36.862  -25.087  1.623 0.0000000000
126963  37.345  -25.400  1.637 0.0000000000
126964  36.254  -25.224  2.607 0.0000000000
126965  37.071  -25.483  2.095 0.0000000000
126966  37.919  -25.661  1.644 0.0000000000
126973  33.319  -21.618  13.382 0.0000000000
126974  32.954  -22.242  12.665 0.0000000000
126975  32.654  -22.791  13.186 0.0000000000
126976  32.642  -22.804  12.574 0.0000000000
126977  32.642  -22.798  11.977 0.0000000000
126978  32.390  -23.355  11.271 0.0000000000
126979  32.269  -23.937  10.559 0.0000000000
126980  32.336  -24.532  9.886 0.0000000000
126981  36.300  -27.500  8.909 0.0000000000
126982  35.688  -27.481  8.779 0.0000000000
126985  37.294  -27.074  7.480 0.0000000000
126988  37.650  -26.946  7.013 0.0000000000
136244  33.424  -21.034  7.361 0.0000000000
136245  33.393  -21.716  6.624 0.0000000000
136246  33.396  -22.472  6.323 0.0000000000
136247  33.485  -23.175  6.072 0.0000000000
136248  33.645  -23.839  5.855 0.0000000000
136249  31.772  -25.085  13.834 0.0000000000
136250  31.792  -25.056  13.255 0.0000000000
136251  31.748  -25.632  13.205 0.0000000000
136252  31.858  -26.156  12.526 0.0000000000
136253  32.153  -26.685  11.888 0.0000000000
136254  32.280  -27.183  12.409 0.0000000000
136255  32.454  -27.128  11.854 0.0000000000
136256  32.647  -27.102  11.305 0.0000000000
136257  33.281  -27.425  10.754 0.0000000000
136258  34.060  -27.636  10.223 0.0000000000
136259  34.987  -27.704  9.765 0.0000000000
136260  33.979  -28.386  12.452 0.0000000000
136261  34.219  -28.273  11.925 0.0000000000
136262  34.575  -28.164  11.409 0.0000000000
136263  36.140  -27.985  11.077 0.0000000000
136264  35.517  -28.071  10.984 0.0000000000
136265  34.922  -28.042  10.871 0.0000000000
136266  35.275  -27.919  10.367 0.0000000000
136267  35.597  -27.771  9.880 0.0000000000
136268  35.922  -27.634  9.393 0.0000000000
136269  36.898  -27.393  9.065 0.0000000000
142929  31.901  -24.473  14.457 0.0000000000
142930  31.758  -25.079  14.383 0.0000000000
142931  31.659  -25.668  14.340 0.0000000000
142932  31.670  -26.211  14.272 0.0000000000
142933  31.649  -25.589  15.437 0.0000000000
142934  31.632  -26.154  14.835 0.0000000000
142935  31.743  -26.726  14.194 0.0000000000
142936  31.895  -27.204  14.135 0.0000000000
142937  32.122  -27.665  14.095 0.0000000000
142938  32.443  -28.056  14.084 0.0000000000
142945  31.949  -27.791  15.191 0.0000000000
142947  32.818  -28.393  14.065 0.0000000000
159562  33.314  -21.561  11.846 0.0000000000
159569  33.273  -21.256  9.337 0.0000000000
159570  33.087  -21.870  8.553 0.0000000000
159571  32.845  -22.558  8.845 0.0000000000
159572  32.935  -22.551  8.286 0.0000000000
159573  33.032  -22.507  7.752 0.0000000000
159574  33.136  -23.168  7.036 0.0000000000
159575  33.431  -23.848  6.341 0.0000000000
159576  33.874  -24.447  5.685 0.0000000000
159577  31.831  -25.072  12.639 0.0000000000
159578  31.887  -25.099  12.055 0.0000000000
159579  31.972  -25.139  11.473 0.0000000000
159580  32.329  -26.182  10.746 0.0000000000
159581  32.182  -25.696  10.789 0.0000000000
159582  32.086  -25.154  10.890 0.0000000000
159583  32.236  -25.128  10.312 0.0000000000
159584  32.397  -25.124  9.780 0.0000000000
159585  32.573  -25.110  9.230 0.0000000000
159586  35.033  -27.369  8.705 0.0000000000
159587  34.538  -27.141  8.585 0.0000000000
159588  34.042  -26.862  8.567 0.0000000000
159589  35.139  -27.000  7.601 0.0000000000
159590  34.303  -26.819  8.037 0.0000000000
159591  33.588  -26.517  8.580 0.0000000000
159592  33.232  -26.112  8.574 0.0000000000
159593  32.965  -25.637  8.598 0.0000000000
159594  32.756  -25.107  8.682 0.0000000000
159595  32.982  -25.121  8.134 0.0000000000
159596  33.189  -25.099  7.614 0.0000000000
159597  33.376  -25.071  7.120 0.0000000000
159598  34.338  -25.984  6.505 0.0000000000
159599  33.955  -25.531  6.547 0.0000000000
159600  33.622  -25.013  6.621 0.0000000000
159601  33.868  -24.965  6.094 0.0000000000
159602  34.155  -24.997  5.605 0.0000000000
159603  34.437  -24.969  5.109 0.0000000000
159604  35.091  -25.405  4.558 0.0000000000
159605  35.826  -25.757  4.045 0.0000000000
159606  36.646  -26.008  3.588 0.0000000000
159607  36.872  -26.334  4.146 0.0000000000
159608  37.188  -26.238  3.644 0.0000000000
159609  37.497  -26.152  3.153 0.0000000000
