#!ascii label  , from subject fsaverage vox2ras=TkReg
440
1103  33.950  0.224  11.914 0.0000000000
2152  36.398  -6.684  5.437 0.0000000000
2154  35.683  -6.965  8.610 0.0000000000
2155  34.887  -7.204  11.631 0.0000000000
2156  34.613  -7.200  14.562 0.0000000000
2159  36.150  -7.025  16.982 0.0000000000
2207  37.587  -1.748  5.139 0.0000000000
4747  37.301  -2.907  7.745 0.0000000000
4748  35.936  -6.837  7.035 0.0000000000
4749  36.555  -3.059  9.179 0.0000000000
4750  34.119  0.041  13.335 0.0000000000
4751  35.488  -3.291  12.150 0.0000000000
4752  35.306  -3.400  13.503 0.0000000000
4753  34.536  -7.263  13.131 0.0000000000
4754  35.428  -3.551  14.754 0.0000000000
4761  36.719  -3.660  17.109 0.0000000000
4763  37.351  -7.020  17.638 0.0000000000
4881  37.351  -4.143  5.355 0.0000000000
9025  36.481  -10.710  6.771 0.0000000000
9026  35.503  -10.969  8.262 0.0000000000
9027  35.901  -3.044  10.742 0.0000000000
9028  35.337  -7.059  10.179 0.0000000000
9029  34.589  -11.181  9.803 0.0000000000
9030  33.886  -11.174  11.433 0.0000000000
9031  33.621  -10.987  13.184 0.0000000000
9039  35.918  -3.630  15.991 0.0000000000
9040  35.173  -7.124  15.935 0.0000000000
9180  38.337  -0.564  2.558 0.0000000000
12427  35.944  -1.247  8.348 0.0000000000
12428  36.931  -3.028  8.473 0.0000000000
12429  35.550  -1.263  9.059 0.0000000000
12431  34.696  -1.697  13.499 0.0000000000
12432  34.818  -1.653  14.172 0.0000000000
12433  35.307  -3.493  14.130 0.0000000000
12434  35.069  -1.755  14.755 0.0000000000
12561  36.821  -1.782  7.407 0.0000000000
20005  35.786  -6.960  7.810 0.0000000000
20006  35.754  -8.932  6.731 0.0000000000
20007  35.414  -8.892  7.533 0.0000000000
20008  35.984  -10.832  7.527 0.0000000000
20009  35.172  -8.963  8.332 0.0000000000
20011  34.968  -1.334  10.595 0.0000000000
20012  34.726  -1.360  11.336 0.0000000000
20013  35.827  -5.200  12.042 0.0000000000
20014  36.089  -5.150  11.306 0.0000000000
20015  35.107  -7.146  10.890 0.0000000000
20016  34.565  -9.066  9.926 0.0000000000
20017  34.283  -9.167  10.692 0.0000000000
20018  34.259  -11.110  10.617 0.0000000000
20019  34.048  -9.164  11.433 0.0000000000
20020  34.517  -7.285  13.819 0.0000000000
20021  33.868  -9.131  13.081 0.0000000000
20022  33.889  -9.089  13.911 0.0000000000
20024  34.015  -8.958  14.676 0.0000000000
20041  35.745  -1.807  15.915 0.0000000000
20042  36.217  -1.923  16.389 0.0000000000
20043  36.510  -5.332  17.127 0.0000000000
20044  36.030  -5.363  16.538 0.0000000000
20045  35.648  -6.992  16.534 0.0000000000
20046  34.632  -8.669  16.067 0.0000000000
20047  35.138  -8.623  16.649 0.0000000000
20049  35.675  -8.575  17.065 0.0000000000
20051  36.919  -8.522  17.663 0.0000000000
20399  37.881  -1.156  3.862 0.0000000000
20400  37.751  -2.366  3.965 0.0000000000
20402  37.571  -3.583  4.050 0.0000000000
20403  36.870  -5.430  5.393 0.0000000000
20404  36.835  -6.087  4.134 0.0000000000
26977  37.005  -4.803  6.675 0.0000000000
26978  36.119  -6.782  6.187 0.0000000000
26979  36.997  -4.882  7.511 0.0000000000
26980  36.864  -4.948  8.253 0.0000000000
26981  36.698  -4.984  9.049 0.0000000000
26982  33.961  0.178  12.654 0.0000000000
26983  34.601  -1.428  12.005 0.0000000000
26984  34.605  -1.553  12.789 0.0000000000
26985  35.355  -3.341  12.865 0.0000000000
26986  35.554  -5.287  12.656 0.0000000000
26987  34.701  -7.276  12.365 0.0000000000
26988  35.362  -5.358  13.291 0.0000000000
26989  35.230  -5.474  13.940 0.0000000000
26990  35.275  -5.466  14.632 0.0000000000
27004  37.074  -5.437  17.553 0.0000000000
27005  36.725  -7.041  17.339 0.0000000000
27006  37.768  -5.365  17.877 0.0000000000
27216  37.098  -1.295  6.106 0.0000000000
27217  37.673  -2.939  5.294 0.0000000000
27218  37.481  -2.335  6.440 0.0000000000
27219  37.520  -3.587  6.581 0.0000000000
37317  36.105  -8.862  5.958 0.0000000000
37318  37.062  -10.638  6.041 0.0000000000
37323  35.234  -1.323  9.800 0.0000000000
37324  36.207  -3.049  9.964 0.0000000000
37325  36.547  -5.038  9.823 0.0000000000
37326  35.640  -3.168  11.401 0.0000000000
37327  36.355  -5.111  10.605 0.0000000000
37328  35.524  -7.057  9.388 0.0000000000
37329  34.860  -9.002  9.156 0.0000000000
37330  35.024  -11.058  9.030 0.0000000000
37335  33.906  -9.158  12.284 0.0000000000
37336  33.716  -11.047  12.311 0.0000000000
37359  35.403  -1.754  15.350 0.0000000000
37360  35.634  -3.505  15.406 0.0000000000
37361  35.419  -5.408  15.339 0.0000000000
37362  36.255  -3.640  16.567 0.0000000000
37363  35.657  -5.401  15.974 0.0000000000
37364  34.840  -7.171  15.263 0.0000000000
37365  34.232  -8.853  15.389 0.0000000000
37366  33.892  -10.349  15.719 0.0000000000
37371  36.283  -8.522  17.417 0.0000000000
37781  38.441  -1.103  1.494 0.0000000000
37790  38.038  -1.775  2.687 0.0000000000
43148  35.722  -1.250  8.674 0.0000000000
43151  34.590  -0.852  14.117 0.0000000000
43152  34.700  -0.853  14.450 0.0000000000
43153  34.904  -1.684  14.490 0.0000000000
43154  34.872  -0.873  14.721 0.0000000000
43281  35.661  -0.666  8.159 0.0000000000
50725  35.753  -6.940  8.215 0.0000000000
50726  35.471  -7.910  7.650 0.0000000000
50727  35.385  -7.903  8.052 0.0000000000
50728  35.266  -8.912  7.936 0.0000000000
50729  35.310  -7.957  8.439 0.0000000000
50732  34.289  -0.556  11.627 0.0000000000
50733  35.455  -6.200  11.838 0.0000000000
50734  35.569  -6.189  11.447 0.0000000000
50735  34.973  -7.190  11.259 0.0000000000
50736  34.591  -8.156  10.760 0.0000000000
50737  34.504  -8.175  11.143 0.0000000000
50738  34.219  -9.166  11.076 0.0000000000
50739  34.394  -8.167  11.510 0.0000000000
50740  34.542  -7.236  14.190 0.0000000000
50741  34.162  -8.175  13.856 0.0000000000
50742  34.182  -8.118  14.280 0.0000000000
50743  33.928  -9.023  14.298 0.0000000000
50744  34.288  -8.072  14.608 0.0000000000
50763  36.347  -6.179  17.078 0.0000000000
50764  36.080  -6.168  16.832 0.0000000000
50765  35.863  -7.020  16.764 0.0000000000
50766  35.379  -7.847  16.522 0.0000000000
50767  35.621  -7.862  16.761 0.0000000000
50768  35.376  -8.637  16.873 0.0000000000
50769  35.919  -7.814  16.975 0.0000000000
50771  37.766  -7.933  17.731 0.0000000000
50772  38.149  -7.917  17.732 0.0000000000
50774  38.494  -7.980  17.685 0.0000000000
51119  37.634  -1.468  4.493 0.0000000000
51120  37.724  -2.052  4.561 0.0000000000
51121  37.721  -2.962  4.004 0.0000000000
51122  37.732  -2.639  4.645 0.0000000000
51123  36.660  -6.068  5.416 0.0000000000
51125  36.587  -7.167  4.808 0.0000000000
60322  37.392  -3.846  7.269 0.0000000000
60323  37.006  -4.822  7.106 0.0000000000
60324  37.370  -3.871  7.690 0.0000000000
60325  36.737  -3.038  8.816 0.0000000000
60326  37.087  -3.961  8.420 0.0000000000
60327  36.970  -3.992  8.794 0.0000000000
60328  36.768  -4.946  8.665 0.0000000000
60329  36.838  -3.996  9.187 0.0000000000
60330  34.055  0.120  13.001 0.0000000000
60331  34.268  -0.711  12.725 0.0000000000
60332  34.321  -0.776  13.075 0.0000000000
60333  35.002  -2.519  13.524 0.0000000000
60334  34.997  -2.515  13.188 0.0000000000
60335  35.318  -3.380  13.187 0.0000000000
60336  35.578  -4.278  12.804 0.0000000000
60337  35.582  -4.314  13.117 0.0000000000
60338  35.468  -5.317  12.963 0.0000000000
60339  35.473  -4.364  13.418 0.0000000000
60340  35.363  -3.540  14.451 0.0000000000
60341  35.402  -4.483  14.055 0.0000000000
60342  35.388  -4.543  14.364 0.0000000000
60343  35.258  -5.465  14.292 0.0000000000
60344  35.440  -4.525  14.698 0.0000000000
60366  37.208  -4.498  17.609 0.0000000000
60367  37.521  -4.556  17.781 0.0000000000
60368  37.391  -5.420  17.715 0.0000000000
60721  37.370  -1.793  6.304 0.0000000000
60722  36.971  -1.489  6.790 0.0000000000
60723  37.120  -2.338  7.584 0.0000000000
60724  37.415  -2.659  7.056 0.0000000000
60725  37.483  -3.248  7.167 0.0000000000
60726  37.314  -4.205  6.629 0.0000000000
83055  36.086  -6.821  6.623 0.0000000000
83056  35.956  -7.883  6.021 0.0000000000
83057  35.908  -7.896  6.445 0.0000000000
83058  36.032  -9.859  6.743 0.0000000000
83059  36.342  -9.843  6.368 0.0000000000
83060  36.756  -10.670  6.414 0.0000000000
83063  37.789  -12.096  6.746 0.0000000000
83065  35.740  -10.911  7.903 0.0000000000
83066  36.481  -11.663  7.640 0.0000000000
83067  36.202  -11.777  7.970 0.0000000000
83069  35.961  -11.854  8.340 0.0000000000
83073  35.409  -2.190  10.653 0.0000000000
83074  35.572  -2.184  10.286 0.0000000000
83075  36.052  -3.048  10.355 0.0000000000
83076  36.554  -4.026  9.950 0.0000000000
83077  36.430  -4.019  10.346 0.0000000000
83078  35.068  -2.334  12.117 0.0000000000
83079  35.096  -2.275  11.739 0.0000000000
83080  35.553  -3.215  11.772 0.0000000000
83081  35.833  -6.128  10.712 0.0000000000
83082  36.212  -5.140  10.967 0.0000000000
83083  35.898  -6.114  10.357 0.0000000000
83084  36.064  -6.042  10.014 0.0000000000
83085  35.348  -7.090  9.778 0.0000000000
83086  35.077  -8.022  9.253 0.0000000000
83087  34.957  -8.016  9.677 0.0000000000
83088  34.485  -10.141  9.862 0.0000000000
83089  34.637  -10.075  9.451 0.0000000000
83090  34.798  -11.143  9.413 0.0000000000
83091  35.427  -12.037  9.090 0.0000000000
83092  35.208  -12.074  9.485 0.0000000000
83094  34.955  -12.091  9.865 0.0000000000
83095  34.083  -11.116  11.028 0.0000000000
83096  34.482  -12.058  10.676 0.0000000000
83097  34.285  -12.108  11.095 0.0000000000
83099  34.108  -12.123  11.506 0.0000000000
83100  34.603  -7.276  12.736 0.0000000000
83101  34.222  -8.155  12.327 0.0000000000
83102  34.173  -8.185  12.703 0.0000000000
83103  33.704  -10.072  13.124 0.0000000000
83104  33.708  -10.069  12.694 0.0000000000
83105  33.659  -11.029  12.758 0.0000000000
83106  33.794  -11.903  12.412 0.0000000000
83161  35.267  -0.918  15.263 0.0000000000
83163  35.855  -2.754  15.977 0.0000000000
83164  35.686  -2.670  15.688 0.0000000000
83165  35.743  -3.583  15.700 0.0000000000
83166  35.574  -4.494  15.384 0.0000000000
83167  35.699  -4.507  15.685 0.0000000000
83168  36.738  -2.851  17.022 0.0000000000
83169  36.476  -2.792  16.753 0.0000000000
83170  36.465  -3.696  16.854 0.0000000000
83171  35.631  -6.233  16.243 0.0000000000
83172  35.819  -5.397  16.211 0.0000000000
83173  35.422  -6.285  15.943 0.0000000000
83174  35.269  -6.310  15.620 0.0000000000
83175  34.988  -7.155  15.600 0.0000000000
83176  34.538  -8.000  15.295 0.0000000000
83177  34.708  -7.977  15.648 0.0000000000
83178  34.445  -9.434  16.260 0.0000000000
83179  34.218  -9.511  15.902 0.0000000000
83190  37.039  -7.032  17.493 0.0000000000
83191  36.516  -7.795  17.324 0.0000000000
83192  36.829  -7.792  17.460 0.0000000000
84215  38.390  -0.830  2.027 0.0000000000
84217  38.238  -1.412  2.092 0.0000000000
84236  37.903  -2.061  3.338 0.0000000000
84237  38.000  -1.471  3.277 0.0000000000
84248  37.560  -3.522  5.346 0.0000000000
84249  37.504  -3.847  4.700 0.0000000000
84250  37.234  -4.402  4.794 0.0000000000
96097  36.693  -2.098  8.074 0.0000000000
96098  37.145  -2.980  8.119 0.0000000000
96099  36.493  -2.132  8.428 0.0000000000
96100  36.276  -2.100  8.808 0.0000000000
96101  36.066  -2.132  9.143 0.0000000000
96102  34.212  -0.036  13.689 0.0000000000
96103  34.379  -0.862  13.438 0.0000000000
96104  34.465  -0.850  13.782 0.0000000000
96105  34.732  -1.656  13.844 0.0000000000
96106  34.999  -2.463  13.875 0.0000000000
96107  35.301  -3.422  13.831 0.0000000000
96108  35.074  -2.532  14.176 0.0000000000
96109  35.147  -2.594  14.480 0.0000000000
96110  35.278  -2.652  14.764 0.0000000000
96337  36.526  -1.207  7.254 0.0000000000
96338  36.080  -0.922  7.703 0.0000000000
96339  36.394  -1.513  7.882 0.0000000000
109737  35.907  -6.931  7.421 0.0000000000
109738  35.734  -7.967  6.813 0.0000000000
109739  35.628  -7.942  7.248 0.0000000000
109740  35.582  -8.888  7.152 0.0000000000
109741  35.798  -9.848  7.111 0.0000000000
109742  36.210  -10.777  7.131 0.0000000000
109743  35.613  -9.897  7.492 0.0000000000
109744  35.431  -9.958  7.871 0.0000000000
109745  35.244  -9.980  8.277 0.0000000000
109749  34.834  -1.353  10.953 0.0000000000
109750  35.281  -2.183  11.045 0.0000000000
109751  35.825  -4.217  12.159 0.0000000000
109752  35.900  -4.176  11.781 0.0000000000
109753  36.004  -5.184  11.679 0.0000000000
109754  35.702  -6.167  11.086 0.0000000000
109755  35.213  -7.055  10.552 0.0000000000
109756  34.868  -8.021  10.047 0.0000000000
109757  34.704  -8.089  10.391 0.0000000000
109758  34.430  -9.140  10.317 0.0000000000
109759  34.351  -10.164  10.256 0.0000000000
109760  34.456  -11.152  10.221 0.0000000000
109761  34.212  -10.159  10.665 0.0000000000
109762  34.082  -10.143  11.034 0.0000000000
109763  33.875  -10.148  11.416 0.0000000000
109764  34.521  -7.291  13.505 0.0000000000
109765  34.132  -8.215  13.072 0.0000000000
109766  34.107  -8.250  13.424 0.0000000000
109767  33.854  -9.123  13.501 0.0000000000
109768  33.645  -10.074  13.537 0.0000000000
109769  33.575  -10.940  13.620 0.0000000000
109770  33.690  -9.996  13.951 0.0000000000
109771  33.706  -9.925  14.362 0.0000000000
109772  33.780  -9.843  14.760 0.0000000000
109803  35.982  -1.904  16.147 0.0000000000
109804  36.053  -2.768  16.239 0.0000000000
109805  36.651  -4.470  17.141 0.0000000000
109806  36.409  -4.504  16.877 0.0000000000
109807  36.254  -5.342  16.885 0.0000000000
109808  35.854  -6.189  16.563 0.0000000000
109809  35.410  -7.038  16.257 0.0000000000
109810  34.927  -7.896  15.985 0.0000000000
109811  35.156  -7.833  16.285 0.0000000000
109812  34.900  -8.622  16.380 0.0000000000
109813  34.678  -9.390  16.575 0.0000000000
109815  34.909  -9.383  16.835 0.0000000000
109818  37.717  -7.086  17.725 0.0000000000
109819  37.148  -7.804  17.560 0.0000000000
109820  37.460  -7.868  17.692 0.0000000000
110447  37.783  -1.758  3.927 0.0000000000
110453  37.065  -4.785  5.386 0.0000000000
110454  37.001  -5.099  4.754 0.0000000000
110455  36.826  -5.772  4.749 0.0000000000
124387  36.625  -5.679  6.060 0.0000000000
124388  36.249  -6.744  5.827 0.0000000000
124389  36.516  -5.718  6.467 0.0000000000
124390  36.495  -5.790  6.853 0.0000000000
124391  36.422  -5.796  7.271 0.0000000000
124392  37.218  -3.940  8.060 0.0000000000
124393  36.907  -4.901  7.872 0.0000000000
124394  36.383  -5.891  7.645 0.0000000000
124395  36.304  -5.920  8.043 0.0000000000
124396  36.274  -5.947  8.440 0.0000000000
124397  36.208  -6.002  8.807 0.0000000000
124398  33.930  0.215  12.287 0.0000000000
124399  34.220  -0.580  11.996 0.0000000000
124400  34.244  -0.635  12.347 0.0000000000
124401  34.624  -1.507  12.414 0.0000000000
124402  35.027  -2.387  12.472 0.0000000000
124403  34.643  -1.662  13.150 0.0000000000
124404  34.997  -2.429  12.838 0.0000000000
124405  35.416  -3.307  12.505 0.0000000000
124406  35.713  -4.241  12.504 0.0000000000
124407  35.695  -5.227  12.353 0.0000000000
124408  35.316  -6.289  12.136 0.0000000000
124409  34.806  -7.248  11.995 0.0000000000
124410  35.240  -6.317  12.482 0.0000000000
124411  35.079  -6.344  12.812 0.0000000000
124412  34.979  -6.384  13.151 0.0000000000
124413  35.431  -4.431  13.742 0.0000000000
124414  35.245  -5.426  13.618 0.0000000000
124415  34.915  -6.366  13.555 0.0000000000
124416  34.957  -6.348  13.911 0.0000000000
124417  34.967  -6.346  14.228 0.0000000000
124418  34.966  -6.337  14.563 0.0000000000
124448  36.915  -4.482  17.382 0.0000000000
124449  36.781  -5.355  17.357 0.0000000000
124450  36.626  -6.200  17.280 0.0000000000
124451  36.443  -7.007  17.180 0.0000000000
124452  36.910  -6.252  17.446 0.0000000000
124453  37.247  -6.226  17.609 0.0000000000
124454  37.573  -6.195  17.768 0.0000000000
124457  37.920  -6.257  17.892 0.0000000000
124944  37.388  -1.501  5.649 0.0000000000
124945  37.700  -2.349  5.233 0.0000000000
124946  37.525  -2.081  5.772 0.0000000000
124947  37.651  -2.615  5.905 0.0000000000
124948  37.577  -3.227  5.950 0.0000000000
124949  37.249  -2.068  6.935 0.0000000000
124950  37.542  -2.947  6.531 0.0000000000
124951  37.424  -3.877  5.989 0.0000000000
124952  37.226  -4.513  6.019 0.0000000000
124953  36.958  -5.082  6.059 0.0000000000
152914  36.355  -8.794  5.628 0.0000000000
152915  36.794  -9.673  5.650 0.0000000000
152916  36.012  -8.916  6.359 0.0000000000
152925  36.730  -11.581  7.283 0.0000000000
152932  35.317  -1.264  9.424 0.0000000000
152933  35.895  -2.138  9.509 0.0000000000
152934  35.117  -1.369  10.195 0.0000000000
152935  35.752  -2.187  9.894 0.0000000000
152936  36.405  -3.026  9.589 0.0000000000
152937  36.697  -4.033  9.558 0.0000000000
152938  36.608  -5.059  9.407 0.0000000000
152939  36.178  -6.054  9.199 0.0000000000
152940  34.656  -1.384  11.695 0.0000000000
152941  35.143  -2.197  11.428 0.0000000000
152942  35.769  -3.113  11.080 0.0000000000
152943  36.019  -4.114  11.430 0.0000000000
152944  36.150  -4.133  11.058 0.0000000000
152945  36.327  -4.082  10.705 0.0000000000
152946  36.481  -5.027  10.230 0.0000000000
152947  36.126  -6.039  9.612 0.0000000000
152948  35.622  -7.043  8.992 0.0000000000
152949  35.180  -8.022  8.801 0.0000000000
152950  34.903  -8.940  8.764 0.0000000000
152951  34.950  -10.055  8.629 0.0000000000
152952  34.702  -9.006  9.554 0.0000000000
152953  34.842  -10.039  9.055 0.0000000000
152954  35.223  -11.026  8.624 0.0000000000
152955  35.699  -11.948  8.718 0.0000000000
152961  34.739  -12.059  10.281 0.0000000000
152967  34.335  -8.186  11.916 0.0000000000
152968  33.996  -9.141  11.878 0.0000000000
152969  33.816  -10.148  11.851 0.0000000000
152970  33.871  -9.132  12.687 0.0000000000
152971  33.759  -10.111  12.268 0.0000000000
152972  33.806  -11.114  11.863 0.0000000000
152973  33.925  -12.034  11.951 0.0000000000
153039  35.051  -0.903  15.001 0.0000000000
153040  35.240  -1.779  15.046 0.0000000000
153041  35.406  -2.639  15.086 0.0000000000
153042  35.576  -1.777  15.641 0.0000000000
153043  35.535  -2.632  15.414 0.0000000000
153044  35.502  -3.548  15.081 0.0000000000
153045  35.472  -4.505  15.041 0.0000000000
153046  35.313  -5.438  14.985 0.0000000000
153047  35.055  -6.300  14.923 0.0000000000
153049  36.267  -2.784  16.510 0.0000000000
153050  36.072  -3.640  16.293 0.0000000000
153051  36.169  -4.510  16.549 0.0000000000
153052  35.999  -4.481  16.290 0.0000000000
153053  35.835  -4.514  15.992 0.0000000000
153054  35.539  -5.413  15.660 0.0000000000
153055  35.149  -6.313  15.288 0.0000000000
153056  34.702  -7.177  14.908 0.0000000000
153057  34.402  -8.033  14.965 0.0000000000
153058  34.122  -8.902  15.044 0.0000000000
153059  33.896  -9.744  15.166 0.0000000000
153060  34.434  -8.758  15.749 0.0000000000
153061  33.980  -9.649  15.538 0.0000000000
153075  36.217  -7.791  17.131 0.0000000000
153078  36.596  -8.511  17.552 0.0000000000
154301  38.732  -0.160  0.679 0.0000000000
154304  38.603  -0.524  1.377 0.0000000000
154331  38.082  -0.877  3.173 0.0000000000
154332  38.203  -1.155  2.640 0.0000000000
154345  37.676  -3.243  4.679 0.0000000000
154348  37.034  -5.360  4.192 0.0000000000
