#!ascii label  , from subject fsaverage vox2ras=TkReg
427
197  37.767  -4.075  0.491 0.0000000000
677  37.796  -8.963  0.979 0.0000000000
954  37.191  1.510  -4.784 0.0000000000
1508  36.075  -3.425  -4.309 0.0000000000
1960  37.614  0.979  -10.090 0.0000000000
2152  36.398  -6.684  5.437 0.0000000000
2597  37.406  -11.059  1.451 0.0000000000
3472  38.170  -1.707  0.233 0.0000000000
3473  37.085  -3.801  -1.775 0.0000000000
3474  37.118  -6.201  -1.633 0.0000000000
4300  37.237  1.335  -7.181 0.0000000000
5354  38.268  -13.492  7.377 0.0000000000
5827  37.879  -6.569  0.675 0.0000000000
5828  37.005  -8.568  -1.390 0.0000000000
6325  37.892  3.974  -5.297 0.0000000000
6326  36.819  -0.940  -7.030 0.0000000000
7358  38.026  1.291  -2.376 0.0000000000
7359  37.234  -1.232  -1.952 0.0000000000
7360  35.887  -5.810  -4.063 0.0000000000
8478  36.479  -0.852  -4.495 0.0000000000
8479  36.238  -3.185  -7.064 0.0000000000
9022  38.109  -10.119  3.786 0.0000000000
9024  37.556  -10.374  5.356 0.0000000000
9025  36.481  -10.710  6.771 0.0000000000
9026  35.503  -10.969  8.262 0.0000000000
9183  37.713  -2.927  2.762 0.0000000000
9184  37.242  -5.375  2.977 0.0000000000
9185  37.445  -7.942  3.169 0.0000000000
11152  37.843  -2.797  0.401 0.0000000000
11153  37.584  -3.908  -0.734 0.0000000000
11154  37.543  -5.204  -0.662 0.0000000000
11981  37.352  -0.062  -8.461 0.0000000000
13034  38.063  -13.655  8.255 0.0000000000
13552  37.796  -7.803  0.820 0.0000000000
13553  37.478  -8.792  -0.206 0.0000000000
13554  37.235  -9.846  0.000 0.0000000000
14380  38.305  3.952  -4.116 0.0000000000
14382  37.702  2.762  -5.028 0.0000000000
14383  37.152  1.545  -5.950 0.0000000000
14384  36.790  0.292  -5.829 0.0000000000
16178  38.392  1.016  -1.302 0.0000000000
16179  38.070  -0.221  -1.077 0.0000000000
16180  36.413  -5.977  -2.802 0.0000000000
16181  36.493  -4.801  -2.876 0.0000000000
16182  35.715  -6.882  -3.954 0.0000000000
18675  36.793  -1.054  -3.179 0.0000000000
18676  37.210  0.238  -3.327 0.0000000000
18677  36.307  -2.206  -4.413 0.0000000000
20002  36.980  -8.625  4.488 0.0000000000
20003  37.957  -10.229  4.583 0.0000000000
20004  36.497  -8.761  5.243 0.0000000000
20006  35.754  -8.932  6.731 0.0000000000
20007  35.414  -8.892  7.533 0.0000000000
20008  35.984  -10.832  7.527 0.0000000000
20401  37.481  -4.134  2.850 0.0000000000
20402  37.571  -3.583  4.050 0.0000000000
20403  36.870  -5.430  5.393 0.0000000000
20404  36.835  -6.087  4.134 0.0000000000
20405  36.827  -7.428  4.262 0.0000000000
20406  37.801  -9.062  3.482 0.0000000000
23107  37.590  -10.053  1.227 0.0000000000
23606  37.962  2.742  -3.831 0.0000000000
24682  38.606  -0.431  0.112 0.0000000000
24683  37.859  -1.485  -0.903 0.0000000000
24684  37.695  -2.666  -0.767 0.0000000000
24685  37.048  -4.948  -1.730 0.0000000000
24686  36.388  -7.071  -2.670 0.0000000000
26174  37.397  2.525  -7.392 0.0000000000
26175  37.428  1.127  -8.545 0.0000000000
26978  36.119  -6.782  6.187 0.0000000000
28957  37.747  -5.338  0.585 0.0000000000
28958  37.683  -6.465  -0.575 0.0000000000
28959  37.654  -7.665  -0.410 0.0000000000
30120  37.388  2.703  -6.152 0.0000000000
30121  37.022  0.121  -7.123 0.0000000000
30122  37.096  -2.135  -8.426 0.0000000000
32590  37.594  -0.002  -2.179 0.0000000000
32591  36.638  -2.337  -3.020 0.0000000000
32592  37.079  -2.510  -1.834 0.0000000000
32593  36.545  -3.537  -2.920 0.0000000000
32594  36.014  -4.667  -4.227 0.0000000000
32598  37.150  -7.453  -1.499 0.0000000000
32599  36.245  -8.306  -2.550 0.0000000000
35706  38.264  2.592  -2.579 0.0000000000
35707  37.559  1.452  -3.548 0.0000000000
35708  36.751  0.291  -4.606 0.0000000000
35709  35.929  -3.307  -5.699 0.0000000000
35710  36.157  -2.056  -5.661 0.0000000000
35711  36.434  -0.805  -5.722 0.0000000000
35712  36.520  -2.008  -6.993 0.0000000000
37315  38.522  -11.720  4.622 0.0000000000
37316  38.373  -11.886  5.480 0.0000000000
37317  36.105  -8.862  5.958 0.0000000000
37318  37.062  -10.638  6.041 0.0000000000
37319  38.020  -12.019  6.336 0.0000000000
37320  37.585  -12.181  7.129 0.0000000000
37321  37.079  -12.402  7.824 0.0000000000
37322  36.630  -12.635  8.555 0.0000000000
37781  38.441  -1.103  1.494 0.0000000000
37782  37.992  -2.269  1.587 0.0000000000
37790  38.038  -1.775  2.687 0.0000000000
37791  37.776  -3.537  1.596 0.0000000000
37792  37.631  -4.684  1.689 0.0000000000
37793  37.651  -5.951  1.845 0.0000000000
37794  37.713  -7.231  1.941 0.0000000000
37795  37.224  -4.735  4.166 0.0000000000
37796  37.319  -6.572  3.069 0.0000000000
37797  37.932  -8.404  2.121 0.0000000000
37798  38.069  -9.488  2.381 0.0000000000
37799  38.108  -10.595  2.627 0.0000000000
41872  37.729  -3.463  0.466 0.0000000000
41873  37.722  -3.991  -0.138 0.0000000000
41874  37.670  -4.630  -0.098 0.0000000000
44272  37.792  -8.360  0.947 0.0000000000
44273  37.627  -8.839  0.430 0.0000000000
44274  37.518  -9.426  0.481 0.0000000000
45100  37.826  2.739  -4.437 0.0000000000
45101  38.052  3.363  -4.561 0.0000000000
45102  37.417  2.117  -4.914 0.0000000000
45103  37.165  1.551  -5.357 0.0000000000
45104  36.972  0.927  -5.286 0.0000000000
46898  38.612  0.973  -0.749 0.0000000000
46899  38.565  0.315  -0.614 0.0000000000
46900  35.933  -7.021  -3.306 0.0000000000
46901  36.058  -6.472  -3.361 0.0000000000
49395  36.451  -2.231  -3.685 0.0000000000
49396  36.541  -1.622  -3.792 0.0000000000
49397  36.190  -2.822  -4.382 0.0000000000
50722  36.557  -7.749  4.914 0.0000000000
50723  36.759  -8.662  4.880 0.0000000000
50724  36.256  -7.794  5.275 0.0000000000
51123  36.660  -6.068  5.416 0.0000000000
51124  36.680  -6.450  4.755 0.0000000000
51125  36.587  -7.167  4.808 0.0000000000
51126  36.892  -8.043  4.372 0.0000000000
53872  37.468  -10.598  1.318 0.0000000000
53873  37.099  -11.007  0.802 0.0000000000
53874  37.024  -11.492  0.872 0.0000000000
54704  38.291  3.308  -3.378 0.0000000000
56497  38.370  -1.099  0.161 0.0000000000
56498  38.109  -1.581  -0.340 0.0000000000
56499  37.960  -2.186  -0.287 0.0000000000
56500  37.342  -5.112  -1.223 0.0000000000
56501  37.337  -4.424  -1.241 0.0000000000
56502  37.109  -5.549  -1.675 0.0000000000
56503  36.743  -6.040  -2.213 0.0000000000
56504  36.787  -6.627  -2.132 0.0000000000
58980  37.410  2.651  -6.747 0.0000000000
58982  37.325  1.901  -7.281 0.0000000000
58984  37.398  0.549  -8.478 0.0000000000
58985  37.519  -0.149  -9.194 0.0000000000
58986  37.529  0.448  -9.227 0.0000000000
62144  38.317  -13.436  6.942 0.0000000000
63697  37.831  -5.985  0.601 0.0000000000
63698  37.805  -6.653  0.011 0.0000000000
63699  37.829  -7.212  0.084 0.0000000000
63701  37.134  -9.227  -0.696 0.0000000000
66188  37.789  4.041  -5.823 0.0000000000
66189  37.622  3.381  -5.693 0.0000000000
66190  36.895  0.325  -6.358 0.0000000000
66191  37.041  0.859  -6.520 0.0000000000
66192  36.930  -0.398  -7.031 0.0000000000
66193  37.054  -1.064  -7.748 0.0000000000
66194  36.956  -1.546  -7.702 0.0000000000
71575  37.815  -0.153  -1.627 0.0000000000
71576  38.029  0.496  -1.742 0.0000000000
71577  37.413  -0.653  -2.061 0.0000000000
71578  37.052  -1.142  -2.515 0.0000000000
71579  36.931  -1.784  -2.466 0.0000000000
71580  37.400  -2.618  -1.313 0.0000000000
71581  37.444  -2.009  -1.363 0.0000000000
71582  37.051  -3.131  -1.792 0.0000000000
71583  36.197  -5.301  -3.450 0.0000000000
71584  36.571  -4.061  -2.814 0.0000000000
71585  36.193  -4.651  -3.507 0.0000000000
71586  36.261  -4.157  -3.579 0.0000000000
71587  35.922  -5.249  -4.172 0.0000000000
71588  35.742  -5.788  -4.805 0.0000000000
71589  35.614  -6.333  -4.750 0.0000000000
71595  37.439  -7.538  -0.963 0.0000000000
71596  37.466  -6.977  -1.014 0.0000000000
71597  37.105  -7.991  -1.427 0.0000000000
79067  38.212  1.938  -2.493 0.0000000000
79068  36.829  -0.318  -3.909 0.0000000000
79069  37.367  0.822  -3.441 0.0000000000
79070  36.932  0.304  -3.988 0.0000000000
79071  37.031  0.844  -4.082 0.0000000000
79072  36.567  -0.244  -4.553 0.0000000000
79074  35.815  -3.902  -5.654 0.0000000000
79077  36.048  -3.271  -6.352 0.0000000000
79078  36.169  -2.623  -6.360 0.0000000000
79079  36.268  -1.376  -5.665 0.0000000000
79080  36.298  -1.978  -6.341 0.0000000000
79081  36.455  -1.410  -6.326 0.0000000000
79082  36.361  -2.552  -6.996 0.0000000000
83047  38.326  -10.862  3.328 0.0000000000
83049  38.345  -10.913  3.756 0.0000000000
83050  37.785  -10.307  4.966 0.0000000000
83051  38.319  -11.002  4.590 0.0000000000
83052  38.190  -11.049  5.014 0.0000000000
83053  38.486  -11.795  5.073 0.0000000000
83054  37.989  -11.146  5.438 0.0000000000
83055  36.086  -6.821  6.623 0.0000000000
83056  35.956  -7.883  6.021 0.0000000000
83057  35.908  -7.896  6.445 0.0000000000
83058  36.032  -9.859  6.743 0.0000000000
83059  36.342  -9.843  6.368 0.0000000000
83060  36.756  -10.670  6.414 0.0000000000
83061  37.547  -11.360  6.156 0.0000000000
83062  37.278  -11.420  6.510 0.0000000000
83063  37.789  -12.096  6.746 0.0000000000
83064  37.022  -11.491  6.918 0.0000000000
83065  35.740  -10.911  7.903 0.0000000000
83066  36.481  -11.663  7.640 0.0000000000
83067  36.202  -11.777  7.970 0.0000000000
83068  36.875  -12.529  8.185 0.0000000000
83069  35.961  -11.854  8.340 0.0000000000
84216  38.169  -1.744  1.506 0.0000000000
84217  38.238  -1.412  2.092 0.0000000000
84238  37.884  -2.374  2.737 0.0000000000
84239  37.879  -2.674  2.117 0.0000000000
84240  37.750  -3.234  2.169 0.0000000000
84241  37.701  -4.067  1.664 0.0000000000
84242  37.623  -3.790  2.229 0.0000000000
84243  37.391  -4.721  2.902 0.0000000000
84244  37.479  -5.024  2.361 0.0000000000
84245  37.450  -5.655  2.405 0.0000000000
84246  37.661  -6.589  1.882 0.0000000000
84247  37.466  -6.294  2.449 0.0000000000
84249  37.504  -3.847  4.700 0.0000000000
84251  37.062  -7.037  3.618 0.0000000000
84252  37.053  -6.322  3.601 0.0000000000
84253  37.365  -7.247  3.100 0.0000000000
84254  37.622  -7.521  2.555 0.0000000000
84255  37.807  -8.136  2.679 0.0000000000
84256  38.040  -8.954  2.244 0.0000000000
84257  37.948  -8.702  2.815 0.0000000000
84258  37.954  -9.598  3.606 0.0000000000
84259  38.138  -9.823  3.068 0.0000000000
84260  38.218  -10.333  3.198 0.0000000000
84261  38.021  -11.124  2.736 0.0000000000
92227  37.314  -11.543  1.541 0.0000000000
93802  38.028  -2.255  0.326 0.0000000000
93803  37.834  -2.737  -0.207 0.0000000000
93804  37.784  -3.359  -0.172 0.0000000000
93805  37.565  -4.564  -0.699 0.0000000000
93806  37.350  -5.802  -1.199 0.0000000000
95292  37.217  0.006  -7.788 0.0000000000
95293  37.257  0.605  -7.769 0.0000000000
98122  37.862  -7.196  0.739 0.0000000000
98123  37.776  -7.749  0.192 0.0000000000
98124  37.678  -8.312  0.300 0.0000000000
98125  37.354  -9.320  -0.105 0.0000000000
99615  38.158  3.971  -4.750 0.0000000000
99616  37.878  3.360  -5.181 0.0000000000
99617  37.500  2.780  -5.565 0.0000000000
99618  37.353  2.171  -5.454 0.0000000000
99619  36.974  0.937  -5.847 0.0000000000
99620  36.669  -0.359  -6.426 0.0000000000
102850  38.203  0.382  -1.195 0.0000000000
102851  37.591  -0.747  -1.525 0.0000000000
102852  36.838  -4.873  -2.262 0.0000000000
102853  36.760  -4.313  -2.290 0.0000000000
102854  36.500  -5.406  -2.831 0.0000000000
102855  36.168  -5.878  -3.398 0.0000000000
102856  35.844  -6.323  -3.971 0.0000000000
107343  37.336  0.133  -2.739 0.0000000000
107344  37.628  0.773  -2.856 0.0000000000
107345  36.957  -0.381  -3.278 0.0000000000
107346  36.651  -0.931  -3.839 0.0000000000
107347  36.383  -1.522  -4.449 0.0000000000
109732  37.590  -9.401  4.154 0.0000000000
109733  38.057  -10.180  4.202 0.0000000000
109734  37.366  -9.465  4.532 0.0000000000
109735  37.231  -9.517  4.912 0.0000000000
109736  36.990  -9.605  5.287 0.0000000000
109740  35.582  -8.888  7.152 0.0000000000
109741  35.798  -9.848  7.111 0.0000000000
109742  36.210  -10.777  7.131 0.0000000000
109743  35.613  -9.897  7.492 0.0000000000
110448  37.767  -2.679  3.353 0.0000000000
110449  37.574  -3.544  2.803 0.0000000000
110450  37.592  -3.285  3.362 0.0000000000
110451  37.498  -3.844  3.424 0.0000000000
110452  37.349  -4.465  3.490 0.0000000000
110453  37.065  -4.785  5.386 0.0000000000
110454  37.001  -5.099  4.754 0.0000000000
110455  36.826  -5.772  4.749 0.0000000000
110456  36.791  -6.802  4.150 0.0000000000
110457  37.126  -7.696  3.704 0.0000000000
110458  37.617  -8.510  3.339 0.0000000000
110459  37.213  -8.281  3.864 0.0000000000
110460  37.389  -8.851  3.971 0.0000000000
115357  37.742  -9.513  1.090 0.0000000000
115358  37.418  -9.978  0.549 0.0000000000
115359  37.289  -10.479  0.679 0.0000000000
116521  38.131  3.373  -3.978 0.0000000000
116522  37.582  2.154  -4.291 0.0000000000
119032  38.833  0.171  -0.005 0.0000000000
119033  38.447  -0.333  -0.516 0.0000000000
119034  38.257  -0.955  -0.408 0.0000000000
119035  37.765  -2.091  -0.826 0.0000000000
119036  37.392  -3.254  -1.274 0.0000000000
119037  37.605  -3.215  -0.699 0.0000000000
119038  37.319  -3.776  -1.225 0.0000000000
119039  37.050  -4.350  -1.757 0.0000000000
119040  36.752  -5.456  -2.258 0.0000000000
119041  36.344  -6.530  -2.760 0.0000000000
122513  37.324  1.278  -7.814 0.0000000000
122514  37.362  1.844  -7.913 0.0000000000
122516  37.409  1.799  -8.588 0.0000000000
122517  37.524  1.056  -9.274 0.0000000000
122529  35.805  -4.561  -4.892 0.0000000000
122530  35.874  -3.948  -4.947 0.0000000000
124388  36.249  -6.744  5.827 0.0000000000
126938  38.405  -13.343  6.055 0.0000000000
129067  37.780  -4.681  0.531 0.0000000000
129068  37.696  -5.255  -0.050 0.0000000000
129069  37.709  -5.885  0.027 0.0000000000
129070  37.688  -7.082  -0.495 0.0000000000
129071  37.380  -8.105  -0.901 0.0000000000
129072  37.579  -8.227  -0.316 0.0000000000
129073  37.289  -8.662  -0.804 0.0000000000
129078  37.076  -10.427  0.050 0.0000000000
132223  37.533  3.355  -6.259 0.0000000000
132224  37.271  2.006  -6.651 0.0000000000
132225  37.269  2.119  -6.057 0.0000000000
132226  37.137  1.402  -6.587 0.0000000000
132227  37.112  0.655  -7.153 0.0000000000
132228  37.149  -0.571  -7.797 0.0000000000
139001  38.378  1.831  -1.918 0.0000000000
139002  38.582  1.696  -1.411 0.0000000000
139003  38.209  1.168  -1.835 0.0000000000
139004  37.794  0.654  -2.266 0.0000000000
139005  37.109  -0.516  -2.614 0.0000000000
139006  36.739  -1.676  -3.069 0.0000000000
139007  36.361  -2.879  -3.626 0.0000000000
139008  38.008  -0.869  -0.985 0.0000000000
139009  37.526  -1.427  -1.438 0.0000000000
139010  37.129  -1.885  -1.903 0.0000000000
139011  36.761  -3.624  -2.285 0.0000000000
139012  36.788  -3.009  -2.351 0.0000000000
139013  36.836  -2.417  -2.423 0.0000000000
139014  36.567  -2.968  -2.984 0.0000000000
139015  36.292  -3.549  -3.603 0.0000000000
139016  36.015  -4.057  -4.263 0.0000000000
139017  35.770  -5.134  -4.858 0.0000000000
139026  37.536  -5.854  -0.623 0.0000000000
139027  37.391  -6.409  -1.136 0.0000000000
139028  37.103  -6.872  -1.594 0.0000000000
139029  36.685  -8.414  -1.934 0.0000000000
139030  36.742  -7.884  -2.017 0.0000000000
139031  36.728  -7.295  -2.075 0.0000000000
139032  36.276  -7.695  -2.632 0.0000000000
148113  37.815  1.382  -2.954 0.0000000000
148114  37.957  2.012  -3.058 0.0000000000
148115  38.184  2.695  -3.174 0.0000000000
148116  37.771  2.088  -3.670 0.0000000000
148117  37.272  1.486  -4.173 0.0000000000
148118  37.003  0.918  -4.651 0.0000000000
148119  35.963  -3.366  -4.990 0.0000000000
148120  36.064  -2.749  -5.041 0.0000000000
148121  36.146  -2.080  -5.081 0.0000000000
148122  35.906  -3.863  -6.352 0.0000000000
148123  36.041  -2.699  -5.682 0.0000000000
148124  36.203  -1.419  -5.082 0.0000000000
148125  36.338  -0.817  -5.112 0.0000000000
148126  36.562  -0.248  -5.141 0.0000000000
148127  36.808  0.323  -5.193 0.0000000000
148128  36.678  -0.287  -5.774 0.0000000000
148129  36.586  -0.919  -6.367 0.0000000000
148130  36.679  -1.496  -7.034 0.0000000000
148133  36.828  -2.073  -7.715 0.0000000000
152906  38.285  -12.376  3.710 0.0000000000
152907  38.447  -10.928  4.192 0.0000000000
152913  36.158  -7.830  5.671 0.0000000000
152914  36.355  -8.794  5.628 0.0000000000
152915  36.794  -9.673  5.650 0.0000000000
152916  36.012  -8.916  6.359 0.0000000000
152917  36.617  -9.831  6.002 0.0000000000
152918  37.343  -10.499  5.723 0.0000000000
152919  37.766  -11.264  5.798 0.0000000000
152920  38.251  -11.966  5.877 0.0000000000
152921  38.466  -12.602  6.049 0.0000000000
152922  38.346  -12.676  6.477 0.0000000000
152923  38.185  -12.747  6.873 0.0000000000
152924  38.054  -12.819  7.269 0.0000000000
152925  36.730  -11.581  7.283 0.0000000000
152926  37.333  -12.283  7.473 0.0000000000
152927  37.822  -12.948  7.644 0.0000000000
152928  37.674  -13.068  8.043 0.0000000000
152929  37.496  -13.161  8.430 0.0000000000
154301  38.732  -0.160  0.679 0.0000000000
154302  38.440  -0.859  0.713 0.0000000000
154304  38.603  -0.524  1.377 0.0000000000
154305  38.321  -1.403  0.835 0.0000000000
154306  38.113  -1.966  0.924 0.0000000000
154307  37.919  -2.566  0.992 0.0000000000
154308  37.802  -3.139  1.064 0.0000000000
154333  38.044  -1.984  2.163 0.0000000000
154334  37.872  -2.886  1.604 0.0000000000
154335  37.787  -3.777  1.068 0.0000000000
154336  37.765  -4.402  1.105 0.0000000000
154337  37.767  -4.993  1.144 0.0000000000
154338  37.769  -5.597  1.194 0.0000000000
154339  37.511  -4.407  2.284 0.0000000000
154340  37.631  -5.317  1.775 0.0000000000
154341  37.794  -6.252  1.265 0.0000000000
154342  37.818  -6.880  1.321 0.0000000000
154343  37.848  -7.494  1.397 0.0000000000
154344  37.879  -8.111  1.465 0.0000000000
154345  37.676  -3.243  4.679 0.0000000000
154346  37.375  -4.177  4.078 0.0000000000
154347  37.212  -5.068  3.550 0.0000000000
154348  37.034  -5.360  4.192 0.0000000000
154349  37.137  -5.616  3.634 0.0000000000
154350  37.265  -5.945  3.037 0.0000000000
154351  37.530  -6.898  2.506 0.0000000000
154352  37.823  -7.842  2.013 0.0000000000
154353  37.965  -8.704  1.529 0.0000000000
154354  37.923  -9.224  1.678 0.0000000000
154355  37.905  -9.770  1.790 0.0000000000
154356  37.871  -10.300  1.916 0.0000000000
154357  38.039  -9.255  2.953 0.0000000000
154358  38.102  -10.037  2.511 0.0000000000
154359  37.779  -10.812  2.061 0.0000000000
154360  37.680  -11.313  2.152 0.0000000000
