#!ascii label  , from subject fsaverage vox2ras=TkReg
992
141  57.605  -31.395  44.358 0.0000000000
320  64.885  -35.522  12.343 0.0000000000
321  62.728  -38.708  19.675 0.0000000000
580  60.244  -27.714  36.735 0.0000000000
581  58.635  -35.035  35.552 0.0000000000
801  59.756  -37.894  23.198 0.0000000000
1287  59.710  -28.581  40.938 0.0000000000
1289  58.900  -32.958  39.662 0.0000000000
1730  64.327  -37.454  15.775 0.0000000000
1731  61.671  -40.636  15.980 0.0000000000
2378  59.661  -27.632  31.940 0.0000000000
2381  56.754  -37.174  31.965 0.0000000000
2384  55.076  -35.700  46.209 0.0000000000
2387  56.400  -36.240  41.482 0.0000000000
2388  59.340  -37.537  36.667 0.0000000000
2389  61.892  -37.818  32.428 0.0000000000
2390  61.604  -37.783  27.507 0.0000000000
2391  61.591  -39.710  23.357 0.0000000000
3207  58.866  -29.914  42.596 0.0000000000
3208  59.333  -30.663  40.566 0.0000000000
3209  58.392  -32.025  41.887 0.0000000000
3842  62.234  -37.510  19.153 0.0000000000
3843  63.061  -36.814  17.325 0.0000000000
3844  63.389  -38.075  17.507 0.0000000000
3845  63.323  -39.174  15.668 0.0000000000
3846  62.613  -39.757  17.536 0.0000000000
5302  60.209  -27.667  34.351 0.0000000000
5308  55.023  -35.985  33.827 0.0000000000
5309  57.826  -36.095  33.867 0.0000000000
5326  57.603  -36.862  38.629 0.0000000000
5330  61.988  -39.242  30.154 0.0000000000
5331  62.079  -37.818  29.909 0.0000000000
5332  62.186  -38.908  27.614 0.0000000000
5333  62.006  -38.446  25.435 0.0000000000
5407  64.923  -33.673  12.409 0.0000000000
6051  61.668  -37.922  21.451 0.0000000000
6925  60.082  -28.065  38.945 0.0000000000
6927  59.465  -29.728  39.034 0.0000000000
6929  58.962  -33.980  37.510 0.0000000000
7875  64.547  -34.840  14.067 0.0000000000
7877  63.930  -35.860  15.542 0.0000000000
7878  64.719  -36.625  14.066 0.0000000000
7879  63.860  -38.373  14.151 0.0000000000
9683  59.494  -25.997  29.003 0.0000000000
9691  59.837  -26.326  30.969 0.0000000000
9710  56.404  -33.676  45.679 0.0000000000
9719  57.095  -33.954  43.128 0.0000000000
9720  57.718  -34.543  40.415 0.0000000000
9721  58.725  -35.333  38.249 0.0000000000
9722  60.134  -35.934  36.460 0.0000000000
9724  61.030  -37.879  34.758 0.0000000000
9725  60.630  -36.361  34.282 0.0000000000
9726  60.122  -37.060  31.986 0.0000000000
9727  59.414  -37.680  29.742 0.0000000000
9728  58.663  -38.178  27.476 0.0000000000
9729  60.632  -37.845  25.347 0.0000000000
9730  61.725  -38.144  23.478 0.0000000000
9731  62.124  -39.258  21.583 0.0000000000
9734  61.766  -40.380  19.500 0.0000000000
9735  60.705  -41.381  17.393 0.0000000000
10885  57.471  -30.336  44.431 0.0000000000
10886  58.168  -29.622  43.651 0.0000000000
10887  58.248  -30.576  43.564 0.0000000000
10888  58.767  -30.924  42.357 0.0000000000
10889  58.115  -31.648  43.181 0.0000000000
11522  62.660  -37.995  19.435 0.0000000000
11523  62.981  -37.672  18.386 0.0000000000
11524  63.064  -38.388  18.528 0.0000000000
11525  63.098  -38.874  17.567 0.0000000000
11526  62.794  -39.189  18.617 0.0000000000
12980  60.327  -27.028  36.392 0.0000000000
12981  60.359  -27.013  35.186 0.0000000000
12982  60.295  -27.686  35.594 0.0000000000
12985  57.800  -34.199  36.222 0.0000000000
12987  57.393  -34.918  35.327 0.0000000000
12988  56.826  -35.541  34.657 0.0000000000
12989  58.331  -35.604  34.763 0.0000000000
13006  56.971  -38.558  38.008 0.0000000000
13011  62.233  -39.044  28.978 0.0000000000
13087  65.035  -34.524  12.405 0.0000000000
13088  65.305  -34.004  11.437 0.0000000000
15378  59.285  -28.323  41.728 0.0000000000
15380  59.603  -27.791  40.804 0.0000000000
15382  59.948  -28.264  39.990 0.0000000000
15383  59.864  -28.868  39.034 0.0000000000
15384  59.752  -29.164  39.987 0.0000000000
15385  59.088  -31.789  40.202 0.0000000000
15386  59.183  -31.123  39.569 0.0000000000
15387  59.076  -32.379  39.090 0.0000000000
15389  59.055  -33.516  38.558 0.0000000000
17285  64.011  -34.061  13.940 0.0000000000
17286  63.625  -34.697  14.634 0.0000000000
17290  63.943  -36.976  16.594 0.0000000000
17291  63.532  -36.309  16.408 0.0000000000
17292  64.294  -36.627  15.745 0.0000000000
17293  64.572  -36.184  14.839 0.0000000000
17294  64.605  -37.058  14.979 0.0000000000
17295  64.395  -37.532  14.152 0.0000000000
17296  64.300  -37.998  14.913 0.0000000000
17297  62.570  -39.965  15.825 0.0000000000
17298  62.929  -39.604  14.923 0.0000000000
21643  59.477  -25.226  28.853 0.0000000000
21644  59.610  -25.426  29.672 0.0000000000
21663  60.115  -27.075  32.591 0.0000000000
21664  59.941  -26.477  32.176 0.0000000000
21665  59.909  -27.053  31.406 0.0000000000
21666  59.553  -26.912  30.297 0.0000000000
21685  55.799  -36.675  32.965 0.0000000000
21687  55.300  -37.180  31.962 0.0000000000
21689  56.273  -37.641  30.949 0.0000000000
21710  54.957  -34.748  46.635 0.0000000000
21711  55.721  -33.716  46.293 0.0000000000
21712  55.761  -34.726  45.983 0.0000000000
21734  56.582  -34.996  43.772 0.0000000000
21735  56.719  -35.168  42.389 0.0000000000
21736  57.262  -34.252  41.730 0.0000000000
21737  57.006  -35.377  40.930 0.0000000000
21738  58.428  -37.180  37.538 0.0000000000
21739  58.148  -36.060  38.439 0.0000000000
21740  59.014  -36.402  37.495 0.0000000000
21741  59.401  -35.765  37.305 0.0000000000
21742  59.904  -36.680  36.629 0.0000000000
21746  61.804  -38.737  32.528 0.0000000000
21747  61.212  -38.786  33.698 0.0000000000
21748  61.560  -37.874  33.629 0.0000000000
21749  61.135  -37.028  34.691 0.0000000000
21750  61.267  -37.114  33.416 0.0000000000
21751  60.373  -36.650  33.148 0.0000000000
21752  61.317  -37.238  32.141 0.0000000000
21753  61.912  -37.757  28.729 0.0000000000
21754  61.063  -37.576  29.779 0.0000000000
21755  60.674  -37.716  28.689 0.0000000000
21756  59.042  -37.930  28.664 0.0000000000
21757  60.374  -37.893  27.445 0.0000000000
21758  59.766  -37.999  26.344 0.0000000000
21759  61.122  -37.767  26.459 0.0000000000
21760  61.843  -39.028  24.355 0.0000000000
21761  61.833  -38.222  24.466 0.0000000000
21762  61.893  -38.842  23.506 0.0000000000
21763  62.005  -38.741  22.604 0.0000000000
21764  61.855  -39.476  22.529 0.0000000000
21771  61.343  -40.576  20.408 0.0000000000
21772  60.921  -41.187  19.438 0.0000000000
21773  61.365  -40.938  18.542 0.0000000000
21774  60.338  -41.590  18.434 0.0000000000
24204  58.758  -28.969  42.700 0.0000000000
24205  59.400  -29.161  41.769 0.0000000000
24206  59.627  -29.564  40.800 0.0000000000
24207  59.272  -30.213  41.630 0.0000000000
24208  58.997  -31.301  41.290 0.0000000000
24209  58.710  -32.449  40.760 0.0000000000
25348  61.488  -37.146  18.780 0.0000000000
25350  62.631  -37.098  18.162 0.0000000000
25351  63.438  -37.333  17.451 0.0000000000
25352  63.889  -37.788  16.551 0.0000000000
25353  63.987  -38.315  15.709 0.0000000000
25354  63.558  -38.661  16.548 0.0000000000
25355  62.955  -39.522  16.637 0.0000000000
25356  62.227  -40.306  16.737 0.0000000000
27975  60.316  -27.029  33.822 0.0000000000
27976  59.986  -27.735  33.162 0.0000000000
27987  55.493  -35.367  34.614 0.0000000000
27988  56.319  -36.121  33.853 0.0000000000
27989  57.248  -36.662  32.923 0.0000000000
28017  56.262  -37.230  40.429 0.0000000000
28018  56.900  -36.496  40.033 0.0000000000
28019  56.976  -37.658  38.962 0.0000000000
28020  57.841  -37.933  37.729 0.0000000000
28021  58.793  -38.303  36.852 0.0000000000
28025  61.637  -39.561  31.381 0.0000000000
28026  62.177  -38.662  31.320 0.0000000000
28027  62.079  -37.826  31.115 0.0000000000
28028  62.427  -38.491  30.117 0.0000000000
28029  62.424  -38.318  28.871 0.0000000000
28030  62.260  -38.172  27.559 0.0000000000
28031  61.961  -38.022  26.454 0.0000000000
28032  62.179  -38.673  26.409 0.0000000000
28033  61.782  -39.190  25.333 0.0000000000
28165  64.523  -32.948  12.395 0.0000000000
29479  61.197  -37.461  19.800 0.0000000000
29480  61.889  -37.775  20.246 0.0000000000
29481  62.362  -38.271  20.623 0.0000000000
31519  60.120  -27.930  37.811 0.0000000000
31521  59.844  -28.657  38.015 0.0000000000
31522  59.365  -29.420  38.098 0.0000000000
31524  59.463  -30.103  39.848 0.0000000000
31525  58.988  -30.630  38.883 0.0000000000
31529  58.825  -34.562  36.545 0.0000000000
31666  64.511  -36.377  12.342 0.0000000000
33869  56.917  -31.354  45.084 0.0000000000
33991  64.241  -33.525  13.195 0.0000000000
33992  64.732  -34.218  13.294 0.0000000000
33993  64.944  -35.147  13.286 0.0000000000
33997  62.316  -36.349  16.961 0.0000000000
33998  62.851  -35.855  16.102 0.0000000000
33999  63.231  -35.243  15.345 0.0000000000
34000  64.261  -35.445  14.774 0.0000000000
34001  64.750  -35.719  14.051 0.0000000000
34002  64.792  -36.108  13.247 0.0000000000
34003  64.462  -37.032  13.226 0.0000000000
34006  63.673  -38.763  14.895 0.0000000000
39312  59.711  -26.220  29.897 0.0000000000
39367  56.345  -32.553  45.667 0.0000000000
39368  57.004  -32.607  45.068 0.0000000000
39393  56.271  -34.828  45.105 0.0000000000
39394  56.934  -33.760  44.597 0.0000000000
39395  57.444  -32.688  43.926 0.0000000000
39396  57.648  -33.033  42.558 0.0000000000
39397  57.932  -33.288  41.197 0.0000000000
39398  58.402  -33.773  40.013 0.0000000000
39399  57.521  -35.662  39.578 0.0000000000
39400  58.165  -34.859  39.294 0.0000000000
39401  58.772  -34.201  38.987 0.0000000000
39402  59.071  -34.722  37.984 0.0000000000
39403  59.450  -35.111  37.017 0.0000000000
39404  59.786  -35.296  36.006 0.0000000000
39407  59.747  -38.650  35.891 0.0000000000
39409  60.612  -38.806  34.900 0.0000000000
39410  60.282  -37.715  35.768 0.0000000000
39411  60.758  -36.853  35.758 0.0000000000
39412  60.646  -36.131  35.504 0.0000000000
39413  59.714  -35.678  35.008 0.0000000000
39414  59.401  -36.105  33.921 0.0000000000
39415  59.032  -36.551  32.811 0.0000000000
39416  58.569  -37.120  31.844 0.0000000000
39417  61.241  -37.407  30.952 0.0000000000
39418  59.852  -37.401  30.859 0.0000000000
39419  58.062  -37.577  30.832 0.0000000000
39420  57.612  -37.893  29.794 0.0000000000
39421  57.140  -38.175  28.680 0.0000000000
39423  58.150  -38.294  26.407 0.0000000000
39424  59.270  -38.047  25.264 0.0000000000
39425  60.158  -37.883  24.285 0.0000000000
39426  61.613  -37.870  25.434 0.0000000000
39427  61.309  -37.836  24.386 0.0000000000
39429  61.609  -38.023  22.575 0.0000000000
39430  62.165  -38.478  21.628 0.0000000000
39431  62.434  -39.037  20.626 0.0000000000
39438  61.641  -40.006  21.525 0.0000000000
39439  62.064  -39.802  20.537 0.0000000000
39440  62.468  -39.510  19.574 0.0000000000
39441  62.215  -40.056  18.486 0.0000000000
39442  61.709  -40.606  17.516 0.0000000000
39443  61.202  -41.078  16.636 0.0000000000
39445  60.200  -41.764  16.641 0.0000000000
41605  57.536  -30.856  44.434 0.0000000000
41606  57.882  -30.450  44.051 0.0000000000
41607  57.917  -30.985  43.970 0.0000000000
41608  58.237  -31.068  43.468 0.0000000000
41609  57.906  -31.519  43.806 0.0000000000
42242  62.745  -38.346  19.581 0.0000000000
42243  62.891  -38.185  19.004 0.0000000000
42244  62.903  -38.550  19.081 0.0000000000
42245  62.962  -38.789  18.566 0.0000000000
42246  62.825  -38.926  19.160 0.0000000000
43698  60.317  -27.401  37.117 0.0000000000
43700  60.351  -27.341  36.564 0.0000000000
43701  60.386  -27.326  35.995 0.0000000000
43702  60.283  -27.672  36.171 0.0000000000
43703  60.083  -28.000  35.724 0.0000000000
43704  60.059  -27.981  36.309 0.0000000000
43705  58.216  -34.678  35.852 0.0000000000
43706  57.617  -34.547  35.704 0.0000000000
43707  58.038  -34.965  35.419 0.0000000000
43708  57.840  -35.287  35.043 0.0000000000
43709  58.513  -35.306  35.121 0.0000000000
43807  65.023  -35.040  12.363 0.0000000000
43808  65.096  -34.726  11.912 0.0000000000
44642  59.227  -37.967  23.031 0.0000000000
46098  59.521  -28.435  41.355 0.0000000000
46099  59.449  -28.027  41.255 0.0000000000
46100  59.656  -28.161  40.880 0.0000000000
46101  59.825  -27.992  40.424 0.0000000000
46102  59.856  -28.370  40.468 0.0000000000
46103  59.857  -28.698  40.004 0.0000000000
46104  59.775  -28.830  40.464 0.0000000000
46105  58.996  -32.379  39.947 0.0000000000
46106  59.109  -32.070  39.680 0.0000000000
46107  59.044  -32.662  39.377 0.0000000000
46108  59.066  -32.991  38.834 0.0000000000
46109  59.026  -33.214  39.121 0.0000000000
48005  63.220  -34.393  14.575 0.0000000000
48006  62.978  -34.700  14.916 0.0000000000
48010  64.168  -37.189  16.180 0.0000000000
48011  64.122  -36.802  16.152 0.0000000000
48012  64.353  -37.016  15.765 0.0000000000
48013  64.489  -36.838  15.351 0.0000000000
48014  64.477  -37.301  15.355 0.0000000000
48015  64.505  -37.586  14.930 0.0000000000
48016  64.402  -37.787  15.355 0.0000000000
48017  62.103  -40.313  15.912 0.0000000000
48018  62.308  -40.132  15.458 0.0000000000
52363  59.476  -25.057  29.596 0.0000000000
52383  59.997  -27.387  32.237 0.0000000000
52384  60.032  -27.081  31.977 0.0000000000
52385  59.838  -27.374  31.650 0.0000000000
52386  59.617  -27.328  31.133 0.0000000000
52405  56.211  -36.956  32.482 0.0000000000
52406  55.517  -36.941  32.470 0.0000000000
52407  55.965  -37.208  31.985 0.0000000000
52408  55.766  -37.431  31.459 0.0000000000
52409  56.492  -37.454  31.476 0.0000000000
52429  54.586  -35.181  46.731 0.0000000000
52430  55.024  -35.197  46.481 0.0000000000
52431  55.398  -34.716  46.383 0.0000000000
52432  55.426  -35.227  46.116 0.0000000000
52453  56.311  -36.142  42.255 0.0000000000
52454  56.482  -35.621  42.733 0.0000000000
52455  56.527  -35.702  41.958 0.0000000000
52456  56.789  -35.262  41.647 0.0000000000
52457  56.677  -35.790  41.236 0.0000000000
52458  58.869  -37.372  37.090 0.0000000000
52459  58.710  -36.826  37.452 0.0000000000
52460  59.157  -36.968  37.063 0.0000000000
52461  59.435  -36.561  37.041 0.0000000000
52462  59.647  -37.094  36.650 0.0000000000
52466  61.942  -38.278  32.477 0.0000000000
52467  61.743  -38.303  33.067 0.0000000000
52468  61.753  -37.836  33.044 0.0000000000
52469  61.525  -37.450  33.564 0.0000000000
52470  61.588  -37.469  32.932 0.0000000000
52471  61.282  -37.174  32.800 0.0000000000
52472  61.674  -37.483  32.292 0.0000000000
52473  61.757  -37.761  28.134 0.0000000000
52474  61.388  -37.652  28.705 0.0000000000
52475  61.200  -37.727  28.119 0.0000000000
52476  60.531  -37.807  28.087 0.0000000000
52477  61.103  -37.764  27.483 0.0000000000
52478  60.795  -37.804  26.956 0.0000000000
52479  61.362  -37.777  26.972 0.0000000000
52480  61.699  -39.338  23.818 0.0000000000
52481  61.880  -38.942  23.892 0.0000000000
52482  61.794  -39.290  23.401 0.0000000000
52483  61.885  -39.184  22.998 0.0000000000
52484  61.698  -39.618  22.921 0.0000000000
52491  60.781  -41.324  19.884 0.0000000000
52492  60.468  -41.533  19.398 0.0000000000
52493  60.623  -41.401  18.948 0.0000000000
52494  60.179  -41.729  18.889 0.0000000000
54246  58.360  -38.157  24.742 0.0000000000
55698  58.547  -29.774  43.185 0.0000000000
55699  58.475  -29.289  43.182 0.0000000000
55700  58.882  -29.411  42.686 0.0000000000
55701  59.095  -29.059  42.298 0.0000000000
55702  59.151  -29.537  42.160 0.0000000000
55703  59.380  -29.659  41.689 0.0000000000
55704  59.102  -30.061  42.069 0.0000000000
55705  58.609  -31.466  42.148 0.0000000000
55706  58.888  -31.113  41.817 0.0000000000
55707  58.713  -31.660  41.589 0.0000000000
55708  58.852  -31.886  41.015 0.0000000000
55709  58.542  -32.219  41.301 0.0000000000
57607  61.930  -37.316  18.947 0.0000000000
57608  62.068  -37.124  18.483 0.0000000000
57609  62.414  -37.302  18.624 0.0000000000
57610  63.202  -37.843  18.011 0.0000000000
57611  63.179  -37.460  17.893 0.0000000000
57612  63.448  -37.687  17.474 0.0000000000
57613  63.734  -37.523  17.031 0.0000000000
57614  63.636  -37.937  16.986 0.0000000000
57615  63.744  -38.251  16.544 0.0000000000
57616  63.525  -38.372  16.995 0.0000000000
57617  62.878  -39.299  17.566 0.0000000000
57618  63.078  -39.196  17.139 0.0000000000
57619  62.779  -39.646  17.084 0.0000000000
57620  62.612  -39.948  16.649 0.0000000000
57621  62.435  -40.051  17.122 0.0000000000
61983  60.353  -27.331  34.746 0.0000000000
61984  60.355  -27.022  34.492 0.0000000000
61985  60.318  -27.338  34.104 0.0000000000
61986  60.234  -27.374  33.473 0.0000000000
61987  60.110  -27.696  33.740 0.0000000000
62003  55.162  -34.869  34.934 0.0000000000
62004  55.768  -35.038  34.951 0.0000000000
62005  57.338  -35.848  34.285 0.0000000000
62006  56.608  -35.853  34.272 0.0000000000
62007  57.067  -36.138  33.858 0.0000000000
62008  56.770  -36.417  33.408 0.0000000000
62009  57.556  -36.374  33.411 0.0000000000
62056  56.537  -37.428  39.685 0.0000000000
62059  57.467  -38.347  37.873 0.0000000000
62060  57.974  -38.474  37.400 0.0000000000
62061  58.299  -38.060  37.288 0.0000000000
62062  58.474  -38.627  36.976 0.0000000000
62068  61.836  -39.410  30.766 0.0000000000
62069  61.957  -39.114  31.369 0.0000000000
62070  62.133  -38.982  30.753 0.0000000000
62071  62.295  -38.566  30.688 0.0000000000
62072  62.275  -38.853  30.142 0.0000000000
62073  62.233  -38.973  28.328 0.0000000000
62074  62.431  -38.666  28.962 0.0000000000
62075  62.391  -38.599  28.295 0.0000000000
62076  62.381  -38.269  28.181 0.0000000000
62077  62.300  -38.519  27.584 0.0000000000
62078  62.278  -38.417  26.939 0.0000000000
62079  62.208  -38.789  27.023 0.0000000000
62302  64.762  -33.300  12.459 0.0000000000
62303  64.929  -32.989  11.972 0.0000000000
62304  65.068  -33.404  11.973 0.0000000000
64819  61.758  -37.861  20.832 0.0000000000
64820  62.170  -37.985  20.459 0.0000000000
64821  62.031  -38.074  21.036 0.0000000000
69185  60.088  -27.678  38.833 0.0000000000
69186  60.132  -27.602  38.211 0.0000000000
69187  60.105  -27.995  38.376 0.0000000000
69188  60.013  -28.301  37.958 0.0000000000
69189  60.047  -28.353  38.499 0.0000000000
69190  59.686  -29.296  39.032 0.0000000000
69191  59.659  -29.152  38.545 0.0000000000
69192  59.431  -29.546  38.569 0.0000000000
69193  59.080  -29.799  38.120 0.0000000000
69194  59.160  -29.973  38.561 0.0000000000
69195  59.474  -30.076  40.718 0.0000000000
69196  59.574  -29.784  40.354 0.0000000000
69197  59.423  -30.290  40.224 0.0000000000
69198  58.985  -31.405  39.076 0.0000000000
69199  59.098  -30.860  39.226 0.0000000000
69200  58.849  -31.127  38.814 0.0000000000
69205  58.831  -33.491  37.737 0.0000000000
69208  58.478  -34.085  36.810 0.0000000000
69209  58.847  -34.260  37.025 0.0000000000
74897  64.327  -34.438  14.019 0.0000000000
74898  64.441  -34.126  13.635 0.0000000000
74899  64.664  -34.524  13.713 0.0000000000
74900  64.864  -34.656  13.319 0.0000000000
74901  64.789  -34.950  13.708 0.0000000000
74910  62.503  -36.782  17.574 0.0000000000
74911  62.088  -36.561  17.425 0.0000000000
74912  62.714  -36.578  17.147 0.0000000000
74913  63.765  -36.040  15.981 0.0000000000
74914  63.225  -36.043  16.268 0.0000000000
74915  63.443  -35.811  15.837 0.0000000000
74916  63.055  -35.556  15.715 0.0000000000
74917  63.630  -35.552  15.468 0.0000000000
74918  63.793  -35.313  15.074 0.0000000000
74919  64.084  -35.665  15.143 0.0000000000
74920  64.713  -36.400  14.468 0.0000000000
74921  64.668  -35.976  14.432 0.0000000000
74922  64.760  -36.168  14.053 0.0000000000
74923  64.831  -35.909  13.648 0.0000000000
74924  64.770  -36.369  13.656 0.0000000000
74925  64.645  -36.564  13.244 0.0000000000
74926  64.643  -36.852  13.654 0.0000000000
74927  64.145  -37.960  14.174 0.0000000000
74928  64.171  -37.739  13.693 0.0000000000
74929  63.872  -38.129  13.734 0.0000000000
74932  63.718  -38.784  15.663 0.0000000000
74933  63.854  -38.558  15.302 0.0000000000
74934  63.516  -38.989  15.269 0.0000000000
74936  63.089  -39.386  14.539 0.0000000000
87970  59.535  -25.612  28.894 0.0000000000
88031  59.894  -26.414  31.558 0.0000000000
88032  59.745  -26.119  31.934 0.0000000000
88033  59.739  -26.044  31.313 0.0000000000
88034  59.613  -25.681  31.114 0.0000000000
88035  59.763  -25.958  30.782 0.0000000000
88036  59.757  -25.897  30.263 0.0000000000
88037  59.800  -26.288  30.425 0.0000000000
88038  59.135  -27.130  30.099 0.0000000000
88095  54.638  -35.548  34.197 0.0000000000
88173  56.088  -33.690  46.022 0.0000000000
88174  56.033  -33.159  46.022 0.0000000000
88175  56.395  -33.117  45.729 0.0000000000
88176  56.696  -32.548  45.424 0.0000000000
88177  56.711  -33.131  45.433 0.0000000000
88241  56.843  -34.508  43.476 0.0000000000
88242  56.790  -34.377  44.203 0.0000000000
88243  57.049  -33.882  43.887 0.0000000000
88244  57.185  -33.253  44.224 0.0000000000
88245  57.290  -33.357  43.558 0.0000000000
88246  57.550  -32.836  43.265 0.0000000000
88247  57.331  -33.512  42.845 0.0000000000
88248  57.481  -34.382  40.977 0.0000000000
88249  57.571  -33.766  41.454 0.0000000000
88250  57.793  -33.907  40.784 0.0000000000
88251  58.182  -33.493  40.573 0.0000000000
88252  58.062  -34.123  40.207 0.0000000000
88253  57.265  -36.696  39.271 0.0000000000
88254  57.232  -36.105  39.785 0.0000000000
88255  57.568  -36.284  39.101 0.0000000000
88256  58.449  -35.638  38.363 0.0000000000
88257  58.090  -35.425  38.872 0.0000000000
88258  58.417  -35.094  38.756 0.0000000000
88259  58.514  -34.537  39.128 0.0000000000
88260  58.691  -34.789  38.621 0.0000000000
88261  58.903  -34.442  38.455 0.0000000000
88262  58.947  -35.008  38.133 0.0000000000
88263  59.787  -35.798  36.905 0.0000000000
88264  59.492  -35.447  37.193 0.0000000000
88265  59.789  -35.528  36.736 0.0000000000
88266  59.626  -35.217  36.505 0.0000000000
88267  60.060  -35.621  36.242 0.0000000000
88274  59.420  -39.010  36.013 0.0000000000
88275  59.881  -39.115  35.539 0.0000000000
88279  61.154  -38.352  34.256 0.0000000000
88280  60.911  -38.828  34.329 0.0000000000
88281  60.818  -38.375  34.805 0.0000000000
88282  60.458  -38.300  35.332 0.0000000000
88283  60.680  -37.848  35.278 0.0000000000
88284  60.576  -37.299  35.783 0.0000000000
88285  60.933  -37.358  35.265 0.0000000000
88286  60.938  -36.670  34.528 0.0000000000
88287  60.887  -36.580  35.131 0.0000000000
88288  60.638  -36.257  34.895 0.0000000000
88289  60.267  -35.816  35.245 0.0000000000
88290  60.218  -36.015  34.647 0.0000000000
88291  59.602  -35.896  34.467 0.0000000000
88292  60.086  -36.200  34.084 0.0000000000
88293  60.265  -36.841  32.566 0.0000000000
88294  59.757  -36.563  32.956 0.0000000000
88295  59.590  -36.814  32.407 0.0000000000
88296  58.788  -36.852  32.338 0.0000000000
88297  59.407  -37.069  31.898 0.0000000000
88298  62.103  -37.830  30.512 0.0000000000
88299  61.734  -37.558  31.034 0.0000000000
88300  61.732  -37.577  30.439 0.0000000000
88301  60.280  -37.605  29.758 0.0000000000
88302  60.461  -37.499  30.314 0.0000000000
88303  59.639  -37.563  30.288 0.0000000000
88304  58.992  -37.497  30.813 0.0000000000
88305  58.744  -37.658  30.285 0.0000000000
88306  57.815  -37.749  30.334 0.0000000000
88307  58.526  -37.780  29.759 0.0000000000
88308  58.827  -38.074  28.094 0.0000000000
88309  58.077  -38.059  28.686 0.0000000000
88310  57.879  -38.187  28.069 0.0000000000
88311  56.977  -38.281  28.079 0.0000000000
88312  57.754  -38.303  27.451 0.0000000000
88313  57.511  -38.351  26.945 0.0000000000
88314  58.387  -38.243  26.920 0.0000000000
88315  60.255  -37.920  25.851 0.0000000000
88316  59.527  -38.029  25.800 0.0000000000
88317  59.989  -37.938  25.296 0.0000000000
88318  59.749  -37.959  24.706 0.0000000000
88319  60.401  -37.839  24.792 0.0000000000
88320  62.041  -38.190  25.975 0.0000000000
88321  61.777  -37.969  25.952 0.0000000000
88322  61.878  -38.120  25.445 0.0000000000
88323  61.772  -38.143  23.967 0.0000000000
88324  61.631  -37.917  24.422 0.0000000000
88325  61.527  -37.924  23.933 0.0000000000
88326  61.119  -37.823  23.908 0.0000000000
88327  61.413  -37.864  23.475 0.0000000000
88328  61.295  -37.888  22.945 0.0000000000
88329  61.651  -38.086  23.042 0.0000000000
88330  62.104  -39.016  22.085 0.0000000000
88331  62.088  -38.589  22.148 0.0000000000
88332  62.198  -38.875  21.618 0.0000000000
88333  62.355  -38.774  21.167 0.0000000000
88334  62.277  -39.167  21.069 0.0000000000
88350  61.095  -40.547  21.786 0.0000000000
88351  61.436  -40.169  21.917 0.0000000000
88352  61.292  -40.403  21.392 0.0000000000
88353  61.533  -40.496  19.938 0.0000000000
88354  61.696  -40.179  20.467 0.0000000000
88355  61.907  -40.122  19.994 0.0000000000
88356  62.254  -39.708  20.063 0.0000000000
88357  62.152  -39.984  19.516 0.0000000000
88358  62.357  -39.789  19.031 0.0000000000
88359  61.998  -40.238  19.012 0.0000000000
88360  61.064  -41.176  17.994 0.0000000000
88361  61.535  -40.766  18.037 0.0000000000
88362  61.197  -40.995  17.463 0.0000000000
88363  61.440  -40.867  17.056 0.0000000000
88364  60.955  -41.243  17.022 0.0000000000
93322  57.696  -29.525  43.934 0.0000000000
93323  57.824  -29.939  44.083 0.0000000000
93324  58.221  -30.101  43.632 0.0000000000
93325  58.554  -30.270  43.084 0.0000000000
93326  58.827  -30.413  42.480 0.0000000000
93327  58.537  -30.734  42.978 0.0000000000
93328  58.464  -31.260  42.780 0.0000000000
93329  58.300  -31.826  42.510 0.0000000000
94468  62.472  -37.729  19.313 0.0000000000
94469  62.673  -37.537  18.764 0.0000000000
94470  62.814  -37.856  18.916 0.0000000000
94471  63.058  -38.033  18.531 0.0000000000
94472  63.171  -38.219  18.035 0.0000000000
94473  63.285  -38.477  17.531 0.0000000000
94474  63.090  -38.604  18.043 0.0000000000
94475  62.954  -39.022  18.081 0.0000000000
94476  62.712  -39.469  18.077 0.0000000000
97094  60.374  -26.985  35.826 0.0000000000
97095  60.376  -27.330  35.383 0.0000000000
97096  60.274  -27.668  34.981 0.0000000000
97097  60.012  -28.014  34.558 0.0000000000
97098  60.069  -28.007  35.139 0.0000000000
97105  56.724  -34.832  35.305 0.0000000000
97106  56.412  -35.150  34.981 0.0000000000
97107  57.133  -35.233  35.004 0.0000000000
97108  57.618  -35.585  34.683 0.0000000000
97109  58.067  -35.828  34.317 0.0000000000
97146  61.728  -39.561  29.535 0.0000000000
97147  62.113  -39.133  29.573 0.0000000000
97148  61.806  -39.447  28.963 0.0000000000
97149  61.891  -39.351  28.324 0.0000000000
97285  65.006  -34.072  12.419 0.0000000000
97286  65.134  -33.823  11.948 0.0000000000
97287  65.158  -34.260  11.973 0.0000000000
98791  59.267  -37.841  21.599 0.0000000000
101410  59.172  -27.927  41.591 0.0000000000
101414  59.764  -27.609  40.362 0.0000000000
101415  59.934  -27.859  39.945 0.0000000000
101416  60.035  -28.153  39.493 0.0000000000
101417  60.031  -28.449  39.029 0.0000000000
101418  59.950  -28.572  39.527 0.0000000000
101419  59.816  -29.006  39.525 0.0000000000
101420  59.681  -29.468  39.506 0.0000000000
101421  59.204  -31.231  40.402 0.0000000000
101422  59.280  -30.896  40.062 0.0000000000
101423  59.185  -31.463  39.922 0.0000000000
101424  59.090  -31.730  39.370 0.0000000000
101425  58.911  -32.006  38.847 0.0000000000
101427  58.919  -32.686  38.582 0.0000000000
101428  58.991  -33.254  38.277 0.0000000000
101429  59.042  -33.725  37.956 0.0000000000
104841  63.545  -33.820  13.865 0.0000000000
104843  63.853  -34.386  14.289 0.0000000000
104844  64.172  -34.777  14.353 0.0000000000
104850  63.536  -36.846  16.965 0.0000000000
104851  63.302  -36.549  16.858 0.0000000000
104852  63.772  -36.620  16.522 0.0000000000
104853  64.012  -36.403  16.098 0.0000000000
104854  64.149  -36.232  15.658 0.0000000000
104855  64.311  -36.005  15.201 0.0000000000
104856  64.447  -36.423  15.311 0.0000000000
104857  64.627  -36.609  14.910 0.0000000000
104858  64.657  -36.846  14.513 0.0000000000
104859  64.611  -37.079  14.088 0.0000000000
104860  64.549  -37.319  14.540 0.0000000000
104861  64.393  -37.809  14.526 0.0000000000
104862  64.137  -38.185  14.503 0.0000000000
104863  62.955  -39.569  15.729 0.0000000000
104864  63.128  -39.404  15.271 0.0000000000
104865  62.764  -39.763  15.361 0.0000000000
104866  62.538  -39.963  15.012 0.0000000000
112685  59.357  -24.786  28.830 0.0000000000
112686  59.452  -24.941  29.224 0.0000000000
112687  59.580  -25.335  29.242 0.0000000000
112688  59.681  -25.710  29.294 0.0000000000
112721  60.097  -26.760  32.989 0.0000000000
112722  59.936  -26.475  32.782 0.0000000000
112723  60.054  -26.776  32.369 0.0000000000
112724  60.031  -26.774  31.741 0.0000000000
112725  59.948  -26.700  31.171 0.0000000000
112726  59.824  -26.658  30.621 0.0000000000
112727  59.747  -26.992  30.873 0.0000000000
112728  59.375  -27.243  30.600 0.0000000000
112761  55.389  -36.345  33.403 0.0000000000
112762  54.719  -36.262  33.369 0.0000000000
112763  55.088  -36.638  32.931 0.0000000000
112764  54.853  -36.894  32.463 0.0000000000
112767  55.071  -37.395  31.440 0.0000000000
112769  56.041  -37.802  30.424 0.0000000000
112809  55.784  -34.228  46.213 0.0000000000
112810  56.088  -34.213  45.826 0.0000000000
112849  56.412  -35.556  43.429 0.0000000000
112850  56.671  -35.080  43.121 0.0000000000
112851  56.924  -34.606  42.766 0.0000000000
112852  57.165  -34.133  42.432 0.0000000000
112853  56.988  -34.719  42.039 0.0000000000
112854  57.103  -34.820  41.314 0.0000000000
112855  57.359  -34.970  40.654 0.0000000000
112856  57.994  -36.995  38.066 0.0000000000
112857  57.878  -36.453  38.527 0.0000000000
112858  58.276  -36.652  37.969 0.0000000000
112859  58.562  -36.243  37.934 0.0000000000
112860  58.830  -35.871  37.865 0.0000000000
112861  59.054  -35.558  37.761 0.0000000000
112862  59.239  -36.083  37.381 0.0000000000
112863  59.644  -36.167  36.974 0.0000000000
112864  60.073  -36.290  36.583 0.0000000000
112870  61.539  -39.201  32.592 0.0000000000
112871  61.244  -39.228  33.191 0.0000000000
112872  61.533  -38.753  33.104 0.0000000000
112873  61.439  -38.326  33.655 0.0000000000
112874  61.328  -37.876  34.211 0.0000000000
112875  61.157  -37.416  34.742 0.0000000000
112876  61.358  -37.452  34.180 0.0000000000
112877  61.206  -37.085  34.054 0.0000000000
112878  60.919  -36.755  33.896 0.0000000000
112879  60.507  -36.496  33.722 0.0000000000
112880  60.880  -36.823  33.317 0.0000000000
112881  60.858  -36.943  32.678 0.0000000000
112882  60.777  -37.105  32.054 0.0000000000
112883  62.073  -37.764  29.338 0.0000000000
112884  61.655  -37.636  29.829 0.0000000000
112885  61.544  -37.646  29.262 0.0000000000
112886  60.857  -37.639  29.237 0.0000000000
112887  60.086  -37.687  29.223 0.0000000000
112888  59.249  -37.753  29.197 0.0000000000
112889  59.933  -37.811  28.655 0.0000000000
112890  59.787  -37.957  28.055 0.0000000000
112891  59.538  -38.048  27.447 0.0000000000
112892  59.231  -38.101  26.890 0.0000000000
112893  60.077  -37.943  26.880 0.0000000000
112894  60.506  -37.857  26.393 0.0000000000
112895  60.880  -37.785  25.877 0.0000000000
112896  61.962  -38.718  24.931 0.0000000000
112897  61.907  -38.378  24.865 0.0000000000
112898  61.913  -38.619  24.442 0.0000000000
112899  61.916  -38.474  24.072 0.0000000000
112900  61.877  -38.457  23.530 0.0000000000
112901  61.903  -38.422  23.056 0.0000000000
112902  61.967  -38.780  23.067 0.0000000000
112903  61.991  -39.121  22.562 0.0000000000
112904  61.987  -39.342  22.081 0.0000000000
112915  61.136  -40.668  20.854 0.0000000000
112916  60.961  -40.994  20.359 0.0000000000
112917  61.195  -40.915  19.900 0.0000000000
112918  61.356  -40.802  19.471 0.0000000000
112919  61.587  -40.668  19.030 0.0000000000
112920  61.124  -41.095  19.011 0.0000000000
112921  60.863  -41.295  18.506 0.0000000000
112922  60.532  -41.494  17.940 0.0000000000
115881  59.362  -37.973  23.701 0.0000000000
117917  59.019  -28.648  42.217 0.0000000000
117918  59.331  -28.725  41.831 0.0000000000
117919  59.534  -28.894  41.394 0.0000000000
117920  59.665  -29.095  40.890 0.0000000000
117921  59.541  -29.359  41.302 0.0000000000
117922  59.491  -29.852  41.238 0.0000000000
117923  59.334  -30.430  41.088 0.0000000000
117924  59.022  -30.580  41.994 0.0000000000
117925  59.148  -30.758  41.495 0.0000000000
117926  59.200  -30.976  40.931 0.0000000000
117927  59.077  -31.513  40.706 0.0000000000
117928  58.930  -32.110  40.474 0.0000000000
117929  58.799  -32.681  40.225 0.0000000000
120588  61.671  -36.978  18.326 0.0000000000
120589  62.281  -36.959  18.000 0.0000000000
120590  62.834  -36.955  17.700 0.0000000000
120591  62.837  -37.355  18.261 0.0000000000
120592  63.067  -37.165  17.809 0.0000000000
120593  63.324  -37.009  17.403 0.0000000000
120594  63.683  -37.158  17.013 0.0000000000
120595  63.959  -37.336  16.577 0.0000000000
120596  64.141  -37.576  16.181 0.0000000000
120597  64.194  -37.872  15.757 0.0000000000
120598  63.981  -38.065  16.136 0.0000000000
120599  63.758  -38.510  16.106 0.0000000000
120600  63.480  -38.936  16.102 0.0000000000
120601  63.356  -38.811  17.055 0.0000000000
120602  63.277  -39.094  16.597 0.0000000000
120603  63.157  -39.386  16.115 0.0000000000
120604  62.776  -39.806  16.211 0.0000000000
120605  62.374  -40.156  16.291 0.0000000000
120606  61.954  -40.472  16.355 0.0000000000
126715  60.150  -26.739  33.632 0.0000000000
126716  60.227  -27.049  33.190 0.0000000000
126717  60.128  -27.390  32.852 0.0000000000
126718  59.828  -27.668  32.531 0.0000000000
126742  54.865  -35.224  34.597 0.0000000000
126743  55.232  -35.687  34.241 0.0000000000
126744  56.143  -35.469  34.634 0.0000000000
126745  55.874  -35.800  34.267 0.0000000000
126746  55.633  -36.066  33.845 0.0000000000
126747  56.051  -36.398  33.425 0.0000000000
126748  56.516  -36.684  32.955 0.0000000000
126749  57.032  -36.912  32.446 0.0000000000
126814  56.603  -36.332  40.764 0.0000000000
126815  56.551  -36.877  40.264 0.0000000000
126816  56.926  -37.114  39.477 0.0000000000
126817  57.302  -37.289  38.764 0.0000000000
126818  56.952  -38.113  38.438 0.0000000000
126819  57.393  -37.823  38.302 0.0000000000
126820  57.706  -37.424  38.146 0.0000000000
126821  58.150  -37.541  37.628 0.0000000000
126822  58.633  -37.746  37.199 0.0000000000
126823  59.079  -37.964  36.751 0.0000000000
126832  61.776  -39.178  31.995 0.0000000000
126833  62.049  -38.744  31.959 0.0000000000
126834  62.105  -38.271  31.839 0.0000000000
126835  61.990  -37.837  31.733 0.0000000000
126836  62.239  -38.207  31.193 0.0000000000
126837  62.291  -38.173  30.600 0.0000000000
126838  62.332  -38.115  30.011 0.0000000000
126839  62.365  -38.751  29.565 0.0000000000
126840  62.446  -38.386  29.512 0.0000000000
126841  62.338  -38.016  29.443 0.0000000000
126842  62.253  -37.999  28.785 0.0000000000
126843  62.158  -37.934  28.140 0.0000000000
126844  62.046  -37.911  27.534 0.0000000000
126845  61.812  -37.875  26.972 0.0000000000
126846  62.138  -38.094  26.973 0.0000000000
126847  62.149  -38.324  26.407 0.0000000000
126848  62.112  -38.545  25.902 0.0000000000
126849  62.038  -39.036  26.488 0.0000000000
126850  62.022  -38.894  25.900 0.0000000000
126851  61.976  -38.809  25.398 0.0000000000
126852  61.753  -39.128  24.829 0.0000000000
126853  61.595  -39.414  24.273 0.0000000000
126854  61.387  -39.735  23.702 0.0000000000
126866  59.779  -42.078  18.830 0.0000000000
127164  65.328  -33.527  11.460 0.0000000000
130484  61.345  -37.316  19.258 0.0000000000
130485  61.736  -37.484  19.476 0.0000000000
130488  62.051  -37.648  19.686 0.0000000000
130489  62.310  -37.880  19.871 0.0000000000
130490  62.489  -38.177  20.051 0.0000000000
130491  62.586  -38.516  20.188 0.0000000000
136020  60.232  -27.502  37.650 0.0000000000
136021  60.191  -27.813  37.283 0.0000000000
136022  60.031  -28.103  36.860 0.0000000000
136023  60.016  -28.210  37.410 0.0000000000
136024  59.834  -28.555  37.508 0.0000000000
136025  59.562  -28.933  37.576 0.0000000000
136026  59.859  -28.760  38.526 0.0000000000
136027  59.607  -29.039  38.065 0.0000000000
136028  59.274  -29.306  37.624 0.0000000000
136032  59.691  -29.336  40.412 0.0000000000
136033  59.640  -29.649  39.948 0.0000000000
136034  59.476  -29.920  39.458 0.0000000000
136035  59.305  -30.594  39.711 0.0000000000
136036  59.278  -30.376  39.371 0.0000000000
136037  59.217  -30.168  38.983 0.0000000000
136038  58.885  -30.411  38.533 0.0000000000
136047  58.022  -33.868  36.707 0.0000000000
136048  58.331  -34.368  36.384 0.0000000000
136049  58.752  -34.777  36.036 0.0000000000
136420  64.739  -35.954  12.332 0.0000000000
142708  57.178  -30.823  44.765 0.0000000000
142709  57.276  -31.342  44.779 0.0000000000
143060  64.344  -33.254  12.818 0.0000000000
143061  64.626  -33.557  12.832 0.0000000000
143062  64.113  -33.814  13.565 0.0000000000
143063  64.546  -33.845  13.231 0.0000000000
143064  64.841  -33.910  12.824 0.0000000000
143065  64.923  -34.305  12.861 0.0000000000
143066  64.975  -34.842  12.838 0.0000000000
143067  64.939  -35.349  12.810 0.0000000000
143079  61.861  -36.152  16.815 0.0000000000
143080  62.994  -36.306  16.691 0.0000000000
143081  62.579  -36.102  16.533 0.0000000000
143082  62.128  -35.881  16.388 0.0000000000
143083  62.398  -35.582  15.987 0.0000000000
143086  63.436  -34.928  14.985 0.0000000000
143087  63.970  -35.038  14.704 0.0000000000
143088  64.400  -35.171  14.402 0.0000000000
143089  64.449  -35.797  14.791 0.0000000000
143090  64.560  -35.572  14.427 0.0000000000
143091  64.696  -35.240  14.080 0.0000000000
143092  64.842  -35.418  13.682 0.0000000000
143093  64.897  -35.650  13.240 0.0000000000
143094  64.840  -35.830  12.795 0.0000000000
143095  64.704  -36.262  12.813 0.0000000000
143096  64.447  -36.721  12.801 0.0000000000
143097  64.156  -37.127  12.809 0.0000000000
143098  64.437  -37.309  13.661 0.0000000000
143099  64.165  -37.452  13.233 0.0000000000
143104  64.156  -38.143  15.343 0.0000000000
143105  64.013  -38.366  14.906 0.0000000000
143106  63.810  -38.566  14.499 0.0000000000
143107  63.312  -39.210  14.883 0.0000000000
143108  63.457  -38.964  14.514 0.0000000000
143109  63.538  -38.785  14.113 0.0000000000
158892  59.627  -25.504  30.152 0.0000000000
158893  59.712  -25.836  29.750 0.0000000000
158894  59.614  -26.113  29.424 0.0000000000
158895  59.666  -26.594  30.080 0.0000000000
158896  59.511  -26.500  29.559 0.0000000000
158897  59.384  -26.387  29.165 0.0000000000
159060  56.645  -31.943  45.385 0.0000000000
159061  56.986  -31.959  45.120 0.0000000000
159062  57.301  -31.940  44.731 0.0000000000
159135  55.729  -35.324  45.733 0.0000000000
159136  56.058  -34.763  45.572 0.0000000000
159137  56.385  -34.238  45.402 0.0000000000
159138  56.473  -34.887  44.500 0.0000000000
159139  56.627  -34.278  44.861 0.0000000000
159140  56.705  -33.681  45.194 0.0000000000
159141  57.001  -33.148  44.870 0.0000000000
159142  57.277  -32.602  44.512 0.0000000000
159143  57.564  -32.018  44.216 0.0000000000
159144  57.751  -32.154  43.570 0.0000000000
159145  57.887  -32.315  42.904 0.0000000000
159146  58.021  -32.522  42.229 0.0000000000
159147  57.383  -33.654  42.176 0.0000000000
159148  57.749  -33.146  41.863 0.0000000000
159149  58.149  -32.645  41.561 0.0000000000
159150  58.346  -32.841  40.947 0.0000000000
159151  58.528  -33.088  40.403 0.0000000000
159152  58.658  -33.379  39.876 0.0000000000
159153  56.930  -35.926  40.514 0.0000000000
159154  57.270  -35.525  40.228 0.0000000000
159155  57.583  -35.089  40.007 0.0000000000
159156  57.767  -35.838  38.986 0.0000000000
159157  57.810  -35.231  39.422 0.0000000000
159158  57.932  -34.683  39.842 0.0000000000
159159  58.284  -34.322  39.661 0.0000000000
159160  58.586  -33.980  39.498 0.0000000000
159161  58.831  -33.608  39.338 0.0000000000
159162  58.971  -33.852  38.796 0.0000000000
159163  59.088  -34.136  38.231 0.0000000000
159164  59.089  -34.388  37.772 0.0000000000
159165  59.226  -35.249  37.669 0.0000000000
159166  59.261  -34.971  37.524 0.0000000000
159167  59.154  -34.564  37.285 0.0000000000
159168  59.215  -34.753  36.781 0.0000000000
159169  59.270  -34.966  36.251 0.0000000000
159170  59.254  -35.171  35.710 0.0000000000
159177  58.975  -38.833  36.504 0.0000000000
159178  59.265  -38.542  36.386 0.0000000000
159179  59.547  -38.117  36.289 0.0000000000
159183  60.925  -39.251  33.781 0.0000000000
159185  60.262  -39.160  35.019 0.0000000000
159186  60.200  -38.722  35.426 0.0000000000
159187  59.999  -38.191  35.769 0.0000000000
159188  59.834  -37.648  36.234 0.0000000000
159189  60.119  -37.202  36.220 0.0000000000
159190  60.377  -36.802  36.219 0.0000000000
159191  60.488  -36.390  36.175 0.0000000000
159192  61.003  -36.938  35.259 0.0000000000
159193  60.788  -36.446  35.667 0.0000000000
159194  60.458  -36.038  35.973 0.0000000000
159195  60.213  -35.703  35.746 0.0000000000
159196  59.765  -35.481  35.485 0.0000000000
159197  59.172  -35.399  35.226 0.0000000000
159198  59.061  -35.633  34.849 0.0000000000
159199  58.853  -35.833  34.336 0.0000000000
159200  58.633  -36.072  33.836 0.0000000000
159201  59.928  -36.368  33.495 0.0000000000
159202  59.223  -36.323  33.344 0.0000000000
159203  58.413  -36.345  33.347 0.0000000000
159204  58.176  -36.635  32.803 0.0000000000
159205  57.931  -36.898  32.353 0.0000000000
159206  57.711  -37.146  31.860 0.0000000000
159207  61.724  -37.492  31.633 0.0000000000
159208  61.319  -37.285  31.495 0.0000000000
159209  60.714  -37.227  31.452 0.0000000000
159210  61.182  -37.495  30.360 0.0000000000
159211  60.621  -37.364  30.887 0.0000000000
159212  60.006  -37.237  31.449 0.0000000000
159213  59.204  -37.290  31.393 0.0000000000
159214  58.335  -37.363  31.314 0.0000000000
159215  57.427  -37.420  31.309 0.0000000000
159216  57.152  -37.633  30.883 0.0000000000
159217  56.922  -37.820  30.360 0.0000000000
159218  56.673  -37.980  29.838 0.0000000000
159219  58.307  -37.903  29.237 0.0000000000
159220  57.363  -38.047  29.283 0.0000000000
159221  56.438  -38.103  29.265 0.0000000000
159222  56.246  -38.234  28.677 0.0000000000
159223  56.092  -38.341  28.118 0.0000000000
159228  58.959  -38.153  26.349 0.0000000000
159229  58.711  -38.164  25.819 0.0000000000
159230  58.503  -38.163  25.290 0.0000000000
159231  59.078  -38.044  24.739 0.0000000000
159232  59.537  -37.971  24.228 0.0000000000
159233  59.946  -37.897  23.738 0.0000000000
159234  61.623  -37.811  26.446 0.0000000000
159235  61.388  -37.817  25.912 0.0000000000
159236  61.191  -37.786  25.368 0.0000000000
159237  61.743  -37.963  24.924 0.0000000000
159238  61.413  -37.839  24.895 0.0000000000
159239  60.956  -37.839  24.836 0.0000000000
159240  60.765  -37.817  24.368 0.0000000000
159241  60.560  -37.827  23.847 0.0000000000
159244  61.249  -37.864  22.406 0.0000000000
159245  61.636  -37.987  21.992 0.0000000000
159246  61.881  -38.347  22.630 0.0000000000
159247  61.927  -38.231  22.099 0.0000000000
159248  62.011  -38.139  21.549 0.0000000000
159249  62.281  -38.380  21.116 0.0000000000
159250  62.461  -38.652  20.657 0.0000000000
159251  62.599  -38.907  20.149 0.0000000000
159269  61.412  -40.026  22.819 0.0000000000
159270  61.568  -39.957  22.391 0.0000000000
159271  61.749  -39.749  22.024 0.0000000000
159272  61.947  -39.582  21.583 0.0000000000
159273  61.496  -40.272  20.949 0.0000000000
159274  61.844  -39.877  21.019 0.0000000000
159275  62.116  -39.508  21.057 0.0000000000
159276  62.299  -39.414  20.566 0.0000000000
159277  62.503  -39.264  20.120 0.0000000000
159278  62.652  -39.107  19.629 0.0000000000
159279  62.641  -39.344  19.090 0.0000000000
159280  62.538  -39.645  18.534 0.0000000000
159281  62.397  -39.916  18.018 0.0000000000
159282  61.810  -40.503  18.540 0.0000000000
159283  62.002  -40.339  18.013 0.0000000000
159284  62.223  -40.209  17.522 0.0000000000
159285  61.979  -40.473  17.110 0.0000000000
159286  61.699  -40.701  16.671 0.0000000000
159287  61.402  -40.818  16.287 0.0000000000
159288  59.931  -41.935  18.332 0.0000000000
159289  60.085  -41.813  17.850 0.0000000000
159290  60.249  -41.729  17.342 0.0000000000
159292  59.997  -41.900  16.974 0.0000000000
159293  60.453  -41.579  16.986 0.0000000000
159295  60.992  -41.219  16.278 0.0000000000
159296  61.203  -41.019  15.980 0.0000000000
