#!ascii label  , from subject fsaverage vox2ras=TkReg
95
8  37.092  -13.013  1.811 0.0000000000
677  37.796  -8.963  0.979 0.0000000000
2153  38.416  -13.254  5.628 0.0000000000
2597  37.406  -11.059  1.451 0.0000000000
5354  38.268  -13.492  7.377 0.0000000000
9023  37.903  -13.050  3.781 0.0000000000
10277  37.235  -12.037  1.630 0.0000000000
13034  38.063  -13.655  8.255 0.0000000000
13035  37.732  -14.704  7.254 0.0000000000
13036  37.850  -14.868  8.112 0.0000000000
21824  38.226  -13.179  4.700 0.0000000000
21826  37.033  -14.384  4.416 0.0000000000
23107  37.590  -10.053  1.227 0.0000000000
28070  38.432  -13.368  6.535 0.0000000000
28071  37.357  -14.395  5.401 0.0000000000
28072  37.569  -14.545  6.325 0.0000000000
37312  37.988  -11.652  2.842 0.0000000000
37313  37.516  -13.069  2.785 0.0000000000
37314  38.435  -11.675  3.696 0.0000000000
37315  38.522  -11.720  4.622 0.0000000000
37316  38.373  -11.886  5.480 0.0000000000
37798  38.069  -9.488  2.381 0.0000000000
37799  38.108  -10.595  2.627 0.0000000000
40997  37.136  -12.567  1.733 0.0000000000
40998  36.881  -12.991  1.075 0.0000000000
40999  36.788  -13.478  1.188 0.0000000000
43755  38.132  -14.260  8.229 0.0000000000
43756  38.082  -14.321  8.684 0.0000000000
44273  37.627  -8.839  0.430 0.0000000000
44274  37.518  -9.426  0.481 0.0000000000
52544  38.348  -13.232  5.158 0.0000000000
52545  37.698  -13.780  4.587 0.0000000000
52546  37.892  -13.759  5.054 0.0000000000
53872  37.468  -10.598  1.318 0.0000000000
53873  37.099  -11.007  0.802 0.0000000000
62144  38.317  -13.436  6.942 0.0000000000
62145  38.180  -14.027  6.408 0.0000000000
62146  38.143  -14.057  6.861 0.0000000000
83047  38.326  -10.862  3.328 0.0000000000
83048  38.273  -11.666  3.263 0.0000000000
83049  38.345  -10.913  3.756 0.0000000000
83053  38.486  -11.795  5.073 0.0000000000
84256  38.040  -8.954  2.244 0.0000000000
84260  38.218  -10.333  3.198 0.0000000000
84261  38.021  -11.124  2.736 0.0000000000
88514  37.734  -13.044  3.292 0.0000000000
88515  36.994  -13.803  2.580 0.0000000000
88516  37.127  -13.729  3.140 0.0000000000
92227  37.314  -11.543  1.541 0.0000000000
92228  36.931  -11.983  0.938 0.0000000000
92229  36.862  -12.484  0.995 0.0000000000
97190  38.116  -13.581  7.824 0.0000000000
97191  38.214  -14.124  7.366 0.0000000000
97192  38.128  -14.184  7.798 0.0000000000
97193  37.805  -14.793  7.697 0.0000000000
98124  37.678  -8.312  0.300 0.0000000000
113012  38.147  -13.097  4.258 0.0000000000
113013  37.319  -13.721  3.633 0.0000000000
113014  37.558  -13.729  4.145 0.0000000000
113015  36.915  -14.389  3.935 0.0000000000
115357  37.742  -9.513  1.090 0.0000000000
115359  37.289  -10.479  0.679 0.0000000000
126938  38.405  -13.343  6.055 0.0000000000
126939  37.996  -13.874  5.484 0.0000000000
126940  38.052  -13.944  5.959 0.0000000000
126941  37.473  -14.465  5.886 0.0000000000
126943  37.668  -14.613  6.778 0.0000000000
129072  37.579  -8.227  -0.316 0.0000000000
136221  37.966  -14.372  9.069 0.0000000000
152902  37.551  -12.337  2.352 0.0000000000
152903  37.299  -13.033  2.306 0.0000000000
152904  37.823  -12.336  2.780 0.0000000000
152905  38.117  -12.362  3.219 0.0000000000
152906  38.285  -12.376  3.710 0.0000000000
152907  38.447  -10.928  4.192 0.0000000000
152908  38.594  -11.695  4.170 0.0000000000
152909  38.487  -12.396  4.178 0.0000000000
152910  38.500  -12.481  4.652 0.0000000000
152911  38.578  -12.574  5.089 0.0000000000
152912  38.543  -12.572  5.562 0.0000000000
152921  38.466  -12.602  6.049 0.0000000000
152922  38.346  -12.676  6.477 0.0000000000
152923  38.185  -12.747  6.873 0.0000000000
154353  37.965  -8.704  1.529 0.0000000000
154354  37.923  -9.224  1.678 0.0000000000
154355  37.905  -9.770  1.790 0.0000000000
154356  37.871  -10.300  1.916 0.0000000000
154358  38.102  -10.037  2.511 0.0000000000
154359  37.779  -10.812  2.061 0.0000000000
154360  37.680  -11.313  2.152 0.0000000000
154361  37.601  -11.859  2.240 0.0000000000
159468  36.753  -13.777  1.570 0.0000000000
159469  36.908  -13.826  2.083 0.0000000000
159478  37.242  -14.333  4.916 0.0000000000
159496  37.875  -14.935  8.526 0.0000000000
