#!ascii label  , from subject fsaverage vox2ras=TkReg
353
1305  34.257  -18.755  7.473 0.0000000000
1306  34.516  -19.480  11.007 0.0000000000
2400  35.983  -19.068  -0.512 0.0000000000
2401  35.032  -18.890  3.491 0.0000000000
2402  36.131  -24.186  1.338 0.0000000000
2599  36.430  -14.936  -0.751 0.0000000000
5355  35.943  -15.665  4.987 0.0000000000
5356  36.344  -15.784  6.929 0.0000000000
5357  33.546  -21.717  6.131 0.0000000000
5694  36.396  -21.499  -1.809 0.0000000000
6957  36.775  -16.152  8.668 0.0000000000
6958  36.923  -16.569  10.348 0.0000000000
6959  34.355  -19.055  9.278 0.0000000000
9756  36.312  -16.194  0.723 0.0000000000
9757  36.037  -15.879  2.891 0.0000000000
9758  35.667  -18.992  1.564 0.0000000000
9759  35.722  -21.743  0.181 0.0000000000
9760  34.506  -18.672  5.554 0.0000000000
9761  34.930  -21.788  2.200 0.0000000000
10162  36.077  -17.826  -2.088 0.0000000000
13035  37.732  -14.704  7.254 0.0000000000
13036  37.850  -14.868  8.112 0.0000000000
13374  37.210  -22.432  -2.197 0.0000000000
15437  35.568  -18.144  11.518 0.0000000000
15438  35.542  -18.075  10.670 0.0000000000
15439  34.435  -19.262  10.166 0.0000000000
15440  33.539  -20.465  8.613 0.0000000000
15441  33.602  -20.570  9.603 0.0000000000
21825  36.730  -14.428  3.397 0.0000000000
21826  37.033  -14.384  4.416 0.0000000000
21827  35.306  -17.246  4.257 0.0000000000
21828  35.544  -17.373  3.264 0.0000000000
21829  35.387  -18.996  2.494 0.0000000000
21830  35.533  -20.407  0.841 0.0000000000
21831  35.235  -20.415  1.852 0.0000000000
21832  35.322  -17.339  8.166 0.0000000000
21833  35.211  -17.178  7.261 0.0000000000
21834  34.330  -18.697  6.491 0.0000000000
21835  34.919  -23.129  2.676 0.0000000000
21837  35.349  -23.097  1.705 0.0000000000
21838  35.823  -23.007  0.655 0.0000000000
21839  36.666  -23.999  0.368 0.0000000000
22839  36.189  -17.669  0.176 0.0000000000
22840  36.209  -17.070  -0.686 0.0000000000
22841  36.079  -18.443  -1.295 0.0000000000
24240  35.478  -18.154  12.363 0.0000000000
28071  37.357  -14.395  5.401 0.0000000000
28072  37.569  -14.545  6.325 0.0000000000
28073  36.094  -15.687  5.966 0.0000000000
28074  35.160  -17.127  5.294 0.0000000000
28075  33.753  -20.232  6.788 0.0000000000
28076  33.956  -20.221  5.788 0.0000000000
28079  35.608  -24.290  2.313 0.0000000000
28680  36.009  -20.361  -1.258 0.0000000000
28681  36.077  -19.748  -2.032 0.0000000000
28682  36.517  -20.891  -2.581 0.0000000000
31593  37.904  -14.994  8.961 0.0000000000
31595  36.935  -16.360  9.505 0.0000000000
31596  35.399  -17.519  9.023 0.0000000000
31597  36.739  -16.737  11.138 0.0000000000
31598  35.518  -17.779  9.877 0.0000000000
31599  34.281  -18.866  8.411 0.0000000000
31600  33.603  -20.334  7.679 0.0000000000
39504  36.526  -14.621  1.289 0.0000000000
39505  36.536  -14.541  2.331 0.0000000000
39506  36.165  -16.116  1.783 0.0000000000
39507  36.084  -17.701  1.084 0.0000000000
39508  35.983  -15.718  3.924 0.0000000000
39509  35.842  -17.549  2.156 0.0000000000
39510  35.871  -19.057  0.522 0.0000000000
39511  35.792  -20.345  -0.164 0.0000000000
39512  36.092  -21.691  -0.869 0.0000000000
39514  36.608  -15.954  7.807 0.0000000000
39515  35.107  -17.156  6.226 0.0000000000
39516  34.770  -18.753  4.510 0.0000000000
39517  34.200  -20.266  4.803 0.0000000000
39518  34.538  -20.241  3.870 0.0000000000
39519  34.867  -20.388  2.822 0.0000000000
39520  35.329  -21.769  1.211 0.0000000000
39521  36.301  -22.904  -0.321 0.0000000000
39534  34.545  -19.639  11.968 0.0000000000
39535  33.680  -20.951  12.531 0.0000000000
39536  33.681  -20.870  11.567 0.0000000000
39537  33.643  -20.721  10.596 0.0000000000
40720  36.404  -15.612  -0.087 0.0000000000
40721  36.273  -16.435  -1.415 0.0000000000
40722  36.085  -17.093  -2.763 0.0000000000
40724  36.156  -18.442  -3.563 0.0000000000
40999  36.788  -13.478  1.188 0.0000000000
43765  41.497  -24.047  7.718 0.0000000000
46157  35.042  -18.811  11.268 0.0000000000
46158  34.993  -18.736  10.838 0.0000000000
46159  34.489  -19.366  10.602 0.0000000000
46160  33.994  -19.898  9.910 0.0000000000
46161  34.034  -19.985  10.372 0.0000000000
52547  35.141  -18.083  3.870 0.0000000000
52548  35.280  -18.137  3.382 0.0000000000
52549  35.203  -18.958  2.980 0.0000000000
52550  35.319  -19.732  2.137 0.0000000000
52551  35.128  -19.688  2.656 0.0000000000
52552  34.693  -18.025  7.810 0.0000000000
52553  34.710  -17.976  7.350 0.0000000000
52554  34.307  -18.727  6.974 0.0000000000
52555  35.479  -23.721  1.984 0.0000000000
52556  35.139  -23.134  2.188 0.0000000000
52557  35.686  -23.674  1.510 0.0000000000
52558  35.950  -23.592  1.020 0.0000000000
52559  36.403  -24.099  0.837 0.0000000000
53559  36.084  -18.382  -0.157 0.0000000000
53560  36.142  -18.081  -0.560 0.0000000000
53561  36.067  -18.745  -0.879 0.0000000000
53875  36.520  -13.959  -0.214 0.0000000000
62147  37.095  -15.238  7.120 0.0000000000
62148  37.020  -15.130  6.681 0.0000000000
62149  36.241  -15.731  6.465 0.0000000000
62150  35.479  -16.386  5.669 0.0000000000
62151  35.613  -16.402  6.147 0.0000000000
62152  33.611  -20.975  6.444 0.0000000000
62153  33.716  -20.915  5.994 0.0000000000
63159  36.131  -20.946  -1.548 0.0000000000
63160  36.223  -20.657  -1.935 0.0000000000
69347  37.365  -15.913  10.528 0.0000000000
69348  37.451  -15.815  10.119 0.0000000000
69349  36.954  -16.457  9.925 0.0000000000
69350  36.181  -16.924  9.287 0.0000000000
69351  36.187  -17.045  9.710 0.0000000000
69354  36.647  -16.802  11.550 0.0000000000
69355  34.936  -18.540  10.016 0.0000000000
69356  35.535  -17.932  10.275 0.0000000000
69357  34.894  -18.407  9.581 0.0000000000
69358  34.816  -18.261  9.157 0.0000000000
69359  34.285  -18.939  8.831 0.0000000000
69360  33.880  -19.592  8.080 0.0000000000
69361  33.895  -19.668  8.497 0.0000000000
69362  33.302  -21.147  8.346 0.0000000000
69363  33.351  -21.091  7.824 0.0000000000
88515  36.994  -13.803  2.580 0.0000000000
88516  37.127  -13.729  3.140 0.0000000000
88517  36.280  -15.087  3.209 0.0000000000
88518  36.303  -15.226  2.612 0.0000000000
88519  36.075  -16.018  2.313 0.0000000000
88520  36.109  -16.928  1.434 0.0000000000
88521  35.984  -16.811  1.985 0.0000000000
88522  36.622  -14.995  5.244 0.0000000000
88523  36.569  -14.971  4.723 0.0000000000
88524  35.968  -15.693  4.457 0.0000000000
88525  35.602  -18.220  2.399 0.0000000000
88526  35.670  -17.436  2.724 0.0000000000
88527  35.766  -18.279  1.898 0.0000000000
88528  35.893  -18.344  1.338 0.0000000000
88529  35.774  -19.021  1.054 0.0000000000
88530  35.796  -19.702  0.185 0.0000000000
88531  35.701  -19.691  0.706 0.0000000000
88532  35.589  -21.099  0.452 0.0000000000
88533  35.750  -21.064  -0.027 0.0000000000
88534  35.928  -21.721  -0.362 0.0000000000
88535  36.384  -22.239  -1.095 0.0000000000
88536  36.168  -22.312  -0.593 0.0000000000
88537  37.480  -15.602  8.838 0.0000000000
88538  37.377  -15.504  8.408 0.0000000000
88539  36.696  -16.062  8.241 0.0000000000
88540  34.731  -17.898  6.397 0.0000000000
88541  35.167  -17.142  6.770 0.0000000000
88542  34.750  -17.917  5.864 0.0000000000
88543  34.827  -17.954  5.361 0.0000000000
88544  34.617  -18.702  5.033 0.0000000000
88545  34.005  -20.989  4.971 0.0000000000
88546  34.055  -20.254  5.262 0.0000000000
88547  34.145  -21.028  4.473 0.0000000000
88548  34.713  -21.782  2.712 0.0000000000
88549  34.496  -21.039  3.521 0.0000000000
88550  34.663  -21.041  3.024 0.0000000000
88551  34.705  -20.303  3.361 0.0000000000
88552  34.852  -21.085  2.508 0.0000000000
88553  35.025  -21.085  2.006 0.0000000000
88554  35.101  -21.796  1.701 0.0000000000
88555  36.476  -23.468  0.006 0.0000000000
88556  36.080  -22.954  0.171 0.0000000000
88557  36.736  -23.393  -0.499 0.0000000000
88558  36.996  -23.281  -0.970 0.0000000000
88588  34.975  -18.896  12.609 0.0000000000
88589  34.555  -19.588  12.460 0.0000000000
88592  33.300  -21.623  12.351 0.0000000000
88594  33.319  -21.503  11.360 0.0000000000
88595  33.312  -21.405  10.897 0.0000000000
88596  33.670  -20.785  11.086 0.0000000000
88597  33.305  -21.344  10.383 0.0000000000
88598  33.285  -21.299  9.880 0.0000000000
91554  36.375  -15.457  0.978 0.0000000000
91555  36.425  -15.162  0.579 0.0000000000
91556  36.342  -15.944  0.317 0.0000000000
91557  36.134  -17.454  -1.362 0.0000000000
91558  36.237  -16.762  -1.060 0.0000000000
91559  36.156  -17.159  -1.752 0.0000000000
91560  36.150  -16.766  -2.064 0.0000000000
91561  36.072  -17.499  -2.437 0.0000000000
91562  36.289  -20.063  -2.734 0.0000000000
91563  36.114  -19.449  -2.385 0.0000000000
92231  36.512  -14.488  -0.125 0.0000000000
97193  37.805  -14.793  7.697 0.0000000000
97194  37.194  -15.322  7.555 0.0000000000
97800  36.779  -21.987  -2.044 0.0000000000
101514  37.266  -15.986  10.959 0.0000000000
101515  36.077  -17.491  11.743 0.0000000000
101516  36.123  -17.482  11.335 0.0000000000
101517  35.543  -18.121  11.093 0.0000000000
101518  34.957  -18.672  10.420 0.0000000000
101519  34.405  -19.133  9.753 0.0000000000
101520  33.898  -19.748  8.963 0.0000000000
101521  33.952  -19.801  9.452 0.0000000000
101522  33.576  -20.506  9.123 0.0000000000
101523  33.296  -21.193  8.836 0.0000000000
113013  37.319  -13.721  3.633 0.0000000000
113015  36.915  -14.389  3.935 0.0000000000
113016  36.375  -15.059  3.704 0.0000000000
113017  35.533  -16.426  4.638 0.0000000000
113018  35.622  -16.489  4.134 0.0000000000
113019  35.400  -17.324  3.768 0.0000000000
113020  35.451  -18.186  2.894 0.0000000000
113021  35.520  -18.988  2.044 0.0000000000
113022  35.580  -19.702  1.197 0.0000000000
113023  35.445  -19.724  1.658 0.0000000000
113024  35.385  -20.419  1.331 0.0000000000
113025  35.399  -21.098  1.010 0.0000000000
113026  36.034  -16.723  8.445 0.0000000000
113027  35.921  -16.623  8.008 0.0000000000
113028  35.249  -17.256  7.723 0.0000000000
113029  34.671  -17.906  6.863 0.0000000000
113030  34.412  -18.687  6.025 0.0000000000
113034  34.869  -22.488  2.434 0.0000000000
113035  35.106  -22.484  1.907 0.0000000000
113036  35.332  -22.474  1.387 0.0000000000
113037  35.603  -23.055  1.186 0.0000000000
113038  36.197  -23.531  0.509 0.0000000000
114837  36.266  -16.935  0.459 0.0000000000
114838  36.297  -16.651  0.016 0.0000000000
114839  36.219  -17.372  -0.261 0.0000000000
114840  36.139  -17.777  -0.989 0.0000000000
114841  36.059  -18.120  -1.700 0.0000000000
118000  36.041  -17.486  12.141 0.0000000000
118001  35.528  -18.131  11.943 0.0000000000
118002  35.033  -18.867  11.705 0.0000000000
126941  37.473  -14.465  5.886 0.0000000000
126942  36.765  -15.028  5.751 0.0000000000
126943  37.668  -14.613  6.778 0.0000000000
126944  36.854  -15.084  6.190 0.0000000000
126945  36.036  -15.673  5.469 0.0000000000
126946  35.545  -16.411  5.134 0.0000000000
126947  35.217  -17.193  4.763 0.0000000000
126948  34.981  -18.011  4.382 0.0000000000
126949  33.956  -19.499  7.129 0.0000000000
126950  34.018  -19.501  6.612 0.0000000000
126951  33.837  -20.195  6.301 0.0000000000
126952  33.863  -20.949  5.484 0.0000000000
126958  35.236  -23.739  2.473 0.0000000000
126959  35.879  -24.236  1.822 0.0000000000
128358  35.955  -19.731  -0.898 0.0000000000
128359  35.979  -19.412  -1.226 0.0000000000
128360  36.073  -20.073  -1.636 0.0000000000
128361  36.261  -20.355  -2.338 0.0000000000
136223  37.823  -15.050  9.404 0.0000000000
136224  37.456  -15.672  9.264 0.0000000000
136226  37.535  -15.776  9.689 0.0000000000
136227  36.862  -16.251  9.097 0.0000000000
136228  36.125  -16.802  8.882 0.0000000000
136229  35.370  -17.408  8.594 0.0000000000
136230  34.753  -18.079  8.273 0.0000000000
136233  36.824  -16.647  10.748 0.0000000000
136234  36.156  -17.443  10.908 0.0000000000
136235  36.192  -17.304  10.517 0.0000000000
136236  36.240  -17.188  10.139 0.0000000000
136237  35.461  -17.642  9.456 0.0000000000
136238  34.793  -18.162  8.729 0.0000000000
136239  34.270  -18.802  7.948 0.0000000000
136240  33.918  -19.547  7.615 0.0000000000
136241  33.687  -20.292  7.233 0.0000000000
136242  33.515  -21.017  6.900 0.0000000000
136243  33.584  -20.387  8.153 0.0000000000
136244  33.424  -21.034  7.361 0.0000000000
159468  36.753  -13.777  1.570 0.0000000000
159469  36.908  -13.826  2.083 0.0000000000
159470  36.559  -14.615  1.782 0.0000000000
159471  36.338  -15.407  1.514 0.0000000000
159472  36.655  -14.481  2.871 0.0000000000
159473  36.288  -15.315  2.076 0.0000000000
159474  36.220  -16.209  1.252 0.0000000000
159475  36.184  -16.975  0.962 0.0000000000
159476  36.133  -17.711  0.615 0.0000000000
159477  36.049  -18.420  0.304 0.0000000000
159478  37.242  -14.333  4.916 0.0000000000
159479  36.427  -14.982  4.211 0.0000000000
159480  36.001  -15.789  3.416 0.0000000000
159481  35.697  -16.539  3.592 0.0000000000
159482  35.767  -16.621  3.059 0.0000000000
159483  35.899  -16.713  2.529 0.0000000000
159484  35.968  -17.619  1.630 0.0000000000
159485  36.028  -18.403  0.810 0.0000000000
159486  35.943  -19.099  -0.014 0.0000000000
159487  35.855  -19.717  -0.341 0.0000000000
159488  35.888  -20.336  -0.685 0.0000000000
159489  36.022  -20.966  -1.031 0.0000000000
159490  35.664  -20.379  0.365 0.0000000000
159491  35.868  -21.011  -0.531 0.0000000000
159492  36.254  -21.574  -1.327 0.0000000000
159493  36.580  -22.120  -1.586 0.0000000000
159496  37.875  -14.935  8.526 0.0000000000
159497  37.301  -15.427  7.970 0.0000000000
159498  36.477  -15.861  7.359 0.0000000000
159499  35.865  -16.531  7.572 0.0000000000
159500  35.775  -16.469  7.094 0.0000000000
159501  35.655  -16.446  6.608 0.0000000000
159502  35.151  -17.129  5.779 0.0000000000
159503  34.927  -17.950  4.891 0.0000000000
159504  34.904  -18.802  3.997 0.0000000000
159505  34.108  -19.481  6.121 0.0000000000
159506  34.188  -19.478  5.642 0.0000000000
159507  34.321  -19.479  5.160 0.0000000000
159508  34.306  -21.048  3.998 0.0000000000
159509  34.359  -20.259  4.322 0.0000000000
159510  34.468  -19.471  4.682 0.0000000000
159511  34.624  -19.490  4.216 0.0000000000
159512  34.795  -19.558  3.678 0.0000000000
159513  34.939  -19.653  3.153 0.0000000000
159514  35.056  -20.390  2.342 0.0000000000
159515  35.224  -21.089  1.518 0.0000000000
159516  35.517  -21.762  0.714 0.0000000000
159517  35.534  -22.413  0.918 0.0000000000
159518  35.746  -22.386  0.420 0.0000000000
159519  35.948  -22.356  -0.079 0.0000000000
159520  36.555  -22.818  -0.819 0.0000000000
159557  35.018  -18.944  12.162 0.0000000000
159558  34.536  -19.560  11.488 0.0000000000
159562  33.314  -21.561  11.846 0.0000000000
159563  33.702  -20.916  12.049 0.0000000000
159564  34.121  -20.265  12.269 0.0000000000
159565  34.088  -20.263  11.771 0.0000000000
159566  34.064  -20.179  11.298 0.0000000000
159567  34.044  -20.097  10.810 0.0000000000
159568  33.599  -20.641  10.089 0.0000000000
159569  33.273  -21.256  9.337 0.0000000000
163114  36.572  -14.315  0.890 0.0000000000
163115  36.484  -14.812  0.220 0.0000000000
163116  36.450  -15.287  -0.436 0.0000000000
163117  36.305  -16.344  -0.371 0.0000000000
163118  36.360  -16.030  -0.746 0.0000000000
163119  36.363  -15.694  -1.074 0.0000000000
163122  36.073  -16.711  -3.113 0.0000000000
163123  36.038  -19.100  -1.635 0.0000000000
163124  36.037  -18.785  -2.036 0.0000000000
163125  36.042  -18.495  -2.440 0.0000000000
163128  36.061  -18.179  -2.840 0.0000000000
163129  36.081  -17.803  -3.153 0.0000000000
163130  36.092  -17.401  -3.488 0.0000000000
