#!ascii label  , from subject fsaverage vox2ras=TkReg
1404
33  48.764  -54.018  35.644 0.0000000000
310  51.469  -50.021  40.010 0.0000000000
312  55.440  -51.309  30.772 0.0000000000
413  49.554  -55.457  43.415 0.0000000000
414  47.879  -60.684  35.888 0.0000000000
415  45.292  -61.002  44.384 0.0000000000
779  48.491  -53.077  31.248 0.0000000000
792  52.840  -52.888  32.864 0.0000000000
793  51.842  -51.723  28.847 0.0000000000
930  48.196  -58.074  44.186 0.0000000000
931  45.831  -56.976  44.809 0.0000000000
943  47.946  -52.227  43.007 0.0000000000
1714  54.132  -47.858  30.130 0.0000000000
1716  53.490  -49.819  27.277 0.0000000000
1925  49.373  -54.860  39.754 0.0000000000
1926  46.473  -57.589  36.518 0.0000000000
1927  47.952  -58.091  40.183 0.0000000000
1928  46.984  -61.580  39.933 0.0000000000
1945  51.384  -52.394  42.424 0.0000000000
2699  48.643  -53.390  33.291 0.0000000000
2700  46.577  -54.164  32.094 0.0000000000
2701  46.679  -54.751  33.996 0.0000000000
2710  51.286  -53.886  37.377 0.0000000000
2711  53.239  -53.259  35.975 0.0000000000
2712  50.852  -53.245  34.381 0.0000000000
2713  50.833  -52.925  31.898 0.0000000000
2850  46.701  -55.944  44.774 0.0000000000
3812  51.373  -48.774  38.069 0.0000000000
3813  55.654  -51.110  33.813 0.0000000000
3815  55.462  -49.489  32.861 0.0000000000
3816  53.921  -47.820  32.421 0.0000000000
3817  55.608  -49.434  30.200 0.0000000000
3818  54.904  -49.198  28.426 0.0000000000
3819  54.563  -50.782  28.877 0.0000000000
3820  49.778  -52.022  27.941 0.0000000000
3821  50.803  -50.825  27.064 0.0000000000
4229  49.658  -55.199  41.695 0.0000000000
4230  48.010  -56.046  40.176 0.0000000000
4231  48.546  -56.555  42.089 0.0000000000
4232  47.043  -59.623  44.246 0.0000000000
4233  47.815  -59.841  42.076 0.0000000000
4234  46.169  -61.376  42.147 0.0000000000
4235  44.650  -62.400  40.334 0.0000000000
4236  44.112  -62.472  42.689 0.0000000000
4270  49.537  -53.717  44.139 0.0000000000
4271  49.901  -52.185  43.167 0.0000000000
4272  50.664  -54.016  43.141 0.0000000000
4273  51.325  -54.128  41.501 0.0000000000
5242  47.578  -59.331  36.061 0.0000000000
5243  46.266  -58.711  34.094 0.0000000000
5244  47.521  -60.222  33.593 0.0000000000
6011  48.038  -52.855  29.276 0.0000000000
6013  46.295  -53.787  30.308 0.0000000000
6033  54.614  -52.399  34.825 0.0000000000
6034  54.263  -52.091  32.039 0.0000000000
6035  53.467  -51.571  29.986 0.0000000000
6036  52.592  -52.462  30.586 0.0000000000
6037  50.552  -52.593  29.749 0.0000000000
6281  48.902  -55.257  44.674 0.0000000000
6282  48.662  -56.716  43.893 0.0000000000
6285  45.772  -59.130  45.420 0.0000000000
6889  45.994  -61.835  35.784 0.0000000000
6890  46.928  -61.905  33.389 0.0000000000
7796  50.026  -59.796  22.123 0.0000000000
7845  52.641  -50.844  28.054 0.0000000000
7846  51.824  -49.738  26.406 0.0000000000
8381  49.163  -54.735  37.739 0.0000000000
8382  47.051  -55.682  36.315 0.0000000000
8383  47.560  -56.044  38.192 0.0000000000
8384  47.297  -57.937  38.322 0.0000000000
8385  48.007  -59.634  38.063 0.0000000000
8386  48.329  -58.223  42.173 0.0000000000
8387  48.125  -59.942  40.008 0.0000000000
8388  47.493  -61.140  37.816 0.0000000000
8389  45.430  -62.299  37.990 0.0000000000
8397  43.373  -62.421  44.958 0.0000000000
8432  49.605  -49.654  40.154 0.0000000000
8433  47.975  -50.732  41.723 0.0000000000
8434  49.833  -50.913  42.078 0.0000000000
8436  52.359  -52.721  40.978 0.0000000000
8437  51.403  -53.904  39.526 0.0000000000
9622  45.623  -56.702  34.336 0.0000000000
9625  48.242  -61.858  31.423 0.0000000000
9626  48.678  -61.094  29.355 0.0000000000
9637  44.064  -64.375  25.283 0.0000000000
10379  48.678  -53.621  34.487 0.0000000000
10380  47.631  -53.866  33.694 0.0000000000
10381  47.648  -54.221  34.728 0.0000000000
10390  49.968  -53.961  36.547 0.0000000000
10391  51.061  -53.566  35.908 0.0000000000
10392  49.789  -53.482  35.078 0.0000000000
10393  49.752  -53.249  33.752 0.0000000000
11490  50.456  -49.286  39.130 0.0000000000
11492  51.468  -49.478  38.931 0.0000000000
11493  55.661  -51.259  32.252 0.0000000000
11494  55.809  -50.352  33.282 0.0000000000
11495  55.881  -50.442  31.728 0.0000000000
11496  55.574  -49.461  31.500 0.0000000000
11497  55.800  -50.399  30.359 0.0000000000
11498  55.428  -50.281  29.353 0.0000000000
11499  55.086  -51.077  29.766 0.0000000000
11500  48.562  -52.177  27.711 0.0000000000
11909  49.689  -55.354  42.602 0.0000000000
11910  48.896  -55.794  41.996 0.0000000000
11911  49.024  -56.002  42.797 0.0000000000
11912  46.179  -60.384  44.298 0.0000000000
11913  46.691  -60.574  43.193 0.0000000000
11914  45.748  -61.157  43.313 0.0000000000
11915  45.138  -61.929  42.359 0.0000000000
11916  44.752  -61.772  43.527 0.0000000000
11950  49.834  -54.559  44.101 0.0000000000
11951  50.156  -53.807  43.747 0.0000000000
11952  50.187  -54.747  43.334 0.0000000000
11953  50.428  -54.836  42.494 0.0000000000
12922  47.971  -60.010  35.971 0.0000000000
12923  47.449  -59.681  34.871 0.0000000000
12924  47.745  -60.443  34.743 0.0000000000
13859  48.279  -52.972  30.285 0.0000000000
13860  47.097  -53.188  29.904 0.0000000000
13861  47.304  -53.399  30.855 0.0000000000
13863  45.806  -54.829  31.333 0.0000000000
13892  53.566  -52.325  38.269 0.0000000000
13893  53.040  -53.178  34.477 0.0000000000
13894  53.985  -52.846  35.381 0.0000000000
13895  53.845  -52.713  33.884 0.0000000000
13896  54.579  -52.298  33.329 0.0000000000
13897  53.607  -52.512  32.396 0.0000000000
13898  53.372  -52.220  31.345 0.0000000000
13899  52.745  -52.672  31.717 0.0000000000
13900  49.635  -52.966  31.544 0.0000000000
13901  50.750  -52.795  30.792 0.0000000000
13902  49.535  -52.876  30.503 0.0000000000
13903  49.312  -52.750  29.482 0.0000000000
14309  48.314  -55.083  44.916 0.0000000000
14310  48.505  -55.948  44.962 0.0000000000
14312  46.342  -56.426  44.757 0.0000000000
14314  46.573  -57.254  45.381 0.0000000000
14316  45.834  -57.913  45.322 0.0000000000
14350  46.571  -54.020  44.204 0.0000000000
14351  46.760  -53.463  43.801 0.0000000000
14353  48.610  -54.388  44.635 0.0000000000
15322  44.895  -62.313  35.962 0.0000000000
15323  45.271  -62.313  34.669 0.0000000000
17207  53.010  -46.985  34.242 0.0000000000
17208  54.000  -47.813  31.191 0.0000000000
17210  53.248  -47.068  30.949 0.0000000000
17212  53.419  -47.024  29.953 0.0000000000
17213  53.610  -47.039  29.082 0.0000000000
17214  54.197  -47.887  29.248 0.0000000000
17215  54.345  -49.559  27.759 0.0000000000
17216  54.311  -48.854  27.667 0.0000000000
17219  53.111  -49.246  26.543 0.0000000000
17220  52.678  -51.591  29.369 0.0000000000
17221  53.008  -51.234  28.947 0.0000000000
17222  52.259  -51.254  28.495 0.0000000000
17224  51.361  -50.296  26.804 0.0000000000
18449  49.318  -54.828  38.786 0.0000000000
18450  48.240  -55.316  37.920 0.0000000000
18451  48.466  -55.313  38.999 0.0000000000
18452  47.881  -57.074  40.192 0.0000000000
18453  47.500  -56.957  39.224 0.0000000000
18454  47.598  -57.984  39.182 0.0000000000
18455  47.683  -58.887  38.139 0.0000000000
18456  47.878  -58.993  39.175 0.0000000000
18457  48.419  -57.376  44.105 0.0000000000
18458  48.444  -57.400  43.095 0.0000000000
18459  48.302  -58.174  43.243 0.0000000000
18460  47.383  -60.741  40.942 0.0000000000
18461  48.050  -59.967  41.037 0.0000000000
18462  47.644  -60.752  39.800 0.0000000000
18463  47.882  -60.612  38.859 0.0000000000
18464  47.290  -61.407  38.825 0.0000000000
18465  46.582  -61.862  37.890 0.0000000000
18466  46.336  -62.050  38.930 0.0000000000
18468  43.658  -62.647  39.296 0.0000000000
18568  48.948  -48.855  39.061 0.0000000000
18569  48.838  -49.462  40.094 0.0000000000
18572  47.994  -51.429  42.297 0.0000000000
18573  50.675  -52.312  42.877 0.0000000000
18574  49.920  -51.525  42.734 0.0000000000
18575  50.749  -51.647  42.565 0.0000000000
18576  50.668  -51.085  42.084 0.0000000000
18577  51.497  -51.841  42.228 0.0000000000
18578  52.157  -51.971  41.532 0.0000000000
18580  50.439  -54.503  40.738 0.0000000000
18581  51.347  -53.993  40.577 0.0000000000
18582  50.449  -54.400  39.682 0.0000000000
18583  50.429  -54.370  38.677 0.0000000000
21487  46.560  -56.581  36.499 0.0000000000
21488  46.127  -56.076  35.288 0.0000000000
21489  45.997  -57.148  35.413 0.0000000000
21490  46.534  -59.312  32.824 0.0000000000
21495  46.705  -62.665  32.401 0.0000000000
21496  47.530  -62.010  32.387 0.0000000000
21497  47.689  -62.798  31.413 0.0000000000
21501  48.537  -60.694  28.314 0.0000000000
21503  49.044  -60.957  26.400 0.0000000000
23291  48.610  -53.193  32.228 0.0000000000
23292  47.463  -53.515  31.750 0.0000000000
23293  47.573  -53.645  32.705 0.0000000000
23294  46.603  -54.500  33.094 0.0000000000
23310  52.290  -53.533  38.194 0.0000000000
23311  53.064  -53.037  37.487 0.0000000000
23312  52.268  -53.532  36.637 0.0000000000
23313  52.121  -53.364  35.192 0.0000000000
23314  51.917  -53.101  33.664 0.0000000000
23315  52.004  -52.880  32.397 0.0000000000
23316  50.822  -53.036  33.016 0.0000000000
23317  49.736  -53.055  32.605 0.0000000000
23561  46.478  -54.553  44.345 0.0000000000
23563  46.186  -55.110  44.207 0.0000000000
23564  45.874  -55.698  44.012 0.0000000000
25295  55.365  -51.014  35.221 0.0000000000
25298  55.276  -49.464  34.329 0.0000000000
25299  54.612  -48.655  33.980 0.0000000000
25300  53.831  -47.836  33.586 0.0000000000
25301  54.763  -48.610  32.671 0.0000000000
25302  54.857  -48.531  31.356 0.0000000000
25303  54.919  -48.608  30.274 0.0000000000
25304  54.849  -48.579  29.283 0.0000000000
25305  55.421  -49.433  29.232 0.0000000000
25306  54.859  -49.959  28.509 0.0000000000
25307  53.980  -50.311  28.041 0.0000000000
25308  50.956  -51.747  28.334 0.0000000000
25309  51.392  -51.276  27.894 0.0000000000
25310  50.388  -51.382  27.414 0.0000000000
26045  49.560  -54.895  40.771 0.0000000000
26046  48.540  -55.326  40.014 0.0000000000
26047  48.707  -55.509  40.996 0.0000000000
26048  48.248  -56.274  41.291 0.0000000000
26049  48.198  -57.268  41.236 0.0000000000
26050  47.841  -58.856  44.229 0.0000000000
26051  48.132  -58.957  43.324 0.0000000000
26052  47.478  -59.739  43.156 0.0000000000
26053  47.042  -60.747  42.023 0.0000000000
26054  46.593  -61.558  41.043 0.0000000000
26055  45.964  -62.092  40.153 0.0000000000
26056  45.532  -62.104  41.265 0.0000000000
26057  44.331  -62.501  41.554 0.0000000000
26118  48.914  -52.979  43.773 0.0000000000
26119  48.961  -52.230  43.188 0.0000000000
26120  49.737  -52.973  43.704 0.0000000000
26121  50.467  -53.094  43.338 0.0000000000
26122  51.032  -53.247  42.848 0.0000000000
26124  51.038  -54.186  42.394 0.0000000000
26125  50.498  -54.742  41.603 0.0000000000
27868  46.929  -58.565  36.335 0.0000000000
27869  46.258  -58.171  35.327 0.0000000000
27870  46.857  -59.010  35.067 0.0000000000
27871  46.894  -59.448  33.825 0.0000000000
27872  47.302  -60.096  32.607 0.0000000000
27874  47.413  -63.401  30.451 0.0000000000
29387  47.697  -52.727  28.342 0.0000000000
29389  46.795  -53.104  28.791 0.0000000000
29392  46.505  -53.963  31.217 0.0000000000
29430  52.501  -50.781  40.493 0.0000000000
29435  53.846  -52.640  36.799 0.0000000000
29438  55.193  -51.799  34.281 0.0000000000
29439  55.127  -51.780  32.882 0.0000000000
29440  54.789  -51.704  31.454 0.0000000000
29441  54.457  -51.539  30.344 0.0000000000
29442  53.912  -51.827  30.956 0.0000000000
29443  53.066  -51.919  30.306 0.0000000000
29444  52.226  -52.081  29.699 0.0000000000
29445  51.874  -52.752  31.200 0.0000000000
29446  51.643  -52.507  30.112 0.0000000000
29447  51.370  -52.153  29.213 0.0000000000
29448  50.278  -52.279  28.852 0.0000000000
29449  48.962  -52.543  28.532 0.0000000000
30017  49.342  -55.358  44.172 0.0000000000
30018  49.051  -56.039  43.672 0.0000000000
30019  48.877  -56.023  44.422 0.0000000000
30020  48.513  -56.616  44.700 0.0000000000
30021  48.192  -57.267  44.944 0.0000000000
30023  47.843  -56.985  45.373 0.0000000000
30024  47.855  -57.920  44.989 0.0000000000
30025  47.302  -58.593  45.048 0.0000000000
30026  46.460  -59.413  44.993 0.0000000000
30027  45.547  -60.240  45.114 0.0000000000
30077  47.930  -52.909  43.554 0.0000000000
30078  48.850  -53.644  44.248 0.0000000000
30079  49.251  -54.534  44.455 0.0000000000
31435  47.251  -61.228  35.830 0.0000000000
31436  47.435  -61.148  34.630 0.0000000000
31437  46.466  -61.739  34.509 0.0000000000
31438  45.878  -62.442  33.510 0.0000000000
31441  44.372  -63.415  32.786 0.0000000000
33909  53.968  -51.258  29.410 0.0000000000
33910  53.489  -50.868  28.515 0.0000000000
33911  53.045  -50.392  27.589 0.0000000000
33912  51.914  -50.768  27.616 0.0000000000
33913  52.160  -50.310  27.245 0.0000000000
33914  52.691  -49.810  26.829 0.0000000000
35429  48.985  -54.473  36.719 0.0000000000
35430  47.849  -54.764  36.047 0.0000000000
35431  48.061  -55.145  37.051 0.0000000000
35432  47.312  -56.009  37.265 0.0000000000
35433  46.910  -56.887  37.457 0.0000000000
35434  47.830  -56.046  39.124 0.0000000000
35435  47.236  -56.969  38.289 0.0000000000
35436  46.973  -57.812  37.515 0.0000000000
35437  47.443  -58.758  37.197 0.0000000000
35438  47.894  -59.517  37.044 0.0000000000
35439  48.083  -60.252  36.951 0.0000000000
35440  48.675  -56.670  42.954 0.0000000000
35441  48.359  -57.445  42.108 0.0000000000
35442  48.160  -58.241  41.246 0.0000000000
35443  48.251  -59.041  42.267 0.0000000000
35444  48.268  -59.042  41.220 0.0000000000
35445  48.078  -59.043  40.216 0.0000000000
35446  48.124  -59.803  38.983 0.0000000000
35447  48.004  -60.443  37.869 0.0000000000
35448  47.700  -60.931  36.844 0.0000000000
35449  46.867  -61.489  36.764 0.0000000000
35450  45.722  -62.087  36.856 0.0000000000
35451  44.606  -62.517  37.083 0.0000000000
35452  45.050  -62.403  39.169 0.0000000000
35453  44.119  -62.630  38.165 0.0000000000
35454  43.270  -62.911  37.368 0.0000000000
35463  45.018  -57.613  44.813 0.0000000000
35464  44.861  -58.643  45.498 0.0000000000
35465  44.707  -59.846  45.676 0.0000000000
35466  44.581  -60.782  45.306 0.0000000000
35475  44.240  -61.641  44.654 0.0000000000
35575  49.632  -49.071  39.122 0.0000000000
35576  50.509  -49.817  40.250 0.0000000000
35579  48.015  -50.054  40.858 0.0000000000
35580  48.926  -51.504  42.559 0.0000000000
35581  48.947  -50.839  41.922 0.0000000000
35582  48.874  -50.129  41.120 0.0000000000
35583  49.670  -50.195  41.285 0.0000000000
35584  50.532  -50.426  41.298 0.0000000000
35585  51.559  -50.613  40.996 0.0000000000
35586  52.389  -51.393  41.133 0.0000000000
35589  51.956  -53.342  41.333 0.0000000000
35590  52.120  -53.436  40.406 0.0000000000
35591  52.215  -53.385  39.318 0.0000000000
35592  51.497  -53.973  38.509 0.0000000000
35593  50.200  -54.223  37.660 0.0000000000
39100  46.790  -55.115  35.101 0.0000000000
39103  45.814  -57.748  34.367 0.0000000000
39109  47.598  -61.065  33.517 0.0000000000
39110  47.815  -61.006  32.503 0.0000000000
39111  47.918  -60.856  31.420 0.0000000000
39113  48.632  -61.556  30.371 0.0000000000
39114  47.904  -60.509  30.363 0.0000000000
39115  47.882  -60.113  29.289 0.0000000000
39147  45.040  -63.622  25.183 0.0000000000
39148  42.864  -64.020  24.622 0.0000000000
41099  48.707  -53.817  35.062 0.0000000000
41100  48.142  -53.899  34.618 0.0000000000
41101  48.180  -54.102  35.185 0.0000000000
41110  49.380  -54.006  36.077 0.0000000000
41111  49.866  -53.717  35.807 0.0000000000
41112  49.269  -53.709  35.382 0.0000000000
41113  49.224  -53.554  34.770 0.0000000000
42210  50.930  -49.627  39.612 0.0000000000
42211  50.973  -49.362  39.074 0.0000000000
42212  51.520  -49.762  39.477 0.0000000000
42213  55.544  -51.303  31.483 0.0000000000
42214  55.829  -50.918  31.962 0.0000000000
42215  55.751  -50.938  31.207 0.0000000000
42216  55.850  -50.453  30.995 0.0000000000
42217  55.624  -50.877  30.502 0.0000000000
42218  55.503  -50.783  30.021 0.0000000000
42219  55.227  -51.192  30.252 0.0000000000
42629  49.661  -55.493  43.017 0.0000000000
42630  49.311  -55.694  42.680 0.0000000000
42631  49.303  -55.781  43.111 0.0000000000
42632  45.740  -60.709  44.296 0.0000000000
42633  45.983  -60.763  43.840 0.0000000000
42634  45.527  -61.073  43.875 0.0000000000
42635  45.270  -61.482  43.390 0.0000000000
42636  45.062  -61.376  43.947 0.0000000000
42670  49.723  -55.046  43.785 0.0000000000
42671  49.987  -54.656  43.717 0.0000000000
42672  49.849  -55.125  43.385 0.0000000000
42673  50.002  -55.166  42.980 0.0000000000
43642  47.994  -60.369  35.910 0.0000000000
43643  47.823  -60.228  35.374 0.0000000000
43644  47.820  -60.548  35.338 0.0000000000
44579  48.402  -53.044  30.763 0.0000000000
44580  47.790  -53.143  30.581 0.0000000000
44581  47.877  -53.212  31.052 0.0000000000
44612  53.218  -52.522  38.576 0.0000000000
44613  52.943  -53.027  33.686 0.0000000000
44614  53.452  -52.969  34.156 0.0000000000
44615  53.351  -52.834  33.342 0.0000000000
44616  53.752  -52.613  33.143 0.0000000000
44617  53.197  -52.743  32.598 0.0000000000
44618  53.159  -52.603  32.034 0.0000000000
44619  52.775  -52.795  32.282 0.0000000000
44620  49.066  -53.000  31.389 0.0000000000
44621  49.629  -52.920  31.012 0.0000000000
44622  49.012  -52.971  30.883 0.0000000000
44623  48.915  -52.917  30.385 0.0000000000
45032  46.109  -56.695  44.811 0.0000000000
45033  46.508  -56.801  45.152 0.0000000000
45034  46.221  -57.114  45.188 0.0000000000
45035  46.219  -57.571  45.378 0.0000000000
45036  45.867  -57.411  45.078 0.0000000000
45071  47.138  -54.138  44.441 0.0000000000
47927  53.393  -47.422  34.478 0.0000000000
47928  54.068  -47.846  30.657 0.0000000000
47929  53.601  -47.467  31.084 0.0000000000
47930  53.704  -47.508  30.556 0.0000000000
47931  53.327  -47.057  30.443 0.0000000000
47932  53.743  -47.497  30.049 0.0000000000
47933  53.838  -47.484  29.602 0.0000000000
47934  54.178  -47.879  29.676 0.0000000000
47935  53.951  -49.730  27.536 0.0000000000
47936  54.081  -49.340  27.423 0.0000000000
47937  53.702  -49.494  27.146 0.0000000000
47938  53.514  -49.199  26.792 0.0000000000
47939  53.291  -49.540  26.911 0.0000000000
47940  52.244  -51.632  29.101 0.0000000000
47941  52.483  -51.422  28.924 0.0000000000
47942  52.028  -51.478  28.658 0.0000000000
49169  49.370  -54.843  39.264 0.0000000000
49170  48.848  -55.075  38.850 0.0000000000
49171  48.892  -55.073  39.376 0.0000000000
49172  47.909  -57.602  40.155 0.0000000000
49173  47.703  -57.533  39.635 0.0000000000
49174  47.784  -58.034  39.668 0.0000000000
49175  47.731  -58.490  39.180 0.0000000000
49176  47.872  -58.538  39.684 0.0000000000
49177  48.313  -57.734  44.159 0.0000000000
49178  48.377  -57.749  43.707 0.0000000000
49179  48.258  -58.126  43.754 0.0000000000
49180  47.177  -61.207  40.430 0.0000000000
49181  47.538  -60.769  40.413 0.0000000000
49182  47.342  -61.200  39.889 0.0000000000
49183  47.471  -61.111  39.293 0.0000000000
49184  47.171  -61.505  39.351 0.0000000000
49185  46.881  -61.807  38.880 0.0000000000
49186  46.790  -61.891  39.406 0.0000000000
49292  47.967  -51.823  42.639 0.0000000000
49293  50.993  -52.325  42.719 0.0000000000
49294  50.743  -51.890  42.699 0.0000000000
49295  51.084  -52.001  42.543 0.0000000000
49296  51.120  -51.743  42.400 0.0000000000
49297  51.462  -52.119  42.282 0.0000000000
49300  49.946  -54.646  40.237 0.0000000000
49301  50.434  -54.420  40.202 0.0000000000
49302  49.926  -54.615  39.689 0.0000000000
49303  49.891  -54.615  39.228 0.0000000000
52207  46.457  -57.071  36.517 0.0000000000
52208  46.197  -56.848  35.953 0.0000000000
52209  46.223  -57.395  35.943 0.0000000000
52215  46.641  -62.939  31.894 0.0000000000
52216  47.169  -62.725  31.878 0.0000000000
52217  47.109  -63.076  31.423 0.0000000000
54179  48.624  -53.291  32.800 0.0000000000
54180  48.084  -53.395  32.468 0.0000000000
54181  48.108  -53.491  32.983 0.0000000000
54182  47.154  -54.278  33.869 0.0000000000
54183  47.120  -54.134  33.428 0.0000000000
54184  46.655  -54.627  33.526 0.0000000000
54210  51.855  -53.790  37.813 0.0000000000
54211  52.292  -53.552  37.433 0.0000000000
54212  51.797  -53.720  37.020 0.0000000000
54213  50.996  -53.370  35.131 0.0000000000
54214  51.646  -53.465  35.540 0.0000000000
54215  51.537  -53.324  34.797 0.0000000000
54216  52.032  -53.229  34.429 0.0000000000
54217  51.435  -53.220  34.042 0.0000000000
54218  51.422  -53.078  33.344 0.0000000000
54219  50.824  -53.150  33.677 0.0000000000
54220  49.195  -53.296  33.500 0.0000000000
54221  49.740  -53.129  33.188 0.0000000000
54222  49.185  -53.197  32.960 0.0000000000
54223  49.164  -53.095  32.379 0.0000000000
54629  45.931  -54.424  44.056 0.0000000000
54630  46.332  -54.821  44.286 0.0000000000
54631  45.836  -54.698  43.978 0.0000000000
54635  45.668  -55.899  43.948 0.0000000000
54672  45.395  -54.040  43.757 0.0000000000
54673  45.979  -54.150  44.063 0.0000000000
57513  50.882  -48.663  38.108 0.0000000000
57518  55.565  -51.058  34.528 0.0000000000
57520  55.662  -50.683  34.279 0.0000000000
57521  55.682  -49.921  33.008 0.0000000000
57522  55.600  -49.891  33.818 0.0000000000
57523  55.391  -49.488  33.569 0.0000000000
57524  54.972  -49.063  34.147 0.0000000000
57525  55.050  -49.058  33.479 0.0000000000
57526  54.714  -48.658  33.313 0.0000000000
57527  55.155  -49.051  32.782 0.0000000000
57528  55.611  -49.446  30.829 0.0000000000
57529  55.265  -48.999  31.422 0.0000000000
57530  55.272  -48.993  30.802 0.0000000000
57531  54.890  -48.562  30.775 0.0000000000
57532  55.316  -49.006  30.220 0.0000000000
57533  55.238  -49.028  29.732 0.0000000000
57534  55.493  -49.461  29.696 0.0000000000
57535  55.058  -50.635  29.106 0.0000000000
57536  55.142  -50.184  28.909 0.0000000000
57537  54.752  -50.422  28.675 0.0000000000
57538  54.457  -50.127  28.279 0.0000000000
57539  54.299  -50.585  28.439 0.0000000000
57540  50.377  -51.866  28.116 0.0000000000
57541  50.687  -51.562  27.863 0.0000000000
57542  50.118  -51.704  27.671 0.0000000000
57544  49.601  -51.398  26.891 0.0000000000
57545  49.430  -51.203  26.480 0.0000000000
58769  49.601  -55.052  41.235 0.0000000000
58770  49.106  -55.164  40.893 0.0000000000
58771  49.159  -55.327  41.363 0.0000000000
58772  48.687  -56.140  42.053 0.0000000000
58773  48.539  -56.010  41.635 0.0000000000
58774  48.414  -56.413  41.699 0.0000000000
58775  48.203  -56.760  41.298 0.0000000000
58776  48.343  -56.906  41.698 0.0000000000
58777  47.462  -59.220  44.228 0.0000000000
58778  47.696  -59.267  43.771 0.0000000000
58779  47.277  -59.628  43.751 0.0000000000
58780  46.473  -60.980  42.608 0.0000000000
58781  46.901  -60.702  42.593 0.0000000000
58782  46.625  -61.117  42.074 0.0000000000
58783  46.831  -61.227  41.493 0.0000000000
58784  46.375  -61.465  41.614 0.0000000000
58785  46.093  -61.824  41.190 0.0000000000
58786  45.863  -61.763  41.711 0.0000000000
58787  44.626  -62.192  42.521 0.0000000000
58788  44.768  -62.223  41.953 0.0000000000
58789  44.218  -62.482  42.114 0.0000000000
58890  49.241  -53.335  44.020 0.0000000000
58891  49.326  -52.970  43.789 0.0000000000
58892  49.626  -53.342  43.929 0.0000000000
58893  50.432  -53.912  43.437 0.0000000000
58894  50.331  -53.462  43.515 0.0000000000
58895  50.616  -53.537  43.267 0.0000000000
58896  50.766  -53.154  43.100 0.0000000000
58897  50.841  -53.623  42.988 0.0000000000
58898  51.081  -53.712  42.659 0.0000000000
58899  50.837  -54.110  42.772 0.0000000000
58900  50.178  -55.090  42.077 0.0000000000
58901  50.528  -54.825  42.065 0.0000000000
58902  50.090  -54.979  41.642 0.0000000000
58903  50.048  -54.855  41.179 0.0000000000
61807  47.275  -58.964  36.188 0.0000000000
61808  46.845  -58.789  35.719 0.0000000000
61809  47.234  -59.181  35.552 0.0000000000
61810  47.465  -59.914  34.268 0.0000000000
61811  47.156  -59.549  34.349 0.0000000000
61812  47.290  -59.812  33.725 0.0000000000
61813  47.078  -59.755  33.219 0.0000000000
61814  47.428  -60.162  33.120 0.0000000000
64619  47.900  -52.821  28.820 0.0000000000
64621  47.418  -52.961  29.064 0.0000000000
64622  46.690  -53.455  30.141 0.0000000000
64623  46.510  -53.348  29.655 0.0000000000
64624  46.136  -53.704  29.818 0.0000000000
64627  47.015  -53.817  31.940 0.0000000000
64628  46.950  -53.757  31.492 0.0000000000
64629  46.553  -54.094  31.636 0.0000000000
64631  45.767  -54.718  30.874 0.0000000000
64718  53.146  -53.148  36.725 0.0000000000
64719  53.464  -52.845  37.120 0.0000000000
64720  53.577  -52.984  36.381 0.0000000000
64721  54.278  -52.602  35.108 0.0000000000
64722  54.234  -52.506  35.826 0.0000000000
64723  54.528  -52.299  35.590 0.0000000000
64725  54.831  -52.069  35.312 0.0000000000
64726  55.112  -51.782  35.007 0.0000000000
64727  54.942  -52.079  34.540 0.0000000000
64728  54.442  -52.204  32.634 0.0000000000
64729  54.884  -52.034  33.100 0.0000000000
64730  54.732  -51.978  32.449 0.0000000000
64731  54.956  -51.765  32.232 0.0000000000
64732  54.531  -51.899  31.808 0.0000000000
64733  54.326  -51.760  31.223 0.0000000000
64734  54.120  -51.969  31.504 0.0000000000
64735  52.972  -52.354  30.921 0.0000000000
64736  53.228  -52.084  30.790 0.0000000000
64737  52.795  -52.182  30.423 0.0000000000
64738  52.616  -52.013  29.951 0.0000000000
64739  52.400  -52.268  30.114 0.0000000000
64740  51.415  -52.912  32.132 0.0000000000
64741  51.952  -52.823  31.807 0.0000000000
64742  51.396  -52.840  31.561 0.0000000000
64743  50.617  -52.723  30.277 0.0000000000
64744  51.213  -52.667  30.438 0.0000000000
64745  51.111  -52.533  29.924 0.0000000000
64746  51.506  -52.338  29.665 0.0000000000
64747  51.035  -52.394  29.466 0.0000000000
64748  50.841  -52.205  29.027 0.0000000000
64749  50.447  -52.463  29.294 0.0000000000
64750  48.680  -52.793  29.370 0.0000000000
64751  49.144  -52.679  28.971 0.0000000000
64752  48.509  -52.730  28.875 0.0000000000
64753  48.345  -52.658  28.442 0.0000000000
65969  49.125  -55.327  44.414 0.0000000000
65970  49.092  -55.714  44.262 0.0000000000
65971  48.911  -55.659  44.563 0.0000000000
65972  48.348  -56.217  45.103 0.0000000000
65973  48.527  -56.296  44.845 0.0000000000
65974  48.355  -56.542  44.990 0.0000000000
65975  48.340  -56.937  44.850 0.0000000000
65976  48.159  -56.843  45.131 0.0000000000
65983  47.823  -57.455  45.221 0.0000000000
65984  47.599  -57.781  45.241 0.0000000000
65985  47.655  -58.285  45.020 0.0000000000
65987  46.143  -58.762  45.399 0.0000000000
65988  46.529  -58.861  45.218 0.0000000000
65989  46.113  -59.308  45.237 0.0000000000
65990  46.020  -59.874  45.049 0.0000000000
65991  45.651  -59.715  45.322 0.0000000000
66093  47.314  -53.532  44.014 0.0000000000
66094  46.845  -53.174  43.556 0.0000000000
66095  47.369  -53.234  43.722 0.0000000000
66096  47.412  -52.928  43.398 0.0000000000
66100  48.790  -54.839  44.720 0.0000000000
66101  48.957  -54.483  44.579 0.0000000000
66102  49.066  -54.909  44.569 0.0000000000
66103  49.332  -54.948  44.387 0.0000000000
69007  46.616  -61.483  35.811 0.0000000000
69008  46.873  -61.449  35.149 0.0000000000
69009  46.260  -61.721  35.143 0.0000000000
69010  45.003  -62.615  34.113 0.0000000000
69011  45.503  -62.392  34.051 0.0000000000
69012  45.339  -62.670  33.547 0.0000000000
69013  45.711  -62.782  33.028 0.0000000000
69014  45.183  -62.955  33.075 0.0000000000
74634  52.566  -50.026  38.958 0.0000000000
74663  53.864  -47.830  33.009 0.0000000000
74664  53.423  -47.393  33.339 0.0000000000
74665  53.475  -47.389  32.783 0.0000000000
74680  53.856  -47.462  28.791 0.0000000000
74681  53.633  -47.036  28.688 0.0000000000
74685  54.964  -48.936  28.842 0.0000000000
74686  54.731  -48.583  28.830 0.0000000000
74687  54.725  -48.859  28.425 0.0000000000
74700  53.952  -51.561  30.202 0.0000000000
74701  54.206  -51.416  29.880 0.0000000000
74702  53.713  -51.424  29.707 0.0000000000
74703  52.828  -51.067  28.486 0.0000000000
74704  53.262  -51.099  28.735 0.0000000000
74705  53.030  -50.892  28.287 0.0000000000
74706  53.229  -50.625  28.079 0.0000000000
74707  52.821  -50.613  27.825 0.0000000000
74708  51.085  -51.040  27.481 0.0000000000
74709  51.637  -51.012  27.763 0.0000000000
74710  51.351  -50.802  27.322 0.0000000000
74711  51.601  -50.014  26.615 0.0000000000
74712  51.797  -50.298  27.057 0.0000000000
74713  51.999  -50.028  26.805 0.0000000000
74714  52.405  -50.046  27.019 0.0000000000
74715  52.244  -49.762  26.628 0.0000000000
74716  52.494  -49.516  26.463 0.0000000000
74717  52.050  -49.471  26.249 0.0000000000
78389  49.071  -54.622  37.216 0.0000000000
78390  48.519  -54.782  36.889 0.0000000000
78391  48.597  -54.920  37.361 0.0000000000
78392  47.871  -55.631  38.097 0.0000000000
78393  47.736  -55.623  37.575 0.0000000000
78394  47.392  -56.026  37.721 0.0000000000
78395  47.068  -56.441  37.384 0.0000000000
78396  47.181  -56.520  37.793 0.0000000000
78397  48.244  -55.655  40.127 0.0000000000
78398  48.194  -55.679  39.562 0.0000000000
78399  47.960  -56.045  39.642 0.0000000000
78400  47.278  -57.437  38.757 0.0000000000
78401  47.330  -56.951  38.715 0.0000000000
78402  47.184  -57.468  38.345 0.0000000000
78403  47.077  -57.443  37.917 0.0000000000
78404  47.166  -57.921  37.912 0.0000000000
78405  47.186  -58.308  37.365 0.0000000000
78406  47.358  -58.379  37.807 0.0000000000
78407  47.871  -59.287  38.129 0.0000000000
78408  47.803  -59.222  37.605 0.0000000000
78409  47.945  -59.573  37.573 0.0000000000
78410  48.017  -59.841  36.957 0.0000000000
78411  48.036  -59.949  37.500 0.0000000000
78412  48.854  -56.348  43.800 0.0000000000
78413  48.867  -56.328  43.358 0.0000000000
78414  48.708  -56.701  43.452 0.0000000000
78415  48.379  -57.794  42.663 0.0000000000
78416  48.415  -57.421  42.613 0.0000000000
78417  48.368  -57.808  42.167 0.0000000000
78418  48.283  -57.819  41.673 0.0000000000
78419  48.280  -58.220  41.707 0.0000000000
78420  48.005  -59.407  42.756 0.0000000000
78421  48.204  -59.016  42.810 0.0000000000
78422  48.133  -59.454  42.209 0.0000000000
78423  48.134  -59.943  40.536 0.0000000000
78424  48.222  -59.519  41.144 0.0000000000
78425  48.196  -59.540  40.614 0.0000000000
78426  48.170  -59.057  40.726 0.0000000000
78427  48.128  -59.525  40.103 0.0000000000
78428  48.102  -59.453  39.582 0.0000000000
78429  48.172  -59.914  39.475 0.0000000000
78430  47.698  -60.890  38.357 0.0000000000
78431  47.983  -60.542  38.335 0.0000000000
78432  47.802  -60.817  37.837 0.0000000000
78433  47.891  -60.732  37.376 0.0000000000
78434  47.604  -61.047  37.302 0.0000000000
78435  47.318  -61.222  36.766 0.0000000000
78436  47.192  -61.321  37.304 0.0000000000
78437  46.015  -62.117  37.925 0.0000000000
78438  46.171  -62.005  37.385 0.0000000000
78439  45.615  -62.225  37.424 0.0000000000
78440  45.179  -62.325  36.942 0.0000000000
78441  45.005  -62.414  37.550 0.0000000000
78442  45.291  -62.254  40.282 0.0000000000
78443  45.512  -62.246  39.640 0.0000000000
78444  44.819  -62.396  39.732 0.0000000000
78446  43.824  -62.666  38.695 0.0000000000
78447  43.436  -62.780  38.315 0.0000000000
78448  43.710  -62.742  37.754 0.0000000000
78449  43.045  -62.955  37.914 0.0000000000
78473  44.952  -58.103  45.214 0.0000000000
78477  44.194  -60.110  45.710 0.0000000000
78478  44.647  -60.344  45.534 0.0000000000
78500  43.526  -61.877  45.246 0.0000000000
78501  43.961  -61.501  45.119 0.0000000000
78502  43.770  -62.028  44.827 0.0000000000
78503  44.001  -62.160  44.305 0.0000000000
78504  43.585  -62.540  44.455 0.0000000000
78745  49.241  -49.267  39.592 0.0000000000
78746  49.260  -48.963  39.106 0.0000000000
78747  49.592  -49.385  39.613 0.0000000000
78748  50.036  -49.457  39.656 0.0000000000
78749  50.046  -49.739  40.254 0.0000000000
78753  47.568  -50.677  41.517 0.0000000000
78755  47.575  -50.340  41.175 0.0000000000
78756  47.596  -49.973  40.748 0.0000000000
78757  48.036  -50.410  41.353 0.0000000000
78758  49.425  -52.218  43.181 0.0000000000
78759  48.937  -51.864  42.858 0.0000000000
78760  49.410  -51.852  42.886 0.0000000000
78761  49.865  -51.226  42.450 0.0000000000
78762  49.405  -51.201  42.390 0.0000000000
78763  49.389  -50.886  42.067 0.0000000000
78764  48.917  -50.491  41.534 0.0000000000
78765  49.359  -50.509  41.629 0.0000000000
78766  49.286  -50.146  41.207 0.0000000000
78767  49.773  -50.567  41.678 0.0000000000
78768  51.092  -51.198  41.970 0.0000000000
78769  50.582  -50.782  41.711 0.0000000000
78770  51.059  -50.871  41.617 0.0000000000
78771  51.032  -50.502  41.251 0.0000000000
78772  51.563  -50.960  41.416 0.0000000000
78773  52.013  -51.028  41.126 0.0000000000
78774  51.987  -51.347  41.442 0.0000000000
78775  52.256  -52.330  41.300 0.0000000000
78776  52.428  -52.017  41.211 0.0000000000
78777  52.512  -52.415  40.881 0.0000000000
78779  52.496  -52.774  40.532 0.0000000000
78780  51.568  -53.756  41.857 0.0000000000
78782  51.673  -53.741  41.436 0.0000000000
78783  51.356  -53.924  40.112 0.0000000000
78784  51.752  -53.705  40.542 0.0000000000
78785  51.769  -53.663  40.013 0.0000000000
78786  52.160  -53.386  39.861 0.0000000000
78787  51.829  -53.633  39.460 0.0000000000
78788  51.873  -53.667  38.921 0.0000000000
78789  51.450  -53.903  39.012 0.0000000000
78790  49.766  -54.573  38.247 0.0000000000
78791  50.344  -54.308  38.193 0.0000000000
78792  49.676  -54.474  37.709 0.0000000000
78793  49.535  -54.353  37.154 0.0000000000
87502  47.408  -55.207  36.200 0.0000000000
87503  47.297  -54.898  35.551 0.0000000000
87504  46.915  -55.361  35.704 0.0000000000
87505  45.774  -56.374  34.816 0.0000000000
87506  46.023  -55.850  34.776 0.0000000000
87507  45.709  -56.182  34.271 0.0000000000
87509  45.507  -56.483  33.799 0.0000000000
87510  46.246  -58.435  34.758 0.0000000000
87511  46.010  -57.935  34.840 0.0000000000
87512  46.026  -58.262  34.225 0.0000000000
87525  47.197  -61.458  33.964 0.0000000000
87526  47.511  -61.101  34.062 0.0000000000
87527  47.337  -61.506  33.457 0.0000000000
87528  47.903  -62.002  31.898 0.0000000000
87529  47.761  -61.506  32.445 0.0000000000
87530  48.070  -61.467  31.959 0.0000000000
87531  47.912  -60.980  31.966 0.0000000000
87532  48.179  -61.333  31.419 0.0000000000
87536  48.949  -61.676  29.339 0.0000000000
87538  48.746  -61.317  29.913 0.0000000000
87539  48.326  -60.996  30.382 0.0000000000
87540  48.353  -60.788  29.899 0.0000000000
87541  47.978  -60.318  29.836 0.0000000000
87542  48.306  -60.576  29.313 0.0000000000
87550  49.306  -61.289  25.949 0.0000000000
87552  49.225  -61.155  25.481 0.0000000000
87620  44.586  -64.516  25.655 0.0000000000
87621  45.100  -64.132  25.587 0.0000000000
87622  44.478  -64.020  25.282 0.0000000000
92411  48.641  -53.493  33.842 0.0000000000
92412  48.103  -53.587  33.493 0.0000000000
92413  48.117  -53.721  34.021 0.0000000000
92414  47.628  -54.008  34.178 0.0000000000
92415  47.130  -54.416  34.354 0.0000000000
92430  50.582  -53.935  37.000 0.0000000000
92431  51.118  -53.731  36.678 0.0000000000
92432  50.466  -53.717  36.255 0.0000000000
92433  50.383  -53.496  35.497 0.0000000000
92434  50.293  -53.315  34.728 0.0000000000
92435  50.310  -53.206  34.024 0.0000000000
92436  49.745  -53.358  34.411 0.0000000000
92437  49.184  -53.420  34.130 0.0000000000
94410  50.036  -48.922  38.690 0.0000000000
94412  50.465  -48.977  38.629 0.0000000000
94413  50.913  -49.063  38.491 0.0000000000
94414  51.403  -49.137  38.444 0.0000000000
94415  55.707  -51.192  33.038 0.0000000000
94416  55.797  -50.755  33.550 0.0000000000
94417  55.849  -50.815  32.765 0.0000000000
94418  55.870  -50.384  32.513 0.0000000000
94419  55.775  -49.922  32.305 0.0000000000
94420  55.539  -49.447  32.182 0.0000000000
94421  55.788  -49.947  31.591 0.0000000000
94422  55.831  -49.944  30.919 0.0000000000
94423  55.804  -49.910  30.264 0.0000000000
94424  55.622  -49.894  29.713 0.0000000000
94425  55.658  -50.321  29.851 0.0000000000
94426  55.317  -50.684  29.544 0.0000000000
94427  54.836  -50.948  29.288 0.0000000000
94428  49.160  -52.119  27.824 0.0000000000
94429  49.496  -51.875  27.550 0.0000000000
94430  48.900  -51.934  27.478 0.0000000000
95165  49.707  -55.280  42.142 0.0000000000
95166  49.202  -55.437  41.849 0.0000000000
95167  49.304  -55.565  42.274 0.0000000000
95168  48.985  -55.918  42.368 0.0000000000
95169  48.757  -56.256  42.453 0.0000000000
95170  46.610  -60.037  44.271 0.0000000000
95171  46.886  -60.132  43.784 0.0000000000
95172  46.439  -60.458  43.813 0.0000000000
95173  46.244  -60.866  43.211 0.0000000000
95174  45.979  -61.268  42.710 0.0000000000
95175  45.659  -61.703  42.259 0.0000000000
95176  45.473  -61.566  42.830 0.0000000000
95177  44.960  -61.870  42.943 0.0000000000
95178  44.436  -62.146  43.116 0.0000000000
95238  49.722  -54.118  44.164 0.0000000000
95239  49.866  -53.729  43.980 0.0000000000
95240  49.987  -54.169  43.957 0.0000000000
95241  50.228  -54.261  43.632 0.0000000000
95242  50.463  -54.380  43.263 0.0000000000
95243  50.592  -54.481  42.869 0.0000000000
95244  50.328  -54.809  42.915 0.0000000000
95245  50.090  -55.115  42.529 0.0000000000
96988  47.805  -59.688  35.976 0.0000000000
96989  47.506  -59.499  35.451 0.0000000000
96990  47.712  -59.868  35.403 0.0000000000
96991  47.701  -60.086  34.797 0.0000000000
96992  47.682  -60.314  34.158 0.0000000000
98675  48.162  -52.901  29.795 0.0000000000
98676  47.535  -52.979  29.588 0.0000000000
98677  47.678  -53.062  30.108 0.0000000000
98678  47.251  -53.286  30.401 0.0000000000
98679  46.844  -53.540  30.617 0.0000000000
98681  46.163  -54.494  31.755 0.0000000000
98735  53.177  -53.275  35.281 0.0000000000
98736  53.654  -53.084  35.670 0.0000000000
98737  53.576  -53.131  34.877 0.0000000000
98738  53.916  -52.814  34.669 0.0000000000
98739  54.253  -52.581  34.352 0.0000000000
98740  54.619  -52.339  34.073 0.0000000000
98741  54.212  -52.493  33.622 0.0000000000
98742  54.112  -52.414  32.878 0.0000000000
98743  53.958  -52.234  32.201 0.0000000000
98744  53.823  -52.143  31.699 0.0000000000
98745  53.502  -52.358  31.857 0.0000000000
98746  53.087  -52.482  31.469 0.0000000000
98747  52.699  -52.597  31.119 0.0000000000
98748  50.246  -52.941  31.681 0.0000000000
98749  50.820  -52.855  31.336 0.0000000000
98750  50.259  -52.891  31.147 0.0000000000
98751  50.194  -52.835  30.612 0.0000000000
98752  50.036  -52.754  30.107 0.0000000000
98753  49.918  -52.686  29.576 0.0000000000
98754  49.428  -52.810  30.004 0.0000000000
98755  48.824  -52.852  29.896 0.0000000000
99485  48.638  -55.179  44.821 0.0000000000
99486  48.714  -55.599  44.840 0.0000000000
99487  48.429  -55.501  44.949 0.0000000000
99488  48.226  -55.799  45.054 0.0000000000
99490  46.563  -56.190  44.728 0.0000000000
99497  46.195  -58.128  45.405 0.0000000000
99498  45.791  -58.531  45.422 0.0000000000
99560  46.663  -53.743  44.007 0.0000000000
99561  47.238  -53.850  44.211 0.0000000000
99565  48.467  -54.744  44.796 0.0000000000
101308  45.447  -62.103  35.824 0.0000000000
101309  45.598  -62.028  35.221 0.0000000000
101310  45.091  -62.305  35.290 0.0000000000
101311  44.749  -62.565  34.777 0.0000000000
104543  49.929  -60.084  22.479 0.0000000000
104702  53.932  -47.826  31.786 0.0000000000
104703  53.516  -47.413  32.239 0.0000000000
104704  53.500  -47.439  31.647 0.0000000000
104705  53.123  -47.015  31.467 0.0000000000
104708  52.868  -46.554  30.830 0.0000000000
104709  52.980  -46.571  30.296 0.0000000000
104710  53.150  -46.580  29.771 0.0000000000
104712  53.537  -47.041  29.491 0.0000000000
104713  53.875  -47.490  29.186 0.0000000000
104714  54.124  -47.869  28.844 0.0000000000
104715  54.669  -49.396  28.020 0.0000000000
104716  54.646  -49.068  28.031 0.0000000000
104717  54.381  -49.185  27.700 0.0000000000
104722  53.379  -48.905  26.446 0.0000000000
104724  53.048  -51.588  29.655 0.0000000000
104725  53.219  -51.424  29.456 0.0000000000
104726  52.859  -51.409  29.176 0.0000000000
104727  52.650  -51.227  28.701 0.0000000000
104728  52.490  -51.047  28.289 0.0000000000
104729  50.599  -50.610  26.653 0.0000000000
104730  51.100  -50.595  26.887 0.0000000000
104733  51.384  -49.705  26.194 0.0000000000
104734  51.609  -49.452  26.008 0.0000000000
106937  49.263  -54.802  38.290 0.0000000000
106938  48.687  -55.002  37.864 0.0000000000
106939  48.803  -55.060  38.362 0.0000000000
106940  48.398  -55.326  38.455 0.0000000000
106941  48.060  -55.582  38.677 0.0000000000
106942  47.903  -56.537  40.242 0.0000000000
106943  47.786  -56.480  39.700 0.0000000000
106944  47.686  -56.997  39.703 0.0000000000
106945  47.507  -57.475  39.198 0.0000000000
106946  47.378  -57.954  38.762 0.0000000000
106947  47.478  -58.421  38.226 0.0000000000
106948  47.559  -58.441  38.710 0.0000000000
106949  47.744  -58.937  38.683 0.0000000000
106950  47.932  -59.342  38.608 0.0000000000
106951  48.513  -57.026  44.007 0.0000000000
106952  48.552  -57.048  43.510 0.0000000000
106953  48.429  -57.372  43.577 0.0000000000
106954  48.365  -57.777  43.154 0.0000000000
106955  48.298  -58.199  42.683 0.0000000000
106956  47.603  -60.294  41.501 0.0000000000
106957  47.948  -59.894  41.572 0.0000000000
106958  47.809  -60.317  41.034 0.0000000000
106959  47.877  -60.341  40.447 0.0000000000
106960  48.000  -60.315  39.939 0.0000000000
106961  48.048  -60.277  39.436 0.0000000000
106962  47.764  -60.701  39.315 0.0000000000
106963  47.577  -61.006  38.800 0.0000000000
106964  47.383  -61.289  38.357 0.0000000000
106965  47.088  -61.467  37.846 0.0000000000
106966  46.980  -61.700  38.370 0.0000000000
106967  46.431  -62.036  38.424 0.0000000000
106968  45.810  -62.173  38.425 0.0000000000
106969  43.992  -62.561  40.425 0.0000000000
106970  44.151  -62.524  39.791 0.0000000000
107005  43.017  -62.684  45.035 0.0000000000
107006  43.203  -62.868  44.632 0.0000000000
107007  42.815  -63.178  44.857 0.0000000000
107151  48.645  -48.770  38.999 0.0000000000
107152  48.886  -49.159  39.560 0.0000000000
107153  49.220  -49.537  40.120 0.0000000000
107157  47.582  -51.000  41.802 0.0000000000
107158  48.013  -51.057  41.988 0.0000000000
107159  50.322  -52.263  43.019 0.0000000000
107160  49.930  -51.833  42.941 0.0000000000
107161  50.351  -51.878  42.842 0.0000000000
107162  50.338  -51.566  42.658 0.0000000000
107163  50.298  -51.281  42.422 0.0000000000
107164  50.274  -50.996  42.090 0.0000000000
107165  50.715  -51.371  42.374 0.0000000000
107166  51.108  -51.472  42.303 0.0000000000
107167  51.527  -51.576  42.113 0.0000000000
107171  52.166  -52.636  41.345 0.0000000000
107172  50.914  -54.434  41.109 0.0000000000
107173  51.353  -54.070  41.011 0.0000000000
107174  50.910  -54.268  40.628 0.0000000000
107175  50.924  -54.204  40.137 0.0000000000
107176  50.940  -54.167  39.614 0.0000000000
107177  50.981  -54.149  39.090 0.0000000000
107178  50.427  -54.392  39.183 0.0000000000
107179  49.847  -54.602  38.740 0.0000000000
112405  46.764  -56.134  36.445 0.0000000000
112406  46.579  -55.837  35.803 0.0000000000
112407  46.308  -56.327  35.861 0.0000000000
112408  45.995  -56.606  35.365 0.0000000000
112409  45.790  -56.918  34.908 0.0000000000
112410  46.360  -59.005  33.465 0.0000000000
112411  46.091  -58.568  33.615 0.0000000000
112412  46.202  -58.880  32.985 0.0000000000
112419  46.773  -62.297  32.901 0.0000000000
112420  47.199  -61.967  32.900 0.0000000000
112421  47.162  -62.402  32.389 0.0000000000
112422  47.592  -62.426  31.886 0.0000000000
112423  48.087  -62.411  31.391 0.0000000000
112428  48.930  -61.412  28.861 0.0000000000
112429  48.611  -60.874  28.808 0.0000000000
112430  48.847  -61.197  28.370 0.0000000000
115787  48.559  -53.113  31.718 0.0000000000
115788  47.964  -53.263  31.508 0.0000000000
115789  48.038  -53.307  31.969 0.0000000000
115790  47.539  -53.579  32.209 0.0000000000
115791  47.047  -53.915  32.429 0.0000000000
115792  47.611  -53.761  33.201 0.0000000000
115793  47.056  -54.062  32.995 0.0000000000
115794  46.591  -54.293  32.598 0.0000000000
115830  52.611  -53.147  38.544 0.0000000000
115831  52.991  -52.876  38.155 0.0000000000
115832  52.689  -53.260  37.837 0.0000000000
115833  52.720  -53.327  37.074 0.0000000000
115834  52.752  -53.333  36.259 0.0000000000
115835  51.736  -53.635  36.291 0.0000000000
115836  52.193  -53.485  35.918 0.0000000000
115837  52.687  -53.372  35.605 0.0000000000
115838  52.621  -53.262  34.861 0.0000000000
115839  52.496  -53.129  34.053 0.0000000000
115840  52.489  -52.973  33.216 0.0000000000
115841  52.468  -52.869  32.627 0.0000000000
115842  51.997  -52.980  32.996 0.0000000000
115843  51.491  -52.986  32.721 0.0000000000
115844  50.881  -52.975  32.449 0.0000000000
115845  50.302  -53.119  33.374 0.0000000000
115846  50.337  -53.034  32.795 0.0000000000
115847  50.321  -52.983  32.225 0.0000000000
115848  49.688  -53.012  32.019 0.0000000000
115849  49.124  -53.034  31.873 0.0000000000
116419  46.822  -54.944  44.571 0.0000000000
116420  46.676  -55.233  44.545 0.0000000000
116421  46.494  -55.569  44.469 0.0000000000
116422  45.664  -54.959  43.858 0.0000000000
116423  45.989  -55.414  44.101 0.0000000000
116424  46.307  -55.843  44.387 0.0000000000
116425  46.125  -56.077  44.333 0.0000000000
116426  45.917  -56.328  44.307 0.0000000000
116427  45.726  -56.576  44.407 0.0000000000
116478  46.044  -53.911  43.954 0.0000000000
116479  46.523  -54.275  44.322 0.0000000000
120466  55.676  -50.297  34.048 0.0000000000
120467  55.470  -49.856  34.549 0.0000000000
120470  54.563  -48.671  34.588 0.0000000000
120471  54.171  -48.248  34.375 0.0000000000
120472  53.763  -47.820  34.139 0.0000000000
120473  54.275  -48.275  33.760 0.0000000000
120474  54.302  -48.253  33.168 0.0000000000
120475  54.299  -48.223  32.575 0.0000000000
120476  55.205  -49.021  32.099 0.0000000000
120477  54.817  -48.554  31.985 0.0000000000
120478  54.392  -48.144  31.876 0.0000000000
120479  54.438  -48.155  31.274 0.0000000000
120480  54.502  -48.163  30.720 0.0000000000
120481  54.533  -48.218  30.217 0.0000000000
120482  54.563  -48.200  29.725 0.0000000000
120483  54.885  -48.599  29.761 0.0000000000
120484  55.131  -48.991  29.271 0.0000000000
120485  55.176  -49.330  28.818 0.0000000000
120486  55.459  -49.873  29.217 0.0000000000
120487  55.220  -49.748  28.824 0.0000000000
120488  54.982  -49.565  28.410 0.0000000000
120489  54.589  -49.732  28.118 0.0000000000
120490  54.204  -49.931  27.904 0.0000000000
120491  53.743  -50.079  27.662 0.0000000000
120492  51.439  -51.754  28.591 0.0000000000
120493  51.597  -51.512  28.354 0.0000000000
120494  51.185  -51.519  28.086 0.0000000000
120495  50.895  -51.295  27.613 0.0000000000
120496  50.605  -51.083  27.206 0.0000000000
120497  49.848  -51.609  27.264 0.0000000000
120498  50.127  -51.220  27.028 0.0000000000
120499  50.352  -50.889  26.797 0.0000000000
120500  50.138  -50.672  26.423 0.0000000000
120501  49.930  -50.456  26.113 0.0000000000
122213  49.441  -54.880  40.270 0.0000000000
122214  48.912  -55.074  39.884 0.0000000000
122215  48.988  -55.080  40.394 0.0000000000
122216  48.628  -55.386  40.524 0.0000000000
122217  48.317  -55.743  40.622 0.0000000000
122218  48.787  -55.651  41.509 0.0000000000
122219  48.345  -55.845  41.147 0.0000000000
122220  48.119  -56.155  40.713 0.0000000000
122221  48.051  -56.641  40.781 0.0000000000
122222  48.042  -57.181  40.695 0.0000000000
122223  48.080  -57.678  40.691 0.0000000000
122224  48.091  -58.424  44.217 0.0000000000
122225  48.184  -58.509  43.798 0.0000000000
122226  48.010  -58.893  43.799 0.0000000000
122227  47.891  -59.349  43.274 0.0000000000
122228  47.678  -59.811  42.646 0.0000000000
122229  47.090  -60.179  43.155 0.0000000000
122230  47.265  -60.236  42.536 0.0000000000
122231  47.433  -60.272  42.013 0.0000000000
122232  47.212  -60.739  41.473 0.0000000000
122233  47.014  -61.195  40.946 0.0000000000
122234  46.807  -61.594  40.467 0.0000000000
122235  46.533  -61.873  40.022 0.0000000000
122236  46.322  -61.858  40.619 0.0000000000
122237  45.722  -62.078  40.734 0.0000000000
122238  45.110  -62.258  40.833 0.0000000000
122239  45.319  -62.015  41.818 0.0000000000
122240  44.945  -62.274  41.421 0.0000000000
122241  44.487  -62.431  40.934 0.0000000000
122382  48.441  -52.585  43.438 0.0000000000
122383  48.456  -52.213  43.135 0.0000000000
122384  48.947  -52.627  43.551 0.0000000000
122385  49.385  -52.596  43.498 0.0000000000
122386  49.826  -52.590  43.421 0.0000000000
122387  50.019  -53.380  43.769 0.0000000000
122388  50.127  -53.023  43.547 0.0000000000
122389  50.227  -52.652  43.295 0.0000000000
122390  50.574  -52.715  43.098 0.0000000000
122391  50.843  -52.761  42.892 0.0000000000
122392  51.211  -52.827  42.646 0.0000000000
122394  51.349  -53.317  42.548 0.0000000000
122395  51.371  -53.751  42.269 0.0000000000
122396  51.241  -54.158  41.939 0.0000000000
122397  50.734  -54.534  42.467 0.0000000000
122398  50.893  -54.511  42.004 0.0000000000
122399  50.928  -54.487  41.558 0.0000000000
122400  50.474  -54.671  41.157 0.0000000000
122401  50.022  -54.701  40.734 0.0000000000
126466  46.632  -58.078  36.499 0.0000000000
126467  46.354  -57.895  35.897 0.0000000000
126468  46.563  -58.357  35.824 0.0000000000
126469  46.528  -58.614  35.224 0.0000000000
126470  46.562  -58.877  34.593 0.0000000000
126471  47.177  -59.354  34.934 0.0000000000
126472  46.857  -59.209  34.405 0.0000000000
126473  46.548  -59.095  33.957 0.0000000000
126474  46.684  -59.383  33.331 0.0000000000
126475  46.896  -59.709  32.691 0.0000000000
126476  47.158  -60.059  32.059 0.0000000000
126478  46.957  -63.364  30.978 0.0000000000
126479  46.784  -63.525  30.540 0.0000000000
130240  46.950  -53.125  29.351 0.0000000000
130241  46.366  -53.316  29.091 0.0000000000
130246  47.364  -53.475  31.326 0.0000000000
130247  46.877  -53.675  31.072 0.0000000000
130248  46.442  -53.863  30.788 0.0000000000
130249  46.142  -54.387  31.304 0.0000000000
130250  46.076  -54.263  30.871 0.0000000000
130361  53.377  -52.668  37.793 0.0000000000
130364  53.975  -52.760  36.083 0.0000000000
130365  54.172  -52.414  36.531 0.0000000000
130370  55.177  -51.391  35.468 0.0000000000
130371  55.328  -51.439  34.766 0.0000000000
130372  55.436  -51.471  34.044 0.0000000000
130373  54.969  -52.071  33.827 0.0000000000
130374  55.239  -51.792  33.563 0.0000000000
130375  55.462  -51.494  33.323 0.0000000000
130376  55.376  -51.532  32.607 0.0000000000
130377  55.266  -51.547  31.813 0.0000000000
130378  55.077  -51.514  31.043 0.0000000000
130379  54.922  -51.462  30.530 0.0000000000
130380  54.627  -51.612  30.849 0.0000000000
130381  54.151  -51.661  30.664 0.0000000000
130382  53.667  -51.693  30.507 0.0000000000
130383  53.694  -52.022  31.186 0.0000000000
130384  53.491  -51.867  30.682 0.0000000000
130385  53.273  -51.724  30.177 0.0000000000
130386  52.906  -51.734  29.789 0.0000000000
130387  52.460  -51.815  29.534 0.0000000000
130388  52.058  -51.897  29.280 0.0000000000
130389  52.397  -52.792  32.044 0.0000000000
130390  52.351  -52.736  31.417 0.0000000000
130391  52.270  -52.636  30.853 0.0000000000
130392  51.367  -52.757  30.957 0.0000000000
130393  51.801  -52.669  30.602 0.0000000000
130394  52.157  -52.489  30.321 0.0000000000
130395  52.000  -52.318  29.879 0.0000000000
130396  51.816  -52.130  29.461 0.0000000000
130397  51.656  -51.962  29.052 0.0000000000
130398  51.162  -51.965  28.794 0.0000000000
130399  50.613  -51.993  28.585 0.0000000000
130400  50.017  -52.141  28.399 0.0000000000
130401  49.793  -52.572  29.118 0.0000000000
130402  49.608  -52.410  28.689 0.0000000000
130403  49.390  -52.254  28.252 0.0000000000
130404  48.788  -52.383  28.112 0.0000000000
130405  48.138  -52.476  28.014 0.0000000000
131945  49.477  -55.415  43.829 0.0000000000
131946  49.279  -55.753  43.540 0.0000000000
131947  49.226  -55.744  43.912 0.0000000000
131948  49.004  -56.032  44.077 0.0000000000
131949  48.789  -56.365  44.204 0.0000000000
131950  48.712  -55.996  44.707 0.0000000000
131951  48.688  -56.370  44.546 0.0000000000
131952  48.608  -56.688  44.331 0.0000000000
131953  48.465  -56.995  44.471 0.0000000000
131954  48.346  -57.350  44.567 0.0000000000
131955  48.215  -57.671  44.574 0.0000000000
131961  47.993  -56.694  45.309 0.0000000000
131962  48.034  -57.132  45.193 0.0000000000
131963  48.051  -57.579  44.973 0.0000000000
131964  48.081  -57.997  44.594 0.0000000000
131965  47.891  -58.377  44.627 0.0000000000
131966  47.604  -58.780  44.661 0.0000000000
131967  47.211  -59.130  44.670 0.0000000000
131968  46.982  -58.410  45.283 0.0000000000
131969  46.887  -58.965  45.024 0.0000000000
131970  46.758  -59.542  44.674 0.0000000000
131971  46.331  -59.949  44.707 0.0000000000
131972  45.905  -60.318  44.720 0.0000000000
131973  45.464  -60.636  44.769 0.0000000000
132107  47.942  -52.565  43.273 0.0000000000
132108  48.422  -52.936  43.653 0.0000000000
132109  48.880  -53.314  44.005 0.0000000000
132110  49.248  -53.705  44.254 0.0000000000
132111  48.736  -54.022  44.455 0.0000000000
132112  49.144  -54.096  44.441 0.0000000000
132113  49.448  -54.108  44.330 0.0000000000
132114  49.540  -54.539  44.296 0.0000000000
132115  49.586  -54.957  44.183 0.0000000000
135793  47.642  -60.968  35.864 0.0000000000
135794  47.703  -60.898  35.281 0.0000000000
135795  47.352  -61.197  35.223 0.0000000000
135796  47.044  -61.461  34.553 0.0000000000
135797  46.652  -61.793  33.950 0.0000000000
135799  46.033  -62.111  33.993 0.0000000000
135800  46.434  -62.163  33.412 0.0000000000
135801  46.281  -62.552  32.946 0.0000000000
135808  43.973  -63.378  33.388 0.0000000000
135809  44.590  -63.144  33.228 0.0000000000
142739  52.062  -49.897  39.267 0.0000000000
142775  53.364  -47.391  33.893 0.0000000000
142803  54.540  -48.218  29.274 0.0000000000
142804  54.426  -48.243  28.853 0.0000000000
142806  54.444  -48.766  28.042 0.0000000000
142821  54.703  -51.408  30.021 0.0000000000
142822  54.496  -51.216  29.564 0.0000000000
142823  54.283  -51.041  29.116 0.0000000000
142824  53.470  -51.255  29.220 0.0000000000
142825  53.758  -51.069  28.963 0.0000000000
142826  54.023  -50.852  28.701 0.0000000000
142827  53.733  -50.612  28.262 0.0000000000
142828  53.472  -50.387  27.811 0.0000000000
142829  53.286  -50.147  27.385 0.0000000000
142830  51.825  -51.263  28.218 0.0000000000
142831  52.077  -51.031  28.049 0.0000000000
142832  52.269  -50.813  27.856 0.0000000000
142833  51.604  -50.559  27.180 0.0000000000
142834  52.004  -50.577  27.464 0.0000000000
142835  52.400  -50.590  27.640 0.0000000000
142836  52.588  -50.332  27.400 0.0000000000
142837  52.868  -50.124  27.175 0.0000000000
142838  53.085  -49.845  27.039 0.0000000000
142839  52.910  -49.552  26.690 0.0000000000
147293  48.882  -54.278  36.205 0.0000000000
147294  48.304  -54.368  35.862 0.0000000000
147295  48.424  -54.582  36.387 0.0000000000
147296  47.954  -54.976  36.566 0.0000000000
147297  47.559  -55.401  36.692 0.0000000000
147298  48.148  -55.253  37.464 0.0000000000
147299  47.673  -55.543  37.146 0.0000000000
147300  47.210  -55.857  36.803 0.0000000000
147301  46.913  -56.324  36.915 0.0000000000
147302  46.734  -56.734  37.007 0.0000000000
147303  46.642  -57.243  37.010 0.0000000000
147304  48.507  -55.295  39.499 0.0000000000
147305  48.120  -55.641  39.087 0.0000000000
147306  47.684  -55.995  38.659 0.0000000000
147307  47.641  -56.456  39.190 0.0000000000
147308  47.475  -56.472  38.673 0.0000000000
147309  47.341  -56.513  38.231 0.0000000000
147310  47.087  -56.963  37.860 0.0000000000
147311  46.840  -57.365  37.474 0.0000000000
147312  46.733  -57.713  37.020 0.0000000000
147313  46.941  -58.191  36.945 0.0000000000
147314  47.212  -58.672  36.771 0.0000000000
147315  47.527  -59.064  36.615 0.0000000000
147316  47.596  -58.861  37.623 0.0000000000
147317  47.694  -59.161  37.086 0.0000000000
147318  47.761  -59.434  36.542 0.0000000000
147319  47.930  -59.766  36.478 0.0000000000
147320  48.028  -60.123  36.444 0.0000000000
147321  48.023  -60.497  36.434 0.0000000000
147322  49.031  -56.029  43.281 0.0000000000
147323  48.824  -56.321  42.886 0.0000000000
147324  48.630  -56.644  42.493 0.0000000000
147325  48.516  -57.060  43.046 0.0000000000
147326  48.483  -57.043  42.553 0.0000000000
147327  48.444  -57.015  42.113 0.0000000000
147328  48.305  -57.386  41.657 0.0000000000
147329  48.217  -57.766  41.201 0.0000000000
147330  48.066  -58.162  40.698 0.0000000000
147331  48.239  -58.569  43.311 0.0000000000
147332  48.292  -58.615  42.801 0.0000000000
147333  48.297  -58.631  42.234 0.0000000000
147334  48.189  -59.503  41.663 0.0000000000
147335  48.284  -59.059  41.744 0.0000000000
147336  48.285  -58.624  41.708 0.0000000000
147337  48.217  -58.602  41.238 0.0000000000
147338  48.091  -58.616  40.719 0.0000000000
147339  47.961  -58.577  40.181 0.0000000000
147340  47.985  -59.009  39.657 0.0000000000
147341  48.037  -59.377  39.083 0.0000000000
147342  48.070  -59.702  38.496 0.0000000000
147343  48.077  -60.217  38.913 0.0000000000
147344  48.092  -60.103  38.392 0.0000000000
147345  48.074  -60.037  37.939 0.0000000000
147346  48.064  -60.362  37.403 0.0000000000
147347  47.969  -60.614  36.916 0.0000000000
147348  47.840  -60.813  36.394 0.0000000000
147349  47.486  -61.095  36.316 0.0000000000
147350  47.011  -61.363  36.283 0.0000000000
147351  46.438  -61.654  36.290 0.0000000000
147352  46.700  -61.641  37.344 0.0000000000
147353  46.270  -61.810  36.824 0.0000000000
147354  45.838  -61.960  36.321 0.0000000000
147355  45.316  -62.219  36.354 0.0000000000
147356  44.762  -62.424  36.541 0.0000000000
147357  44.193  -62.620  36.616 0.0000000000
147358  46.197  -62.067  39.493 0.0000000000
147359  45.704  -62.216  39.020 0.0000000000
147360  45.251  -62.381  38.576 0.0000000000
147361  44.325  -62.530  39.193 0.0000000000
147362  44.561  -62.540  38.631 0.0000000000
147363  44.811  -62.486  38.122 0.0000000000
147364  44.373  -62.572  37.637 0.0000000000
147365  43.957  -62.642  37.129 0.0000000000
147384  45.415  -56.831  44.414 0.0000000000
147392  45.020  -57.120  44.462 0.0000000000
147393  45.463  -57.268  44.756 0.0000000000
147394  45.441  -57.776  45.085 0.0000000000
147395  45.389  -58.333  45.379 0.0000000000
147396  45.313  -58.897  45.507 0.0000000000
147398  44.779  -59.239  45.604 0.0000000000
147399  45.235  -59.533  45.581 0.0000000000
147400  45.142  -60.064  45.441 0.0000000000
147401  45.075  -60.535  45.241 0.0000000000
147402  44.985  -60.911  44.905 0.0000000000
147428  44.446  -61.207  44.980 0.0000000000
147429  44.766  -61.300  44.503 0.0000000000
147430  44.502  -61.650  44.109 0.0000000000
147431  44.233  -62.127  43.680 0.0000000000
147432  43.961  -62.497  43.218 0.0000000000
147724  49.257  -48.660  38.648 0.0000000000
147725  49.639  -48.810  38.686 0.0000000000
147726  50.036  -49.186  39.134 0.0000000000
147727  50.461  -49.545  39.608 0.0000000000
147728  50.968  -49.903  40.189 0.0000000000
147738  48.467  -51.833  42.782 0.0000000000
147739  48.450  -51.485  42.476 0.0000000000
147740  48.466  -51.092  42.143 0.0000000000
147741  49.412  -51.517  42.653 0.0000000000
147742  48.945  -51.127  42.262 0.0000000000
147743  48.477  -50.767  41.803 0.0000000000
147744  48.487  -50.458  41.422 0.0000000000
147745  48.435  -50.091  40.975 0.0000000000
147747  48.848  -49.809  40.682 0.0000000000
147748  49.237  -49.827  40.695 0.0000000000
147749  49.629  -49.918  40.714 0.0000000000
147750  50.168  -50.660  41.740 0.0000000000
147751  50.071  -50.331  41.312 0.0000000000
147752  50.026  -50.033  40.791 0.0000000000
147753  50.521  -50.115  40.812 0.0000000000
147754  51.022  -50.194  40.767 0.0000000000
147755  51.532  -50.292  40.529 0.0000000000
147756  52.042  -50.676  40.743 0.0000000000
147757  52.462  -51.080  40.839 0.0000000000
147759  52.285  -51.683  41.365 0.0000000000
147766  52.019  -52.961  41.532 0.0000000000
147767  52.190  -53.018  41.127 0.0000000000
147768  51.727  -53.740  40.992 0.0000000000
147769  52.043  -53.416  40.884 0.0000000000
147770  52.303  -53.095  40.709 0.0000000000
147771  52.395  -53.110  40.225 0.0000000000
147772  52.489  -53.062  39.716 0.0000000000
147773  52.549  -53.097  39.162 0.0000000000
147774  52.270  -53.477  38.752 0.0000000000
147775  51.891  -53.780  38.385 0.0000000000
147776  51.375  -53.935  37.970 0.0000000000
147777  51.023  -54.154  38.602 0.0000000000
147778  50.876  -54.101  38.099 0.0000000000
147779  50.722  -54.026  37.569 0.0000000000
147780  50.038  -54.136  37.108 0.0000000000
147781  49.466  -54.217  36.639 0.0000000000
158254  47.728  -54.466  35.373 0.0000000000
158255  47.192  -54.647  34.932 0.0000000000
158256  46.699  -54.909  34.528 0.0000000000
158257  46.443  -55.573  35.250 0.0000000000
158263  46.078  -57.675  35.375 0.0000000000
158264  45.863  -57.425  34.880 0.0000000000
158265  45.647  -57.233  34.399 0.0000000000
158266  45.840  -58.074  33.762 0.0000000000
158267  45.628  -57.561  33.848 0.0000000000
158268  45.494  -57.034  33.855 0.0000000000
158281  47.665  -60.802  34.694 0.0000000000
158282  47.692  -60.736  34.075 0.0000000000
158283  47.658  -60.635  33.550 0.0000000000
158284  47.545  -61.533  32.939 0.0000000000
158285  47.730  -61.020  33.008 0.0000000000
158286  47.660  -60.598  33.042 0.0000000000
158287  47.663  -60.561  32.545 0.0000000000
158288  47.559  -60.500  32.007 0.0000000000
158289  47.495  -60.353  31.503 0.0000000000
158290  47.584  -63.133  30.924 0.0000000000
158292  48.470  -62.309  30.871 0.0000000000
158294  48.744  -62.154  30.339 0.0000000000
158295  48.498  -61.711  30.901 0.0000000000
158296  48.300  -61.191  30.876 0.0000000000
158297  47.896  -60.685  30.912 0.0000000000
158298  47.466  -60.217  30.949 0.0000000000
158299  47.519  -60.041  30.384 0.0000000000
158300  47.483  -59.881  29.880 0.0000000000
158302  48.211  -60.387  28.783 0.0000000000
158397  45.649  -63.283  25.001 0.0000000000
158399  43.167  -64.476  24.933 0.0000000000
158400  43.517  -64.168  24.927 0.0000000000
158402  43.243  -63.681  24.635 0.0000000000
158403  43.854  -63.815  24.940 0.0000000000
158404  44.372  -63.439  24.895 0.0000000000
