#!ascii label  , from subject fsaverage vox2ras=TkReg
1364
75  42.823  -29.670  22.006 0.0000000000
76  57.637  -26.717  28.327 0.0000000000
317  45.852  -34.667  27.292 0.0000000000
318  45.093  -37.150  17.710 0.0000000000
426  51.718  -31.869  32.196 0.0000000000
592  36.201  -33.658  19.595 0.0000000000
949  53.485  -26.374  27.458 0.0000000000
950  50.595  -29.401  28.512 0.0000000000
951  54.724  -29.113  30.259 0.0000000000
1288  57.737  -30.779  37.412 0.0000000000
1314  38.948  -31.824  22.112 0.0000000000
1723  43.644  -31.340  25.504 0.0000000000
1724  41.363  -34.983  22.976 0.0000000000
1725  44.688  -36.943  23.050 0.0000000000
1953  46.515  -27.584  22.915 0.0000000000
1954  46.891  -29.718  26.970 0.0000000000
1955  48.314  -33.424  30.228 0.0000000000
2375  59.217  -24.849  30.389 0.0000000000
2378  59.661  -27.632  31.940 0.0000000000
2380  54.083  -33.701  34.790 0.0000000000
2867  56.751  -25.472  26.800 0.0000000000
2869  55.472  -26.682  27.947 0.0000000000
2870  54.077  -27.974  28.649 0.0000000000
2871  56.151  -27.890  29.427 0.0000000000
3232  42.603  -28.031  20.900 0.0000000000
3233  40.485  -28.569  21.570 0.0000000000
3234  40.735  -30.630  22.228 0.0000000000
3832  44.623  -33.071  26.399 0.0000000000
3833  43.583  -34.604  24.881 0.0000000000
3834  45.042  -35.955  25.298 0.0000000000
3835  52.960  -37.371  20.370 0.0000000000
3836  49.890  -37.496  20.472 0.0000000000
3837  53.400  -36.565  18.132 0.0000000000
4290  46.493  -28.166  25.165 0.0000000000
4291  48.344  -27.729  26.010 0.0000000000
4292  51.181  -30.848  29.995 0.0000000000
4293  49.229  -31.260  29.392 0.0000000000
4294  49.939  -32.757  31.326 0.0000000000
5301  59.935  -26.459  33.425 0.0000000000
5302  60.209  -27.667  34.351 0.0000000000
5303  58.407  -28.797  32.957 0.0000000000
5304  58.976  -28.789  35.024 0.0000000000
5305  57.393  -33.136  36.850 0.0000000000
5306  55.803  -32.190  35.991 0.0000000000
5307  56.072  -34.691  35.272 0.0000000000
5308  55.023  -35.985  33.827 0.0000000000
5380  36.514  -30.808  21.764 0.0000000000
5381  36.043  -28.361  21.973 0.0000000000
5382  34.955  -31.607  20.472 0.0000000000
5385  42.732  -36.865  20.454 0.0000000000
5386  40.658  -36.108  20.721 0.0000000000
5387  42.574  -36.960  17.745 0.0000000000
6044  47.107  -37.072  25.485 0.0000000000
6318  50.212  -27.676  27.063 0.0000000000
6319  52.086  -27.816  27.960 0.0000000000
6320  52.603  -29.372  29.350 0.0000000000
6321  53.264  -30.362  31.050 0.0000000000
6926  59.186  -29.192  37.148 0.0000000000
6927  59.465  -29.728  39.034 0.0000000000
6928  58.736  -31.714  38.632 0.0000000000
6929  58.962  -33.980  37.510 0.0000000000
6973  38.427  -29.617  22.032 0.0000000000
6974  37.361  -33.008  21.237 0.0000000000
7356  58.559  -25.428  27.597 0.0000000000
7861  42.974  -30.126  24.056 0.0000000000
7862  41.320  -31.971  23.778 0.0000000000
7863  42.349  -33.241  24.533 0.0000000000
7864  42.946  -36.002  22.964 0.0000000000
7865  44.855  -37.392  20.362 0.0000000000
7867  47.253  -37.615  20.357 0.0000000000
8457  44.717  -28.637  22.276 0.0000000000
8458  44.686  -28.932  24.565 0.0000000000
8459  45.151  -30.338  26.252 0.0000000000
8460  45.980  -32.226  27.485 0.0000000000
8461  48.742  -29.348  27.762 0.0000000000
8462  47.503  -31.632  28.470 0.0000000000
9682  59.102  -24.323  28.799 0.0000000000
9683  59.494  -25.997  29.003 0.0000000000
9691  59.837  -26.326  30.969 0.0000000000
9692  58.612  -27.330  29.986 0.0000000000
9693  57.217  -28.523  31.005 0.0000000000
9694  55.799  -29.582  31.967 0.0000000000
9695  54.049  -30.501  32.781 0.0000000000
9696  56.894  -29.894  35.742 0.0000000000
9697  54.671  -31.169  34.548 0.0000000000
9698  52.742  -32.701  33.793 0.0000000000
9700  53.985  -37.031  31.922 0.0000000000
9793  39.895  -33.604  22.739 0.0000000000
9794  38.770  -34.889  20.945 0.0000000000
10547  57.228  -26.162  27.541 0.0000000000
10548  56.216  -26.129  27.283 0.0000000000
10549  56.567  -26.731  28.126 0.0000000000
10550  55.858  -27.331  28.699 0.0000000000
10551  56.855  -27.307  28.997 0.0000000000
10912  42.662  -29.074  21.062 0.0000000000
10913  41.589  -29.366  21.364 0.0000000000
10914  41.746  -30.138  22.071 0.0000000000
11512  45.202  -33.873  26.820 0.0000000000
11513  44.671  -34.568  26.047 0.0000000000
11514  45.395  -35.289  26.328 0.0000000000
11970  48.260  -27.110  24.976 0.0000000000
11972  51.485  -31.350  31.100 0.0000000000
11973  50.505  -31.699  30.731 0.0000000000
11976  51.272  -32.987  32.684 0.0000000000
12982  60.295  -27.686  35.594 0.0000000000
12983  59.718  -28.289  34.714 0.0000000000
12984  59.796  -28.306  35.847 0.0000000000
12985  57.800  -34.199  36.222 0.0000000000
12986  56.750  -33.841  35.981 0.0000000000
12987  57.393  -34.918  35.327 0.0000000000
13060  36.108  -32.366  20.939 0.0000000000
13061  35.641  -31.326  21.250 0.0000000000
13062  35.525  -32.681  20.048 0.0000000000
13063  35.080  -32.738  19.041 0.0000000000
13065  43.783  -37.250  19.051 0.0000000000
13066  42.628  -37.014  19.130 0.0000000000
13067  43.844  -37.064  17.654 0.0000000000
13912  48.549  -36.900  28.049 0.0000000000
13913  48.388  -37.232  26.774 0.0000000000
14370  51.856  -26.991  27.347 0.0000000000
14371  52.814  -27.110  27.767 0.0000000000
14372  54.342  -28.548  29.383 0.0000000000
14373  53.331  -28.642  28.950 0.0000000000
14374  53.662  -29.287  29.812 0.0000000000
14375  52.939  -29.969  30.135 0.0000000000
14376  54.022  -29.797  30.725 0.0000000000
15386  59.183  -31.123  39.569 0.0000000000
15388  58.741  -32.967  38.049 0.0000000000
15389  59.055  -33.516  38.558 0.0000000000
15460  39.605  -30.174  21.904 0.0000000000
15461  39.459  -29.048  21.861 0.0000000000
15462  38.634  -30.804  22.006 0.0000000000
15463  37.730  -31.402  21.872 0.0000000000
15464  38.146  -32.493  21.804 0.0000000000
17257  43.267  -30.590  24.878 0.0000000000
17258  42.517  -31.610  24.597 0.0000000000
17259  42.943  -32.313  25.055 0.0000000000
17260  43.936  -35.959  24.164 0.0000000000
17261  43.204  -35.292  24.015 0.0000000000
17262  43.754  -36.474  23.078 0.0000000000
17263  43.676  -36.916  21.793 0.0000000000
17264  44.754  -37.283  21.762 0.0000000000
18629  45.634  -28.094  22.566 0.0000000000
18630  44.705  -28.643  23.443 0.0000000000
18631  45.553  -28.164  23.675 0.0000000000
18632  46.652  -28.870  26.159 0.0000000000
18633  45.732  -29.137  25.867 0.0000000000
18634  45.994  -29.999  26.638 0.0000000000
18635  45.532  -31.290  26.872 0.0000000000
18636  46.340  -30.933  27.268 0.0000000000
18637  50.404  -28.497  27.812 0.0000000000
18638  49.457  -28.464  27.387 0.0000000000
18639  49.674  -29.327  28.128 0.0000000000
18640  48.678  -32.298  29.940 0.0000000000
18641  48.341  -31.401  28.890 0.0000000000
18642  47.839  -32.572  29.417 0.0000000000
18643  47.153  -32.856  28.865 0.0000000000
18644  47.641  -33.745  29.587 0.0000000000
18645  47.701  -34.914  29.339 0.0000000000
21641  58.641  -23.926  29.508 0.0000000000
21642  59.278  -24.655  29.546 0.0000000000
21643  59.477  -25.226  28.853 0.0000000000
21644  59.610  -25.426  29.672 0.0000000000
21663  60.115  -27.075  32.591 0.0000000000
21664  59.941  -26.477  32.176 0.0000000000
21665  59.909  -27.053  31.406 0.0000000000
21666  59.553  -26.912  30.297 0.0000000000
21667  59.156  -27.588  30.877 0.0000000000
21668  57.932  -27.889  30.559 0.0000000000
21669  58.553  -28.093  31.445 0.0000000000
21670  57.603  -29.198  33.369 0.0000000000
21671  57.114  -29.184  32.445 0.0000000000
21672  56.234  -29.600  32.890 0.0000000000
21673  54.922  -29.991  32.405 0.0000000000
21674  55.271  -30.011  33.340 0.0000000000
21675  58.440  -29.857  37.288 0.0000000000
21676  58.171  -29.560  36.338 0.0000000000
21677  57.297  -30.223  36.615 0.0000000000
21678  54.906  -32.911  35.271 0.0000000000
21680  54.280  -32.332  34.771 0.0000000000
21682  53.385  -33.209  34.353 0.0000000000
21684  53.372  -34.510  34.277 0.0000000000
21686  54.439  -36.549  32.916 0.0000000000
21758  59.766  -37.999  26.344 0.0000000000
21915  41.144  -33.586  23.652 0.0000000000
21916  40.592  -32.825  23.339 0.0000000000
21917  40.594  -34.383  22.927 0.0000000000
21918  40.372  -36.382  19.322 0.0000000000
21919  39.636  -35.554  20.868 0.0000000000
21920  39.262  -35.883  19.638 0.0000000000
21921  38.292  -35.241  19.844 0.0000000000
21922  39.042  -35.965  18.254 0.0000000000
23331  58.904  -38.053  24.209 0.0000000000
23595  55.673  -25.283  26.560 0.0000000000
23596  55.158  -25.849  27.149 0.0000000000
23597  54.504  -26.549  27.695 0.0000000000
23598  53.821  -27.243  28.085 0.0000000000
23599  54.800  -27.329  28.372 0.0000000000
23600  55.103  -27.956  29.070 0.0000000000
23601  55.432  -28.466  29.862 0.0000000000
24252  41.566  -28.226  21.254 0.0000000000
24253  40.561  -29.744  21.661 0.0000000000
24254  39.824  -31.174  22.260 0.0000000000
25330  44.039  -32.174  25.978 0.0000000000
25331  43.480  -33.020  25.366 0.0000000000
25332  44.045  -33.857  25.713 0.0000000000
25333  44.270  -35.317  25.167 0.0000000000
25334  44.843  -36.507  24.218 0.0000000000
25337  51.427  -37.409  20.444 0.0000000000
26153  47.403  -27.056  23.323 0.0000000000
26154  46.424  -27.724  24.090 0.0000000000
26155  47.374  -27.337  24.513 0.0000000000
26156  47.390  -27.944  25.564 0.0000000000
26157  47.557  -28.661  26.550 0.0000000000
26158  50.886  -30.162  29.191 0.0000000000
26159  49.933  -30.211  28.799 0.0000000000
26160  50.172  -31.041  29.689 0.0000000000
26161  49.560  -31.996  30.375 0.0000000000
26162  49.098  -33.140  30.783 0.0000000000
27975  60.316  -27.029  33.822 0.0000000000
27976  59.986  -27.735  33.162 0.0000000000
27977  59.117  -28.230  32.522 0.0000000000
27978  59.488  -28.287  33.610 0.0000000000
27979  58.728  -28.774  33.990 0.0000000000
27980  57.802  -29.260  34.346 0.0000000000
27981  57.342  -31.886  37.355 0.0000000000
27982  56.690  -31.425  36.691 0.0000000000
27984  55.722  -33.431  35.684 0.0000000000
27985  54.947  -34.266  35.136 0.0000000000
27986  54.344  -35.027  34.503 0.0000000000
27987  55.493  -35.367  34.614 0.0000000000
27988  56.319  -36.121  33.853 0.0000000000
28116  37.201  -29.091  22.166 0.0000000000
28118  36.228  -29.586  21.954 0.0000000000
28119  35.355  -30.022  21.521 0.0000000000
28125  41.876  -36.049  21.855 0.0000000000
28126  40.960  -35.633  21.916 0.0000000000
28127  41.682  -36.505  20.591 0.0000000000
28128  41.503  -36.741  19.218 0.0000000000
28129  41.337  -36.749  17.797 0.0000000000
29463  47.282  -36.671  26.699 0.0000000000
29469  52.680  -37.669  21.465 0.0000000000
30103  50.934  -26.871  26.779 0.0000000000
30104  51.172  -27.713  27.535 0.0000000000
30105  51.338  -28.553  28.177 0.0000000000
30106  53.057  -27.940  28.288 0.0000000000
30107  52.316  -28.587  28.535 0.0000000000
30108  51.547  -29.443  28.907 0.0000000000
30109  51.889  -30.128  29.629 0.0000000000
30110  52.249  -30.594  30.445 0.0000000000
30111  52.497  -30.948  31.483 0.0000000000
31520  59.785  -28.493  36.941 0.0000000000
31521  59.844  -28.657  38.015 0.0000000000
31522  59.365  -29.420  38.098 0.0000000000
31523  58.787  -30.224  38.129 0.0000000000
31524  59.463  -30.103  39.848 0.0000000000
31525  58.988  -30.630  38.883 0.0000000000
31526  58.278  -31.199  38.055 0.0000000000
31527  58.060  -32.402  37.725 0.0000000000
31528  58.236  -33.563  37.111 0.0000000000
31529  58.825  -34.562  36.545 0.0000000000
31630  39.385  -27.927  21.992 0.0000000000
31631  38.300  -28.437  22.138 0.0000000000
31632  37.447  -30.287  22.009 0.0000000000
31633  36.893  -31.964  21.523 0.0000000000
31634  36.690  -33.457  20.539 0.0000000000
32585  57.719  -25.544  27.187 0.0000000000
32586  58.196  -26.141  27.901 0.0000000000
33955  42.867  -29.829  23.179 0.0000000000
33956  41.946  -30.606  23.221 0.0000000000
33957  42.134  -31.086  23.986 0.0000000000
33958  41.787  -32.651  24.252 0.0000000000
33959  41.787  -34.145  23.806 0.0000000000
33960  42.930  -33.915  24.673 0.0000000000
33961  42.489  -34.733  23.874 0.0000000000
33962  42.208  -35.459  22.923 0.0000000000
33963  42.787  -36.533  21.779 0.0000000000
33964  43.737  -37.174  20.451 0.0000000000
33965  44.978  -37.356  19.035 0.0000000000
33966  46.014  -36.521  25.423 0.0000000000
33967  45.864  -37.056  24.227 0.0000000000
33970  47.106  -37.744  21.621 0.0000000000
33971  45.863  -37.551  21.650 0.0000000000
33972  46.002  -37.532  20.348 0.0000000000
33973  46.213  -37.373  19.020 0.0000000000
35649  43.766  -29.178  22.090 0.0000000000
35650  43.780  -29.221  23.248 0.0000000000
35651  43.824  -29.460  24.268 0.0000000000
35652  44.009  -29.975  25.173 0.0000000000
35653  45.585  -28.477  24.836 0.0000000000
35654  44.881  -29.464  25.524 0.0000000000
35655  44.385  -30.786  25.924 0.0000000000
35656  44.740  -31.686  26.396 0.0000000000
35657  45.276  -32.612  26.953 0.0000000000
35658  45.812  -33.447  27.523 0.0000000000
35659  49.275  -27.633  26.579 0.0000000000
35660  48.495  -28.476  26.942 0.0000000000
35661  47.782  -29.469  27.322 0.0000000000
35662  48.983  -30.292  28.417 0.0000000000
35663  48.044  -30.443  28.060 0.0000000000
35664  47.176  -30.595  27.650 0.0000000000
35665  46.723  -31.867  28.007 0.0000000000
35666  46.485  -33.107  28.229 0.0000000000
35668  47.160  -35.200  28.554 0.0000000000
39285  59.165  -24.900  28.066 0.0000000000
39286  59.137  -25.767  28.235 0.0000000000
39287  58.736  -26.476  28.588 0.0000000000
39308  59.042  -25.056  31.351 0.0000000000
39309  59.387  -25.891  32.889 0.0000000000
39310  59.549  -25.761  31.688 0.0000000000
39311  59.659  -25.547  30.637 0.0000000000
39312  59.711  -26.220  29.897 0.0000000000
39313  59.190  -26.747  29.345 0.0000000000
39314  58.096  -27.046  29.124 0.0000000000
39315  57.375  -27.632  29.762 0.0000000000
39316  56.620  -28.207  30.162 0.0000000000
39317  55.984  -28.814  30.626 0.0000000000
39318  57.900  -28.665  31.979 0.0000000000
39319  56.620  -29.023  31.513 0.0000000000
39320  55.293  -29.391  31.094 0.0000000000
39321  54.489  -29.985  31.530 0.0000000000
39322  53.698  -30.427  31.892 0.0000000000
39323  52.886  -31.139  32.409 0.0000000000
39324  59.056  -28.955  36.102 0.0000000000
39325  57.983  -29.360  35.343 0.0000000000
39326  56.716  -29.659  34.777 0.0000000000
39330  54.343  -30.746  33.724 0.0000000000
39331  53.283  -31.459  33.335 0.0000000000
39332  52.195  -32.206  33.074 0.0000000000
39333  51.896  -33.454  33.346 0.0000000000
39336  53.809  -35.683  33.729 0.0000000000
39423  58.150  -38.294  26.407 0.0000000000
39424  59.270  -38.047  25.264 0.0000000000
39425  60.158  -37.883  24.285 0.0000000000
39598  37.016  -26.673  22.092 0.0000000000
39613  40.982  -31.334  23.085 0.0000000000
39614  40.136  -32.099  22.831 0.0000000000
39615  39.376  -32.832  22.408 0.0000000000
39616  40.065  -35.046  21.996 0.0000000000
39617  39.287  -34.328  21.926 0.0000000000
39618  38.639  -33.494  21.824 0.0000000000
39619  37.982  -34.009  21.055 0.0000000000
39620  37.415  -34.458  20.131 0.0000000000
39628  38.916  -35.891  16.896 0.0000000000
41267  57.438  -26.465  27.915 0.0000000000
41268  56.905  -26.461  27.809 0.0000000000
41269  57.103  -26.741  28.215 0.0000000000
41270  56.728  -27.022  28.559 0.0000000000
41271  57.267  -26.998  28.665 0.0000000000
41632  42.722  -29.483  21.476 0.0000000000
41633  42.187  -29.645  21.537 0.0000000000
41634  42.268  -29.902  22.054 0.0000000000
42232  45.506  -34.306  27.064 0.0000000000
42233  45.264  -34.624  26.622 0.0000000000
42234  45.623  -34.989  26.807 0.0000000000
42692  51.593  -31.590  31.679 0.0000000000
42693  51.101  -31.786  31.503 0.0000000000
42694  51.249  -32.085  32.039 0.0000000000
42695  51.020  -32.638  32.277 0.0000000000
42696  51.454  -32.386  32.516 0.0000000000
43703  60.083  -28.000  35.724 0.0000000000
43704  60.059  -27.981  36.309 0.0000000000
43705  58.216  -34.678  35.852 0.0000000000
43706  57.617  -34.547  35.704 0.0000000000
43707  58.038  -34.965  35.419 0.0000000000
43780  36.103  -33.065  20.318 0.0000000000
43781  35.791  -32.574  20.515 0.0000000000
43782  35.839  -33.187  19.811 0.0000000000
43783  35.600  -33.266  19.265 0.0000000000
43784  35.999  -33.724  19.048 0.0000000000
43785  44.452  -37.232  18.349 0.0000000000
43786  43.825  -37.160  18.347 0.0000000000
43787  44.495  -37.125  17.645 0.0000000000
44632  49.117  -37.196  28.080 0.0000000000
44633  49.071  -37.378  27.419 0.0000000000
45085  53.858  -25.993  27.207 0.0000000000
45090  52.656  -26.684  27.452 0.0000000000
45091  53.138  -26.738  27.636 0.0000000000
45092  54.531  -28.854  29.822 0.0000000000
45093  53.994  -28.911  29.588 0.0000000000
45094  54.183  -29.196  30.030 0.0000000000
45095  53.866  -29.554  30.268 0.0000000000
45096  54.390  -29.454  30.486 0.0000000000
46108  59.066  -32.991  38.834 0.0000000000
46180  39.233  -30.993  22.081 0.0000000000
46181  39.109  -30.480  22.013 0.0000000000
46182  38.786  -31.356  22.036 0.0000000000
46183  38.355  -31.649  21.970 0.0000000000
46184  38.548  -32.191  21.974 0.0000000000
47977  43.449  -30.962  25.229 0.0000000000
47978  43.063  -31.490  25.051 0.0000000000
47979  43.297  -31.836  25.299 0.0000000000
47980  44.245  -36.491  23.643 0.0000000000
47981  43.817  -36.235  23.615 0.0000000000
47982  44.192  -36.766  23.015 0.0000000000
47983  44.181  -36.933  22.438 0.0000000000
47984  44.703  -37.138  22.403 0.0000000000
49348  46.102  -27.827  22.123 0.0000000000
49349  46.086  -27.847  22.700 0.0000000000
49350  45.606  -28.107  23.123 0.0000000000
49351  46.011  -27.878  23.272 0.0000000000
49352  46.771  -29.245  26.583 0.0000000000
49353  46.324  -29.408  26.452 0.0000000000
49354  46.442  -29.841  26.806 0.0000000000
49355  46.166  -30.454  26.952 0.0000000000
49356  46.589  -30.299  27.128 0.0000000000
49357  50.495  -28.930  28.182 0.0000000000
49358  50.010  -28.876  27.988 0.0000000000
49359  50.131  -29.350  28.320 0.0000000000
49360  48.464  -32.852  30.125 0.0000000000
49361  48.234  -32.438  29.666 0.0000000000
49362  48.058  -32.994  29.836 0.0000000000
49363  47.699  -33.140  29.569 0.0000000000
49364  47.962  -33.578  29.920 0.0000000000
49365  47.936  -34.180  29.854 0.0000000000
52363  59.476  -25.057  29.596 0.0000000000
52364  59.454  -25.126  30.044 0.0000000000
52383  59.997  -27.387  32.237 0.0000000000
52384  60.032  -27.081  31.977 0.0000000000
52385  59.838  -27.374  31.650 0.0000000000
52386  59.617  -27.328  31.133 0.0000000000
52387  59.444  -27.614  31.390 0.0000000000
52388  58.878  -27.820  31.185 0.0000000000
52389  59.156  -27.878  31.666 0.0000000000
52390  57.176  -29.414  33.587 0.0000000000
52391  56.922  -29.421  33.090 0.0000000000
52393  55.770  -29.799  33.107 0.0000000000
52395  58.055  -30.273  37.344 0.0000000000
52396  57.895  -30.016  36.942 0.0000000000
52397  57.492  -30.524  37.052 0.0000000000
52398  54.462  -33.309  35.061 0.0000000000
52399  54.574  -32.603  35.046 0.0000000000
52400  54.113  -33.006  34.814 0.0000000000
52401  53.810  -32.761  34.557 0.0000000000
52402  53.728  -33.429  34.574 0.0000000000
52403  53.342  -33.853  34.342 0.0000000000
52404  53.726  -34.103  34.533 0.0000000000
52408  55.766  -37.431  31.459 0.0000000000
52635  41.195  -34.353  23.421 0.0000000000
52636  40.845  -33.984  23.340 0.0000000000
52637  40.974  -34.713  22.961 0.0000000000
52638  40.257  -36.415  18.677 0.0000000000
52639  39.780  -36.123  19.489 0.0000000000
52640  39.688  -36.186  18.814 0.0000000000
52641  39.150  -35.930  18.941 0.0000000000
54684  56.223  -25.402  26.656 0.0000000000
54685  55.843  -26.377  27.637 0.0000000000
54686  55.653  -25.980  27.228 0.0000000000
54687  55.334  -26.282  27.555 0.0000000000
54688  54.835  -26.194  27.453 0.0000000000
54689  54.972  -26.615  27.823 0.0000000000
54690  54.648  -26.959  28.056 0.0000000000
54691  55.121  -27.015  28.205 0.0000000000
54692  56.006  -27.638  29.055 0.0000000000
54693  55.491  -27.670  28.921 0.0000000000
54694  55.636  -27.939  29.258 0.0000000000
54695  55.241  -28.204  29.410 0.0000000000
54696  55.785  -28.165  29.641 0.0000000000
55780  41.134  -30.006  21.748 0.0000000000
55781  41.079  -29.549  21.504 0.0000000000
55782  40.641  -30.215  21.911 0.0000000000
55783  40.164  -30.461  21.997 0.0000000000
55784  40.272  -30.904  22.245 0.0000000000
57577  44.334  -32.665  26.148 0.0000000000
57578  44.009  -33.055  25.867 0.0000000000
57579  44.307  -33.466  26.059 0.0000000000
57580  44.793  -35.259  25.725 0.0000000000
57581  44.418  -34.928  25.607 0.0000000000
57582  44.629  -35.645  25.255 0.0000000000
57583  44.495  -35.936  24.734 0.0000000000
57584  44.926  -36.244  24.780 0.0000000000
57585  52.077  -37.555  20.973 0.0000000000
57586  51.329  -37.576  20.994 0.0000000000
57587  52.192  -37.397  20.401 0.0000000000
58949  47.843  -26.861  23.514 0.0000000000
58950  47.378  -27.163  23.915 0.0000000000
58951  47.808  -26.993  24.141 0.0000000000
58952  48.296  -27.424  25.510 0.0000000000
58953  47.817  -27.529  25.265 0.0000000000
58954  47.875  -27.835  25.793 0.0000000000
58955  47.458  -28.288  26.095 0.0000000000
58956  47.940  -28.168  26.266 0.0000000000
58957  51.023  -30.518  29.546 0.0000000000
58958  50.526  -30.562  29.346 0.0000000000
58959  50.657  -30.970  29.765 0.0000000000
58960  50.198  -32.191  31.069 0.0000000000
58961  50.023  -31.859  30.570 0.0000000000
58962  49.741  -32.389  30.860 0.0000000000
58963  49.310  -32.556  30.616 0.0000000000
61983  60.353  -27.331  34.746 0.0000000000
61984  60.355  -27.022  34.492 0.0000000000
61985  60.318  -27.338  34.104 0.0000000000
61986  60.234  -27.374  33.473 0.0000000000
61987  60.110  -27.696  33.740 0.0000000000
61988  59.787  -28.040  33.415 0.0000000000
61989  59.923  -28.012  33.947 0.0000000000
61990  59.386  -28.547  34.853 0.0000000000
61991  59.276  -28.534  34.323 0.0000000000
61992  58.884  -28.778  34.506 0.0000000000
61993  58.302  -29.016  34.165 0.0000000000
61994  58.405  -29.029  34.680 0.0000000000
61995  57.336  -32.499  37.133 0.0000000000
61996  56.931  -32.247  36.929 0.0000000000
61997  56.950  -32.839  36.708 0.0000000000
61998  56.423  -34.280  35.585 0.0000000000
61999  56.222  -33.644  35.851 0.0000000000
62000  55.817  -34.078  35.524 0.0000000000
62001  55.338  -33.850  35.371 0.0000000000
62002  55.482  -34.492  35.216 0.0000000000
62003  55.162  -34.869  34.934 0.0000000000
62004  55.768  -35.038  34.951 0.0000000000
62006  56.608  -35.853  34.272 0.0000000000
62220  36.824  -29.989  22.015 0.0000000000
62221  36.708  -29.373  22.069 0.0000000000
62222  36.361  -30.221  21.860 0.0000000000
62223  35.289  -31.448  20.916 0.0000000000
62224  35.480  -30.694  21.406 0.0000000000
62225  35.099  -30.836  21.075 0.0000000000
62235  42.271  -36.514  21.179 0.0000000000
62236  41.765  -36.288  21.254 0.0000000000
62237  42.187  -36.674  20.547 0.0000000000
62238  42.627  -37.009  18.442 0.0000000000
62239  42.067  -36.904  19.158 0.0000000000
62240  42.016  -36.913  18.467 0.0000000000
62241  41.435  -36.762  18.510 0.0000000000
62242  41.950  -36.872  17.765 0.0000000000
64778  46.905  -36.138  27.201 0.0000000000
64779  47.387  -36.460  27.305 0.0000000000
64781  48.335  -37.362  26.187 0.0000000000
66150  50.875  -26.403  26.336 0.0000000000
66151  51.311  -26.453  26.676 0.0000000000
66152  51.983  -27.400  27.671 0.0000000000
66153  51.530  -27.340  27.430 0.0000000000
66154  51.631  -27.759  27.763 0.0000000000
66155  51.260  -28.133  27.850 0.0000000000
66156  51.722  -28.180  28.031 0.0000000000
66157  53.949  -27.636  28.359 0.0000000000
66158  53.450  -27.604  28.201 0.0000000000
66159  53.555  -27.983  28.464 0.0000000000
66160  52.956  -28.999  29.138 0.0000000000
66161  52.805  -28.627  28.737 0.0000000000
66162  52.405  -28.974  28.880 0.0000000000
66163  51.917  -29.003  28.721 0.0000000000
66164  52.063  -29.415  29.104 0.0000000000
66165  51.726  -29.818  29.270 0.0000000000
66166  52.245  -29.773  29.497 0.0000000000
66167  53.114  -30.170  30.591 0.0000000000
66168  52.601  -30.279  30.259 0.0000000000
66169  52.752  -30.450  30.746 0.0000000000
66170  52.382  -30.746  30.969 0.0000000000
66171  52.894  -30.611  31.237 0.0000000000
69188  60.013  -28.301  37.958 0.0000000000
69192  59.431  -29.546  38.569 0.0000000000
69193  59.080  -29.799  38.120 0.0000000000
69194  59.160  -29.973  38.561 0.0000000000
69198  58.985  -31.405  39.076 0.0000000000
69199  59.098  -30.860  39.226 0.0000000000
69200  58.849  -31.127  38.814 0.0000000000
69201  58.693  -30.897  38.486 0.0000000000
69202  58.526  -31.445  38.370 0.0000000000
69203  58.104  -31.770  37.919 0.0000000000
69204  58.400  -32.067  38.180 0.0000000000
69205  58.831  -33.491  37.737 0.0000000000
69206  58.499  -33.262  37.562 0.0000000000
69207  58.603  -33.779  37.226 0.0000000000
69208  58.478  -34.085  36.810 0.0000000000
69209  58.847  -34.260  37.025 0.0000000000
69420  41.004  -27.825  21.537 0.0000000000
69422  40.507  -27.978  21.666 0.0000000000
69423  38.937  -29.360  21.971 0.0000000000
69424  39.421  -28.479  21.921 0.0000000000
69425  38.924  -28.709  22.039 0.0000000000
69426  38.870  -28.128  22.082 0.0000000000
69427  38.372  -29.017  22.075 0.0000000000
69428  37.843  -29.367  22.094 0.0000000000
69429  37.940  -29.943  22.025 0.0000000000
69430  37.507  -32.233  21.625 0.0000000000
69431  37.296  -31.676  21.733 0.0000000000
69432  37.108  -32.482  21.393 0.0000000000
69433  36.744  -32.726  21.099 0.0000000000
69434  37.015  -33.228  20.927 0.0000000000
71567  58.272  -25.138  27.279 0.0000000000
71568  57.851  -25.197  27.061 0.0000000000
71569  58.149  -25.514  27.405 0.0000000000
71570  57.948  -25.848  27.561 0.0000000000
71571  58.391  -25.807  27.752 0.0000000000
74812  42.890  -29.966  23.639 0.0000000000
74813  42.444  -30.366  23.665 0.0000000000
74814  42.556  -30.649  24.020 0.0000000000
74815  42.364  -32.449  24.633 0.0000000000
74816  42.136  -32.131  24.436 0.0000000000
74817  42.066  -32.939  24.405 0.0000000000
74818  41.753  -33.419  24.083 0.0000000000
74819  42.064  -33.700  24.176 0.0000000000
74820  43.515  -33.857  25.160 0.0000000000
74821  43.199  -33.467  25.000 0.0000000000
74822  43.255  -34.251  24.757 0.0000000000
74823  43.069  -35.688  23.550 0.0000000000
74824  42.845  -35.003  23.938 0.0000000000
74825  42.676  -35.422  23.440 0.0000000000
74826  42.311  -35.123  23.466 0.0000000000
74827  42.565  -35.756  22.895 0.0000000000
74828  42.462  -36.035  22.347 0.0000000000
74829  42.859  -36.297  22.359 0.0000000000
74830  44.234  -37.247  21.063 0.0000000000
74831  43.683  -37.115  21.132 0.0000000000
74832  44.281  -37.299  20.402 0.0000000000
74833  44.338  -37.319  19.732 0.0000000000
74834  44.904  -37.383  19.701 0.0000000000
74835  46.684  -36.611  26.043 0.0000000000
74836  46.145  -36.264  26.021 0.0000000000
74837  46.535  -36.836  25.426 0.0000000000
74839  46.392  -37.257  24.213 0.0000000000
74846  47.876  -37.621  20.362 0.0000000000
74847  47.806  -37.730  20.991 0.0000000000
74848  47.184  -37.728  20.977 0.0000000000
74849  46.469  -37.666  21.619 0.0000000000
74850  46.517  -37.666  20.971 0.0000000000
74851  45.908  -37.554  21.010 0.0000000000
74852  46.635  -37.583  20.348 0.0000000000
74854  46.866  -37.374  19.059 0.0000000000
74855  46.972  -37.240  18.407 0.0000000000
74856  46.322  -37.250  18.381 0.0000000000
78928  44.217  -28.857  21.559 0.0000000000
78929  44.247  -28.924  22.166 0.0000000000
78930  43.772  -29.179  22.689 0.0000000000
78931  44.242  -28.892  22.754 0.0000000000
78932  44.694  -28.743  23.987 0.0000000000
78933  44.251  -29.021  23.861 0.0000000000
78934  44.255  -29.185  24.406 0.0000000000
78935  43.878  -29.675  24.733 0.0000000000
78936  44.305  -29.407  24.927 0.0000000000
78937  46.443  -27.899  24.617 0.0000000000
78938  45.985  -28.081  24.434 0.0000000000
78939  46.029  -28.309  24.996 0.0000000000
78940  45.392  -29.693  26.094 0.0000000000
78941  45.273  -29.259  25.712 0.0000000000
78942  45.005  -29.879  25.913 0.0000000000
78943  44.605  -30.091  25.750 0.0000000000
78944  44.768  -30.539  26.070 0.0000000000
78945  44.547  -31.240  26.169 0.0000000000
78946  44.931  -31.007  26.356 0.0000000000
78947  45.758  -31.759  27.175 0.0000000000
78948  45.375  -31.948  26.939 0.0000000000
78949  45.637  -32.413  27.236 0.0000000000
78950  45.548  -33.055  27.230 0.0000000000
78951  45.883  -32.864  27.542 0.0000000000
78952  50.095  -27.257  26.621 0.0000000000
78953  49.657  -27.242  26.350 0.0000000000
78954  49.727  -27.641  26.810 0.0000000000
78955  49.093  -28.878  27.575 0.0000000000
78956  48.977  -28.477  27.163 0.0000000000
78957  48.615  -28.910  27.389 0.0000000000
78958  48.136  -28.947  27.166 0.0000000000
78959  48.267  -29.415  27.567 0.0000000000
78960  49.570  -30.713  29.020 0.0000000000
78961  49.458  -30.264  28.597 0.0000000000
78962  49.115  -30.784  28.833 0.0000000000
78963  47.919  -31.523  28.694 0.0000000000
78964  48.199  -30.951  28.389 0.0000000000
78965  47.763  -31.022  28.231 0.0000000000
78966  47.605  -30.509  27.837 0.0000000000
78967  47.325  -31.110  28.006 0.0000000000
78968  46.919  -31.249  27.832 0.0000000000
78969  47.096  -31.762  28.251 0.0000000000
78970  47.043  -33.452  28.940 0.0000000000
78971  46.819  -32.972  28.559 0.0000000000
78972  46.732  -33.588  28.589 0.0000000000
78974  46.707  -34.196  28.537 0.0000000000
78975  46.778  -34.774  28.350 0.0000000000
78976  47.059  -34.620  28.754 0.0000000000
78977  48.061  -35.340  29.475 0.0000000000
78978  47.817  -35.482  29.098 0.0000000000
87963  58.915  -24.095  29.156 0.0000000000
87967  58.965  -24.144  28.455 0.0000000000
87968  59.010  -24.416  28.087 0.0000000000
87969  59.198  -24.612  28.422 0.0000000000
87970  59.535  -25.612  28.894 0.0000000000
87971  59.375  -25.502  28.508 0.0000000000
87972  59.375  -25.908  28.585 0.0000000000
87973  58.955  -26.134  28.429 0.0000000000
87974  59.202  -26.263  28.783 0.0000000000
88027  58.949  -25.169  31.868 0.0000000000
88031  59.894  -26.414  31.558 0.0000000000
88032  59.745  -26.119  31.934 0.0000000000
88033  59.739  -26.044  31.313 0.0000000000
88034  59.613  -25.681  31.114 0.0000000000
88035  59.763  -25.958  30.782 0.0000000000
88036  59.757  -25.897  30.263 0.0000000000
88037  59.800  -26.288  30.425 0.0000000000
88038  59.135  -27.130  30.099 0.0000000000
88039  59.358  -26.834  29.772 0.0000000000
88040  58.908  -27.035  29.679 0.0000000000
88041  58.697  -26.915  29.270 0.0000000000
88042  58.342  -27.205  29.560 0.0000000000
88043  57.735  -27.334  29.418 0.0000000000
88044  57.988  -27.500  29.833 0.0000000000
88045  57.589  -28.161  30.800 0.0000000000
88046  57.266  -28.047  30.402 0.0000000000
88047  56.923  -28.374  30.598 0.0000000000
88048  56.308  -28.525  30.396 0.0000000000
88049  56.586  -28.682  30.827 0.0000000000
88050  58.772  -28.516  32.763 0.0000000000
88051  58.527  -28.454  32.246 0.0000000000
88052  58.170  -28.736  32.478 0.0000000000
88053  56.469  -29.372  32.222 0.0000000000
88054  56.890  -29.106  31.984 0.0000000000
88055  56.225  -29.319  31.734 0.0000000000
88056  55.941  -29.217  31.293 0.0000000000
88057  55.548  -29.513  31.508 0.0000000000
88058  54.885  -29.670  31.319 0.0000000000
88059  55.141  -29.734  31.737 0.0000000000
88060  54.481  -30.211  32.580 0.0000000000
88061  54.298  -30.226  32.146 0.0000000000
88062  53.879  -30.457  32.328 0.0000000000
88063  53.292  -30.715  32.104 0.0000000000
88064  53.467  -30.798  32.574 0.0000000000
88065  59.501  -28.850  37.051 0.0000000000
88066  59.456  -28.761  36.507 0.0000000000
88067  59.113  -29.084  36.649 0.0000000000
88068  57.529  -29.750  36.001 0.0000000000
88069  58.067  -29.455  35.828 0.0000000000
88070  57.426  -29.591  35.547 0.0000000000
88071  57.329  -29.493  35.066 0.0000000000
88072  56.799  -29.746  35.272 0.0000000000
88075  55.917  -31.548  36.058 0.0000000000
88081  54.884  -30.473  34.035 0.0000000000
88082  54.489  -30.947  34.177 0.0000000000
88083  53.242  -32.366  33.959 0.0000000000
88084  53.506  -31.693  33.728 0.0000000000
88085  52.978  -32.064  33.592 0.0000000000
88086  52.742  -31.832  33.203 0.0000000000
88087  52.459  -32.433  33.455 0.0000000000
88088  52.013  -32.847  33.262 0.0000000000
88089  52.323  -33.072  33.596 0.0000000000
88095  54.638  -35.548  34.197 0.0000000000
88096  54.061  -35.373  34.133 0.0000000000
88097  54.360  -35.846  33.770 0.0000000000
88098  54.190  -36.816  32.463 0.0000000000
88099  53.851  -36.431  32.894 0.0000000000
88100  53.621  -36.677  32.407 0.0000000000
88104  53.770  -37.222  31.406 0.0000000000
88315  60.255  -37.920  25.851 0.0000000000
88316  59.527  -38.029  25.800 0.0000000000
88317  59.989  -37.938  25.296 0.0000000000
88318  59.749  -37.959  24.706 0.0000000000
88748  36.568  -28.060  22.125 0.0000000000
88749  37.052  -27.247  22.181 0.0000000000
88750  36.521  -27.504  22.084 0.0000000000
88785  41.588  -31.216  23.600 0.0000000000
88786  41.450  -30.957  23.164 0.0000000000
88787  41.130  -31.645  23.454 0.0000000000
88788  40.241  -33.246  23.089 0.0000000000
88789  40.361  -32.385  23.099 0.0000000000
88790  39.985  -32.832  22.904 0.0000000000
88791  39.753  -32.443  22.659 0.0000000000
88792  39.636  -33.257  22.578 0.0000000000
88793  40.815  -35.935  21.332 0.0000000000
88794  40.496  -35.355  21.958 0.0000000000
88795  40.307  -35.639  21.416 0.0000000000
88796  39.192  -35.234  20.897 0.0000000000
88797  39.410  -34.968  21.477 0.0000000000
88798  39.014  -34.617  21.458 0.0000000000
88799  38.945  -33.933  21.870 0.0000000000
88800  38.655  -34.261  21.449 0.0000000000
88801  38.313  -33.766  21.454 0.0000000000
88802  38.361  -34.467  20.997 0.0000000000
88803  38.133  -35.340  19.259 0.0000000000
88804  37.846  -34.894  19.963 0.0000000000
88806  37.192  -34.524  19.596 0.0000000000
92713  56.969  -25.815  27.193 0.0000000000
92714  56.466  -25.785  27.039 0.0000000000
92715  56.696  -26.138  27.423 0.0000000000
92716  56.368  -26.446  27.714 0.0000000000
92717  56.006  -26.720  28.044 0.0000000000
92718  55.674  -27.010  28.330 0.0000000000
92719  56.234  -27.005  28.450 0.0000000000
92720  56.359  -27.334  28.830 0.0000000000
92721  56.507  -27.598  29.220 0.0000000000
93370  42.623  -28.576  20.866 0.0000000000
93371  42.092  -28.670  21.066 0.0000000000
93372  42.094  -29.276  21.161 0.0000000000
93373  41.644  -29.824  21.637 0.0000000000
93374  41.223  -30.362  22.138 0.0000000000
94450  44.912  -33.465  26.628 0.0000000000
94451  44.627  -33.830  26.284 0.0000000000
94452  44.931  -34.230  26.461 0.0000000000
94453  45.019  -34.933  26.194 0.0000000000
94454  45.200  -35.590  25.845 0.0000000000
95277  48.736  -27.335  25.762 0.0000000000
95278  51.357  -31.130  30.535 0.0000000000
95279  50.839  -31.247  30.328 0.0000000000
95280  50.979  -31.510  30.927 0.0000000000
95281  50.660  -31.986  31.282 0.0000000000
95282  50.385  -32.528  31.562 0.0000000000
95283  50.176  -33.128  31.763 0.0000000000
95285  50.837  -33.219  32.448 0.0000000000
97096  60.274  -27.668  34.981 0.0000000000
97097  60.012  -28.014  34.558 0.0000000000
97098  60.069  -28.007  35.139 0.0000000000
97099  59.799  -28.294  35.275 0.0000000000
97100  59.453  -28.590  35.386 0.0000000000
97101  57.523  -33.697  36.549 0.0000000000
97102  57.039  -33.454  36.417 0.0000000000
97103  57.261  -34.049  36.057 0.0000000000
97104  57.023  -34.422  35.632 0.0000000000
97105  56.724  -34.832  35.305 0.0000000000
97106  56.412  -35.150  34.981 0.0000000000
97236  36.258  -31.628  21.397 0.0000000000
97237  36.077  -31.051  21.533 0.0000000000
97238  35.861  -31.857  21.092 0.0000000000
97239  35.543  -32.020  20.738 0.0000000000
97240  35.250  -32.152  20.278 0.0000000000
97241  34.981  -32.259  19.780 0.0000000000
97242  35.291  -32.767  19.532 0.0000000000
97245  43.238  -37.097  19.764 0.0000000000
97246  42.673  -36.956  19.803 0.0000000000
97247  43.196  -37.120  19.121 0.0000000000
97248  43.216  -37.083  18.384 0.0000000000
97249  43.206  -37.021  17.702 0.0000000000
98770  48.037  -36.597  27.969 0.0000000000
98772  48.469  -37.086  27.390 0.0000000000
99594  51.780  -26.487  27.002 0.0000000000
99595  52.219  -26.595  27.214 0.0000000000
99596  52.325  -27.048  27.563 0.0000000000
99597  52.459  -27.470  27.862 0.0000000000
99598  54.227  -28.253  28.985 0.0000000000
99599  53.725  -28.284  28.787 0.0000000000
99600  53.859  -28.598  29.169 0.0000000000
99601  53.481  -28.984  29.362 0.0000000000
99602  53.127  -29.347  29.563 0.0000000000
99603  52.762  -29.721  29.721 0.0000000000
99604  53.308  -29.652  29.990 0.0000000000
99605  53.503  -29.880  30.440 0.0000000000
99606  53.631  -30.100  30.893 0.0000000000
101424  59.090  -31.730  39.370 0.0000000000
101425  58.911  -32.006  38.847 0.0000000000
101426  58.681  -32.365  38.363 0.0000000000
101427  58.919  -32.686  38.582 0.0000000000
101428  58.991  -33.254  38.277 0.0000000000
101429  59.042  -33.725  37.956 0.0000000000
101556  40.040  -29.354  21.704 0.0000000000
101557  39.993  -28.775  21.726 0.0000000000
101558  39.543  -29.596  21.843 0.0000000000
101559  39.008  -29.932  21.981 0.0000000000
101560  38.495  -30.225  22.007 0.0000000000
101561  38.026  -30.530  21.985 0.0000000000
101562  38.172  -31.095  21.975 0.0000000000
101563  37.917  -31.929  21.863 0.0000000000
101564  37.742  -32.766  21.533 0.0000000000
102845  58.344  -24.698  27.147 0.0000000000
102846  58.659  -25.032  27.476 0.0000000000
104791  43.113  -30.281  24.460 0.0000000000
104792  42.721  -30.844  24.389 0.0000000000
104793  42.887  -31.122  24.741 0.0000000000
104794  42.695  -31.979  24.856 0.0000000000
104795  42.606  -32.772  24.804 0.0000000000
104796  43.729  -35.297  24.565 0.0000000000
104797  43.381  -34.955  24.449 0.0000000000
104798  43.567  -35.629  24.080 0.0000000000
104799  43.437  -35.968  23.588 0.0000000000
104800  43.343  -36.230  23.048 0.0000000000
104801  43.269  -36.500  22.426 0.0000000000
104802  43.691  -36.684  22.476 0.0000000000
104803  44.172  -37.087  21.782 0.0000000000
104804  44.839  -37.364  21.033 0.0000000000
104806  47.032  -37.241  24.853 0.0000000000
107260  45.648  -28.068  21.955 0.0000000000
107261  45.172  -28.366  22.417 0.0000000000
107262  44.710  -28.619  22.869 0.0000000000
107263  45.167  -28.322  23.027 0.0000000000
107264  45.146  -28.381  23.572 0.0000000000
107265  45.136  -28.512  24.129 0.0000000000
107266  46.564  -28.501  25.691 0.0000000000
107267  46.077  -28.633  25.561 0.0000000000
107268  46.208  -29.002  26.039 0.0000000000
107269  45.874  -29.547  26.285 0.0000000000
107270  45.534  -30.155  26.437 0.0000000000
107271  45.307  -30.813  26.554 0.0000000000
107272  45.714  -30.629  26.768 0.0000000000
107273  45.931  -31.104  27.095 0.0000000000
107274  46.100  -31.593  27.379 0.0000000000
107275  50.312  -28.090  27.422 0.0000000000
107276  49.833  -28.046  27.224 0.0000000000
107277  49.937  -28.466  27.603 0.0000000000
107278  49.567  -28.881  27.776 0.0000000000
107279  49.211  -29.328  27.944 0.0000000000
107280  48.935  -31.787  29.709 0.0000000000
107281  48.792  -31.325  29.135 0.0000000000
107282  48.497  -31.860  29.429 0.0000000000
107283  48.069  -31.991  29.193 0.0000000000
107284  47.665  -32.132  28.982 0.0000000000
107285  47.289  -32.263  28.710 0.0000000000
107286  47.491  -32.719  29.169 0.0000000000
107287  47.380  -33.299  29.256 0.0000000000
107290  47.632  -34.343  29.501 0.0000000000
107291  47.951  -34.756  29.690 0.0000000000
107292  48.319  -35.163  29.880 0.0000000000
112682  58.636  -24.070  29.916 0.0000000000
112683  58.981  -24.291  29.536 0.0000000000
112684  59.242  -24.532  29.178 0.0000000000
112685  59.357  -24.786  28.830 0.0000000000
112686  59.452  -24.941  29.224 0.0000000000
112687  59.580  -25.335  29.242 0.0000000000
112688  59.681  -25.710  29.294 0.0000000000
112721  60.097  -26.760  32.989 0.0000000000
112722  59.936  -26.475  32.782 0.0000000000
112723  60.054  -26.776  32.369 0.0000000000
112724  60.031  -26.774  31.741 0.0000000000
112725  59.948  -26.700  31.171 0.0000000000
112726  59.824  -26.658  30.621 0.0000000000
112727  59.747  -26.992  30.873 0.0000000000
112728  59.375  -27.243  30.600 0.0000000000
112729  58.878  -27.444  30.405 0.0000000000
112730  58.291  -27.628  30.269 0.0000000000
112731  58.596  -27.726  30.722 0.0000000000
112732  58.271  -27.985  30.986 0.0000000000
112733  57.917  -28.273  31.234 0.0000000000
112734  58.003  -29.010  33.149 0.0000000000
112735  57.776  -29.009  32.667 0.0000000000
112736  57.348  -29.233  32.855 0.0000000000
112737  56.680  -29.404  32.648 0.0000000000
112738  56.030  -29.608  32.439 0.0000000000
112739  55.363  -29.784  32.197 0.0000000000
112740  55.574  -29.787  32.666 0.0000000000
112741  55.115  -29.986  32.878 0.0000000000
112742  54.639  -30.236  33.037 0.0000000000
112743  58.832  -29.513  37.237 0.0000000000
112744  58.752  -29.382  36.773 0.0000000000
112745  58.308  -29.656  36.864 0.0000000000
112746  57.713  -29.858  36.473 0.0000000000
112747  57.027  -30.071  36.189 0.0000000000
112752  54.482  -31.732  34.684 0.0000000000
112753  54.250  -31.492  34.301 0.0000000000
112754  54.025  -32.111  34.460 0.0000000000
112755  53.525  -32.556  34.272 0.0000000000
112756  53.057  -32.969  34.092 0.0000000000
112757  52.636  -33.365  33.882 0.0000000000
112758  52.979  -33.600  34.128 0.0000000000
112765  54.610  -37.128  31.958 0.0000000000
112766  54.403  -37.349  31.433 0.0000000000
112767  55.071  -37.395  31.440 0.0000000000
113153  35.526  -28.615  21.806 0.0000000000
113154  35.983  -27.789  21.948 0.0000000000
113155  35.449  -28.029  21.785 0.0000000000
113156  35.408  -27.372  21.742 0.0000000000
113175  41.188  -32.771  23.797 0.0000000000
113176  40.950  -32.407  23.570 0.0000000000
113177  40.857  -33.211  23.524 0.0000000000
113178  40.520  -33.662  23.217 0.0000000000
113179  40.226  -34.013  22.827 0.0000000000
113180  40.506  -36.258  20.045 0.0000000000
113181  40.124  -35.843  20.799 0.0000000000
113182  39.962  -36.015  20.137 0.0000000000
113183  39.448  -35.742  20.238 0.0000000000
113184  38.976  -35.438  20.330 0.0000000000
113185  38.516  -35.073  20.427 0.0000000000
113186  38.757  -35.553  19.755 0.0000000000
113187  38.618  -35.645  19.082 0.0000000000
113188  38.508  -35.694  18.425 0.0000000000
116495  55.203  -25.151  26.398 0.0000000000
116496  55.926  -25.711  26.899 0.0000000000
116497  55.418  -25.560  26.820 0.0000000000
116499  54.663  -25.755  27.053 0.0000000000
116500  54.350  -26.102  27.352 0.0000000000
116501  54.012  -26.465  27.587 0.0000000000
116502  53.651  -26.820  27.792 0.0000000000
116503  54.183  -26.908  27.926 0.0000000000
116504  54.328  -27.294  28.233 0.0000000000
116505  54.459  -27.647  28.515 0.0000000000
116506  55.312  -27.357  28.525 0.0000000000
116507  54.954  -27.662  28.704 0.0000000000
116508  54.557  -27.955  28.836 0.0000000000
116509  54.702  -28.215  29.205 0.0000000000
116510  54.887  -28.501  29.623 0.0000000000
116511  55.084  -28.802  30.064 0.0000000000
118028  41.014  -28.354  21.443 0.0000000000
118029  41.577  -28.798  21.244 0.0000000000
118030  41.050  -28.923  21.415 0.0000000000
118031  40.533  -29.173  21.491 0.0000000000
118032  40.092  -29.930  21.784 0.0000000000
118033  39.708  -30.687  22.065 0.0000000000
118034  39.383  -31.451  22.237 0.0000000000
120544  43.841  -31.722  25.730 0.0000000000
120545  43.528  -32.168  25.502 0.0000000000
120546  43.751  -32.605  25.687 0.0000000000
120547  43.750  -33.464  25.537 0.0000000000
120548  43.829  -34.237  25.331 0.0000000000
120549  44.346  -34.207  25.884 0.0000000000
120550  44.131  -34.596  25.483 0.0000000000
120551  43.923  -34.945  25.034 0.0000000000
120552  44.097  -35.628  24.668 0.0000000000
120553  44.359  -36.210  24.193 0.0000000000
120554  44.738  -36.750  23.662 0.0000000000
120559  50.654  -37.437  20.475 0.0000000000
122465  46.946  -27.314  23.128 0.0000000000
122466  46.438  -27.631  23.533 0.0000000000
122467  46.904  -27.399  23.728 0.0000000000
122468  46.895  -27.532  24.285 0.0000000000
122469  46.909  -27.732  24.827 0.0000000000
122470  47.807  -27.201  24.724 0.0000000000
122471  47.367  -27.615  25.040 0.0000000000
122472  46.947  -28.044  25.362 0.0000000000
122473  47.006  -28.396  25.873 0.0000000000
122474  47.106  -28.757  26.338 0.0000000000
122475  47.218  -29.153  26.767 0.0000000000
122476  50.758  -29.782  28.874 0.0000000000
122477  50.270  -29.763  28.672 0.0000000000
122478  50.404  -30.153  29.013 0.0000000000
122479  50.028  -30.643  29.218 0.0000000000
122480  49.674  -31.152  29.548 0.0000000000
122481  50.340  -31.390  30.196 0.0000000000
122482  49.851  -31.503  30.062 0.0000000000
122483  49.382  -31.642  29.901 0.0000000000
122484  49.115  -32.153  30.169 0.0000000000
122485  48.882  -32.717  30.392 0.0000000000
122486  48.707  -33.281  30.502 0.0000000000
126715  60.150  -26.739  33.632 0.0000000000
126716  60.227  -27.049  33.190 0.0000000000
126717  60.128  -27.390  32.852 0.0000000000
126718  59.828  -27.668  32.531 0.0000000000
126719  59.399  -27.917  32.230 0.0000000000
126720  59.611  -27.989  32.824 0.0000000000
126721  59.336  -28.293  33.085 0.0000000000
126722  58.969  -28.545  33.281 0.0000000000
126723  59.615  -28.280  34.151 0.0000000000
126724  59.126  -28.532  33.799 0.0000000000
126725  58.566  -28.777  33.473 0.0000000000
126726  58.191  -28.969  33.667 0.0000000000
126727  57.737  -29.210  33.861 0.0000000000
126728  57.217  -29.425  34.075 0.0000000000
126729  57.510  -31.316  37.397 0.0000000000
126730  57.190  -31.104  37.088 0.0000000000
126731  56.999  -31.671  37.033 0.0000000000
126733  56.163  -32.416  36.265 0.0000000000
126734  56.592  -33.189  36.285 0.0000000000
126735  56.158  -33.004  36.057 0.0000000000
126736  55.747  -32.808  35.843 0.0000000000
126737  55.287  -33.193  35.459 0.0000000000
126738  54.883  -33.593  35.225 0.0000000000
126739  54.479  -33.988  34.989 0.0000000000
126740  54.127  -34.386  34.702 0.0000000000
126741  54.607  -34.644  34.859 0.0000000000
126742  54.865  -35.224  34.597 0.0000000000
126743  55.232  -35.687  34.241 0.0000000000
126744  56.143  -35.469  34.634 0.0000000000
126745  55.874  -35.800  34.267 0.0000000000
126746  55.633  -36.066  33.845 0.0000000000
127047  36.632  -28.711  22.110 0.0000000000
127048  36.120  -28.958  21.974 0.0000000000
127049  35.910  -30.443  21.664 0.0000000000
127050  35.768  -29.822  21.755 0.0000000000
127051  35.642  -29.217  21.787 0.0000000000
127065  41.584  -35.535  22.476 0.0000000000
127066  41.163  -35.334  22.457 0.0000000000
127067  41.423  -35.854  21.894 0.0000000000
127068  41.309  -36.157  21.236 0.0000000000
127069  41.179  -36.323  20.649 0.0000000000
127070  42.118  -36.813  19.875 0.0000000000
127071  41.593  -36.646  19.925 0.0000000000
127072  41.053  -36.454  19.999 0.0000000000
127073  40.936  -36.553  19.284 0.0000000000
127074  40.846  -36.607  18.560 0.0000000000
127075  40.739  -36.595  17.889 0.0000000000
130435  46.211  -35.087  27.502 0.0000000000
130436  46.020  -35.361  26.991 0.0000000000
130439  47.199  -36.871  26.104 0.0000000000
130440  47.807  -36.948  26.801 0.0000000000
130441  47.750  -37.121  26.183 0.0000000000
130442  47.692  -37.269  25.536 0.0000000000
130457  52.817  -37.532  20.904 0.0000000000
130458  53.378  -37.700  21.367 0.0000000000
130459  53.523  -37.531  20.800 0.0000000000
130460  53.693  -37.369  20.248 0.0000000000
132175  50.464  -26.382  25.995 0.0000000000
132176  50.489  -26.837  26.454 0.0000000000
132177  50.577  -27.282  26.890 0.0000000000
132178  51.418  -26.903  27.072 0.0000000000
132179  51.078  -27.291  27.170 0.0000000000
132180  50.689  -27.706  27.283 0.0000000000
132181  50.787  -28.114  27.633 0.0000000000
132182  50.881  -28.516  28.026 0.0000000000
132183  50.943  -28.988  28.358 0.0000000000
132184  53.299  -27.168  27.939 0.0000000000
132185  52.934  -27.549  28.021 0.0000000000
132186  52.556  -27.900  28.115 0.0000000000
132187  53.190  -28.290  28.594 0.0000000000
132188  52.692  -28.255  28.403 0.0000000000
132189  52.198  -28.211  28.238 0.0000000000
132190  51.817  -28.570  28.368 0.0000000000
132191  51.420  -28.986  28.543 0.0000000000
132192  51.080  -29.411  28.711 0.0000000000
132193  51.237  -29.796  29.058 0.0000000000
132194  51.376  -30.147  29.390 0.0000000000
132195  51.524  -30.452  29.735 0.0000000000
132196  52.406  -30.074  29.861 0.0000000000
132197  52.066  -30.390  30.006 0.0000000000
132198  51.719  -30.755  30.212 0.0000000000
132199  51.864  -30.965  30.739 0.0000000000
132200  51.980  -31.157  31.293 0.0000000000
132201  52.076  -31.374  31.848 0.0000000000
136022  60.031  -28.103  36.860 0.0000000000
136023  60.016  -28.210  37.410 0.0000000000
136024  59.834  -28.555  37.508 0.0000000000
136025  59.562  -28.933  37.576 0.0000000000
136027  59.607  -29.039  38.065 0.0000000000
136028  59.274  -29.306  37.624 0.0000000000
136029  58.925  -29.650  37.658 0.0000000000
136030  58.600  -30.046  37.700 0.0000000000
136031  58.252  -30.492  37.725 0.0000000000
136034  59.476  -29.920  39.458 0.0000000000
136035  59.305  -30.594  39.711 0.0000000000
136036  59.278  -30.376  39.371 0.0000000000
136037  59.217  -30.168  38.983 0.0000000000
136038  58.885  -30.411  38.533 0.0000000000
136039  58.490  -30.689  38.117 0.0000000000
136040  58.007  -30.991  37.726 0.0000000000
136041  57.814  -31.530  37.661 0.0000000000
136042  57.717  -32.120  37.554 0.0000000000
136043  57.736  -32.752  37.304 0.0000000000
136044  58.410  -32.684  37.892 0.0000000000
136045  58.109  -33.012  37.447 0.0000000000
136046  57.838  -33.349  37.000 0.0000000000
136047  58.022  -33.868  36.707 0.0000000000
136048  58.331  -34.368  36.384 0.0000000000
136049  58.752  -34.777  36.036 0.0000000000
136320  39.956  -28.219  21.797 0.0000000000
136321  39.934  -27.688  21.890 0.0000000000
136324  38.787  -27.590  22.151 0.0000000000
136325  38.218  -27.851  22.232 0.0000000000
136326  37.750  -28.760  22.181 0.0000000000
136327  37.314  -29.707  22.094 0.0000000000
136328  36.974  -30.544  21.948 0.0000000000
136329  37.585  -30.846  21.929 0.0000000000
136330  37.129  -31.127  21.839 0.0000000000
136331  36.691  -31.401  21.647 0.0000000000
136332  36.491  -32.201  21.257 0.0000000000
136333  36.377  -32.901  20.759 0.0000000000
136334  36.432  -33.567  20.090 0.0000000000
138992  57.393  -25.174  26.823 0.0000000000
138993  57.240  -25.510  26.976 0.0000000000
138994  57.488  -25.857  27.358 0.0000000000
138995  57.725  -26.169  27.727 0.0000000000
138996  57.937  -26.454  28.073 0.0000000000
142957  42.869  -29.727  22.641 0.0000000000
142958  42.350  -30.096  22.667 0.0000000000
142959  42.416  -30.240  23.215 0.0000000000
142960  42.018  -30.824  23.637 0.0000000000
142961  41.697  -31.553  23.913 0.0000000000
142962  42.310  -31.364  24.301 0.0000000000
142963  41.903  -31.820  24.212 0.0000000000
142964  41.536  -32.315  24.040 0.0000000000
142965  41.443  -33.140  23.957 0.0000000000
142966  41.450  -33.896  23.739 0.0000000000
142967  41.537  -34.585  23.427 0.0000000000
142968  43.211  -32.647  25.215 0.0000000000
142969  42.889  -33.101  24.928 0.0000000000
142970  42.625  -33.583  24.608 0.0000000000
142971  43.033  -34.604  24.362 0.0000000000
142972  42.694  -34.328  24.289 0.0000000000
142973  42.374  -34.010  24.238 0.0000000000
142974  42.136  -34.427  23.858 0.0000000000
142975  41.924  -34.838  23.464 0.0000000000
142976  41.754  -35.200  22.989 0.0000000000
142977  42.035  -35.768  22.405 0.0000000000
142978  42.342  -36.284  21.767 0.0000000000
142979  42.756  -36.720  21.152 0.0000000000
142980  43.229  -36.743  21.791 0.0000000000
142981  43.219  -36.904  21.167 0.0000000000
142982  43.243  -37.017  20.463 0.0000000000
142983  43.784  -37.223  19.745 0.0000000000
142984  44.411  -37.326  19.017 0.0000000000
142985  45.042  -37.274  18.373 0.0000000000
142986  45.824  -35.634  26.490 0.0000000000
142987  45.650  -35.922  25.954 0.0000000000
142988  45.542  -36.282  25.324 0.0000000000
142989  46.459  -37.031  24.837 0.0000000000
142990  45.932  -36.808  24.811 0.0000000000
142991  45.433  -36.556  24.784 0.0000000000
142992  45.357  -36.805  24.231 0.0000000000
142993  45.313  -37.057  23.644 0.0000000000
142994  45.253  -37.199  23.028 0.0000000000
142997  47.671  -37.771  22.303 0.0000000000
142999  47.747  -37.777  21.651 0.0000000000
143000  47.052  -37.723  22.282 0.0000000000
143001  46.433  -37.629  22.270 0.0000000000
143002  45.824  -37.510  22.326 0.0000000000
143003  45.254  -37.310  22.374 0.0000000000
143004  45.302  -37.416  21.717 0.0000000000
143005  45.383  -37.459  21.021 0.0000000000
143006  45.440  -37.467  20.346 0.0000000000
143007  46.739  -37.500  19.713 0.0000000000
143008  46.107  -37.473  19.688 0.0000000000
143009  45.485  -37.430  19.688 0.0000000000
143010  45.566  -37.365  19.036 0.0000000000
143011  45.673  -37.277  18.366 0.0000000000
143012  45.737  -37.144  17.712 0.0000000000
147864  43.217  -29.273  21.466 0.0000000000
147944  43.707  -29.104  21.478 0.0000000000
147945  43.289  -29.419  22.048 0.0000000000
147946  43.326  -29.472  22.645 0.0000000000
147947  43.314  -29.513  23.209 0.0000000000
147948  43.356  -29.644  23.680 0.0000000000
147949  44.247  -28.925  23.320 0.0000000000
147950  43.802  -29.324  23.765 0.0000000000
147951  43.421  -29.787  24.146 0.0000000000
147952  43.509  -29.990  24.589 0.0000000000
147953  43.630  -30.274  25.007 0.0000000000
147954  43.798  -30.638  25.394 0.0000000000
147955  45.974  -27.944  23.853 0.0000000000
147956  45.548  -28.282  24.266 0.0000000000
147957  45.146  -28.685  24.697 0.0000000000
147958  45.639  -28.770  25.379 0.0000000000
147959  45.183  -28.889  25.246 0.0000000000
147960  44.772  -29.144  25.075 0.0000000000
147961  44.460  -29.675  25.373 0.0000000000
147962  44.192  -30.354  25.583 0.0000000000
147963  44.014  -31.037  25.713 0.0000000000
147964  44.196  -31.476  25.965 0.0000000000
147965  44.406  -31.933  26.181 0.0000000000
147966  44.659  -32.384  26.401 0.0000000000
147967  45.122  -31.482  26.637 0.0000000000
147968  45.000  -32.148  26.674 0.0000000000
147969  44.943  -32.812  26.681 0.0000000000
147970  45.229  -33.258  26.912 0.0000000000
147971  45.510  -33.661  27.171 0.0000000000
147972  45.812  -34.068  27.442 0.0000000000
147974  49.198  -27.273  26.059 0.0000000000
147975  48.810  -27.668  26.293 0.0000000000
147976  49.351  -28.061  26.989 0.0000000000
147977  48.886  -28.056  26.755 0.0000000000
147978  48.403  -28.053  26.480 0.0000000000
147979  48.022  -28.535  26.720 0.0000000000
147980  47.660  -29.013  26.972 0.0000000000
147981  47.330  -29.586  27.160 0.0000000000
147982  49.800  -29.797  28.442 0.0000000000
147983  49.332  -29.801  28.256 0.0000000000
147984  48.860  -29.807  28.083 0.0000000000
147985  48.654  -30.845  28.635 0.0000000000
147986  48.519  -30.361  28.236 0.0000000000
147987  48.387  -29.873  27.903 0.0000000000
147988  47.911  -29.956  27.684 0.0000000000
147989  47.474  -30.006  27.490 0.0000000000
147990  47.030  -30.144  27.319 0.0000000000
147991  46.755  -30.767  27.467 0.0000000000
147992  46.522  -31.407  27.614 0.0000000000
147993  46.333  -32.019  27.765 0.0000000000
147994  46.935  -32.380  28.429 0.0000000000
147995  46.581  -32.481  28.163 0.0000000000
147996  46.224  -32.676  27.840 0.0000000000
147997  46.147  -33.291  27.886 0.0000000000
147998  46.112  -33.898  27.846 0.0000000000
147999  46.143  -34.498  27.703 0.0000000000
148001  46.890  -35.335  28.129 0.0000000000
148006  48.256  -36.488  28.429 0.0000000000
158813  58.951  -25.183  27.782 0.0000000000
158814  59.338  -25.070  28.449 0.0000000000
158815  59.192  -25.360  28.134 0.0000000000
158816  58.866  -25.603  27.904 0.0000000000
158817  58.711  -25.982  28.063 0.0000000000
158818  58.475  -26.314  28.221 0.0000000000
158819  58.216  -26.634  28.369 0.0000000000
158882  59.116  -24.947  30.840 0.0000000000
158886  59.702  -26.158  32.536 0.0000000000
158887  59.471  -25.824  32.299 0.0000000000
158889  59.331  -25.407  31.482 0.0000000000
158890  59.368  -25.296  30.970 0.0000000000
158891  59.419  -25.202  30.502 0.0000000000
158892  59.627  -25.504  30.152 0.0000000000
158893  59.712  -25.836  29.750 0.0000000000
158894  59.614  -26.113  29.424 0.0000000000
158895  59.666  -26.594  30.080 0.0000000000
158896  59.511  -26.500  29.559 0.0000000000
158897  59.384  -26.387  29.165 0.0000000000
158898  59.034  -26.628  28.978 0.0000000000
158899  58.460  -26.785  28.807 0.0000000000
158900  57.885  -26.885  28.699 0.0000000000
158901  57.494  -27.168  29.025 0.0000000000
158902  57.095  -27.482  29.343 0.0000000000
158903  56.741  -27.761  29.584 0.0000000000
158904  57.639  -27.770  30.160 0.0000000000
158905  56.989  -27.913  29.990 0.0000000000
158906  56.348  -28.038  29.762 0.0000000000
158907  56.027  -28.326  30.014 0.0000000000
158908  55.699  -28.650  30.230 0.0000000000
158909  55.344  -28.949  30.423 0.0000000000
158910  58.836  -28.171  31.961 0.0000000000
158911  58.214  -28.400  31.719 0.0000000000
158912  57.595  -28.584  31.481 0.0000000000
158913  57.535  -28.948  32.221 0.0000000000
158914  57.291  -28.845  31.729 0.0000000000
158915  56.919  -28.787  31.264 0.0000000000
158916  56.271  -28.942  31.084 0.0000000000
158917  55.654  -29.087  30.860 0.0000000000
158918  55.003  -29.262  30.664 0.0000000000
158919  54.625  -29.590  30.907 0.0000000000
158920  54.229  -29.927  31.124 0.0000000000
158921  53.857  -30.200  31.311 0.0000000000
158922  54.713  -29.993  31.956 0.0000000000
158923  54.082  -30.251  31.724 0.0000000000
158924  53.496  -30.410  31.475 0.0000000000
158925  53.099  -30.687  31.672 0.0000000000
158926  52.695  -31.037  31.929 0.0000000000
158927  52.261  -31.514  32.289 0.0000000000
158928  59.784  -28.369  36.409 0.0000000000
158929  59.450  -28.652  35.939 0.0000000000
158930  59.011  -28.849  35.559 0.0000000000
158931  58.658  -29.252  36.261 0.0000000000
158932  58.558  -29.113  35.718 0.0000000000
158933  58.491  -29.057  35.199 0.0000000000
158934  57.895  -29.272  34.875 0.0000000000
158935  57.262  -29.444  34.565 0.0000000000
158936  56.633  -29.652  34.278 0.0000000000
158937  56.942  -30.809  36.684 0.0000000000
158938  56.691  -30.569  36.271 0.0000000000
158939  56.474  -30.356  35.847 0.0000000000
158947  54.771  -30.310  33.514 0.0000000000
158948  54.206  -30.596  33.248 0.0000000000
158949  54.017  -31.241  33.896 0.0000000000
158950  53.832  -31.077  33.471 0.0000000000
158951  53.642  -30.929  33.032 0.0000000000
158952  53.074  -31.277  32.913 0.0000000000
158953  52.503  -31.646  32.770 0.0000000000
158954  51.943  -32.045  32.632 0.0000000000
158955  51.714  -32.641  32.893 0.0000000000
158956  51.570  -33.236  33.011 0.0000000000
158964  53.848  -34.788  34.399 0.0000000000
158965  53.565  -35.137  34.058 0.0000000000
158966  53.296  -35.493  33.683 0.0000000000
158967  54.080  -36.152  33.337 0.0000000000
158968  53.540  -36.013  33.319 0.0000000000
159226  57.295  -38.389  26.405 0.0000000000
159227  57.911  -38.286  25.843 0.0000000000
159231  59.078  -38.044  24.739 0.0000000000
159232  59.537  -37.971  24.228 0.0000000000
159748  37.631  -26.949  22.233 0.0000000000
159749  37.567  -26.401  22.136 0.0000000000
159752  37.046  -26.103  21.944 0.0000000000
159793  41.822  -30.410  22.663 0.0000000000
159794  41.323  -30.691  22.644 0.0000000000
159795  40.823  -31.041  22.638 0.0000000000
159796  40.747  -32.025  23.282 0.0000000000
159797  40.552  -31.693  22.951 0.0000000000
159798  40.382  -31.366  22.601 0.0000000000
159799  39.963  -31.661  22.516 0.0000000000
159800  39.560  -31.976  22.415 0.0000000000
159801  39.145  -32.331  22.243 0.0000000000
159802  40.726  -35.051  22.486 0.0000000000
159803  40.323  -34.719  22.464 0.0000000000
159804  39.935  -34.359  22.417 0.0000000000
159805  39.842  -35.316  21.469 0.0000000000
159806  39.646  -34.700  21.976 0.0000000000
159807  39.590  -33.991  22.339 0.0000000000
159808  39.289  -33.612  22.239 0.0000000000
159809  38.994  -33.181  22.132 0.0000000000
159810  38.743  -32.677  22.023 0.0000000000
159811  38.379  -33.012  21.798 0.0000000000
159814  38.072  -34.687  20.496 0.0000000000
159815  37.686  -34.253  20.622 0.0000000000
159816  37.331  -33.753  20.754 0.0000000000
159817  37.041  -33.944  20.348 0.0000000000
159839  38.948  -35.960  17.577 0.0000000000
159840  38.412  -35.704  17.736 0.0000000000
159841  38.930  -35.721  16.196 0.0000000000
