#!ascii label  , from subject fsaverage vox2ras=TkReg
582
119  35.992  30.744  -1.460 0.0000000000
261  31.210  25.558  8.568 0.0000000000
520  31.150  21.515  1.736 0.0000000000
1140  33.606  29.911  -3.487 0.0000000000
1141  29.165  25.798  -1.347 0.0000000000
1142  29.932  28.570  1.384 0.0000000000
2201  34.300  18.712  -1.694 0.0000000000
2203  29.554  24.177  5.305 0.0000000000
3059  38.217  29.852  -5.561 0.0000000000
3060  34.931  30.411  -2.382 0.0000000000
3061  31.486  29.687  -1.065 0.0000000000
3062  32.629  30.309  0.215 0.0000000000
4863  29.783  23.476  0.353 0.0000000000
4864  30.682  22.011  -1.015 0.0000000000
4865  32.844  20.072  0.112 0.0000000000
4867  33.551  18.353  1.229 0.0000000000
4868  31.476  27.907  6.503 0.0000000000
4869  30.166  27.513  5.104 0.0000000000
4870  30.037  25.128  7.102 0.0000000000
6663  29.447  27.306  -0.061 0.0000000000
6664  29.309  25.138  1.825 0.0000000000
6665  31.345  22.886  10.117 0.0000000000
6666  30.235  22.507  8.626 0.0000000000
7621  33.824  30.846  1.472 0.0000000000
7624  33.043  27.690  7.574 0.0000000000
7626  34.956  26.907  8.228 0.0000000000
7627  32.863  25.282  9.556 0.0000000000
7628  33.045  22.736  11.117 0.0000000000
7629  33.395  19.950  12.238 0.0000000000
9165  34.859  17.631  -3.389 0.0000000000
9169  30.961  29.367  2.928 0.0000000000
9170  29.469  26.515  3.487 0.0000000000
9171  29.931  22.882  3.543 0.0000000000
9172  29.930  21.640  6.797 0.0000000000
9173  30.530  20.473  4.852 0.0000000000
9174  31.859  19.428  2.976 0.0000000000
10736  37.908  30.786  -2.582 0.0000000000
10738  37.527  30.598  -3.085 0.0000000000
10739  37.038  30.433  -3.430 0.0000000000
10740  35.470  30.550  -1.897 0.0000000000
10741  33.759  30.394  -1.102 0.0000000000
10742  34.276  30.631  -0.579 0.0000000000
12543  30.449  22.429  1.045 0.0000000000
12544  31.198  21.546  0.237 0.0000000000
12545  31.945  20.761  0.946 0.0000000000
12546  33.306  19.357  0.696 0.0000000000
12547  32.467  19.925  1.560 0.0000000000
12548  31.249  26.772  7.580 0.0000000000
12549  30.563  26.629  6.918 0.0000000000
12550  30.531  25.409  7.856 0.0000000000
14936  35.934  29.947  -4.375 0.0000000000
14937  37.562  29.441  -6.004 0.0000000000
14941  31.278  29.110  -3.547 0.0000000000
14942  31.886  29.640  -2.925 0.0000000000
14943  30.616  29.230  0.174 0.0000000000
14944  30.203  28.797  -0.528 0.0000000000
14945  29.656  27.962  0.611 0.0000000000
14946  29.259  26.289  0.944 0.0000000000
14947  29.284  27.026  1.658 0.0000000000
14948  31.534  21.536  10.801 0.0000000000
14949  30.883  21.394  10.107 0.0000000000
16753  34.849  25.783  9.167 0.0000000000
16754  33.850  26.261  8.958 0.0000000000
16756  32.957  24.031  10.366 0.0000000000
20351  32.518  20.213  -1.261 0.0000000000
20352  31.189  21.309  -1.650 0.0000000000
20353  33.040  19.582  -2.062 0.0000000000
20355  34.677  18.107  -2.585 0.0000000000
20356  35.880  16.848  -3.058 0.0000000000
20357  35.572  17.481  -2.178 0.0000000000
20363  32.966  30.467  2.924 0.0000000000
20364  32.270  30.255  2.336 0.0000000000
20365  31.626  29.666  3.582 0.0000000000
20366  29.693  25.953  5.296 0.0000000000
20367  29.769  27.068  4.279 0.0000000000
20368  29.468  25.368  4.463 0.0000000000
20369  29.424  24.651  3.597 0.0000000000
20370  29.629  23.518  4.448 0.0000000000
20371  30.219  20.770  8.362 0.0000000000
20372  29.985  22.122  7.725 0.0000000000
20373  30.205  20.367  7.419 0.0000000000
20375  30.762  19.180  5.463 0.0000000000
20376  31.235  18.683  4.518 0.0000000000
20377  31.154  19.953  3.877 0.0000000000
23938  38.687  30.181  -5.152 0.0000000000
23939  36.525  30.220  -3.908 0.0000000000
23940  34.279  30.185  -2.854 0.0000000000
23941  32.535  29.957  -2.314 0.0000000000
23942  33.105  30.172  -1.641 0.0000000000
23943  31.996  30.008  -0.375 0.0000000000
23944  31.128  29.631  0.900 0.0000000000
27185  29.324  24.709  -0.433 0.0000000000
27186  29.505  23.869  -1.010 0.0000000000
27187  30.207  22.749  -0.350 0.0000000000
27188  31.879  20.820  -0.482 0.0000000000
27189  33.638  19.379  -0.783 0.0000000000
27190  34.965  18.039  -1.222 0.0000000000
27191  34.189  18.697  -0.249 0.0000000000
27192  34.394  17.907  0.318 0.0000000000
27195  31.109  28.807  4.743 0.0000000000
27196  30.772  27.770  5.882 0.0000000000
27197  30.052  26.352  6.115 0.0000000000
27198  29.725  24.695  6.180 0.0000000000
30904  29.523  27.506  -1.856 0.0000000000
30905  30.961  29.331  -1.725 0.0000000000
30906  29.785  28.164  -1.208 0.0000000000
30907  29.312  26.642  -0.754 0.0000000000
30908  29.243  25.494  0.270 0.0000000000
30909  29.443  24.329  1.157 0.0000000000
30910  29.977  23.173  1.848 0.0000000000
30911  31.220  24.247  9.393 0.0000000000
30912  30.568  24.113  8.720 0.0000000000
30913  30.712  22.799  9.410 0.0000000000
30914  30.447  21.114  9.267 0.0000000000
33300  36.562  31.063  -1.015 0.0000000000
33301  34.835  30.908  -0.014 0.0000000000
33302  35.463  31.222  0.470 0.0000000000
33303  34.462  31.088  1.989 0.0000000000
33310  32.011  26.714  8.198 0.0000000000
33317  33.974  27.345  7.958 0.0000000000
33318  32.926  26.542  8.609 0.0000000000
33319  31.962  25.498  9.130 0.0000000000
33320  32.022  24.198  9.947 0.0000000000
33321  32.123  22.806  10.714 0.0000000000
33322  32.256  21.489  11.387 0.0000000000
33324  33.179  21.362  11.765 0.0000000000
33325  32.448  20.021  11.932 0.0000000000
37732  29.782  23.063  -1.550 0.0000000000
37747  33.215  30.586  0.885 0.0000000000
37748  31.661  29.960  1.644 0.0000000000
37749  30.434  29.009  2.181 0.0000000000
37750  30.509  28.540  3.996 0.0000000000
37751  30.000  28.122  3.234 0.0000000000
37752  29.579  27.663  2.416 0.0000000000
37753  29.273  25.865  2.655 0.0000000000
37754  29.584  23.994  2.673 0.0000000000
37755  30.471  22.196  2.639 0.0000000000
37756  30.090  23.846  7.906 0.0000000000
37757  29.811  23.490  7.001 0.0000000000
37758  29.692  22.854  6.073 0.0000000000
37759  30.378  19.829  6.421 0.0000000000
37760  30.111  21.059  5.806 0.0000000000
37761  29.832  22.353  5.150 0.0000000000
37762  30.264  21.691  4.265 0.0000000000
37763  30.907  21.144  3.317 0.0000000000
37764  31.669  20.500  2.375 0.0000000000
37765  32.659  18.853  2.138 0.0000000000
41456  36.943  30.786  -2.006 0.0000000000
41457  37.668  30.662  -2.803 0.0000000000
41458  36.743  30.657  -2.288 0.0000000000
41459  36.513  30.591  -2.492 0.0000000000
41460  35.710  30.619  -1.684 0.0000000000
41461  34.854  30.584  -1.233 0.0000000000
41462  35.119  30.707  -0.991 0.0000000000
43263  30.830  21.941  1.400 0.0000000000
43264  31.161  21.542  0.991 0.0000000000
43265  31.595  21.086  1.340 0.0000000000
43266  32.259  20.339  1.266 0.0000000000
43267  31.830  20.724  1.667 0.0000000000
43268  31.222  26.182  8.081 0.0000000000
43269  30.879  26.179  7.725 0.0000000000
43270  30.835  25.527  8.215 0.0000000000
45656  34.732  29.973  -3.900 0.0000000000
45657  35.607  29.808  -4.620 0.0000000000
45661  32.423  29.639  -3.537 0.0000000000
45662  32.705  29.794  -3.192 0.0000000000
45663  30.248  28.920  0.800 0.0000000000
45664  30.068  28.679  0.408 0.0000000000
45665  29.763  28.274  1.005 0.0000000000
45666  29.454  27.515  1.149 0.0000000000
45667  29.548  27.835  1.525 0.0000000000
45668  31.603  20.804  11.106 0.0000000000
45669  31.259  20.790  10.737 0.0000000000
47476  33.871  24.415  10.231 0.0000000000
47477  34.369  24.259  10.322 0.0000000000
51068  29.166  26.255  -1.883 0.0000000000
51070  29.120  25.359  -1.628 0.0000000000
51071  33.487  19.433  -1.457 0.0000000000
51072  32.752  19.903  -1.657 0.0000000000
51073  33.701  19.114  -1.891 0.0000000000
51074  33.938  18.744  -2.307 0.0000000000
51075  34.485  18.404  -2.164 0.0000000000
51076  35.149  17.777  -2.418 0.0000000000
51077  34.960  18.072  -1.951 0.0000000000
51084  32.258  30.101  3.297 0.0000000000
51086  29.582  25.099  5.328 0.0000000000
51087  29.566  25.674  4.865 0.0000000000
51088  29.505  24.795  4.895 0.0000000000
51089  29.464  24.445  4.504 0.0000000000
51090  29.548  23.848  4.909 0.0000000000
51092  30.174  20.593  7.906 0.0000000000
51093  30.306  19.680  7.762 0.0000000000
51097  31.551  18.364  3.966 0.0000000000
55256  36.018  30.450  -2.933 0.0000000000
55257  36.835  30.345  -3.702 0.0000000000
55258  35.759  30.352  -3.172 0.0000000000
55259  35.419  30.217  -3.374 0.0000000000
55260  34.640  30.298  -2.633 0.0000000000
55261  33.695  30.214  -2.290 0.0000000000
55262  34.030  30.321  -2.001 0.0000000000
55263  33.169  30.367  -0.446 0.0000000000
55264  32.851  30.234  -0.707 0.0000000000
55265  32.324  30.154  -0.061 0.0000000000
55266  31.508  29.852  0.276 0.0000000000
55267  31.867  30.033  0.572 0.0000000000
60668  29.513  24.107  -0.036 0.0000000000
60669  29.612  23.686  -0.348 0.0000000000
60670  29.960  23.084  0.006 0.0000000000
60671  32.019  20.780  0.195 0.0000000000
60672  31.540  21.222  -0.117 0.0000000000
60673  32.451  20.429  -0.182 0.0000000000
60674  32.797  20.078  -0.613 0.0000000000
60675  33.234  19.733  -0.328 0.0000000000
60676  33.944  19.080  -0.521 0.0000000000
60677  33.563  19.409  -0.054 0.0000000000
60678  33.467  18.855  0.971 0.0000000000
60679  33.892  18.613  0.519 0.0000000000
60683  31.634  28.425  5.969 0.0000000000
60684  31.258  28.352  5.665 0.0000000000
60685  31.125  27.853  6.199 0.0000000000
60686  30.267  25.894  7.029 0.0000000000
60687  30.282  26.498  6.524 0.0000000000
60688  30.019  25.730  6.609 0.0000000000
60689  29.829  25.541  6.209 0.0000000000
60690  29.845  24.918  6.639 0.0000000000
67850  38.351  29.114  -6.821 0.0000000000
67863  30.799  29.047  -2.941 0.0000000000
67867  29.859  28.255  -2.111 0.0000000000
67868  32.012  29.852  -1.705 0.0000000000
67869  31.683  29.714  -2.016 0.0000000000
67870  31.271  29.593  -1.427 0.0000000000
67871  29.743  28.096  -0.273 0.0000000000
67872  30.012  28.492  -0.853 0.0000000000
67873  29.594  27.734  -0.617 0.0000000000
67874  29.507  27.437  -0.983 0.0000000000
67875  29.375  26.953  -0.406 0.0000000000
67876  29.241  26.076  -0.206 0.0000000000
67877  29.282  26.447  0.140 0.0000000000
67878  29.212  25.784  1.396 0.0000000000
67879  29.264  25.351  1.055 0.0000000000
67880  29.371  24.754  1.473 0.0000000000
67881  29.697  23.738  1.495 0.0000000000
67882  29.551  24.135  1.869 0.0000000000
67883  31.281  23.565  9.763 0.0000000000
67884  30.946  23.542  9.435 0.0000000000
67885  31.010  22.856  9.772 0.0000000000
67886  30.748  20.547  9.990 0.0000000000
67887  30.637  21.245  9.695 0.0000000000
73258  37.657  31.313  -1.327 0.0000000000
73259  37.475  31.115  -1.583 0.0000000000
73260  36.783  31.256  -0.781 0.0000000000
73261  35.965  31.175  -0.283 0.0000000000
73262  36.253  31.348  -0.048 0.0000000000
73265  34.773  31.142  2.252 0.0000000000
73281  32.093  27.273  7.682 0.0000000000
73282  32.520  27.217  7.900 0.0000000000
73299  34.550  27.694  7.560 0.0000000000
73300  34.442  27.121  8.130 0.0000000000
73301  33.352  25.778  9.282 0.0000000000
73302  33.385  26.399  8.810 0.0000000000
73303  32.885  25.918  9.106 0.0000000000
73304  32.417  26.037  8.899 0.0000000000
73305  32.422  25.420  9.338 0.0000000000
73306  32.006  24.878  9.550 0.0000000000
73307  32.432  24.784  9.759 0.0000000000
73308  32.975  23.422  10.734 0.0000000000
73309  32.510  23.439  10.566 0.0000000000
73310  32.571  22.795  10.925 0.0000000000
73311  32.179  22.174  11.063 0.0000000000
73312  32.641  22.130  11.282 0.0000000000
73318  33.300  20.679  12.009 0.0000000000
73319  32.802  20.738  11.885 0.0000000000
73320  32.911  20.019  12.118 0.0000000000
84091  29.991  22.981  -0.971 0.0000000000
84092  29.630  23.491  -1.289 0.0000000000
84093  30.155  22.638  -1.253 0.0000000000
84094  31.423  20.961  -1.990 0.0000000000
84101  34.164  18.298  -3.087 0.0000000000
84107  35.564  16.855  -3.670 0.0000000000
84113  35.101  17.722  -0.969 0.0000000000
84114  35.451  17.396  -1.435 0.0000000000
84128  34.315  30.912  0.743 0.0000000000
84129  34.000  30.773  0.455 0.0000000000
84130  33.486  30.714  1.203 0.0000000000
84131  31.571  29.850  2.643 0.0000000000
84132  31.941  30.108  1.996 0.0000000000
84133  31.237  29.700  2.290 0.0000000000
84134  31.025  29.552  1.946 0.0000000000
84135  30.702  29.188  2.541 0.0000000000
84136  30.569  28.208  4.943 0.0000000000
84137  30.775  28.699  4.372 0.0000000000
84138  30.307  28.039  4.551 0.0000000000
84139  29.595  26.861  3.900 0.0000000000
84140  29.865  27.614  3.763 0.0000000000
84141  29.623  27.391  3.378 0.0000000000
84142  29.749  27.906  2.847 0.0000000000
84143  29.501  27.088  2.957 0.0000000000
84144  29.373  26.779  2.555 0.0000000000
84145  29.352  26.203  3.064 0.0000000000
84146  29.618  23.782  3.575 0.0000000000
84147  29.480  24.361  3.128 0.0000000000
84148  29.761  23.459  3.109 0.0000000000
84149  29.972  23.028  2.668 0.0000000000
84150  30.205  22.518  3.074 0.0000000000
84151  30.358  23.309  8.707 0.0000000000
84152  30.307  23.955  8.343 0.0000000000
84153  30.159  23.191  8.279 0.0000000000
84154  29.909  21.861  7.281 0.0000000000
84155  29.890  22.811  7.373 0.0000000000
84156  29.812  22.590  6.943 0.0000000000
84157  29.734  23.211  6.548 0.0000000000
84158  29.812  22.259  6.467 0.0000000000
84162  30.656  19.854  5.164 0.0000000000
84163  30.440  20.111  5.640 0.0000000000
84164  30.285  20.749  5.317 0.0000000000
84165  29.955  21.722  5.492 0.0000000000
84166  30.137  21.394  4.994 0.0000000000
84167  30.008  22.035  4.687 0.0000000000
84168  30.402  21.081  4.555 0.0000000000
84169  31.477  19.727  3.455 0.0000000000
84170  31.044  20.560  3.609 0.0000000000
84171  31.404  20.312  3.177 0.0000000000
84172  31.266  20.849  2.852 0.0000000000
84173  31.783  19.984  2.704 0.0000000000
84174  32.203  19.657  2.264 0.0000000000
84175  32.243  19.145  2.566 0.0000000000
93052  38.854  30.792  -3.170 0.0000000000
93054  38.627  30.653  -3.427 0.0000000000
93055  38.460  30.573  -3.682 0.0000000000
93056  38.312  30.501  -3.918 0.0000000000
93057  38.078  30.415  -4.062 0.0000000000
93058  37.290  30.511  -3.258 0.0000000000
93059  36.254  30.519  -2.691 0.0000000000
93060  35.212  30.493  -2.147 0.0000000000
93061  34.347  30.412  -1.747 0.0000000000
93062  34.632  30.491  -1.504 0.0000000000
93063  34.056  30.513  -0.854 0.0000000000
93064  33.458  30.500  -0.168 0.0000000000
96305  30.104  22.897  0.689 0.0000000000
96306  30.363  22.500  0.307 0.0000000000
96307  30.757  21.992  0.636 0.0000000000
96308  31.573  21.171  0.602 0.0000000000
96309  32.371  20.429  0.538 0.0000000000
96310  33.105  19.754  0.406 0.0000000000
96311  32.670  20.050  0.870 0.0000000000
96312  32.893  19.581  1.129 0.0000000000
96313  33.012  19.141  1.412 0.0000000000
96314  31.349  27.355  7.042 0.0000000000
96315  30.979  27.299  6.712 0.0000000000
96316  30.919  26.751  7.230 0.0000000000
96317  30.549  26.045  7.417 0.0000000000
96318  30.267  25.275  7.495 0.0000000000
100613  37.905  29.657  -5.793 0.0000000000
100623  31.596  29.388  -3.242 0.0000000000
100624  31.114  29.304  -2.641 0.0000000000
100625  30.998  29.496  -0.423 0.0000000000
100626  30.813  29.335  -0.814 0.0000000000
100627  30.409  29.028  -0.202 0.0000000000
100628  29.897  28.392  0.059 0.0000000000
100629  29.513  27.638  0.282 0.0000000000
100630  29.335  26.805  0.463 0.0000000000
100631  29.391  27.170  0.774 0.0000000000
100632  29.279  26.705  1.272 0.0000000000
100633  29.231  26.131  1.747 0.0000000000
100634  31.424  22.225  10.458 0.0000000000
100635  31.092  22.181  10.128 0.0000000000
100636  31.178  21.498  10.438 0.0000000000
100637  30.962  20.701  10.356 0.0000000000
103883  34.889  26.328  8.735 0.0000000000
103884  34.393  26.582  8.618 0.0000000000
103885  34.346  25.994  9.092 0.0000000000
103886  33.828  25.616  9.443 0.0000000000
103887  33.350  25.145  9.728 0.0000000000
103888  32.911  24.649  9.975 0.0000000000
103889  33.395  24.558  10.113 0.0000000000
103890  33.435  23.918  10.502 0.0000000000
103891  33.466  23.278  10.884 0.0000000000
110359  31.559  21.019  -1.091 0.0000000000
110360  30.898  21.686  -1.304 0.0000000000
110361  31.822  20.751  -1.458 0.0000000000
110362  32.097  20.427  -1.828 0.0000000000
110365  33.201  19.318  -2.457 0.0000000000
110366  34.055  18.550  -2.717 0.0000000000
110367  34.833  17.929  -3.028 0.0000000000
110368  35.454  17.204  -3.265 0.0000000000
110369  35.344  17.517  -2.824 0.0000000000
110370  35.698  17.171  -2.617 0.0000000000
110382  33.027  30.574  1.922 0.0000000000
110383  32.611  30.372  2.639 0.0000000000
110384  31.871  30.005  2.976 0.0000000000
110385  31.268  29.540  3.241 0.0000000000
110386  29.883  26.758  5.206 0.0000000000
110387  29.961  27.294  4.691 0.0000000000
110388  29.707  26.506  4.791 0.0000000000
110389  29.571  26.268  4.387 0.0000000000
110390  29.468  25.942  4.001 0.0000000000
110391  29.395  25.565  3.576 0.0000000000
110392  29.426  24.989  4.061 0.0000000000
110393  29.518  24.101  4.052 0.0000000000
110394  29.755  23.204  4.000 0.0000000000
110395  30.196  21.644  8.508 0.0000000000
110396  30.094  22.333  8.179 0.0000000000
110397  30.088  21.461  8.055 0.0000000000
110398  30.050  21.267  7.579 0.0000000000
110399  30.060  20.996  7.108 0.0000000000
110401  30.841  18.543  5.757 0.0000000000
110403  30.987  18.939  4.987 0.0000000000
110404  30.906  19.585  4.683 0.0000000000
110405  30.818  20.207  4.372 0.0000000000
110406  31.209  19.356  4.171 0.0000000000
110407  31.560  19.041  3.709 0.0000000000
110408  31.895  18.798  3.224 0.0000000000
110409  32.273  18.544  2.767 0.0000000000
117294  38.491  30.016  -5.378 0.0000000000
117295  37.870  30.326  -4.265 0.0000000000
117296  37.629  30.192  -4.484 0.0000000000
117297  37.365  30.061  -4.691 0.0000000000
117298  36.239  30.085  -4.137 0.0000000000
117299  35.095  30.087  -3.612 0.0000000000
117300  33.963  30.069  -3.189 0.0000000000
117301  33.050  29.974  -2.895 0.0000000000
117302  33.404  30.105  -2.600 0.0000000000
117303  32.841  30.082  -2.001 0.0000000000
117304  32.255  29.964  -1.337 0.0000000000
117305  33.473  30.299  -1.368 0.0000000000
117306  32.544  30.101  -1.001 0.0000000000
117307  31.728  29.834  -0.703 0.0000000000
117308  31.258  29.660  -0.077 0.0000000000
117309  30.829  29.431  0.559 0.0000000000
117310  30.502  29.162  1.174 0.0000000000
119842  34.890  24.042  10.394 0.0000000000
124871  29.229  25.247  -0.835 0.0000000000
124872  29.241  24.836  -1.146 0.0000000000
124873  29.407  24.271  -0.711 0.0000000000
124874  29.832  23.312  -0.662 0.0000000000
124875  30.450  22.351  -0.702 0.0000000000
124876  30.667  22.149  -0.048 0.0000000000
124877  30.979  21.747  -0.405 0.0000000000
124878  31.283  21.366  -0.767 0.0000000000
124879  32.259  20.492  -0.891 0.0000000000
124880  33.184  19.743  -1.048 0.0000000000
124881  34.004  19.044  -1.244 0.0000000000
124882  34.721  18.352  -1.480 0.0000000000
124883  34.342  18.713  -1.004 0.0000000000
124884  34.565  18.386  -0.749 0.0000000000
124885  34.752  18.006  -0.464 0.0000000000
124886  33.776  19.036  0.226 0.0000000000
124887  34.336  18.300  0.038 0.0000000000
124888  34.778  17.627  -0.201 0.0000000000
124893  31.696  29.353  4.520 0.0000000000
124895  30.882  28.288  5.312 0.0000000000
124896  30.437  27.675  5.496 0.0000000000
124897  30.657  27.221  6.416 0.0000000000
124898  30.362  27.108  6.027 0.0000000000
124899  30.104  26.956  5.613 0.0000000000
124900  29.845  26.202  5.687 0.0000000000
124901  29.703  25.340  5.747 0.0000000000
124902  29.629  24.443  5.734 0.0000000000
134350  29.279  26.688  -1.580 0.0000000000
134351  32.169  29.786  -2.594 0.0000000000
134352  31.390  29.513  -2.321 0.0000000000
134353  30.674  29.122  -2.052 0.0000000000
134354  30.581  29.100  -1.131 0.0000000000
134355  30.311  28.827  -1.453 0.0000000000
134356  30.063  28.569  -1.793 0.0000000000
134357  29.668  27.862  -1.553 0.0000000000
134358  29.407  27.087  -1.298 0.0000000000
134359  29.247  26.188  -1.044 0.0000000000
134360  29.240  25.697  -0.568 0.0000000000
134361  29.250  25.172  -0.122 0.0000000000
134362  29.396  24.494  0.326 0.0000000000
134363  29.246  25.893  0.609 0.0000000000
134364  29.310  24.918  0.702 0.0000000000
134365  29.614  23.899  0.724 0.0000000000
134366  29.887  23.341  1.098 0.0000000000
134367  30.202  22.809  1.451 0.0000000000
134368  30.540  22.295  1.803 0.0000000000
134369  31.210  24.908  9.023 0.0000000000
134370  30.839  24.891  8.666 0.0000000000
134371  30.889  24.226  9.072 0.0000000000
134372  30.636  23.467  9.101 0.0000000000
134373  30.434  22.648  9.046 0.0000000000
134374  30.798  22.113  9.760 0.0000000000
134375  30.533  21.943  9.366 0.0000000000
134376  30.340  21.805  8.946 0.0000000000
134377  30.304  20.968  8.820 0.0000000000
141058  38.168  30.960  -2.370 0.0000000000
141059  37.224  30.937  -1.790 0.0000000000
141060  36.299  30.896  -1.225 0.0000000000
141061  35.420  30.850  -0.722 0.0000000000
141062  35.714  30.974  -0.492 0.0000000000
141063  35.148  31.043  0.254 0.0000000000
141064  34.651  31.083  0.981 0.0000000000
141065  35.747  31.376  0.717 0.0000000000
141066  34.950  31.189  1.233 0.0000000000
141067  34.121  30.983  1.736 0.0000000000
141069  33.310  30.552  3.190 0.0000000000
141082  31.969  28.472  6.285 0.0000000000
141085  31.838  27.924  6.837 0.0000000000
141086  31.698  27.327  7.379 0.0000000000
141087  31.617  26.745  7.900 0.0000000000
141088  31.582  26.174  8.405 0.0000000000
141109  33.528  27.574  7.736 0.0000000000
141110  33.895  26.790  8.485 0.0000000000
141111  33.441  26.996  8.312 0.0000000000
141112  32.980  27.132  8.092 0.0000000000
141113  32.462  26.662  8.402 0.0000000000
141114  31.964  26.117  8.676 0.0000000000
141115  31.567  25.532  8.877 0.0000000000
141116  31.585  24.907  9.296 0.0000000000
141117  31.619  24.257  9.696 0.0000000000
141118  31.646  23.557  10.071 0.0000000000
141119  32.448  24.123  10.193 0.0000000000
141120  32.056  23.503  10.338 0.0000000000
141121  31.703  22.880  10.434 0.0000000000
141122  31.795  22.191  10.788 0.0000000000
141123  31.885  21.505  11.123 0.0000000000
141124  31.964  20.802  11.425 0.0000000000
141127  33.488  22.633  11.252 0.0000000000
141129  33.571  21.950  11.594 0.0000000000
141130  33.097  22.056  11.464 0.0000000000
141131  32.702  21.439  11.626 0.0000000000
141132  32.354  20.763  11.680 0.0000000000
154156  29.252  24.394  -1.407 0.0000000000
154177  35.997  16.506  -3.490 0.0000000000
154183  35.279  17.735  -1.698 0.0000000000
154201  34.549  30.767  -0.274 0.0000000000
154202  33.733  30.665  0.174 0.0000000000
154203  32.904  30.445  0.561 0.0000000000
154204  32.724  30.448  1.617 0.0000000000
154205  32.408  30.321  1.300 0.0000000000
154206  32.128  30.163  0.939 0.0000000000
154207  31.391  29.814  1.237 0.0000000000
154208  30.775  29.352  1.534 0.0000000000
154209  30.187  28.792  1.762 0.0000000000
154210  31.368  29.265  4.163 0.0000000000
154211  31.054  29.174  3.824 0.0000000000
154212  30.723  28.979  3.461 0.0000000000
154213  30.082  27.830  4.157 0.0000000000
154214  30.242  28.346  3.616 0.0000000000
154215  30.444  28.774  3.087 0.0000000000
154216  30.176  28.580  2.704 0.0000000000
154217  29.935  28.368  2.313 0.0000000000
154218  29.709  28.170  1.909 0.0000000000
154219  29.426  27.331  2.046 0.0000000000
154220  29.263  26.418  2.179 0.0000000000
154221  29.256  25.516  2.215 0.0000000000
154222  29.326  25.282  3.124 0.0000000000
154223  29.331  24.940  2.669 0.0000000000
154224  29.432  24.545  2.246 0.0000000000
154225  29.749  23.575  2.248 0.0000000000
154226  30.230  22.679  2.234 0.0000000000
154227  30.780  21.884  2.186 0.0000000000
154228  30.538  24.758  8.299 0.0000000000
154229  30.268  24.632  7.917 0.0000000000
154230  30.049  24.491  7.515 0.0000000000
154231  30.006  23.007  7.833 0.0000000000
154232  29.928  23.701  7.454 0.0000000000
154233  29.880  24.311  7.051 0.0000000000
154234  29.752  24.083  6.600 0.0000000000
154235  29.674  23.813  6.139 0.0000000000
154236  29.616  23.528  5.697 0.0000000000
154238  30.268  20.083  6.937 0.0000000000
154239  30.120  20.760  6.611 0.0000000000
154240  30.554  19.485  5.938 0.0000000000
154241  30.244  20.447  6.109 0.0000000000
154242  29.998  21.345  6.306 0.0000000000
154243  29.860  21.984  5.963 0.0000000000
154244  29.733  22.632  5.617 0.0000000000
154245  29.624  23.266  5.259 0.0000000000
154246  29.731  22.945  4.806 0.0000000000
154247  29.890  22.624  4.373 0.0000000000
154248  30.100  22.311  3.936 0.0000000000
154249  30.723  20.802  4.070 0.0000000000
154250  30.573  21.430  3.793 0.0000000000
154251  30.409  21.990  3.449 0.0000000000
154252  30.733  21.692  2.986 0.0000000000
154253  31.041  21.383  2.528 0.0000000000
154254  31.393  21.125  2.069 0.0000000000
154255  32.047  20.223  1.969 0.0000000000
154256  32.623  19.392  1.849 0.0000000000
154257  33.066  18.643  1.702 0.0000000000
