#!ascii label  , from subject fsaverage vox2ras=TkReg
1025
140  44.013  -77.009  18.842 0.0000000000
302  36.055  -75.851  38.789 0.0000000000
303  39.441  -71.220  29.087 0.0000000000
304  38.359  -81.798  26.544 0.0000000000
574  45.796  -65.425  28.436 0.0000000000
1268  46.467  -63.270  31.525 0.0000000000
1269  42.775  -65.872  32.285 0.0000000000
1270  42.357  -74.558  23.886 0.0000000000
1271  40.220  -69.080  25.504 0.0000000000
1696  39.542  -71.308  39.465 0.0000000000
1697  42.632  -70.489  34.301 0.0000000000
1698  38.643  -74.053  33.839 0.0000000000
1700  41.411  -78.790  22.505 0.0000000000
1701  40.043  -80.602  17.718 0.0000000000
1702  38.164  -82.357  21.142 0.0000000000
1933  37.040  -71.419  43.749 0.0000000000
2357  49.164  -62.389  27.356 0.0000000000
2359  43.726  -68.411  29.278 0.0000000000
2360  42.742  -65.580  25.401 0.0000000000
3190  43.360  -75.691  22.132 0.0000000000
3191  42.036  -73.173  22.357 0.0000000000
3192  43.507  -74.614  19.692 0.0000000000
3787  37.686  -73.724  39.597 0.0000000000
3788  39.032  -72.686  36.757 0.0000000000
3789  37.692  -75.358  36.356 0.0000000000
3792  39.680  -79.700  27.580 0.0000000000
3793  41.395  -78.082  25.643 0.0000000000
3794  39.859  -80.394  24.437 0.0000000000
3795  39.652  -80.855  21.634 0.0000000000
5245  45.816  -64.099  29.812 0.0000000000
5246  48.252  -63.201  29.434 0.0000000000
5247  47.291  -63.833  27.824 0.0000000000
5248  48.444  -63.379  25.633 0.0000000000
5249  46.234  -64.556  26.521 0.0000000000
5250  40.946  -70.503  31.998 0.0000000000
5251  43.633  -69.518  31.630 0.0000000000
5252  41.265  -69.367  29.855 0.0000000000
5254  41.293  -66.774  26.203 0.0000000000
6889  45.994  -61.835  35.784 0.0000000000
6890  46.928  -61.905  33.389 0.0000000000
6891  44.787  -62.876  33.630 0.0000000000
6892  44.024  -63.990  31.757 0.0000000000
6893  44.498  -65.681  30.240 0.0000000000
6895  40.136  -70.204  27.262 0.0000000000
6896  41.012  -71.778  24.365 0.0000000000
7799  41.672  -68.866  36.021 0.0000000000
7800  40.933  -70.786  36.586 0.0000000000
7801  40.536  -72.048  34.402 0.0000000000
7802  38.861  -72.445  31.535 0.0000000000
7806  41.847  -75.700  25.934 0.0000000000
7807  42.814  -76.864  23.891 0.0000000000
7808  42.887  -78.043  20.969 0.0000000000
7810  40.961  -79.835  20.045 0.0000000000
7811  39.239  -81.547  19.238 0.0000000000
8402  38.290  -71.808  41.769 0.0000000000
8403  36.342  -73.921  41.231 0.0000000000
9625  48.242  -61.858  31.423 0.0000000000
9628  49.521  -61.679  25.405 0.0000000000
9631  43.200  -68.197  33.515 0.0000000000
9632  44.654  -67.592  31.128 0.0000000000
9633  45.207  -67.051  28.766 0.0000000000
9634  41.510  -68.095  28.112 0.0000000000
9635  43.448  -67.175  27.268 0.0000000000
9636  44.794  -66.120  26.802 0.0000000000
9637  44.064  -64.375  25.283 0.0000000000
10869  41.283  -66.630  36.407 0.0000000000
10870  43.951  -76.381  20.565 0.0000000000
10871  43.525  -75.156  20.882 0.0000000000
10872  44.064  -75.796  19.357 0.0000000000
11467  36.854  -75.021  39.306 0.0000000000
11468  37.617  -74.607  38.058 0.0000000000
11469  36.966  -75.719  37.693 0.0000000000
11472  39.091  -80.902  27.158 0.0000000000
11473  39.913  -80.118  26.239 0.0000000000
11474  39.185  -81.341  25.583 0.0000000000
11475  39.168  -81.371  24.150 0.0000000000
11476  38.372  -81.943  25.123 0.0000000000
12925  45.698  -64.805  29.069 0.0000000000
12926  46.635  -64.038  28.831 0.0000000000
12927  46.398  -64.573  28.272 0.0000000000
12928  46.917  -64.168  27.164 0.0000000000
12929  46.113  -65.026  27.488 0.0000000000
12930  39.858  -70.503  30.707 0.0000000000
12931  41.079  -69.746  30.779 0.0000000000
12932  40.066  -70.056  29.578 0.0000000000
15328  44.106  -64.801  30.842 0.0000000000
15329  43.647  -65.764  31.225 0.0000000000
15330  41.801  -73.737  24.936 0.0000000000
17120  49.915  -60.853  21.746 0.0000000000
17122  40.187  -70.205  39.155 0.0000000000
17123  40.691  -69.962  37.698 0.0000000000
17124  40.104  -70.916  37.919 0.0000000000
17125  38.947  -73.499  35.346 0.0000000000
17126  39.829  -72.386  35.509 0.0000000000
17127  39.445  -72.858  34.158 0.0000000000
17128  39.652  -72.072  33.124 0.0000000000
17129  38.755  -73.144  32.702 0.0000000000
17139  41.041  -76.314  26.975 0.0000000000
17140  41.421  -78.384  24.252 0.0000000000
17141  42.178  -77.387  24.852 0.0000000000
17142  42.375  -77.954  23.425 0.0000000000
17143  43.041  -77.589  22.491 0.0000000000
17144  42.286  -78.512  21.808 0.0000000000
17145  42.029  -78.895  20.476 0.0000000000
17146  41.252  -79.264  21.196 0.0000000000
17147  38.941  -81.680  21.417 0.0000000000
17148  39.482  -81.172  20.446 0.0000000000
17149  38.825  -81.955  20.137 0.0000000000
17150  38.569  -82.410  18.920 0.0000000000
17151  38.049  -82.670  19.877 0.0000000000
18465  46.582  -61.862  37.890 0.0000000000
18497  37.914  -70.614  43.954 0.0000000000
18498  38.504  -70.803  42.946 0.0000000000
18499  37.688  -71.670  42.814 0.0000000000
18500  37.310  -72.919  41.687 0.0000000000
18501  36.750  -72.645  42.443 0.0000000000
21495  46.705  -62.665  32.401 0.0000000000
21496  47.530  -62.010  32.387 0.0000000000
21497  47.689  -62.798  31.413 0.0000000000
21498  48.759  -62.785  28.412 0.0000000000
21499  49.035  -62.250  29.282 0.0000000000
21500  49.058  -61.706  28.389 0.0000000000
21502  49.104  -61.279  27.368 0.0000000000
21504  49.401  -62.050  26.297 0.0000000000
21510  42.307  -69.710  35.223 0.0000000000
21511  42.386  -68.610  34.764 0.0000000000
21512  43.208  -69.429  34.143 0.0000000000
21513  43.786  -68.982  30.379 0.0000000000
21514  44.502  -68.599  31.382 0.0000000000
21515  44.669  -68.184  30.109 0.0000000000
21516  44.964  -67.245  29.903 0.0000000000
21517  44.548  -67.747  28.950 0.0000000000
21518  40.338  -69.682  26.342 0.0000000000
21519  40.568  -69.014  27.884 0.0000000000
21520  40.720  -68.414  26.902 0.0000000000
21521  42.091  -66.121  25.942 0.0000000000
21522  42.375  -66.839  26.812 0.0000000000
21523  43.275  -66.419  26.259 0.0000000000
21524  44.352  -66.653  26.903 0.0000000000
21525  43.969  -65.897  25.939 0.0000000000
21526  44.499  -65.349  25.987 0.0000000000
21527  43.438  -64.991  25.236 0.0000000000
21577  40.943  -79.625  18.145 0.0000000000
21578  41.250  -78.707  17.289 0.0000000000
21579  40.109  -79.697  16.986 0.0000000000
24174  42.934  -75.041  23.130 0.0000000000
24175  42.268  -73.872  23.117 0.0000000000
24176  42.908  -74.445  22.184 0.0000000000
24177  42.636  -73.901  21.074 0.0000000000
25249  38.588  -72.416  39.645 0.0000000000
25250  39.215  -71.904  38.160 0.0000000000
25251  38.332  -73.191  38.238 0.0000000000
25252  38.269  -74.049  36.724 0.0000000000
25253  38.280  -74.750  35.089 0.0000000000
25259  40.913  -77.576  26.877 0.0000000000
25260  40.533  -78.870  26.576 0.0000000000
25261  40.634  -79.176  25.110 0.0000000000
25262  40.524  -79.355  23.427 0.0000000000
25263  40.460  -79.703  21.965 0.0000000000
25264  39.794  -80.488  23.006 0.0000000000
25265  39.068  -81.525  22.729 0.0000000000
25266  38.233  -82.192  22.476 0.0000000000
27873  46.160  -63.647  30.593 0.0000000000
27874  47.413  -63.401  30.451 0.0000000000
27875  47.003  -63.677  29.612 0.0000000000
27876  47.730  -63.479  28.567 0.0000000000
27877  48.215  -63.283  27.508 0.0000000000
27878  48.902  -63.129  26.317 0.0000000000
27879  47.858  -63.580  26.734 0.0000000000
27880  47.288  -63.839  26.067 0.0000000000
27881  46.399  -63.841  25.627 0.0000000000
27882  42.130  -70.794  33.131 0.0000000000
27883  43.248  -70.110  32.995 0.0000000000
27884  42.334  -70.007  31.801 0.0000000000
27885  42.465  -69.454  30.699 0.0000000000
27886  42.547  -68.904  29.737 0.0000000000
27888  40.576  -67.760  26.054 0.0000000000
27891  41.576  -65.360  25.020 0.0000000000
27892  42.166  -64.690  24.591 0.0000000000
31435  47.251  -61.228  35.830 0.0000000000
31436  47.435  -61.148  34.630 0.0000000000
31437  46.466  -61.739  34.509 0.0000000000
31438  45.878  -62.442  33.510 0.0000000000
31439  45.578  -63.056  32.552 0.0000000000
31441  44.372  -63.415  32.786 0.0000000000
31442  45.251  -63.537  31.616 0.0000000000
31443  44.941  -64.016  30.667 0.0000000000
31444  44.931  -64.776  29.908 0.0000000000
31445  45.230  -65.589  29.290 0.0000000000
31446  39.706  -72.120  27.505 0.0000000000
31447  39.743  -70.705  28.179 0.0000000000
31448  40.227  -71.565  26.658 0.0000000000
31449  40.585  -70.981  25.727 0.0000000000
33781  49.809  -60.349  21.038 0.0000000000
33785  41.255  -67.906  36.955 0.0000000000
33786  41.038  -68.902  37.400 0.0000000000
33787  41.362  -69.866  36.401 0.0000000000
33788  41.780  -70.682  35.467 0.0000000000
33789  40.042  -71.546  36.677 0.0000000000
33790  41.057  -71.572  35.496 0.0000000000
33791  41.742  -71.332  34.345 0.0000000000
33792  40.781  -71.357  33.175 0.0000000000
33793  39.730  -71.259  31.979 0.0000000000
33794  39.150  -71.775  30.297 0.0000000000
33795  37.016  -76.458  35.981 0.0000000000
33796  37.583  -75.954  34.756 0.0000000000
33801  38.353  -73.787  30.961 0.0000000000
33804  40.318  -73.612  27.205 0.0000000000
33805  41.525  -74.362  26.018 0.0000000000
33806  42.278  -75.165  24.865 0.0000000000
33807  41.820  -76.891  26.016 0.0000000000
33808  42.430  -76.326  25.000 0.0000000000
33809  42.745  -75.686  24.022 0.0000000000
33810  43.201  -76.278  22.945 0.0000000000
33811  43.523  -76.994  21.619 0.0000000000
33812  43.641  -77.458  19.952 0.0000000000
33814  42.685  -78.362  19.645 0.0000000000
33815  41.621  -79.332  19.283 0.0000000000
33816  40.559  -80.349  18.883 0.0000000000
33817  40.282  -80.297  20.770 0.0000000000
33818  40.042  -80.800  19.632 0.0000000000
33819  39.671  -81.136  18.522 0.0000000000
35448  47.700  -60.931  36.844 0.0000000000
35449  46.867  -61.489  36.764 0.0000000000
35450  45.722  -62.087  36.856 0.0000000000
35452  45.050  -62.403  39.169 0.0000000000
35454  43.270  -62.911  37.368 0.0000000000
35486  40.158  -69.330  40.207 0.0000000000
35487  39.718  -70.536  40.551 0.0000000000
35488  39.235  -69.791  43.000 0.0000000000
35489  39.108  -70.755  41.782 0.0000000000
35490  38.928  -71.657  40.690 0.0000000000
35491  37.920  -72.834  40.719 0.0000000000
35492  37.005  -74.143  40.531 0.0000000000
35493  36.074  -75.101  39.991 0.0000000000
35499  36.240  -72.112  42.870 0.0000000000
35500  35.852  -73.298  41.606 0.0000000000
39112  48.615  -62.726  30.318 0.0000000000
39120  49.608  -61.378  24.425 0.0000000000
39121  49.477  -62.762  25.244 0.0000000000
39122  49.761  -62.501  24.283 0.0000000000
39123  49.866  -61.967  23.463 0.0000000000
39128  42.161  -67.341  34.136 0.0000000000
39129  42.961  -67.031  32.832 0.0000000000
39130  44.057  -68.999  32.729 0.0000000000
39131  44.059  -67.882  32.263 0.0000000000
39132  43.794  -66.819  31.716 0.0000000000
39133  44.480  -66.653  30.639 0.0000000000
39134  45.040  -66.446  29.650 0.0000000000
39135  45.497  -66.262  28.633 0.0000000000
39136  40.309  -69.525  28.753 0.0000000000
39137  41.471  -68.784  29.073 0.0000000000
39138  42.512  -68.232  28.840 0.0000000000
39139  41.462  -67.468  27.146 0.0000000000
39140  42.456  -67.571  27.834 0.0000000000
39141  43.580  -67.851  28.312 0.0000000000
39142  44.551  -67.291  27.841 0.0000000000
39143  45.104  -66.716  27.740 0.0000000000
39144  45.605  -65.900  27.598 0.0000000000
39145  45.360  -65.390  26.740 0.0000000000
39146  45.155  -64.585  25.968 0.0000000000
41590  44.131  -76.648  19.718 0.0000000000
41591  44.126  -76.073  19.973 0.0000000000
41592  44.168  -76.399  19.144 0.0000000000
41593  44.259  -76.104  18.535 0.0000000000
42187  36.454  -75.477  39.062 0.0000000000
42188  36.956  -75.385  38.539 0.0000000000
42189  36.556  -75.835  38.301 0.0000000000
42192  38.742  -81.442  26.865 0.0000000000
42193  39.235  -81.169  26.408 0.0000000000
42194  38.819  -81.689  26.137 0.0000000000
42195  38.769  -81.732  25.393 0.0000000000
42196  38.384  -81.924  25.874 0.0000000000
43645  45.778  -65.116  28.774 0.0000000000
43646  46.109  -64.708  28.682 0.0000000000
43647  46.075  -64.996  28.326 0.0000000000
43648  46.295  -64.820  27.908 0.0000000000
43649  45.989  -65.271  27.948 0.0000000000
43650  39.591  -70.807  29.914 0.0000000000
43651  39.938  -70.201  30.131 0.0000000000
43652  39.674  -70.574  29.367 0.0000000000
46048  43.310  -65.315  31.527 0.0000000000
46049  43.207  -65.820  31.744 0.0000000000
46050  42.092  -74.206  24.363 0.0000000000
46051  41.761  -73.463  24.451 0.0000000000
46052  42.030  -73.946  23.923 0.0000000000
47840  50.008  -60.926  22.668 0.0000000000
47841  50.025  -61.170  23.097 0.0000000000
47842  39.917  -70.723  39.255 0.0000000000
47843  40.157  -70.579  38.521 0.0000000000
47844  39.808  -71.089  38.675 0.0000000000
47845  38.889  -73.866  34.585 0.0000000000
47846  39.225  -73.223  34.772 0.0000000000
47847  39.024  -73.418  33.980 0.0000000000
47848  39.127  -72.952  33.421 0.0000000000
47849  38.705  -73.599  33.261 0.0000000000
47860  41.427  -78.547  23.402 0.0000000000
47861  41.904  -78.144  23.878 0.0000000000
47862  41.932  -78.374  23.000 0.0000000000
47863  42.410  -78.278  22.630 0.0000000000
47864  41.874  -78.674  22.142 0.0000000000
47865  41.777  -78.877  21.499 0.0000000000
47866  41.357  -79.039  21.826 0.0000000000
47867  38.555  -82.044  21.284 0.0000000000
47868  38.868  -81.814  20.763 0.0000000000
47869  38.486  -82.192  20.654 0.0000000000
47870  38.446  -82.331  20.039 0.0000000000
47871  38.084  -82.530  20.500 0.0000000000
49185  46.881  -61.807  38.880 0.0000000000
49217  37.529  -71.012  43.869 0.0000000000
49218  37.822  -71.130  43.397 0.0000000000
49219  37.344  -71.597  43.304 0.0000000000
49220  37.179  -72.187  42.707 0.0000000000
49221  36.914  -72.028  43.066 0.0000000000
52215  46.641  -62.939  31.894 0.0000000000
52216  47.169  -62.725  31.878 0.0000000000
52217  47.109  -63.076  31.423 0.0000000000
52218  48.928  -62.573  27.882 0.0000000000
52219  49.090  -62.227  28.369 0.0000000000
52220  49.164  -62.027  27.891 0.0000000000
52221  49.071  -61.471  27.905 0.0000000000
52222  49.214  -61.836  27.384 0.0000000000
52223  49.302  -61.671  26.864 0.0000000000
52224  49.275  -62.218  26.820 0.0000000000
52230  42.539  -70.122  34.789 0.0000000000
52231  42.763  -69.597  34.665 0.0000000000
52232  42.944  -70.022  34.260 0.0000000000
52233  43.743  -68.709  29.771 0.0000000000
52234  44.310  -68.623  30.203 0.0000000000
52235  44.287  -68.394  29.655 0.0000000000
52236  44.608  -67.970  29.503 0.0000000000
52237  44.184  -68.110  29.106 0.0000000000
52238  40.320  -69.392  25.942 0.0000000000
52239  40.407  -69.028  26.711 0.0000000000
52240  40.399  -68.721  26.256 0.0000000000
52241  42.459  -65.866  25.651 0.0000000000
52242  42.689  -66.265  26.092 0.0000000000
52243  43.037  -66.007  25.822 0.0000000000
52244  43.632  -66.130  26.015 0.0000000000
52245  43.368  -65.733  25.626 0.0000000000
52246  43.698  -65.463  25.557 0.0000000000
52247  43.093  -65.303  25.229 0.0000000000
52297  40.459  -80.139  17.939 0.0000000000
52298  40.541  -79.712  17.534 0.0000000000
52299  40.104  -80.221  17.345 0.0000000000
55650  43.175  -75.390  22.647 0.0000000000
55651  42.941  -74.721  22.702 0.0000000000
55652  43.173  -75.094  22.184 0.0000000000
55653  43.592  -74.851  20.261 0.0000000000
55654  43.159  -74.548  20.968 0.0000000000
57442  38.142  -73.000  39.627 0.0000000000
57443  38.472  -72.770  38.930 0.0000000000
57444  37.989  -73.483  38.930 0.0000000000
57445  37.653  -75.011  37.210 0.0000000000
57446  37.990  -74.343  37.375 0.0000000000
57447  38.000  -74.741  36.560 0.0000000000
57448  38.298  -74.432  35.891 0.0000000000
57449  38.000  -75.066  35.757 0.0000000000
57460  39.890  -80.299  25.360 0.0000000000
57461  40.255  -79.652  25.637 0.0000000000
57462  40.204  -79.809  24.810 0.0000000000
57463  40.596  -79.284  24.284 0.0000000000
57464  40.181  -79.870  23.913 0.0000000000
57465  40.155  -79.922  23.175 0.0000000000
57466  39.835  -80.433  23.712 0.0000000000
57467  38.764  -81.776  23.962 0.0000000000
57468  39.110  -81.424  23.430 0.0000000000
57469  38.711  -81.817  23.290 0.0000000000
57470  38.661  -81.883  22.620 0.0000000000
61815  45.940  -63.854  30.195 0.0000000000
61816  46.550  -63.700  30.163 0.0000000000
61817  46.389  -63.863  29.708 0.0000000000
61818  47.005  -63.927  28.347 0.0000000000
61819  47.172  -63.748  28.690 0.0000000000
61820  47.441  -63.642  28.189 0.0000000000
61821  47.963  -63.376  28.041 0.0000000000
61822  47.739  -63.561  27.658 0.0000000000
61823  48.024  -63.488  27.110 0.0000000000
61824  47.572  -63.721  27.295 0.0000000000
61825  46.614  -64.389  26.844 0.0000000000
61826  47.098  -64.010  26.620 0.0000000000
61827  46.747  -64.137  26.314 0.0000000000
61828  46.877  -63.896  25.793 0.0000000000
61829  46.333  -64.234  26.024 0.0000000000
61830  41.581  -70.682  32.581 0.0000000000
61831  42.214  -70.412  32.418 0.0000000000
61832  41.640  -70.220  31.919 0.0000000000
61833  41.197  -69.573  30.280 0.0000000000
61834  41.714  -69.509  30.748 0.0000000000
61835  41.826  -69.371  30.266 0.0000000000
61836  42.494  -69.176  30.180 0.0000000000
61837  41.901  -69.142  29.843 0.0000000000
69007  46.616  -61.483  35.811 0.0000000000
69009  46.260  -61.721  35.143 0.0000000000
69014  45.183  -62.955  33.075 0.0000000000
69020  44.150  -63.714  32.284 0.0000000000
69021  44.793  -63.510  32.194 0.0000000000
69022  44.648  -63.697  31.675 0.0000000000
69023  45.087  -63.763  31.129 0.0000000000
69024  44.515  -64.012  31.195 0.0000000000
69025  44.279  -65.250  30.482 0.0000000000
69026  44.478  -64.763  30.379 0.0000000000
69027  44.650  -65.216  30.041 0.0000000000
69028  45.021  -65.184  29.569 0.0000000000
69029  44.847  -65.641  29.755 0.0000000000
69030  40.260  -72.555  26.890 0.0000000000
69032  40.520  -72.255  26.378 0.0000000000
69033  41.097  -72.025  24.786 0.0000000000
69034  40.827  -71.574  25.472 0.0000000000
69036  40.577  -70.703  25.331 0.0000000000
69038  42.166  -73.539  22.724 0.0000000000
74410  40.828  -70.392  37.201 0.0000000000
74411  40.982  -69.893  37.029 0.0000000000
74412  41.174  -70.336  36.495 0.0000000000
74413  41.600  -70.306  35.955 0.0000000000
74414  41.346  -70.734  36.007 0.0000000000
74415  39.042  -72.280  37.510 0.0000000000
74416  39.591  -71.657  37.432 0.0000000000
74417  39.523  -72.114  36.723 0.0000000000
74418  40.224  -72.260  34.975 0.0000000000
74419  40.498  -71.941  35.564 0.0000000000
74420  40.882  -71.862  35.000 0.0000000000
74421  41.513  -71.465  34.977 0.0000000000
74422  41.188  -71.675  34.366 0.0000000000
74423  41.327  -71.404  33.754 0.0000000000
74424  40.723  -71.736  33.770 0.0000000000
74425  39.204  -72.173  32.374 0.0000000000
74426  39.682  -71.665  32.537 0.0000000000
74427  39.256  -71.810  31.769 0.0000000000
74428  39.368  -71.463  31.163 0.0000000000
74429  38.982  -72.116  30.913 0.0000000000
74431  36.627  -76.476  36.529 0.0000000000
74432  36.697  -76.876  35.710 0.0000000000
74436  37.767  -75.597  34.066 0.0000000000
74451  39.038  -73.012  29.081 0.0000000000
74452  39.429  -73.502  28.289 0.0000000000
74455  41.351  -75.349  26.446 0.0000000000
74456  41.185  -74.694  26.514 0.0000000000
74457  41.739  -75.040  25.929 0.0000000000
74458  42.052  -74.711  25.403 0.0000000000
74459  42.141  -75.433  25.389 0.0000000000
74460  41.233  -77.872  26.269 0.0000000000
74461  41.390  -77.218  26.463 0.0000000000
74462  41.663  -77.513  25.854 0.0000000000
74463  42.528  -77.124  24.371 0.0000000000
74464  42.396  -76.861  24.961 0.0000000000
74465  42.629  -76.572  24.476 0.0000000000
74466  42.615  -76.017  24.503 0.0000000000
74467  42.824  -76.268  24.035 0.0000000000
74468  43.017  -75.943  23.535 0.0000000000
74469  43.044  -76.599  23.387 0.0000000000
74470  43.003  -77.864  21.704 0.0000000000
74471  43.262  -77.292  22.044 0.0000000000
74472  43.267  -77.606  21.264 0.0000000000
74473  43.621  -77.255  20.792 0.0000000000
74474  43.270  -77.754  20.498 0.0000000000
74475  43.180  -77.916  19.793 0.0000000000
74476  42.826  -78.195  20.316 0.0000000000
74477  41.506  -79.320  20.218 0.0000000000
74478  41.842  -79.111  19.851 0.0000000000
74479  41.297  -79.616  19.655 0.0000000000
74480  41.054  -79.861  19.093 0.0000000000
74481  40.751  -80.151  19.479 0.0000000000
74482  40.036  -80.310  21.781 0.0000000000
74483  40.371  -80.015  21.347 0.0000000000
74484  39.944  -80.591  21.174 0.0000000000
74485  39.382  -81.342  19.845 0.0000000000
74486  39.757  -80.959  20.039 0.0000000000
74487  39.620  -81.117  19.484 0.0000000000
74488  39.881  -80.980  19.066 0.0000000000
74489  39.473  -81.339  18.876 0.0000000000
74490  39.288  -81.488  18.289 0.0000000000
74491  39.088  -81.760  18.634 0.0000000000
78434  47.604  -61.047  37.302 0.0000000000
78435  47.318  -61.222  36.766 0.0000000000
78436  47.192  -61.321  37.304 0.0000000000
78437  46.015  -62.117  37.925 0.0000000000
78438  46.171  -62.005  37.385 0.0000000000
78448  43.710  -62.742  37.754 0.0000000000
78449  43.045  -62.955  37.914 0.0000000000
78450  42.669  -63.196  37.494 0.0000000000
78530  39.979  -69.949  40.342 0.0000000000
78531  39.692  -70.117  41.075 0.0000000000
78535  38.409  -71.318  42.336 0.0000000000
78536  38.816  -70.832  42.384 0.0000000000
78537  38.710  -71.301  41.779 0.0000000000
78538  39.020  -71.216  41.197 0.0000000000
78539  38.601  -71.787  41.226 0.0000000000
78540  38.440  -72.217  40.726 0.0000000000
78541  38.100  -72.332  41.261 0.0000000000
78542  36.825  -73.492  41.484 0.0000000000
78543  37.142  -73.562  41.091 0.0000000000
78544  36.658  -74.116  40.898 0.0000000000
78545  36.515  -74.678  40.292 0.0000000000
78546  36.177  -74.542  40.658 0.0000000000
78561  36.015  -71.718  42.921 0.0000000000
78562  35.810  -72.335  42.296 0.0000000000
78563  36.043  -72.731  42.212 0.0000000000
87525  47.197  -61.458  33.964 0.0000000000
87527  47.337  -61.506  33.457 0.0000000000
87528  47.903  -62.002  31.898 0.0000000000
87533  47.858  -63.358  29.953 0.0000000000
87534  48.045  -63.154  30.386 0.0000000000
87535  48.473  -62.997  29.838 0.0000000000
87536  48.949  -61.676  29.339 0.0000000000
87537  48.946  -61.933  29.813 0.0000000000
87550  49.306  -61.289  25.949 0.0000000000
87552  49.225  -61.155  25.481 0.0000000000
87554  49.494  -61.526  24.955 0.0000000000
87555  48.724  -63.291  25.961 0.0000000000
87556  49.185  -62.907  25.790 0.0000000000
87557  48.978  -63.139  25.424 0.0000000000
87561  49.788  -62.266  23.852 0.0000000000
87570  41.393  -68.381  36.463 0.0000000000
87571  41.428  -67.775  36.218 0.0000000000
87572  41.617  -68.243  35.810 0.0000000000
87573  42.816  -68.376  34.108 0.0000000000
87574  42.274  -67.972  34.435 0.0000000000
87575  42.611  -67.776  33.783 0.0000000000
87576  42.537  -67.188  33.427 0.0000000000
87577  43.081  -67.600  33.149 0.0000000000
87578  43.501  -69.820  32.282 0.0000000000
87579  43.758  -69.566  32.903 0.0000000000
87580  44.013  -69.357  32.176 0.0000000000
87581  44.662  -68.087  31.264 0.0000000000
87582  44.453  -68.244  31.873 0.0000000000
87583  44.431  -67.751  31.683 0.0000000000
87584  43.948  -67.360  31.994 0.0000000000
87585  44.280  -67.225  31.458 0.0000000000
87586  44.146  -66.725  31.204 0.0000000000
87587  44.560  -67.124  30.941 0.0000000000
87588  45.072  -67.143  29.319 0.0000000000
87589  45.023  -66.835  29.810 0.0000000000
87590  45.211  -66.764  29.239 0.0000000000
87591  45.307  -66.364  29.145 0.0000000000
87592  45.342  -66.658  28.712 0.0000000000
87593  39.929  -70.469  27.747 0.0000000000
87594  39.963  -70.079  28.491 0.0000000000
87595  40.102  -69.788  28.044 0.0000000000
87596  40.992  -68.516  28.056 0.0000000000
87597  40.938  -68.836  28.533 0.0000000000
87598  41.481  -68.443  28.589 0.0000000000
87599  42.023  -68.460  28.973 0.0000000000
87600  42.010  -68.127  28.521 0.0000000000
87601  40.932  -67.250  26.170 0.0000000000
87602  41.020  -67.557  26.639 0.0000000000
87603  41.428  -67.127  26.659 0.0000000000
87604  42.880  -67.003  27.026 0.0000000000
87605  42.411  -67.159  27.323 0.0000000000
87606  42.937  -67.370  27.569 0.0000000000
87607  43.017  -67.743  28.085 0.0000000000
87608  43.483  -67.523  27.816 0.0000000000
87609  44.051  -67.588  28.076 0.0000000000
87610  44.031  -67.275  27.530 0.0000000000
87611  44.564  -66.428  26.847 0.0000000000
87612  44.748  -66.715  27.301 0.0000000000
87613  44.968  -66.431  27.253 0.0000000000
87614  45.369  -66.333  27.659 0.0000000000
87615  45.198  -66.064  27.196 0.0000000000
87616  45.460  -65.657  27.159 0.0000000000
87617  45.062  -65.761  26.772 0.0000000000
87618  44.264  -64.882  25.613 0.0000000000
87619  44.778  -64.982  25.998 0.0000000000
87620  44.586  -64.516  25.655 0.0000000000
87621  45.100  -64.132  25.587 0.0000000000
87775  40.715  -78.680  16.760 0.0000000000
87776  41.334  -78.281  16.833 0.0000000000
93294  43.674  -76.038  21.391 0.0000000000
93295  43.442  -75.460  21.542 0.0000000000
93296  43.795  -75.766  20.763 0.0000000000
93297  43.885  -75.448  20.123 0.0000000000
93298  43.827  -75.217  19.525 0.0000000000
93299  43.830  -74.866  19.007 0.0000000000
93300  44.114  -75.480  18.810 0.0000000000
94369  37.242  -74.481  39.514 0.0000000000
94370  37.578  -74.186  38.861 0.0000000000
94371  37.257  -74.829  38.723 0.0000000000
94372  37.308  -75.204  37.890 0.0000000000
94373  37.304  -75.568  37.010 0.0000000000
94377  38.868  -80.560  27.929 0.0000000000
94378  39.403  -80.267  27.411 0.0000000000
94379  39.865  -79.904  26.872 0.0000000000
94380  39.559  -80.525  26.666 0.0000000000
94381  39.592  -80.774  25.898 0.0000000000
94382  39.554  -80.886  24.990 0.0000000000
94383  39.526  -80.903  24.280 0.0000000000
94384  39.160  -81.380  24.867 0.0000000000
94385  38.765  -81.723  24.654 0.0000000000
94386  38.376  -81.973  24.451 0.0000000000
96993  45.739  -64.442  29.447 0.0000000000
96994  46.239  -64.092  29.341 0.0000000000
96995  46.102  -64.369  29.035 0.0000000000
96996  46.525  -64.305  28.546 0.0000000000
96997  46.862  -64.155  28.018 0.0000000000
96998  47.133  -64.019  27.477 0.0000000000
96999  46.690  -64.389  27.732 0.0000000000
97000  46.479  -64.594  27.428 0.0000000000
97001  46.163  -64.824  27.019 0.0000000000
97002  40.350  -70.425  31.395 0.0000000000
97003  41.022  -70.067  31.383 0.0000000000
97004  40.436  -70.066  30.789 0.0000000000
97005  40.508  -69.860  30.229 0.0000000000
97006  40.627  -69.660  29.750 0.0000000000
101317  43.531  -64.386  31.826 0.0000000000
101318  44.013  -64.378  31.276 0.0000000000
101319  43.605  -64.814  31.343 0.0000000000
101320  43.824  -65.267  30.991 0.0000000000
101321  44.094  -65.700  30.701 0.0000000000
101322  41.375  -73.362  25.592 0.0000000000
101323  41.047  -72.640  25.707 0.0000000000
104545  50.109  -60.664  22.247 0.0000000000
104546  49.963  -61.173  22.063 0.0000000000
104548  40.368  -69.602  39.012 0.0000000000
104549  40.578  -69.501  38.252 0.0000000000
104550  40.448  -70.066  38.387 0.0000000000
104551  40.482  -70.468  37.832 0.0000000000
104552  40.483  -70.813  37.250 0.0000000000
104553  38.977  -73.078  36.087 0.0000000000
104554  39.413  -72.528  36.091 0.0000000000
104555  39.335  -72.902  35.452 0.0000000000
104556  39.671  -72.706  34.880 0.0000000000
104557  39.942  -72.412  34.344 0.0000000000
104558  40.131  -72.088  33.760 0.0000000000
104559  39.581  -72.474  33.669 0.0000000000
104560  39.189  -72.563  32.928 0.0000000000
104561  38.763  -72.793  32.108 0.0000000000
104579  41.447  -75.990  26.476 0.0000000000
104580  41.434  -78.244  24.958 0.0000000000
104581  41.830  -77.736  25.252 0.0000000000
104582  41.833  -77.913  24.602 0.0000000000
104583  42.287  -77.668  24.191 0.0000000000
104584  42.685  -77.475  23.723 0.0000000000
104585  42.972  -77.234  23.212 0.0000000000
104586  42.777  -77.798  23.000 0.0000000000
104587  42.746  -78.086  22.187 0.0000000000
104588  42.645  -78.307  21.410 0.0000000000
104589  42.488  -78.467  20.734 0.0000000000
104590  42.178  -78.683  21.161 0.0000000000
104591  41.652  -79.073  20.878 0.0000000000
104592  41.137  -79.501  20.629 0.0000000000
104593  39.316  -81.279  21.536 0.0000000000
104594  39.575  -81.014  21.030 0.0000000000
104595  39.227  -81.407  20.899 0.0000000000
104596  39.170  -81.566  20.242 0.0000000000
104597  39.047  -81.755  19.637 0.0000000000
104598  38.898  -81.969  19.070 0.0000000000
104599  38.720  -82.149  19.555 0.0000000000
104600  38.360  -82.524  19.398 0.0000000000
104601  37.949  -82.889  19.227 0.0000000000
106967  46.431  -62.036  38.424 0.0000000000
107023  38.254  -70.205  44.067 0.0000000000
107024  38.602  -70.303  43.577 0.0000000000
107025  38.184  -70.732  43.456 0.0000000000
107026  38.117  -71.222  42.877 0.0000000000
107027  38.071  -71.703  42.277 0.0000000000
107028  37.831  -72.319  41.758 0.0000000000
107029  37.521  -72.253  42.230 0.0000000000
107030  37.006  -72.803  42.075 0.0000000000
107031  36.526  -73.280  41.819 0.0000000000
112419  46.773  -62.297  32.901 0.0000000000
112420  47.199  -61.967  32.900 0.0000000000
112421  47.162  -62.402  32.389 0.0000000000
112422  47.592  -62.426  31.886 0.0000000000
112423  48.087  -62.411  31.391 0.0000000000
112424  48.574  -62.937  28.891 0.0000000000
112425  48.846  -62.712  29.290 0.0000000000
112426  48.969  -62.471  28.823 0.0000000000
112427  49.090  -61.993  28.816 0.0000000000
112428  48.930  -61.412  28.861 0.0000000000
112430  48.847  -61.197  28.370 0.0000000000
112431  48.874  -60.957  27.826 0.0000000000
112432  48.834  -60.742  27.322 0.0000000000
112434  49.132  -61.058  26.889 0.0000000000
112435  49.294  -61.482  26.355 0.0000000000
112436  49.496  -61.867  25.813 0.0000000000
112446  41.961  -69.289  35.639 0.0000000000
112447  41.996  -68.741  35.417 0.0000000000
112448  42.402  -69.171  35.079 0.0000000000
112449  42.873  -69.009  34.444 0.0000000000
112450  43.284  -68.828  33.866 0.0000000000
112451  43.712  -69.234  30.991 0.0000000000
112452  44.141  -69.094  31.505 0.0000000000
112453  44.253  -68.849  30.841 0.0000000000
112454  44.675  -68.408  30.731 0.0000000000
112455  44.799  -67.891  30.677 0.0000000000
112456  44.824  -67.444  30.555 0.0000000000
112457  44.863  -67.701  30.048 0.0000000000
112458  44.863  -67.523  29.409 0.0000000000
112459  44.899  -67.367  28.846 0.0000000000
112460  40.283  -69.926  26.787 0.0000000000
112461  40.279  -69.554  27.584 0.0000000000
112462  40.370  -69.299  27.136 0.0000000000
112463  40.660  -68.720  27.365 0.0000000000
112464  41.051  -68.213  27.532 0.0000000000
112465  41.682  -66.398  26.131 0.0000000000
112466  41.846  -66.738  26.595 0.0000000000
112467  42.252  -66.481  26.372 0.0000000000
112468  42.810  -66.638  26.523 0.0000000000
112469  43.408  -66.830  26.710 0.0000000000
112470  43.973  -66.949  26.998 0.0000000000
112471  43.845  -66.558  26.514 0.0000000000
112472  44.143  -66.313  26.438 0.0000000000
112473  44.380  -66.085  26.411 0.0000000000
112474  44.673  -65.781  26.382 0.0000000000
112475  44.232  -65.645  25.963 0.0000000000
112476  43.999  -65.182  25.596 0.0000000000
112477  43.744  -64.686  25.251 0.0000000000
112567  41.553  -79.084  18.361 0.0000000000
112568  41.729  -78.689  17.870 0.0000000000
112569  41.144  -79.173  17.747 0.0000000000
112570  40.633  -79.186  17.173 0.0000000000
117846  42.699  -74.791  23.520 0.0000000000
117847  42.351  -74.218  23.492 0.0000000000
117848  42.650  -74.444  23.144 0.0000000000
117849  42.562  -74.115  22.719 0.0000000000
117850  42.457  -73.797  22.271 0.0000000000
117851  43.166  -74.859  21.563 0.0000000000
117852  42.756  -74.197  21.633 0.0000000000
117853  42.327  -73.526  21.738 0.0000000000
117854  42.184  -73.245  21.150 0.0000000000
120355  39.067  -71.867  39.598 0.0000000000
120356  39.407  -71.609  38.819 0.0000000000
120357  38.880  -72.153  38.898 0.0000000000
120358  38.743  -72.517  38.219 0.0000000000
120359  38.603  -72.903  37.542 0.0000000000
120360  37.922  -73.934  38.195 0.0000000000
120361  38.298  -73.620  37.489 0.0000000000
120362  38.604  -73.310  36.762 0.0000000000
120363  38.607  -73.765  35.994 0.0000000000
120364  38.596  -74.152  35.186 0.0000000000
120365  38.527  -74.458  34.390 0.0000000000
120379  40.757  -78.237  26.735 0.0000000000
120380  40.967  -78.459  26.107 0.0000000000
120381  40.261  -79.442  26.363 0.0000000000
120382  40.627  -79.028  25.866 0.0000000000
120383  41.037  -78.624  25.401 0.0000000000
120384  41.035  -78.742  24.657 0.0000000000
120385  40.980  -78.829  23.836 0.0000000000
120386  40.940  -78.999  22.946 0.0000000000
120387  40.905  -79.152  22.163 0.0000000000
120388  40.507  -79.489  22.680 0.0000000000
120389  40.110  -80.042  22.449 0.0000000000
120390  39.721  -80.639  22.282 0.0000000000
120391  39.499  -80.936  23.599 0.0000000000
120392  39.435  -81.026  22.873 0.0000000000
120393  39.391  -81.136  22.188 0.0000000000
120394  39.027  -81.579  22.072 0.0000000000
120395  38.620  -81.944  21.945 0.0000000000
120396  38.205  -82.257  21.801 0.0000000000
126477  46.306  -63.480  31.093 0.0000000000
126478  46.957  -63.364  30.978 0.0000000000
126479  46.784  -63.525  30.540 0.0000000000
126480  47.183  -63.581  30.025 0.0000000000
126481  47.630  -63.483  29.530 0.0000000000
126482  46.820  -63.813  29.174 0.0000000000
126483  47.409  -63.599  29.117 0.0000000000
126484  48.001  -63.356  29.000 0.0000000000
126485  48.289  -63.182  28.453 0.0000000000
126486  48.478  -63.035  27.928 0.0000000000
126487  48.709  -62.922  27.384 0.0000000000
126488  48.977  -62.751  26.844 0.0000000000
126489  48.503  -63.202  26.949 0.0000000000
126490  48.400  -63.365  26.513 0.0000000000
126491  48.180  -63.476  26.202 0.0000000000
126492  47.349  -63.848  26.950 0.0000000000
126493  47.606  -63.729  26.386 0.0000000000
126494  47.871  -63.592  25.846 0.0000000000
126495  47.467  -63.620  25.544 0.0000000000
126498  42.499  -70.722  33.707 0.0000000000
126499  42.943  -70.312  33.675 0.0000000000
126500  42.720  -70.453  33.028 0.0000000000
126501  42.876  -70.167  32.366 0.0000000000
126502  43.007  -69.861  31.745 0.0000000000
126503  41.711  -69.814  31.303 0.0000000000
126504  42.408  -69.705  31.228 0.0000000000
126505  43.083  -69.535  31.134 0.0000000000
126506  43.189  -69.280  30.528 0.0000000000
126507  43.157  -68.955  29.996 0.0000000000
126508  43.142  -68.667  29.479 0.0000000000
126510  40.258  -68.411  25.832 0.0000000000
126512  40.413  -67.489  25.601 0.0000000000
126513  40.734  -66.934  25.757 0.0000000000
126516  41.062  -66.389  25.769 0.0000000000
126517  41.474  -66.050  25.712 0.0000000000
126518  41.844  -65.735  25.475 0.0000000000
126519  42.142  -65.414  25.221 0.0000000000
126520  42.475  -65.123  25.015 0.0000000000
126521  41.824  -65.008  24.786 0.0000000000
126592  39.633  -80.986  17.473 0.0000000000
126593  39.706  -80.625  17.110 0.0000000000
130265  36.194  -76.105  37.974 0.0000000000
135793  47.642  -60.968  35.864 0.0000000000
135795  47.352  -61.197  35.223 0.0000000000
135797  46.652  -61.793  33.950 0.0000000000
135798  45.822  -62.035  34.590 0.0000000000
135799  46.033  -62.111  33.993 0.0000000000
135800  46.434  -62.163  33.412 0.0000000000
135801  46.281  -62.552  32.946 0.0000000000
135802  46.144  -62.876  32.467 0.0000000000
135803  46.034  -63.124  32.015 0.0000000000
135810  45.003  -63.227  32.655 0.0000000000
135811  45.424  -63.301  32.093 0.0000000000
135812  45.847  -63.413  31.591 0.0000000000
135813  45.693  -63.617  31.090 0.0000000000
135814  45.532  -63.837  30.603 0.0000000000
135815  45.424  -64.064  30.204 0.0000000000
135816  44.475  -64.381  30.761 0.0000000000
135817  44.935  -64.361  30.258 0.0000000000
135818  45.351  -64.423  29.843 0.0000000000
135819  45.330  -64.821  29.500 0.0000000000
135820  45.384  -65.190  29.163 0.0000000000
135821  45.490  -65.552  28.911 0.0000000000
135822  39.441  -71.669  28.259 0.0000000000
135823  39.571  -70.977  28.593 0.0000000000
135824  39.625  -71.379  27.831 0.0000000000
135825  39.875  -71.133  27.403 0.0000000000
135826  40.114  -70.895  26.953 0.0000000000
135827  40.734  -71.931  25.919 0.0000000000
135828  40.426  -71.284  26.208 0.0000000000
135829  40.319  -70.641  26.460 0.0000000000
135830  40.414  -70.359  26.012 0.0000000000
135831  40.408  -70.058  25.574 0.0000000000
135833  41.986  -73.607  23.468 0.0000000000
142456  49.869  -60.572  21.394 0.0000000000
142465  41.207  -68.411  37.183 0.0000000000
142466  41.298  -68.896  36.689 0.0000000000
142467  40.851  -69.428  37.550 0.0000000000
142468  41.153  -69.382  36.887 0.0000000000
142469  41.529  -69.376  36.242 0.0000000000
142470  41.821  -69.805  35.809 0.0000000000
142471  42.068  -70.233  35.372 0.0000000000
142472  42.263  -70.587  34.881 0.0000000000
142473  39.728  -71.360  38.070 0.0000000000
142474  40.068  -71.200  37.328 0.0000000000
142475  40.590  -71.201  36.708 0.0000000000
142476  40.011  -72.006  36.099 0.0000000000
142477  40.577  -71.585  36.088 0.0000000000
142478  41.029  -71.194  36.054 0.0000000000
142479  41.452  -71.119  35.500 0.0000000000
142480  41.912  -71.020  34.969 0.0000000000
142481  42.226  -70.936  34.326 0.0000000000
142482  41.975  -71.128  33.758 0.0000000000
142483  41.467  -71.082  33.183 0.0000000000
142484  40.852  -70.918  32.613 0.0000000000
142485  40.214  -71.690  33.170 0.0000000000
142486  40.222  -71.254  32.606 0.0000000000
142487  40.300  -70.838  32.006 0.0000000000
142488  39.828  -70.883  31.346 0.0000000000
142489  39.491  -71.090  30.508 0.0000000000
142490  39.297  -71.496  29.613 0.0000000000
142491  36.596  -76.140  37.436 0.0000000000
142492  36.951  -76.080  36.828 0.0000000000
142493  37.351  -75.943  36.174 0.0000000000
142494  36.975  -76.745  35.166 0.0000000000
142495  37.332  -76.256  35.399 0.0000000000
142496  37.666  -75.692  35.575 0.0000000000
142497  37.917  -75.378  34.937 0.0000000000
142498  38.146  -75.027  34.221 0.0000000000
142499  38.266  -74.621  33.621 0.0000000000
142508  38.325  -74.210  33.043 0.0000000000
142509  38.353  -73.790  32.463 0.0000000000
142510  38.391  -73.434  31.906 0.0000000000
142511  38.560  -73.104  31.263 0.0000000000
142514  38.696  -72.796  30.657 0.0000000000
142515  38.883  -72.511  30.002 0.0000000000
142516  39.098  -72.240  29.317 0.0000000000
142517  39.229  -71.939  28.706 0.0000000000
142518  39.489  -72.398  28.005 0.0000000000
142519  39.987  -72.821  27.377 0.0000000000
142523  41.205  -73.663  26.148 0.0000000000
142524  41.758  -74.026  25.496 0.0000000000
142525  42.088  -74.487  24.856 0.0000000000
142526  42.355  -74.886  24.325 0.0000000000
142527  40.998  -76.926  26.985 0.0000000000
142528  41.462  -76.607  26.513 0.0000000000
142529  41.849  -76.311  26.034 0.0000000000
142530  42.051  -77.175  25.431 0.0000000000
142531  42.131  -76.608  25.519 0.0000000000
142532  42.147  -76.043  25.488 0.0000000000
142533  42.384  -75.753  24.939 0.0000000000
142534  42.520  -75.449  24.435 0.0000000000
142535  42.599  -75.123  23.935 0.0000000000
142536  42.891  -75.310  23.556 0.0000000000
142537  43.112  -75.644  23.055 0.0000000000
142538  43.306  -75.961  22.514 0.0000000000
142539  43.212  -76.953  22.771 0.0000000000
142540  43.369  -76.629  22.338 0.0000000000
142541  43.510  -76.280  21.932 0.0000000000
142542  43.761  -76.694  21.105 0.0000000000
142543  43.924  -76.962  20.265 0.0000000000
142544  43.871  -77.188  19.391 0.0000000000
142549  42.358  -78.645  20.084 0.0000000000
142550  42.162  -78.829  19.469 0.0000000000
142551  41.892  -78.985  18.900 0.0000000000
142552  41.314  -79.490  18.728 0.0000000000
142553  40.750  -80.016  18.524 0.0000000000
142554  40.307  -80.502  18.306 0.0000000000
142555  40.846  -79.488  21.558 0.0000000000
142556  40.748  -79.763  20.964 0.0000000000
142557  40.642  -80.002  20.406 0.0000000000
142558  39.854  -80.789  20.601 0.0000000000
142559  40.182  -80.573  20.204 0.0000000000
142560  40.487  -80.343  19.829 0.0000000000
142561  40.311  -80.637  19.230 0.0000000000
142562  40.105  -80.788  18.672 0.0000000000
142563  39.871  -80.905  18.104 0.0000000000
142564  39.475  -81.252  17.914 0.0000000000
142565  39.111  -81.580  17.713 0.0000000000
142567  38.718  -82.178  18.450 0.0000000000
142573  37.975  -82.001  25.530 0.0000000000
142574  37.990  -82.052  24.850 0.0000000000
142590  37.749  -82.604  20.956 0.0000000000
142591  37.658  -82.793  20.374 0.0000000000
142593  37.465  -83.246  19.058 0.0000000000
142596  37.273  -83.495  18.375 0.0000000000
147349  47.486  -61.095  36.316 0.0000000000
147350  47.011  -61.363  36.283 0.0000000000
147351  46.438  -61.654  36.290 0.0000000000
147352  46.700  -61.641  37.344 0.0000000000
147353  46.270  -61.810  36.824 0.0000000000
147354  45.838  -61.960  36.321 0.0000000000
147462  40.332  -69.157  39.547 0.0000000000
147463  40.194  -69.787  39.662 0.0000000000
147464  39.960  -70.358  39.831 0.0000000000
147465  39.640  -70.929  39.988 0.0000000000
147468  39.465  -69.730  42.387 0.0000000000
147469  38.911  -70.338  43.027 0.0000000000
147470  39.182  -70.299  42.396 0.0000000000
147471  39.441  -70.236  41.759 0.0000000000
147472  39.386  -70.677  41.158 0.0000000000
147473  39.348  -71.114  40.625 0.0000000000
147474  39.243  -71.499  40.109 0.0000000000
147475  38.773  -72.038  40.196 0.0000000000
147476  38.263  -72.616  40.192 0.0000000000
147477  37.787  -73.297  40.160 0.0000000000
147478  37.620  -72.947  41.217 0.0000000000
147479  37.443  -73.523  40.662 0.0000000000
147480  37.334  -73.997  40.085 0.0000000000
147481  36.897  -74.628  39.937 0.0000000000
147482  36.446  -75.132  39.670 0.0000000000
147483  36.055  -75.521  39.387 0.0000000000
147492  36.779  -71.182  43.907 0.0000000000
147499  36.180  -71.098  43.513 0.0000000000
147500  36.394  -71.495  43.459 0.0000000000
147501  36.638  -71.840  43.367 0.0000000000
147502  36.493  -72.412  42.693 0.0000000000
147503  36.278  -73.027  42.066 0.0000000000
147504  36.058  -73.633  41.501 0.0000000000
147506  35.718  -73.879  41.082 0.0000000000
147507  35.888  -74.263  40.884 0.0000000000
158284  47.545  -61.533  32.939 0.0000000000
158290  47.584  -63.133  30.924 0.0000000000
158291  48.133  -62.785  30.884 0.0000000000
158292  48.470  -62.309  30.871 0.0000000000
158293  48.862  -62.516  29.773 0.0000000000
158294  48.744  -62.154  30.339 0.0000000000
158317  49.293  -62.608  26.233 0.0000000000
158318  49.459  -62.412  25.741 0.0000000000
158319  49.657  -62.262  25.243 0.0000000000
158320  49.242  -63.025  24.886 0.0000000000
158321  49.663  -62.639  24.769 0.0000000000
158322  49.746  -62.110  24.804 0.0000000000
158323  49.809  -61.957  24.361 0.0000000000
158324  49.883  -61.708  23.932 0.0000000000
158325  49.869  -61.409  23.531 0.0000000000
158326  49.875  -61.720  23.016 0.0000000000
158335  41.265  -67.285  36.682 0.0000000000
158336  41.418  -67.161  35.957 0.0000000000
158338  41.924  -68.142  35.132 0.0000000000
158343  42.820  -66.439  32.585 0.0000000000
158344  43.335  -69.801  33.612 0.0000000000
158345  43.626  -69.212  33.455 0.0000000000
158346  43.729  -68.627  33.195 0.0000000000
158347  44.343  -68.829  32.072 0.0000000000
158348  44.117  -68.426  32.512 0.0000000000
158349  43.639  -68.005  32.870 0.0000000000
158350  43.532  -67.475  32.547 0.0000000000
158351  43.379  -66.919  32.275 0.0000000000
158352  43.252  -66.365  32.002 0.0000000000
158353  43.653  -66.273  31.460 0.0000000000
158354  44.072  -66.217  30.943 0.0000000000
158355  44.456  -66.151  30.469 0.0000000000
158356  44.808  -66.998  30.343 0.0000000000
158357  44.792  -66.545  30.153 0.0000000000
158358  44.804  -66.097  29.987 0.0000000000
158359  45.149  -66.022  29.456 0.0000000000
158360  45.421  -65.973  29.031 0.0000000000
158361  45.618  -65.854  28.543 0.0000000000
158362  39.762  -70.388  28.874 0.0000000000
158363  40.175  -69.803  29.123 0.0000000000
158364  40.695  -69.401  29.362 0.0000000000
158365  40.464  -69.271  28.339 0.0000000000
158366  40.830  -69.082  28.983 0.0000000000
158367  41.350  -69.119  29.451 0.0000000000
158368  41.984  -68.861  29.417 0.0000000000
158369  42.552  -68.591  29.263 0.0000000000
158370  43.113  -68.341  29.021 0.0000000000
158371  40.650  -68.097  26.493 0.0000000000
158372  41.034  -67.887  27.125 0.0000000000
158373  41.487  -67.790  27.612 0.0000000000
158374  41.933  -67.103  27.036 0.0000000000
158375  41.963  -67.439  27.531 0.0000000000
158376  41.983  -67.811  28.037 0.0000000000
158377  42.485  -67.927  28.363 0.0000000000
158378  43.068  -68.057  28.579 0.0000000000
158379  43.692  -68.128  28.762 0.0000000000
158380  44.086  -67.853  28.583 0.0000000000
158381  44.541  -67.533  28.415 0.0000000000
158382  44.945  -67.217  28.296 0.0000000000
158383  44.456  -66.990  27.371 0.0000000000
158384  44.913  -66.967  27.721 0.0000000000
158385  45.220  -66.892  28.232 0.0000000000
158386  45.406  -66.524  28.174 0.0000000000
158387  45.618  -66.101  28.093 0.0000000000
158388  45.763  -65.683  28.022 0.0000000000
158389  45.833  -65.464  27.552 0.0000000000
158390  45.760  -65.261  27.100 0.0000000000
158391  45.729  -64.996  26.664 0.0000000000
158392  44.967  -65.418  26.389 0.0000000000
158393  45.238  -65.042  26.355 0.0000000000
158394  45.763  -64.626  26.226 0.0000000000
158395  45.737  -64.217  25.853 0.0000000000
158396  45.727  -63.761  25.423 0.0000000000
158398  42.829  -64.819  24.911 0.0000000000
158399  43.167  -64.476  24.933 0.0000000000
