#!ascii label  , from subject fsaverage vox2ras=TkReg
1449
19  40.183  -10.921  42.561 0.0000000000
50  33.639  -26.196  45.941 0.0000000000
234  40.907  -10.440  34.626 0.0000000000
235  45.442  -17.734  35.463 0.0000000000
237  31.758  -30.130  55.465 0.0000000000
376  32.209  -17.110  44.935 0.0000000000
714  40.711  -11.712  38.403 0.0000000000
716  35.710  -14.162  37.682 0.0000000000
1067  33.438  -21.713  45.619 0.0000000000
1068  33.993  -21.282  42.331 0.0000000000
1069  37.528  -24.939  45.469 0.0000000000
1575  41.179  -19.252  35.027 0.0000000000
1577  32.076  -28.721  48.891 0.0000000000
1578  37.090  -27.013  50.962 0.0000000000
1596  46.535  -7.794  34.461 0.0000000000
1834  34.813  -13.133  43.373 0.0000000000
1836  33.951  -17.132  49.938 0.0000000000
1837  34.887  -22.372  48.838 0.0000000000
1839  33.897  -23.159  53.113 0.0000000000
1840  30.338  -25.404  47.501 0.0000000000
1841  27.853  -28.082  48.831 0.0000000000
2634  40.415  -11.555  40.364 0.0000000000
2635  37.990  -12.751  37.963 0.0000000000
2636  37.640  -12.271  40.038 0.0000000000
2980  49.117  -12.990  29.439 0.0000000000
2987  34.316  -24.334  45.350 0.0000000000
2988  35.162  -24.017  44.051 0.0000000000
2989  35.616  -25.921  45.457 0.0000000000
3582  37.015  -17.162  34.778 0.0000000000
3583  38.767  -17.271  33.687 0.0000000000
3584  38.918  -19.468  35.285 0.0000000000
3585  42.033  -20.257  38.025 0.0000000000
3587  31.714  -29.365  51.914 0.0000000000
3588  34.469  -29.137  52.945 0.0000000000
4015  19.528  -23.459  62.754 0.0000000000
4034  35.264  -17.706  52.274 0.0000000000
4035  34.547  -19.714  49.712 0.0000000000
4036  35.692  -20.340  51.565 0.0000000000
4041  32.769  -22.888  55.124 0.0000000000
4042  30.605  -23.290  51.833 0.0000000000
4043  31.657  -23.921  50.094 0.0000000000
4044  28.954  -24.614  48.488 0.0000000000
4045  28.866  -26.797  47.549 0.0000000000
4637  33.197  -15.129  44.073 0.0000000000
4638  33.065  -15.344  41.007 0.0000000000
4639  32.089  -17.446  42.035 0.0000000000
4640  37.509  -21.737  43.657 0.0000000000
4641  35.495  -20.651  41.353 0.0000000000
4646  39.644  -25.653  52.127 0.0000000000
5892  40.828  -11.139  36.522 0.0000000000
5894  38.376  -12.678  36.015 0.0000000000
5895  36.543  -14.618  35.810 0.0000000000
6513  51.225  -11.615  27.838 0.0000000000
6515  51.887  -12.613  30.477 0.0000000000
6527  32.252  -19.246  45.658 0.0000000000
6528  31.957  -19.465  43.132 0.0000000000
6529  33.206  -21.729  43.775 0.0000000000
6530  36.359  -23.194  43.429 0.0000000000
6531  39.323  -23.365  46.004 0.0000000000
7514  44.195  -19.575  38.274 0.0000000000
7517  32.754  -27.629  47.052 0.0000000000
7518  35.123  -27.237  47.468 0.0000000000
7519  34.648  -28.192  49.823 0.0000000000
7520  37.018  -28.236  53.940 0.0000000000
8128  37.250  -11.707  42.835 0.0000000000
8129  37.234  -11.505  45.405 0.0000000000
8130  35.145  -13.141  45.923 0.0000000000
8131  33.652  -14.966  46.667 0.0000000000
8134  32.929  -16.957  47.382 0.0000000000
8135  33.190  -19.303  47.687 0.0000000000
8136  34.221  -21.938  47.116 0.0000000000
8137  33.716  -24.399  46.749 0.0000000000
8142  35.690  -21.800  55.973 0.0000000000
8143  36.268  -21.180  53.639 0.0000000000
8144  34.782  -23.070  50.924 0.0000000000
8145  32.764  -24.218  48.465 0.0000000000
8146  31.863  -25.951  46.648 0.0000000000
8147  30.682  -27.446  47.159 0.0000000000
8148  29.961  -28.652  48.780 0.0000000000
8149  29.496  -29.394  51.503 0.0000000000
8151  27.454  -29.099  51.446 0.0000000000
8152  29.489  -30.064  55.206 0.0000000000
8153  29.423  -30.370  59.081 0.0000000000
8888  34.984  -13.477  40.330 0.0000000000
8889  33.909  -15.964  38.323 0.0000000000
8897  37.432  -26.169  48.072 0.0000000000
8898  39.854  -24.722  49.154 0.0000000000
10314  40.323  -11.214  41.451 0.0000000000
10315  38.993  -11.922  40.186 0.0000000000
10316  38.869  -11.569  41.313 0.0000000000
10325  41.669  -10.602  42.585 0.0000000000
10326  41.791  -10.886  41.471 0.0000000000
10667  34.071  -25.344  45.559 0.0000000000
10668  34.806  -25.281  45.083 0.0000000000
10669  34.656  -26.177  45.638 0.0000000000
11259  41.079  -10.158  33.661 0.0000000000
11265  39.135  -20.185  36.406 0.0000000000
11267  31.773  -29.706  53.703 0.0000000000
11268  33.087  -29.664  54.091 0.0000000000
11269  33.081  -30.046  55.805 0.0000000000
11298  42.200  -10.036  35.691 0.0000000000
11301  42.359  -9.410  33.710 0.0000000000
11696  18.403  -23.862  62.577 0.0000000000
11715  35.523  -19.072  51.989 0.0000000000
11716  36.121  -19.447  53.020 0.0000000000
11721  30.030  -22.966  52.536 0.0000000000
11722  28.975  -23.321  50.669 0.0000000000
11723  29.624  -23.727  50.010 0.0000000000
12304  46.514  -17.200  35.800 0.0000000000
12317  32.605  -16.118  44.492 0.0000000000
12318  32.435  -16.247  42.997 0.0000000000
12319  32.047  -17.258  43.517 0.0000000000
12320  39.161  -21.611  45.119 0.0000000000
12321  38.023  -20.882  43.904 0.0000000000
12423  52.780  -11.044  27.128 0.0000000000
13659  40.789  -11.488  37.499 0.0000000000
13660  39.543  -11.903  36.268 0.0000000000
13661  39.455  -12.127  37.195 0.0000000000
13662  36.745  -13.380  37.799 0.0000000000
13663  37.028  -13.523  36.791 0.0000000000
13664  36.100  -14.457  36.717 0.0000000000
13665  35.913  -15.700  35.925 0.0000000000
13666  35.315  -15.453  36.793 0.0000000000
13698  42.045  -11.052  39.301 0.0000000000
13700  42.125  -10.899  38.390 0.0000000000
13701  42.142  -10.688  37.470 0.0000000000
14694  50.063  -11.700  27.389 0.0000000000
14695  51.548  -12.089  29.218 0.0000000000
14696  50.297  -12.308  28.719 0.0000000000
14697  49.309  -13.598  30.652 0.0000000000
14698  50.757  -13.393  31.209 0.0000000000
14699  51.027  -13.881  32.441 0.0000000000
14717  32.756  -20.463  45.770 0.0000000000
14718  32.441  -20.555  44.591 0.0000000000
14719  33.201  -21.735  44.666 0.0000000000
14720  36.414  -24.663  44.416 0.0000000000
14721  35.684  -23.656  43.656 0.0000000000
14722  37.166  -24.161  44.338 0.0000000000
14723  37.902  -23.437  44.446 0.0000000000
14724  38.489  -24.234  45.704 0.0000000000
16507  40.869  -18.268  33.901 0.0000000000
16509  42.312  -18.973  35.033 0.0000000000
16510  43.766  -19.219  36.576 0.0000000000
16511  42.713  -19.615  36.448 0.0000000000
16517  32.368  -28.214  47.864 0.0000000000
16518  33.618  -28.086  48.182 0.0000000000
16519  33.346  -28.570  49.298 0.0000000000
16520  35.822  -29.273  55.027 0.0000000000
16521  35.775  -28.700  53.427 0.0000000000
16624  44.142  -8.251  31.643 0.0000000000
16625  43.169  -8.901  30.705 0.0000000000
17848  36.316  -12.346  47.006 0.0000000000
17849  35.361  -13.180  47.288 0.0000000000
17850  34.289  -14.061  46.233 0.0000000000
17851  34.557  -14.026  47.655 0.0000000000
17858  33.584  -15.918  48.404 0.0000000000
17859  33.425  -16.965  48.701 0.0000000000
17860  32.942  -18.063  47.629 0.0000000000
17861  33.506  -18.137  48.806 0.0000000000
17862  34.847  -20.991  49.315 0.0000000000
17863  34.293  -20.764  48.425 0.0000000000
17864  34.602  -22.093  47.981 0.0000000000
17865  34.333  -23.250  46.897 0.0000000000
17866  34.340  -23.437  47.747 0.0000000000
17877  33.190  -22.430  57.709 0.0000000000
17878  33.371  -23.045  54.177 0.0000000000
17879  34.303  -22.633  55.659 0.0000000000
17880  34.843  -22.604  54.464 0.0000000000
17881  36.098  -21.567  54.773 0.0000000000
17882  35.329  -22.527  53.353 0.0000000000
17883  35.622  -22.195  52.169 0.0000000000
17884  34.355  -23.212  52.053 0.0000000000
17885  30.850  -24.502  48.536 0.0000000000
17886  32.243  -24.142  49.239 0.0000000000
17887  31.436  -24.844  47.809 0.0000000000
17888  32.078  -25.027  47.258 0.0000000000
17889  31.075  -25.740  47.025 0.0000000000
17890  31.242  -26.754  46.784 0.0000000000
17891  30.387  -26.472  47.033 0.0000000000
17892  28.224  -27.425  47.992 0.0000000000
17893  29.247  -27.807  47.863 0.0000000000
17894  28.831  -28.343  48.724 0.0000000000
17895  29.606  -29.012  49.922 0.0000000000
17896  28.537  -28.826  49.902 0.0000000000
17901  26.504  -29.012  51.551 0.0000000000
17902  27.371  -29.534  53.186 0.0000000000
17903  28.408  -29.639  53.263 0.0000000000
17904  28.429  -29.913  55.111 0.0000000000
17905  29.486  -30.229  57.128 0.0000000000
19667  35.960  -12.273  43.134 0.0000000000
19668  36.062  -12.443  41.617 0.0000000000
19669  34.853  -13.230  41.859 0.0000000000
19670  32.741  -16.578  40.134 0.0000000000
19671  33.356  -15.613  39.641 0.0000000000
19675  32.693  -20.483  42.575 0.0000000000
19676  32.255  -19.512  41.968 0.0000000000
19677  33.227  -20.402  41.645 0.0000000000
19690  35.994  -27.201  49.003 0.0000000000
19691  36.352  -26.731  47.766 0.0000000000
19692  37.181  -26.602  49.445 0.0000000000
19694  39.875  -25.185  50.686 0.0000000000
23172  40.618  -11.721  39.361 0.0000000000
23173  39.321  -12.249  38.145 0.0000000000
23174  39.178  -12.175  39.114 0.0000000000
23175  37.770  -12.591  38.998 0.0000000000
23176  36.503  -13.114  38.797 0.0000000000
23195  43.257  -10.317  41.483 0.0000000000
23196  41.907  -11.073  40.378 0.0000000000
23797  48.032  -13.691  30.131 0.0000000000
23807  34.079  -23.029  45.423 0.0000000000
23808  34.079  -22.919  44.606 0.0000000000
23809  34.701  -24.222  44.662 0.0000000000
23810  35.538  -25.027  44.654 0.0000000000
23811  36.578  -25.498  45.399 0.0000000000
24878  37.227  -15.979  34.392 0.0000000000
24879  37.998  -16.008  33.742 0.0000000000
24882  40.049  -19.421  35.039 0.0000000000
24883  41.554  -19.929  36.325 0.0000000000
24885  40.741  -20.464  37.821 0.0000000000
24887  31.936  -29.116  50.365 0.0000000000
24888  33.220  -28.963  50.821 0.0000000000
24889  33.082  -29.354  52.373 0.0000000000
24890  34.434  -29.508  54.528 0.0000000000
24946  44.981  -8.751  36.664 0.0000000000
24947  45.059  -8.587  35.623 0.0000000000
24949  45.239  -8.140  33.571 0.0000000000
24950  43.838  -8.741  33.678 0.0000000000
24951  42.490  -9.121  32.711 0.0000000000
25659  18.804  -24.079  61.428 0.0000000000
25692  34.564  -17.365  51.131 0.0000000000
25693  34.106  -18.363  49.940 0.0000000000
25694  34.818  -18.709  50.907 0.0000000000
25695  35.132  -20.007  50.632 0.0000000000
25696  35.313  -21.293  50.164 0.0000000000
25702  30.523  -22.625  55.205 0.0000000000
25703  32.193  -22.749  56.051 0.0000000000
25704  31.105  -22.881  54.374 0.0000000000
25705  31.694  -23.087  53.524 0.0000000000
25706  32.187  -23.355  52.529 0.0000000000
25707  32.738  -23.533  51.652 0.0000000000
25708  31.136  -23.668  50.916 0.0000000000
25709  30.267  -24.121  49.294 0.0000000000
25710  29.649  -25.018  47.996 0.0000000000
25711  29.534  -26.102  47.394 0.0000000000
25712  28.732  -25.695  47.733 0.0000000000
26777  33.894  -14.135  43.620 0.0000000000
26778  33.813  -14.220  42.130 0.0000000000
26779  33.038  -15.215  42.524 0.0000000000
26780  32.488  -16.378  41.538 0.0000000000
26781  32.365  -17.564  40.737 0.0000000000
26782  35.770  -21.667  42.735 0.0000000000
26783  34.671  -20.957  41.820 0.0000000000
26784  36.430  -21.025  42.605 0.0000000000
26785  37.112  -20.481  42.448 0.0000000000
26791  38.319  -26.923  53.119 0.0000000000
26792  38.242  -26.345  51.476 0.0000000000
29106  40.803  -10.804  35.551 0.0000000000
29108  39.646  -11.628  35.354 0.0000000000
29109  38.562  -12.544  35.121 0.0000000000
29110  37.668  -13.603  34.942 0.0000000000
29111  38.214  -12.778  36.952 0.0000000000
29112  37.319  -13.579  35.774 0.0000000000
29113  37.005  -14.687  34.949 0.0000000000
29114  36.559  -15.879  35.118 0.0000000000
29117  31.679  -30.366  57.276 0.0000000000
29166  42.137  -10.352  36.563 0.0000000000
30555  52.479  -11.401  28.281 0.0000000000
30557  52.894  -11.820  29.581 0.0000000000
30559  53.485  -12.691  32.208 0.0000000000
30560  50.521  -12.841  29.985 0.0000000000
30561  52.144  -13.068  31.771 0.0000000000
30566  45.860  -18.249  37.019 0.0000000000
30587  32.075  -18.112  45.340 0.0000000000
30588  31.818  -18.295  43.937 0.0000000000
30589  31.971  -19.320  44.400 0.0000000000
30590  32.445  -20.552  43.539 0.0000000000
30591  33.438  -21.586  42.947 0.0000000000
30592  34.267  -22.845  43.843 0.0000000000
30593  34.630  -22.607  43.282 0.0000000000
30594  35.110  -22.229  42.892 0.0000000000
30595  36.982  -22.495  43.497 0.0000000000
30596  38.612  -22.574  44.727 0.0000000000
30597  40.098  -22.386  46.474 0.0000000000
30725  51.111  -4.903  31.110 0.0000000000
33007  44.414  -18.200  35.273 0.0000000000
33008  44.820  -18.760  36.766 0.0000000000
33009  45.218  -19.104  38.424 0.0000000000
33011  43.092  -19.944  38.130 0.0000000000
33017  33.187  -26.947  46.443 0.0000000000
33018  34.356  -26.886  46.377 0.0000000000
33019  33.917  -27.516  47.225 0.0000000000
33020  34.848  -27.729  48.543 0.0000000000
33021  35.806  -27.669  50.291 0.0000000000
33022  34.563  -28.593  51.415 0.0000000000
33023  35.784  -28.141  51.871 0.0000000000
33024  37.016  -27.589  52.407 0.0000000000
33152  45.364  -7.834  32.533 0.0000000000
34639  18.535  -25.043  59.070 0.0000000000
34690  38.719  -11.254  42.646 0.0000000000
34691  38.622  -11.104  43.917 0.0000000000
34692  37.203  -11.570  44.130 0.0000000000
34693  35.989  -12.246  44.370 0.0000000000
34695  36.111  -12.256  45.681 0.0000000000
34696  34.922  -13.128  44.637 0.0000000000
34697  34.071  -14.055  44.930 0.0000000000
34698  33.388  -15.053  45.345 0.0000000000
34699  32.866  -16.015  45.825 0.0000000000
34706  33.954  -14.947  48.033 0.0000000000
34707  33.178  -15.937  47.103 0.0000000000
34708  32.517  -17.015  46.170 0.0000000000
34709  32.466  -17.990  46.492 0.0000000000
34710  32.712  -19.202  46.729 0.0000000000
34711  33.177  -20.536  46.634 0.0000000000
34712  33.842  -19.439  48.743 0.0000000000
34713  33.697  -20.656  47.490 0.0000000000
34714  33.791  -21.785  46.377 0.0000000000
34715  34.199  -23.166  46.086 0.0000000000
34716  34.038  -24.380  46.011 0.0000000000
34717  33.411  -25.273  46.068 0.0000000000
34730  33.752  -22.575  56.739 0.0000000000
34735  36.519  -19.853  53.988 0.0000000000
34736  36.068  -20.727  52.585 0.0000000000
34737  35.618  -21.671  51.133 0.0000000000
34738  34.985  -22.729  49.826 0.0000000000
34739  33.298  -23.687  50.697 0.0000000000
34740  33.723  -23.710  49.686 0.0000000000
34741  34.145  -23.669  48.662 0.0000000000
34742  33.257  -24.398  47.586 0.0000000000
34743  32.739  -25.171  46.678 0.0000000000
34744  32.785  -26.162  46.272 0.0000000000
34745  32.160  -26.907  46.586 0.0000000000
34746  31.655  -27.561  47.061 0.0000000000
34747  31.305  -28.228  47.770 0.0000000000
34748  29.785  -27.175  47.359 0.0000000000
34749  30.243  -28.065  47.755 0.0000000000
34750  31.002  -28.715  48.785 0.0000000000
34751  30.725  -29.100  50.086 0.0000000000
34752  30.600  -29.419  51.697 0.0000000000
34753  30.649  -29.747  53.570 0.0000000000
34759  27.620  -28.643  50.032 0.0000000000
34760  28.473  -29.298  51.497 0.0000000000
34761  29.538  -29.757  53.419 0.0000000000
34762  30.625  -30.167  55.352 0.0000000000
34763  30.591  -30.332  57.214 0.0000000000
34764  30.532  -30.488  59.308 0.0000000000
36908  37.402  -11.945  41.346 0.0000000000
36909  36.254  -12.724  40.132 0.0000000000
36910  35.282  -13.786  38.998 0.0000000000
36911  33.946  -14.355  40.639 0.0000000000
36912  34.219  -14.647  39.214 0.0000000000
36913  34.698  -15.023  37.942 0.0000000000
36915  34.892  -17.601  36.777 0.0000000000
36917  31.887  -18.452  42.630 0.0000000000
36918  32.191  -18.589  41.373 0.0000000000
36919  32.748  -18.664  40.200 0.0000000000
36935  35.480  -26.634  46.450 0.0000000000
36936  36.562  -26.224  46.522 0.0000000000
36937  37.605  -25.611  46.794 0.0000000000
36938  38.480  -25.909  50.046 0.0000000000
36939  38.603  -25.484  48.538 0.0000000000
36940  38.649  -24.929  47.128 0.0000000000
36941  39.689  -24.105  47.532 0.0000000000
41034  40.267  -11.065  41.994 0.0000000000
41035  39.573  -11.398  41.342 0.0000000000
41036  39.523  -11.237  41.927 0.0000000000
41043  40.856  -10.619  43.230 0.0000000000
41044  41.574  -10.436  43.236 0.0000000000
41045  40.927  -10.773  42.546 0.0000000000
41046  40.983  -10.915  42.000 0.0000000000
41387  33.853  -25.781  45.717 0.0000000000
41388  34.319  -25.792  45.526 0.0000000000
41389  34.160  -26.185  45.781 0.0000000000
41979  40.979  -10.315  34.178 0.0000000000
41987  31.743  -29.924  54.535 0.0000000000
41988  32.443  -29.873  54.786 0.0000000000
41989  32.415  -30.106  55.632 0.0000000000
42018  41.527  -10.215  35.169 0.0000000000
42019  42.244  -9.864  35.188 0.0000000000
42020  41.577  -10.035  34.633 0.0000000000
42021  41.634  -9.887  34.166 0.0000000000
43022  45.240  -17.415  34.802 0.0000000000
43024  45.981  -17.463  35.633 0.0000000000
43037  32.375  -16.628  44.709 0.0000000000
43038  32.258  -16.691  43.967 0.0000000000
43039  32.105  -17.173  44.241 0.0000000000
43041  39.392  -21.107  45.312 0.0000000000
43143  53.271  -11.007  27.925 0.0000000000
43144  53.410  -10.897  27.289 0.0000000000
44379  40.743  -11.619  37.955 0.0000000000
44380  40.113  -11.791  37.368 0.0000000000
44381  40.089  -11.893  37.791 0.0000000000
44382  36.228  -13.765  37.720 0.0000000000
44383  36.379  -13.905  37.203 0.0000000000
44384  35.897  -14.312  37.208 0.0000000000
44385  35.693  -14.931  36.736 0.0000000000
44386  35.446  -14.772  37.210 0.0000000000
44418  41.373  -11.419  38.842 0.0000000000
44419  42.145  -10.965  38.842 0.0000000000
44420  41.420  -11.350  38.390 0.0000000000
44421  41.446  -11.253  37.902 0.0000000000
45414  49.408  -11.697  27.208 0.0000000000
45415  50.152  -12.013  28.052 0.0000000000
45416  49.524  -12.044  27.846 0.0000000000
45418  50.162  -13.787  31.484 0.0000000000
45437  33.081  -21.144  45.682 0.0000000000
45438  32.898  -21.127  45.206 0.0000000000
45439  33.285  -21.741  45.111 0.0000000000
45440  36.963  -24.851  44.882 0.0000000000
45441  36.809  -24.440  44.353 0.0000000000
45442  37.448  -24.563  44.919 0.0000000000
45443  37.840  -24.246  44.970 0.0000000000
45444  37.997  -24.612  45.533 0.0000000000
45545  49.054  -11.219  26.562 0.0000000000
45546  49.635  -11.346  26.720 0.0000000000
47222  37.835  -14.122  34.089 0.0000000000
47224  37.948  -14.757  33.752 0.0000000000
47227  41.003  -18.781  34.414 0.0000000000
47228  41.547  -18.670  34.395 0.0000000000
47229  41.719  -19.127  35.005 0.0000000000
47230  42.482  -19.330  35.737 0.0000000000
47231  41.935  -19.504  35.666 0.0000000000
47237  32.257  -28.490  48.348 0.0000000000
47238  32.850  -28.437  48.520 0.0000000000
47239  32.739  -28.701  49.090 0.0000000000
47342  46.619  -7.710  33.978 0.0000000000
47344  42.974  -8.933  31.196 0.0000000000
48568  35.936  -12.792  47.818 0.0000000000
48569  35.481  -13.177  48.004 0.0000000000
48570  34.908  -13.579  47.451 0.0000000000
48571  35.050  -13.585  48.182 0.0000000000
48575  34.212  -16.617  50.511 0.0000000000
48577  33.949  -16.523  49.866 0.0000000000
48578  33.704  -16.461  49.236 0.0000000000
48579  33.694  -17.012  49.350 0.0000000000
48580  33.443  -17.557  48.725 0.0000000000
48581  33.704  -17.625  49.317 0.0000000000
48582  34.938  -21.676  49.078 0.0000000000
48583  34.697  -21.542  48.585 0.0000000000
48584  34.748  -22.204  48.413 0.0000000000
48585  34.585  -22.769  47.833 0.0000000000
48586  34.659  -22.878  48.357 0.0000000000
48595  32.115  -22.449  57.745 0.0000000000
48596  32.919  -22.364  58.146 0.0000000000
48597  32.384  -22.541  57.229 0.0000000000
48598  33.588  -23.102  53.666 0.0000000000
48599  34.127  -22.884  54.411 0.0000000000
48600  34.410  -22.913  53.839 0.0000000000
48601  35.106  -22.580  53.925 0.0000000000
48602  34.637  -22.929  53.215 0.0000000000
48603  34.890  -22.912  52.655 0.0000000000
48604  34.137  -23.207  52.522 0.0000000000
48605  30.543  -24.931  47.938 0.0000000000
48606  31.121  -24.690  48.216 0.0000000000
48607  30.846  -25.109  47.653 0.0000000000
48608  31.183  -25.246  47.383 0.0000000000
48609  30.720  -25.598  47.274 0.0000000000
48610  30.720  -26.105  47.032 0.0000000000
48611  30.324  -25.945  47.201 0.0000000000
48612  28.048  -27.767  48.383 0.0000000000
48613  28.518  -27.904  48.298 0.0000000000
48614  28.355  -28.254  48.780 0.0000000000
48615  28.665  -28.617  49.266 0.0000000000
48616  28.151  -28.487  49.273 0.0000000000
48621  26.843  -29.497  53.124 0.0000000000
48623  27.898  -29.726  54.169 0.0000000000
48624  27.855  -29.848  55.019 0.0000000000
48625  28.416  -30.018  56.050 0.0000000000
50387  35.379  -12.689  43.230 0.0000000000
50388  35.390  -12.729  42.493 0.0000000000
50389  34.809  -13.176  42.649 0.0000000000
50390  32.750  -17.168  39.789 0.0000000000
50391  32.962  -16.701  39.479 0.0000000000
50392  33.052  -17.319  39.171 0.0000000000
50395  33.264  -20.929  42.397 0.0000000000
50396  32.924  -20.461  42.105 0.0000000000
50397  33.555  -20.836  42.012 0.0000000000
50410  36.518  -27.113  49.995 0.0000000000
50411  36.574  -26.915  49.211 0.0000000000
50412  37.087  -26.800  50.164 0.0000000000
53979  40.517  -11.654  39.864 0.0000000000
53980  39.887  -11.968  39.208 0.0000000000
53981  39.802  -11.885  39.691 0.0000000000
53982  38.300  -12.080  40.154 0.0000000000
53983  38.395  -12.246  39.582 0.0000000000
53984  37.695  -12.453  39.518 0.0000000000
53985  37.167  -12.797  38.896 0.0000000000
53986  37.054  -12.668  39.423 0.0000000000
54017  43.174  -10.221  42.071 0.0000000000
54018  41.076  -11.237  40.909 0.0000000000
54019  41.844  -11.012  40.905 0.0000000000
54020  41.157  -11.347  40.373 0.0000000000
54021  41.270  -11.416  39.861 0.0000000000
55018  47.093  -12.456  28.334 0.0000000000
55020  47.871  -13.304  29.524 0.0000000000
55021  47.228  -13.268  29.368 0.0000000000
55037  34.220  -23.679  45.328 0.0000000000
55038  34.345  -23.655  44.951 0.0000000000
55039  34.506  -24.288  44.990 0.0000000000
55040  35.189  -25.669  45.158 0.0000000000
55041  35.166  -25.180  44.816 0.0000000000
55042  35.632  -25.474  45.043 0.0000000000
55043  36.057  -25.287  44.943 0.0000000000
55044  36.103  -25.697  45.398 0.0000000000
56822  37.121  -16.552  34.563 0.0000000000
56823  37.514  -16.606  34.246 0.0000000000
56829  39.489  -19.468  35.161 0.0000000000
56832  39.317  -20.418  37.057 0.0000000000
56833  39.932  -20.400  37.027 0.0000000000
56834  40.140  -20.514  37.791 0.0000000000
56835  40.991  -20.500  38.638 0.0000000000
56836  40.363  -20.561  38.542 0.0000000000
56837  31.861  -29.253  51.156 0.0000000000
56838  32.504  -29.228  51.386 0.0000000000
56839  32.481  -29.363  52.269 0.0000000000
56840  33.775  -29.797  55.168 0.0000000000
56841  33.748  -29.585  54.277 0.0000000000
56842  34.498  -29.705  55.434 0.0000000000
56934  44.954  -8.833  37.170 0.0000000000
56938  44.424  -8.813  35.143 0.0000000000
56940  44.465  -8.714  34.636 0.0000000000
56941  44.518  -8.604  34.133 0.0000000000
56942  43.802  -8.887  34.169 0.0000000000
56943  41.770  -9.594  33.140 0.0000000000
56946  42.023  -9.457  32.162 0.0000000000
58121  19.351  -23.899  61.477 0.0000000000
58122  19.119  -23.864  61.979 0.0000000000
58124  17.943  -24.218  61.866 0.0000000000
58180  34.646  -18.005  51.066 0.0000000000
58181  34.998  -18.185  51.559 0.0000000000
58182  35.599  -19.706  51.787 0.0000000000
58183  35.301  -19.535  51.275 0.0000000000
58184  35.416  -20.188  51.084 0.0000000000
58185  35.310  -20.640  50.533 0.0000000000
58186  35.501  -20.802  50.893 0.0000000000
58196  30.845  -22.735  54.807 0.0000000000
58197  30.266  -22.758  53.889 0.0000000000
58198  30.288  -23.134  52.157 0.0000000000
58199  30.836  -23.046  53.120 0.0000000000
58200  31.139  -23.211  52.726 0.0000000000
58201  31.950  -23.245  53.059 0.0000000000
58202  31.392  -23.361  52.251 0.0000000000
58203  31.685  -23.485  51.870 0.0000000000
58204  30.868  -23.485  51.361 0.0000000000
58205  29.259  -24.100  49.209 0.0000000000
58206  29.940  -23.922  49.628 0.0000000000
58207  29.574  -24.326  48.862 0.0000000000
58208  29.951  -24.543  48.594 0.0000000000
58209  29.322  -24.800  48.274 0.0000000000
58210  29.169  -25.323  47.857 0.0000000000
58211  28.810  -25.151  48.046 0.0000000000
59987  33.542  -14.587  43.856 0.0000000000
59988  33.420  -14.659  43.060 0.0000000000
59989  33.103  -15.167  43.281 0.0000000000
59990  32.197  -16.819  42.524 0.0000000000
59991  32.442  -16.315  42.259 0.0000000000
59992  32.239  -16.894  41.823 0.0000000000
59993  32.356  -16.997  41.103 0.0000000000
59994  32.188  -17.492  41.425 0.0000000000
59995  36.635  -21.707  43.134 0.0000000000
59996  36.075  -21.354  42.664 0.0000000000
59997  36.898  -21.335  43.147 0.0000000000
59998  38.284  -20.491  43.926 0.0000000000
59999  37.533  -20.620  43.226 0.0000000000
60000  37.891  -20.282  43.167 0.0000000000
60011  38.960  -26.600  53.373 0.0000000000
64014  40.816  -10.975  36.052 0.0000000000
64015  40.212  -11.180  35.460 0.0000000000
64016  40.201  -11.349  35.930 0.0000000000
64017  38.940  -12.322  36.139 0.0000000000
64018  39.019  -12.194  35.686 0.0000000000
64022  38.658  -12.510  38.063 0.0000000000
64023  38.730  -12.505  37.567 0.0000000000
64024  38.104  -12.787  37.447 0.0000000000
64025  36.717  -14.044  36.242 0.0000000000
64026  37.170  -13.552  36.283 0.0000000000
64027  36.906  -14.062  35.800 0.0000000000
64028  37.099  -14.102  35.368 0.0000000000
64029  36.768  -14.670  35.366 0.0000000000
64030  36.721  -15.289  34.987 0.0000000000
64031  36.466  -15.231  35.397 0.0000000000
64032  35.645  -16.221  36.044 0.0000000000
64033  36.012  -16.296  35.636 0.0000000000
64034  35.812  -16.880  35.794 0.0000000000
64035  35.989  -17.476  35.674 0.0000000000
64037  31.697  -30.474  58.323 0.0000000000
64038  32.352  -30.499  58.509 0.0000000000
64133  44.026  -9.881  41.002 0.0000000000
64143  41.448  -10.937  37.009 0.0000000000
64145  41.467  -10.736  36.545 0.0000000000
64146  41.463  -10.551  36.084 0.0000000000
67119  51.844  -11.525  28.106 0.0000000000
67120  52.669  -11.618  28.957 0.0000000000
67121  52.043  -11.743  28.762 0.0000000000
67122  51.739  -12.346  29.851 0.0000000000
67123  52.393  -12.180  30.075 0.0000000000
67125  53.355  -12.519  31.580 0.0000000000
67127  49.015  -12.667  28.815 0.0000000000
67128  49.716  -12.647  29.075 0.0000000000
67129  49.793  -12.931  29.687 0.0000000000
67131  51.489  -13.256  31.509 0.0000000000
67142  46.055  -18.427  37.820 0.0000000000
67187  32.121  -18.680  45.459 0.0000000000
67188  31.942  -18.754  44.818 0.0000000000
67189  32.074  -19.301  45.010 0.0000000000
67190  32.743  -21.178  44.182 0.0000000000
67191  32.380  -20.543  44.069 0.0000000000
67192  32.790  -21.176  43.670 0.0000000000
67193  32.885  -21.107  43.220 0.0000000000
67194  33.319  -21.697  43.310 0.0000000000
67195  34.550  -23.526  44.256 0.0000000000
67196  34.171  -22.907  44.175 0.0000000000
67197  34.736  -23.434  43.910 0.0000000000
67198  36.048  -23.462  43.514 0.0000000000
67199  35.191  -23.128  43.428 0.0000000000
67200  35.467  -22.936  43.268 0.0000000000
67201  34.888  -22.418  43.052 0.0000000000
67202  35.776  -22.665  43.154 0.0000000000
67203  36.103  -22.395  43.099 0.0000000000
67204  36.695  -22.876  43.445 0.0000000000
67205  38.674  -23.437  45.221 0.0000000000
67206  38.275  -23.029  44.570 0.0000000000
67207  39.024  -23.000  45.370 0.0000000000
67208  39.374  -22.525  45.569 0.0000000000
67209  39.732  -22.888  46.231 0.0000000000
67518  50.765  -11.454  27.052 0.0000000000
67519  50.969  -11.196  26.503 0.0000000000
67520  51.357  -11.406  27.250 0.0000000000
72560  42.645  -18.392  34.407 0.0000000000
72562  43.177  -18.226  34.442 0.0000000000
72563  43.683  -18.039  34.484 0.0000000000
72564  43.940  -18.408  35.232 0.0000000000
72565  44.642  -18.503  36.017 0.0000000000
72566  44.098  -18.734  35.902 0.0000000000
72567  43.968  -19.443  37.394 0.0000000000
72568  44.482  -19.223  37.481 0.0000000000
72569  44.710  -19.357  38.348 0.0000000000
72572  41.790  -20.141  37.113 0.0000000000
72573  42.345  -19.972  37.206 0.0000000000
72574  42.554  -20.109  38.062 0.0000000000
72587  32.924  -27.302  46.730 0.0000000000
72588  33.500  -27.280  46.764 0.0000000000
72589  33.333  -27.587  47.137 0.0000000000
72590  34.061  -28.182  48.930 0.0000000000
72591  34.256  -27.921  48.371 0.0000000000
72592  34.714  -27.973  49.171 0.0000000000
72593  35.292  -27.723  49.377 0.0000000000
72594  35.240  -27.932  50.067 0.0000000000
72595  33.816  -29.025  51.879 0.0000000000
72596  33.888  -28.796  51.093 0.0000000000
72597  34.446  -28.833  52.081 0.0000000000
72599  35.739  -28.424  52.628 0.0000000000
72600  36.389  -28.172  52.901 0.0000000000
72601  36.365  -27.873  52.095 0.0000000000
72602  37.032  -27.904  53.178 0.0000000000
72603  37.648  -27.609  53.470 0.0000000000
72908  44.543  -8.333  33.109 0.0000000000
72909  45.276  -7.996  33.033 0.0000000000
72910  44.609  -8.176  32.619 0.0000000000
72911  44.268  -8.155  31.087 0.0000000000
72912  44.807  -7.926  31.576 0.0000000000
76444  18.849  -24.621  59.757 0.0000000000
76570  39.312  -10.885  43.855 0.0000000000
76571  39.261  -10.790  44.510 0.0000000000
76572  37.870  -11.194  45.311 0.0000000000
76573  37.859  -11.239  44.655 0.0000000000
76574  37.215  -11.528  44.766 0.0000000000
76575  36.589  -11.879  44.281 0.0000000000
76576  36.604  -11.824  44.922 0.0000000000
76580  35.689  -12.727  46.401 0.0000000000
76581  36.207  -12.300  46.360 0.0000000000
76582  35.588  -12.690  45.757 0.0000000000
76583  35.511  -12.655  45.147 0.0000000000
76584  35.016  -13.111  45.237 0.0000000000
76585  34.495  -13.591  44.778 0.0000000000
76586  34.581  -13.586  45.434 0.0000000000
76587  33.944  -14.533  46.424 0.0000000000
76588  33.814  -14.543  45.796 0.0000000000
76589  33.522  -15.006  45.995 0.0000000000
76590  33.077  -15.572  45.552 0.0000000000
76591  33.229  -15.511  46.189 0.0000000000
76608  34.408  -14.462  48.612 0.0000000000
76609  34.122  -14.935  48.760 0.0000000000
76610  33.233  -16.435  47.845 0.0000000000
76611  33.385  -15.911  47.771 0.0000000000
76612  33.022  -16.425  47.213 0.0000000000
76613  32.801  -16.462  46.577 0.0000000000
76614  32.730  -16.975  46.804 0.0000000000
76615  32.448  -17.492  46.338 0.0000000000
76616  32.674  -17.467  46.933 0.0000000000
76617  33.043  -18.639  47.722 0.0000000000
76618  32.785  -18.590  47.204 0.0000000000
76619  32.924  -19.254  47.192 0.0000000000
76620  32.903  -19.887  46.710 0.0000000000
76621  33.154  -19.914  47.178 0.0000000000
76622  34.301  -19.007  49.780 0.0000000000
76623  33.961  -18.895  49.322 0.0000000000
76624  34.178  -19.541  49.231 0.0000000000
76625  34.223  -21.342  47.732 0.0000000000
76626  34.002  -20.688  47.977 0.0000000000
76627  33.971  -21.240  47.353 0.0000000000
76628  33.729  -21.203  46.924 0.0000000000
76629  34.022  -21.870  46.769 0.0000000000
76630  34.051  -22.453  46.212 0.0000000000
76631  34.215  -22.526  46.563 0.0000000000
76632  34.113  -23.891  46.803 0.0000000000
76633  34.159  -23.824  46.411 0.0000000000
76634  33.878  -24.393  46.374 0.0000000000
76635  33.754  -24.870  46.029 0.0000000000
76636  33.459  -24.831  46.323 0.0000000000
76668  32.496  -22.829  55.649 0.0000000000
76669  32.982  -22.707  56.407 0.0000000000
76670  33.262  -22.769  55.971 0.0000000000
76671  34.999  -22.294  55.829 0.0000000000
76672  34.786  -22.307  56.441 0.0000000000
76673  35.417  -21.881  56.570 0.0000000000
76678  36.230  -21.398  54.195 0.0000000000
76679  36.536  -20.929  54.878 0.0000000000
76680  36.528  -20.742  54.335 0.0000000000
76681  36.681  -20.070  54.547 0.0000000000
76682  36.429  -20.488  53.870 0.0000000000
76683  36.301  -20.294  53.287 0.0000000000
76684  36.179  -20.984  53.064 0.0000000000
76685  35.264  -22.651  51.503 0.0000000000
76686  35.675  -21.916  51.669 0.0000000000
76687  35.318  -22.461  50.980 0.0000000000
76688  35.308  -22.232  50.427 0.0000000000
76689  34.931  -22.911  50.360 0.0000000000
76690  32.168  -23.702  50.878 0.0000000000
76691  33.029  -23.605  51.246 0.0000000000
76692  32.469  -23.814  50.457 0.0000000000
76693  32.530  -24.195  48.912 0.0000000000
76694  32.998  -23.950  49.516 0.0000000000
76695  33.268  -23.971  49.089 0.0000000000
76696  33.977  -23.679  49.199 0.0000000000
76697  33.437  -23.986  48.603 0.0000000000
76698  33.689  -23.990  48.180 0.0000000000
76699  33.066  -24.330  47.998 0.0000000000
76700  31.879  -25.488  46.856 0.0000000000
76701  32.418  -25.138  46.939 0.0000000000
76702  32.313  -25.605  46.623 0.0000000000
76703  32.682  -25.662  46.358 0.0000000000
76704  32.328  -26.128  46.424 0.0000000000
76705  32.455  -26.512  46.419 0.0000000000
76706  31.957  -26.449  46.511 0.0000000000
76707  30.945  -27.089  46.940 0.0000000000
76708  31.423  -27.196  46.871 0.0000000000
76709  31.163  -27.525  47.084 0.0000000000
76710  31.477  -27.926  47.386 0.0000000000
76711  30.972  -27.851  47.413 0.0000000000
76712  29.203  -26.498  47.444 0.0000000000
76713  29.578  -26.659  47.288 0.0000000000
76714  29.322  -27.025  47.408 0.0000000000
76715  29.586  -28.231  48.279 0.0000000000
76716  29.759  -27.935  47.843 0.0000000000
76717  30.057  -28.320  48.216 0.0000000000
76718  30.610  -28.417  48.217 0.0000000000
76719  30.474  -28.666  48.789 0.0000000000
76720  30.894  -28.951  49.423 0.0000000000
76721  30.300  -28.910  49.321 0.0000000000
76722  29.521  -29.207  50.697 0.0000000000
76723  30.083  -29.255  50.758 0.0000000000
76724  30.034  -29.390  51.584 0.0000000000
76725  30.643  -29.563  52.657 0.0000000000
76726  30.073  -29.568  52.567 0.0000000000
76738  26.954  -29.056  51.464 0.0000000000
76739  26.534  -28.711  50.814 0.0000000000
76740  27.042  -28.778  50.739 0.0000000000
76742  27.465  -28.881  50.668 0.0000000000
76743  28.013  -28.994  50.677 0.0000000000
76744  27.934  -29.186  51.437 0.0000000000
76745  28.939  -29.848  54.231 0.0000000000
76746  28.981  -29.708  53.295 0.0000000000
76747  29.541  -29.921  54.277 0.0000000000
76748  30.072  -29.992  54.327 0.0000000000
76749  30.060  -30.075  55.219 0.0000000000
76750  30.610  -30.193  56.221 0.0000000000
76751  30.048  -30.203  56.224 0.0000000000
76752  29.438  -30.313  58.022 0.0000000000
76753  29.994  -30.375  58.184 0.0000000000
76754  29.973  -30.434  59.172 0.0000000000
81926  47.379  -17.368  37.478 0.0000000000
82037  37.975  -11.490  42.667 0.0000000000
82038  38.069  -11.612  41.934 0.0000000000
82039  37.324  -11.810  42.074 0.0000000000
82040  35.498  -12.901  41.021 0.0000000000
82041  36.127  -12.578  40.859 0.0000000000
82042  35.580  -13.062  40.298 0.0000000000
82043  35.733  -13.228  39.547 0.0000000000
82044  35.122  -13.610  39.612 0.0000000000
82045  33.394  -14.772  41.581 0.0000000000
82046  33.850  -14.258  41.410 0.0000000000
82047  33.458  -14.868  40.840 0.0000000000
82048  33.613  -15.791  38.952 0.0000000000
82049  33.765  -15.110  39.390 0.0000000000
82050  33.987  -15.289  38.740 0.0000000000
82051  34.425  -14.829  38.566 0.0000000000
82052  34.280  -15.510  38.116 0.0000000000
82053  34.601  -15.696  37.548 0.0000000000
82054  34.225  -16.167  37.763 0.0000000000
82060  31.843  -18.889  43.556 0.0000000000
82061  31.833  -18.377  43.262 0.0000000000
82062  31.891  -18.958  42.883 0.0000000000
82063  32.497  -19.536  41.447 0.0000000000
82064  32.172  -19.057  41.694 0.0000000000
82065  32.429  -19.083  41.142 0.0000000000
82066  32.455  -18.634  40.773 0.0000000000
82068  35.084  -20.800  41.566 0.0000000000
82069  34.296  -20.624  41.317 0.0000000000
82105  34.729  -27.117  46.859 0.0000000000
82106  34.895  -26.784  46.402 0.0000000000
82107  35.302  -26.942  46.928 0.0000000000
82108  36.852  -26.460  47.921 0.0000000000
82109  36.411  -26.521  47.110 0.0000000000
82110  36.975  -26.234  47.255 0.0000000000
82111  37.069  -25.931  46.604 0.0000000000
82112  37.528  -25.911  47.418 0.0000000000
82113  39.017  -25.983  51.874 0.0000000000
82114  38.365  -26.146  50.752 0.0000000000
82115  39.013  -25.799  51.054 0.0000000000
82116  39.836  -24.976  49.818 0.0000000000
82117  39.206  -25.365  49.566 0.0000000000
82118  39.213  -25.124  48.784 0.0000000000
82119  38.628  -25.242  47.863 0.0000000000
82120  39.248  -24.823  48.137 0.0000000000
82121  39.181  -24.515  47.310 0.0000000000
82122  39.820  -24.403  48.361 0.0000000000
92292  40.369  -11.373  40.915 0.0000000000
92293  39.715  -11.757  40.210 0.0000000000
92294  39.635  -11.594  40.739 0.0000000000
92295  38.920  -11.751  40.748 0.0000000000
92296  38.216  -11.913  40.693 0.0000000000
92312  42.317  -10.240  43.322 0.0000000000
92314  42.440  -10.519  42.028 0.0000000000
92315  41.735  -10.748  42.030 0.0000000000
92316  41.037  -11.093  41.440 0.0000000000
92927  34.234  -24.857  45.447 0.0000000000
92928  34.528  -24.821  45.093 0.0000000000
92929  34.426  -25.339  45.321 0.0000000000
92930  34.755  -25.739  45.347 0.0000000000
92931  35.131  -26.083  45.516 0.0000000000
93993  41.174  -10.053  33.164 0.0000000000
93999  37.357  -17.804  34.725 0.0000000000
94007  31.692  -29.497  52.835 0.0000000000
94008  32.378  -29.528  52.980 0.0000000000
94009  32.427  -29.700  53.894 0.0000000000
94010  33.097  -29.869  54.916 0.0000000000
94064  42.885  -9.805  36.127 0.0000000000
94066  42.923  -9.644  35.653 0.0000000000
94070  42.326  -9.546  34.171 0.0000000000
94071  41.698  -9.745  33.685 0.0000000000
94778  18.987  -23.604  62.707 0.0000000000
94813  35.367  -18.395  52.098 0.0000000000
94814  35.744  -18.576  52.668 0.0000000000
94815  35.819  -19.257  52.503 0.0000000000
94816  35.876  -19.880  52.258 0.0000000000
94826  29.772  -23.288  51.221 0.0000000000
94827  30.045  -23.428  50.957 0.0000000000
94828  29.304  -23.481  50.376 0.0000000000
94829  28.911  -23.875  49.486 0.0000000000
94830  28.641  -24.395  48.785 0.0000000000
94831  28.448  -24.913  48.269 0.0000000000
95897  32.877  -15.642  44.255 0.0000000000
95898  32.794  -15.692  43.499 0.0000000000
95899  32.498  -16.194  43.727 0.0000000000
95900  32.210  -16.745  43.241 0.0000000000
95901  32.037  -17.343  42.773 0.0000000000
95902  38.346  -21.723  44.318 0.0000000000
95903  37.753  -21.305  43.782 0.0000000000
95904  38.595  -21.236  44.498 0.0000000000
95905  38.852  -20.781  44.645 0.0000000000
98313  40.829  -11.305  36.991 0.0000000000
98314  40.172  -11.499  36.399 0.0000000000
98315  40.142  -11.648  36.882 0.0000000000
98316  39.508  -12.023  36.727 0.0000000000
98317  38.885  -12.397  36.606 0.0000000000
98318  37.371  -13.049  37.862 0.0000000000
98319  37.479  -13.111  37.341 0.0000000000
98320  36.888  -13.488  37.279 0.0000000000
98321  36.543  -13.998  36.711 0.0000000000
98322  36.318  -14.553  36.266 0.0000000000
98323  36.197  -15.173  35.834 0.0000000000
98324  35.937  -15.068  36.285 0.0000000000
98325  35.616  -15.590  36.347 0.0000000000
98326  35.320  -16.105  36.451 0.0000000000
98384  42.695  -10.731  39.810 0.0000000000
98386  42.760  -10.652  39.341 0.0000000000
98387  42.794  -10.582  38.868 0.0000000000
98390  42.116  -10.811  37.937 0.0000000000
98391  41.445  -11.108  37.454 0.0000000000
100176  50.659  -11.672  27.601 0.0000000000
100177  51.437  -11.849  28.572 0.0000000000
100179  50.931  -12.220  28.955 0.0000000000
100180  51.085  -12.492  29.613 0.0000000000
100181  49.214  -13.317  30.052 0.0000000000
100182  49.916  -13.213  30.317 0.0000000000
100183  50.034  -13.508  30.927 0.0000000000
100184  50.868  -13.689  31.797 0.0000000000
100217  32.480  -19.853  45.729 0.0000000000
100218  32.289  -19.900  45.107 0.0000000000
100219  32.575  -20.481  45.223 0.0000000000
100220  32.756  -21.124  44.692 0.0000000000
100221  33.155  -21.735  44.253 0.0000000000
100222  35.823  -24.397  44.137 0.0000000000
100223  35.371  -23.838  43.845 0.0000000000
100224  36.121  -24.187  43.989 0.0000000000
100225  36.464  -23.969  43.886 0.0000000000
100226  36.870  -23.698  43.850 0.0000000000
100227  37.208  -23.347  43.884 0.0000000000
100228  37.554  -23.814  44.364 0.0000000000
100229  38.251  -23.873  45.056 0.0000000000
100230  38.913  -23.822  45.844 0.0000000000
100414  49.972  -10.728  25.648 0.0000000000
100416  50.194  -11.430  26.899 0.0000000000
103435  39.224  -17.872  33.815 0.0000000000
103442  42.089  -18.546  34.394 0.0000000000
103443  42.844  -18.797  35.062 0.0000000000
103444  43.537  -18.946  35.802 0.0000000000
103445  43.014  -19.141  35.779 0.0000000000
103446  43.262  -19.434  36.529 0.0000000000
103457  32.604  -27.949  47.459 0.0000000000
103458  33.163  -27.895  47.556 0.0000000000
103459  32.967  -28.158  48.025 0.0000000000
103460  33.487  -28.320  48.760 0.0000000000
103461  34.010  -28.397  49.561 0.0000000000
103462  35.129  -29.183  53.987 0.0000000000
103463  35.122  -28.902  53.206 0.0000000000
103464  35.776  -28.983  54.228 0.0000000000
103651  43.470  -8.596  31.626 0.0000000000
103652  43.603  -8.529  31.148 0.0000000000
105854  35.818  -12.775  47.107 0.0000000000
105855  35.254  -13.170  46.601 0.0000000000
105856  34.668  -13.595  46.075 0.0000000000
105857  34.785  -13.581  46.737 0.0000000000
105858  34.423  -14.058  46.936 0.0000000000
105859  34.073  -14.510  47.069 0.0000000000
105870  33.949  -15.402  48.962 0.0000000000
105871  33.801  -15.907  49.102 0.0000000000
105872  33.462  -16.445  48.538 0.0000000000
105873  33.164  -16.949  48.049 0.0000000000
105874  32.902  -17.466  47.506 0.0000000000
105875  33.167  -17.498  48.100 0.0000000000
105876  33.203  -18.086  48.220 0.0000000000
105877  33.308  -18.694  48.256 0.0000000000
105878  34.702  -20.343  49.522 0.0000000000
105879  34.366  -20.205  49.037 0.0000000000
105880  34.591  -20.860  48.873 0.0000000000
105881  34.475  -21.440  48.157 0.0000000000
105882  34.396  -22.024  47.494 0.0000000000
105883  34.356  -22.614  46.966 0.0000000000
105884  34.481  -22.683  47.390 0.0000000000
105885  34.362  -23.344  47.334 0.0000000000
105886  34.010  -23.928  47.208 0.0000000000
105905  33.939  -22.211  57.949 0.0000000000
105906  33.032  -22.926  54.704 0.0000000000
105907  33.591  -22.808  55.538 0.0000000000
105908  33.829  -22.848  54.975 0.0000000000
105909  34.601  -22.620  55.025 0.0000000000
105910  35.258  -22.221  55.206 0.0000000000
105911  35.889  -21.702  55.420 0.0000000000
105912  35.522  -22.182  54.661 0.0000000000
105913  35.759  -22.077  54.048 0.0000000000
105914  35.914  -21.898  53.447 0.0000000000
105915  35.985  -21.660  52.958 0.0000000000
105916  35.543  -22.371  52.790 0.0000000000
105917  35.089  -22.818  52.119 0.0000000000
105918  34.604  -23.173  51.512 0.0000000000
105919  31.224  -24.201  49.260 0.0000000000
105920  31.948  -24.052  49.647 0.0000000000
105921  31.488  -24.333  48.879 0.0000000000
105922  31.778  -24.479  48.457 0.0000000000
105923  32.090  -24.537  48.168 0.0000000000
105924  32.388  -24.616  47.854 0.0000000000
105925  31.756  -24.961  47.508 0.0000000000
105926  31.529  -25.386  47.098 0.0000000000
105927  31.451  -25.865  46.805 0.0000000000
105928  31.531  -26.386  46.671 0.0000000000
105929  31.081  -26.256  46.823 0.0000000000
105930  30.751  -26.654  46.886 0.0000000000
105931  30.498  -26.975  47.019 0.0000000000
105932  28.541  -27.129  47.760 0.0000000000
105933  29.018  -27.333  47.670 0.0000000000
105934  28.749  -27.617  47.953 0.0000000000
105935  29.049  -28.108  48.292 0.0000000000
105936  29.399  -28.505  48.737 0.0000000000
105937  29.758  -28.810  49.276 0.0000000000
105938  29.176  -28.719  49.227 0.0000000000
105939  29.070  -28.937  49.916 0.0000000000
105940  29.001  -29.142  50.661 0.0000000000
105949  26.901  -29.312  52.265 0.0000000000
105950  27.411  -29.353  52.278 0.0000000000
105951  27.914  -29.398  52.343 0.0000000000
105952  27.933  -29.605  53.220 0.0000000000
105953  28.416  -29.802  54.165 0.0000000000
105954  28.985  -29.982  55.181 0.0000000000
105955  29.527  -30.143  56.158 0.0000000000
105956  28.947  -30.084  56.048 0.0000000000
109127  36.586  -11.965  42.972 0.0000000000
109128  36.654  -12.054  42.254 0.0000000000
109129  36.016  -12.328  42.395 0.0000000000
109130  35.438  -12.797  41.717 0.0000000000
109131  34.905  -13.335  41.085 0.0000000000
109132  32.853  -15.945  40.591 0.0000000000
109133  33.176  -15.454  40.310 0.0000000000
109134  33.037  -16.084  39.852 0.0000000000
109135  33.271  -16.256  39.194 0.0000000000
109141  32.258  -19.985  42.802 0.0000000000
109142  32.076  -19.492  42.541 0.0000000000
109143  32.447  -19.985  42.271 0.0000000000
109144  32.704  -19.987  41.756 0.0000000000
109145  33.007  -19.991  41.251 0.0000000000
109168  35.538  -27.250  48.174 0.0000000000
109169  35.696  -27.007  47.576 0.0000000000
109170  36.109  -26.998  48.330 0.0000000000
109171  36.685  -26.717  48.499 0.0000000000
109172  37.362  -26.389  48.811 0.0000000000
109174  39.725  -25.395  51.373 0.0000000000
115506  40.705  -11.759  38.850 0.0000000000
115507  40.031  -11.961  38.266 0.0000000000
115508  39.964  -11.990  38.737 0.0000000000
115509  39.254  -12.231  38.625 0.0000000000
115510  38.583  -12.464  38.560 0.0000000000
115511  39.081  -12.076  39.624 0.0000000000
115512  38.488  -12.375  39.062 0.0000000000
115513  37.880  -12.657  38.503 0.0000000000
115514  37.265  -12.948  38.378 0.0000000000
115515  36.620  -13.250  38.301 0.0000000000
115516  36.071  -13.615  38.220 0.0000000000
115560  43.947  -9.905  41.549 0.0000000000
115561  43.353  -10.370  40.905 0.0000000000
115562  42.518  -10.656  41.469 0.0000000000
115563  42.588  -10.731  40.906 0.0000000000
115564  42.643  -10.760  40.350 0.0000000000
115565  41.971  -11.084  39.831 0.0000000000
115566  41.319  -11.448  39.305 0.0000000000
116959  48.343  -12.646  28.605 0.0000000000
116961  47.706  -12.545  28.422 0.0000000000
116963  48.543  -13.328  29.775 0.0000000000
116964  48.674  -13.676  30.370 0.0000000000
116987  33.779  -22.339  45.495 0.0000000000
116988  33.679  -22.343  45.053 0.0000000000
116989  34.048  -22.959  44.993 0.0000000000
116990  34.439  -23.581  44.584 0.0000000000
116991  34.892  -24.133  44.357 0.0000000000
116992  34.819  -24.796  44.807 0.0000000000
116993  35.096  -24.681  44.562 0.0000000000
116994  35.425  -24.552  44.335 0.0000000000
116995  35.970  -24.853  44.517 0.0000000000
116996  36.518  -25.080  44.874 0.0000000000
116997  37.055  -25.237  45.397 0.0000000000
119488  37.607  -15.998  34.062 0.0000000000
119489  37.930  -16.651  33.942 0.0000000000
119490  38.321  -17.251  33.902 0.0000000000
119493  38.798  -17.900  33.997 0.0000000000
119496  40.643  -19.349  35.041 0.0000000000
119497  41.379  -19.630  35.635 0.0000000000
119499  40.981  -20.040  36.292 0.0000000000
119500  41.155  -20.242  37.063 0.0000000000
119501  39.756  -20.163  36.320 0.0000000000
119502  40.552  -20.331  37.039 0.0000000000
119503  41.382  -20.390  37.898 0.0000000000
119504  41.585  -20.433  38.706 0.0000000000
119507  31.999  -28.931  49.546 0.0000000000
119508  32.678  -28.882  49.829 0.0000000000
119509  32.584  -29.079  50.579 0.0000000000
119510  33.174  -29.144  51.680 0.0000000000
119511  33.798  -29.226  52.711 0.0000000000
119512  33.093  -29.468  53.257 0.0000000000
119513  33.777  -29.419  53.478 0.0000000000
119514  34.473  -29.312  53.725 0.0000000000
119515  35.178  -29.392  54.763 0.0000000000
119648  45.012  -8.662  36.164 0.0000000000
119653  45.886  -7.985  33.978 0.0000000000
119654  45.207  -8.274  34.095 0.0000000000
119655  44.572  -8.475  33.626 0.0000000000
119658  43.146  -8.894  33.179 0.0000000000
119660  42.638  -9.052  32.197 0.0000000000
119661  42.220  -9.391  31.711 0.0000000000
121306  19.005  -24.185  60.893 0.0000000000
121308  18.440  -24.113  61.873 0.0000000000
121309  18.168  -24.413  61.337 0.0000000000
121385  34.538  -16.735  51.220 0.0000000000
121386  34.239  -17.237  50.513 0.0000000000
121387  33.974  -17.745  49.902 0.0000000000
121388  34.327  -17.859  50.533 0.0000000000
121389  34.442  -18.529  50.383 0.0000000000
121390  34.671  -19.167  50.307 0.0000000000
121391  35.184  -18.871  51.510 0.0000000000
121392  35.029  -19.358  50.820 0.0000000000
121393  34.872  -19.847  50.176 0.0000000000
121394  35.014  -20.497  49.991 0.0000000000
121395  35.088  -21.145  49.725 0.0000000000
121396  35.128  -21.828  49.537 0.0000000000
121408  31.103  -22.587  56.108 0.0000000000
121409  31.880  -22.670  56.391 0.0000000000
121410  31.384  -22.710  55.632 0.0000000000
121411  31.646  -22.827  55.229 0.0000000000
121412  31.959  -22.896  54.825 0.0000000000
121413  30.557  -22.901  53.497 0.0000000000
121414  31.421  -22.983  54.031 0.0000000000
121415  32.236  -23.000  54.322 0.0000000000
121416  32.521  -23.093  53.874 0.0000000000
121417  32.719  -23.190  53.362 0.0000000000
121418  33.048  -23.299  52.854 0.0000000000
121419  33.279  -23.378  52.350 0.0000000000
121420  32.425  -23.454  52.075 0.0000000000
121421  31.853  -23.636  51.285 0.0000000000
121422  31.415  -23.800  50.492 0.0000000000
121423  30.387  -23.645  50.481 0.0000000000
121424  30.657  -23.816  50.157 0.0000000000
121425  30.949  -24.000  49.719 0.0000000000
121426  30.533  -24.300  48.910 0.0000000000
121427  30.226  -24.760  48.198 0.0000000000
121428  30.060  -25.251  47.768 0.0000000000
121429  29.958  -25.803  47.353 0.0000000000
121430  29.555  -25.560  47.605 0.0000000000
121431  29.169  -25.945  47.578 0.0000000000
121432  28.784  -26.282  47.548 0.0000000000
121433  28.361  -25.442  47.961 0.0000000000
121434  28.341  -25.999  47.767 0.0000000000
121435  28.391  -26.539  47.676 0.0000000000
121436  28.042  -26.910  47.850 0.0000000000
123917  34.356  -13.615  43.479 0.0000000000
123918  34.312  -13.644  42.727 0.0000000000
123919  33.837  -14.181  42.854 0.0000000000
123920  33.390  -14.702  42.321 0.0000000000
123921  33.016  -15.293  41.778 0.0000000000
123922  32.736  -15.731  42.731 0.0000000000
123923  32.709  -15.796  41.990 0.0000000000
123924  32.756  -15.865  41.289 0.0000000000
123925  32.581  -16.463  40.830 0.0000000000
123926  32.520  -17.067  40.442 0.0000000000
123928  34.807  -21.515  42.433 0.0000000000
123929  34.325  -21.117  42.050 0.0000000000
123930  35.198  -21.303  42.297 0.0000000000
123931  35.575  -21.059  42.131 0.0000000000
123932  35.942  -20.837  41.990 0.0000000000
123933  37.242  -20.972  43.209 0.0000000000
123934  36.747  -20.746  42.537 0.0000000000
123935  36.341  -20.626  41.844 0.0000000000
123936  36.817  -20.450  41.735 0.0000000000
123949  37.699  -26.937  52.055 0.0000000000
123950  37.666  -26.676  51.197 0.0000000000
123951  38.302  -26.583  52.327 0.0000000000
123952  38.952  -26.247  52.657 0.0000000000
123953  39.622  -25.901  52.924 0.0000000000
129468  40.849  -10.599  35.079 0.0000000000
129471  39.717  -11.473  34.891 0.0000000000
129473  39.585  -11.774  35.805 0.0000000000
129474  39.109  -12.052  35.228 0.0000000000
129475  38.701  -12.475  34.647 0.0000000000
129478  37.572  -14.138  34.484 0.0000000000
129479  39.387  -12.213  37.677 0.0000000000
129480  38.804  -12.468  37.088 0.0000000000
129481  38.282  -12.748  36.478 0.0000000000
129482  37.578  -13.134  36.809 0.0000000000
129483  37.709  -13.128  36.358 0.0000000000
129484  37.836  -13.107  35.917 0.0000000000
129485  37.488  -13.617  35.351 0.0000000000
129488  37.030  -15.338  34.604 0.0000000000
129489  36.880  -15.950  34.759 0.0000000000
129490  36.757  -16.508  34.885 0.0000000000
129491  36.240  -15.787  35.497 0.0000000000
129492  36.383  -16.395  35.251 0.0000000000
129497  31.735  -30.264  56.369 0.0000000000
129498  32.430  -30.272  56.609 0.0000000000
129499  32.362  -30.389  57.519 0.0000000000
129635  42.162  -10.186  36.120 0.0000000000
129636  41.485  -10.379  35.629 0.0000000000
131216  31.832  -22.321  58.166 0.0000000000
133403  53.352  -11.469  29.186 0.0000000000
133406  52.208  -11.956  29.422 0.0000000000
133412  49.616  -12.344  28.456 0.0000000000
133413  50.427  -12.590  29.381 0.0000000000
133414  51.209  -12.739  30.240 0.0000000000
133415  50.630  -13.099  30.591 0.0000000000
133416  51.330  -12.978  30.863 0.0000000000
133417  52.023  -12.852  31.133 0.0000000000
133430  45.651  -18.004  36.225 0.0000000000
133431  46.179  -17.725  36.402 0.0000000000
133432  46.382  -17.955  37.176 0.0000000000
133487  32.098  -17.647  45.106 0.0000000000
133488  31.970  -17.719  44.406 0.0000000000
133489  31.914  -18.205  44.643 0.0000000000
133490  31.877  -18.817  44.189 0.0000000000
133491  31.943  -19.391  43.777 0.0000000000
133492  32.156  -19.924  44.517 0.0000000000
133493  32.126  -19.973  43.957 0.0000000000
133494  32.161  -19.986  43.375 0.0000000000
133495  32.546  -20.528  43.056 0.0000000000
133496  33.047  -21.041  42.778 0.0000000000
133497  33.689  -21.444  42.625 0.0000000000
133498  33.669  -22.337  44.607 0.0000000000
133499  33.676  -22.312  44.227 0.0000000000
133500  33.708  -22.274  43.867 0.0000000000
133501  34.960  -23.282  43.639 0.0000000000
133502  34.408  -22.741  43.536 0.0000000000
133503  33.833  -22.224  43.469 0.0000000000
133504  34.013  -22.101  43.109 0.0000000000
133505  34.239  -21.947  42.845 0.0000000000
133506  34.521  -21.736  42.624 0.0000000000
133507  35.404  -21.979  42.759 0.0000000000
133508  36.368  -22.074  43.105 0.0000000000
133509  37.259  -22.119  43.561 0.0000000000
133510  37.555  -22.983  43.949 0.0000000000
133511  37.891  -22.568  44.069 0.0000000000
133512  38.143  -22.162  44.190 0.0000000000
133513  38.933  -22.103  44.931 0.0000000000
133514  39.667  -22.027  45.726 0.0000000000
133515  40.390  -21.849  46.668 0.0000000000
140182  44.720  -17.639  34.671 0.0000000000
140205  42.259  -17.391  33.240 0.0000000000
140206  42.786  -17.278  33.261 0.0000000000
140208  44.206  -17.833  34.552 0.0000000000
140209  44.927  -17.968  35.353 0.0000000000
140210  45.144  -18.264  36.110 0.0000000000
140211  45.349  -18.508  36.896 0.0000000000
140213  44.291  -19.000  36.659 0.0000000000
140214  44.999  -18.978  37.567 0.0000000000
140219  42.126  -19.781  36.374 0.0000000000
140220  42.903  -19.809  37.268 0.0000000000
140237  33.450  -26.595  46.167 0.0000000000
140238  33.960  -26.588  46.077 0.0000000000
140239  33.781  -26.958  46.413 0.0000000000
140240  34.108  -27.223  46.820 0.0000000000
140241  34.528  -27.419  47.338 0.0000000000
140242  33.772  -27.821  47.693 0.0000000000
140243  34.362  -27.699  47.808 0.0000000000
140244  34.948  -27.477  47.999 0.0000000000
140245  35.439  -27.466  48.810 0.0000000000
140246  35.911  -27.415  49.634 0.0000000000
140247  36.493  -27.352  50.644 0.0000000000
140248  33.284  -28.784  50.063 0.0000000000
140249  33.944  -28.604  50.316 0.0000000000
140250  34.566  -28.401  50.514 0.0000000000
140251  35.131  -28.642  52.399 0.0000000000
140252  35.145  -28.374  51.596 0.0000000000
140253  35.222  -28.152  50.805 0.0000000000
140254  35.814  -27.877  51.084 0.0000000000
140255  36.415  -27.585  51.366 0.0000000000
140256  37.052  -27.290  51.702 0.0000000000
140257  37.610  -27.296  52.717 0.0000000000
140630  45.905  -7.887  33.479 0.0000000000
140631  46.036  -7.754  32.966 0.0000000000
140633  44.712  -8.031  32.120 0.0000000000
144943  19.447  -24.299  59.802 0.0000000000
144944  19.083  -24.729  59.101 0.0000000000
145095  40.133  -10.793  43.192 0.0000000000
145096  39.458  -11.083  42.623 0.0000000000
145097  39.380  -10.977  43.229 0.0000000000
145098  38.670  -11.165  43.286 0.0000000000
145099  37.938  -11.392  43.356 0.0000000000
145100  38.579  -11.008  44.587 0.0000000000
145101  37.885  -11.307  44.019 0.0000000000
145102  37.204  -11.637  43.499 0.0000000000
145103  36.579  -11.921  43.616 0.0000000000
145104  35.944  -12.258  43.732 0.0000000000
145105  35.401  -12.660  43.862 0.0000000000
145109  36.801  -11.921  46.874 0.0000000000
145110  36.733  -11.871  46.234 0.0000000000
145111  36.668  -11.843  45.586 0.0000000000
145112  36.043  -12.243  45.007 0.0000000000
145113  35.444  -12.635  44.510 0.0000000000
145114  34.854  -13.128  44.023 0.0000000000
145115  34.399  -13.622  44.126 0.0000000000
145116  33.983  -14.085  44.288 0.0000000000
145117  33.618  -14.559  44.505 0.0000000000
145118  34.174  -14.058  45.576 0.0000000000
145119  33.702  -14.550  45.146 0.0000000000
145120  33.273  -15.096  44.705 0.0000000000
145121  32.952  -15.627  44.873 0.0000000000
145122  32.720  -16.067  45.136 0.0000000000
145123  32.486  -16.593  45.323 0.0000000000
145141  35.176  -13.581  48.894 0.0000000000
145142  34.694  -14.017  48.363 0.0000000000
145143  34.214  -14.483  47.772 0.0000000000
145144  33.799  -14.967  47.335 0.0000000000
145145  33.752  -15.403  48.271 0.0000000000
145146  33.566  -15.405  47.571 0.0000000000
145147  33.387  -15.446  46.856 0.0000000000
145148  33.009  -15.967  46.469 0.0000000000
145149  32.640  -16.518  45.966 0.0000000000
145150  32.345  -17.071  45.528 0.0000000000
145151  32.258  -17.570  45.737 0.0000000000
145152  32.251  -18.065  45.905 0.0000000000
145153  32.337  -18.649  46.074 0.0000000000
145154  32.705  -17.997  47.104 0.0000000000
145155  32.560  -18.625  46.643 0.0000000000
145156  32.483  -19.206  46.209 0.0000000000
145157  32.671  -19.837  46.219 0.0000000000
145158  32.963  -20.488  46.225 0.0000000000
145159  33.250  -21.154  46.119 0.0000000000
145160  33.810  -18.235  49.379 0.0000000000
145161  33.609  -18.791  48.802 0.0000000000
145162  33.510  -19.369  48.229 0.0000000000
145163  34.072  -20.130  48.628 0.0000000000
145164  33.748  -20.039  48.178 0.0000000000
145165  33.450  -19.959  47.722 0.0000000000
145166  33.421  -20.592  47.079 0.0000000000
145167  33.487  -21.182  46.524 0.0000000000
145168  33.611  -21.742  46.004 0.0000000000
145169  33.922  -22.394  45.883 0.0000000000
145170  34.149  -23.084  45.761 0.0000000000
145171  34.245  -23.701  45.694 0.0000000000
145172  34.278  -23.194  46.476 0.0000000000
145173  34.203  -23.761  46.027 0.0000000000
145174  34.186  -24.324  45.668 0.0000000000
145175  33.980  -24.884  45.719 0.0000000000
145176  33.742  -25.317  45.802 0.0000000000
145177  33.493  -25.778  45.898 0.0000000000
145214  32.719  -22.658  56.859 0.0000000000
145215  33.486  -22.506  57.171 0.0000000000
145216  34.218  -22.288  57.452 0.0000000000
145217  34.035  -22.600  56.244 0.0000000000
145218  34.496  -22.311  56.988 0.0000000000
145226  36.394  -21.105  55.492 0.0000000000
145227  36.701  -20.457  55.649 0.0000000000
145232  36.332  -19.641  53.453 0.0000000000
145233  36.097  -20.079  52.761 0.0000000000
145234  35.894  -20.514  52.071 0.0000000000
145235  35.949  -21.408  52.334 0.0000000000
145236  35.875  -21.187  51.880 0.0000000000
145237  35.694  -20.996  51.375 0.0000000000
145238  35.500  -21.495  50.640 0.0000000000
145239  35.274  -21.991  50.004 0.0000000000
145240  34.965  -22.541  49.334 0.0000000000
145241  33.566  -23.442  51.860 0.0000000000
145242  33.832  -23.449  51.326 0.0000000000
145243  34.044  -23.452  50.895 0.0000000000
145244  32.765  -23.901  49.974 0.0000000000
145245  33.541  -23.707  50.209 0.0000000000
145246  34.281  -23.422  50.325 0.0000000000
145247  34.445  -23.357  49.775 0.0000000000
145248  34.574  -23.202  49.261 0.0000000000
145249  34.612  -23.063  48.788 0.0000000000
145250  34.261  -23.538  48.222 0.0000000000
145251  33.882  -23.985  47.681 0.0000000000
145252  33.465  -24.395  47.152 0.0000000000
145253  32.661  -24.691  47.447 0.0000000000
145254  32.986  -24.743  47.069 0.0000000000
145255  33.217  -24.803  46.704 0.0000000000
145256  33.088  -25.232  46.337 0.0000000000
145257  33.092  -25.731  46.150 0.0000000000
145258  33.179  -26.155  46.095 0.0000000000
145259  32.957  -26.576  46.295 0.0000000000
145260  32.653  -26.961  46.501 0.0000000000
145261  32.459  -27.307  46.778 0.0000000000
145262  31.683  -26.863  46.671 0.0000000000
145263  31.972  -27.293  46.815 0.0000000000
145264  32.231  -27.626  47.062 0.0000000000
145265  31.974  -27.902  47.405 0.0000000000
145266  31.883  -28.242  47.846 0.0000000000
145267  31.674  -28.489  48.273 0.0000000000
145268  29.931  -26.307  47.191 0.0000000000
145269  30.045  -26.852  47.165 0.0000000000
145270  30.229  -27.316  47.212 0.0000000000
145271  29.520  -27.501  47.550 0.0000000000
145272  29.975  -27.635  47.504 0.0000000000
145273  30.510  -27.754  47.430 0.0000000000
145274  30.819  -28.135  47.773 0.0000000000
145275  31.121  -28.498  48.229 0.0000000000
145276  31.528  -28.733  48.802 0.0000000000
145277  31.449  -28.961  49.515 0.0000000000
145278  31.398  -29.158  50.235 0.0000000000
145279  31.181  -29.271  50.906 0.0000000000
145280  30.193  -29.090  49.995 0.0000000000
145281  30.676  -29.283  50.847 0.0000000000
145282  31.187  -29.407  51.824 0.0000000000
145283  31.200  -29.558  52.715 0.0000000000
145284  31.185  -29.741  53.592 0.0000000000
145285  31.216  -29.959  54.525 0.0000000000
145292  26.928  -26.867  48.433 0.0000000000
145293  27.137  -27.415  48.605 0.0000000000
145294  27.377  -27.901  48.948 0.0000000000
145302  27.221  -28.214  49.453 0.0000000000
145303  27.668  -28.324  49.367 0.0000000000
145304  28.029  -28.721  49.897 0.0000000000
145305  28.460  -29.066  50.582 0.0000000000
145306  28.965  -29.344  51.459 0.0000000000
145307  28.425  -29.454  52.315 0.0000000000
145308  28.981  -29.516  52.426 0.0000000000
145309  29.491  -29.571  52.407 0.0000000000
145310  30.072  -29.763  53.469 0.0000000000
145311  30.653  -29.977  54.483 0.0000000000
145312  31.218  -30.162  55.457 0.0000000000
145313  31.140  -30.269  56.291 0.0000000000
145314  31.161  -30.355  57.297 0.0000000000
145315  31.121  -30.466  58.246 0.0000000000
145316  30.068  -30.309  57.208 0.0000000000
145317  30.570  -30.428  58.235 0.0000000000
145318  31.045  -30.531  59.243 0.0000000000
151531  46.555  -13.199  29.292 0.0000000000
151532  47.341  -13.668  29.926 0.0000000000
151553  46.702  -17.435  36.571 0.0000000000
151554  47.221  -17.128  36.738 0.0000000000
151688  38.780  -11.412  41.918 0.0000000000
151689  38.138  -11.743  41.310 0.0000000000
151690  37.527  -12.082  40.664 0.0000000000
151691  36.717  -12.164  41.490 0.0000000000
151692  36.810  -12.306  40.756 0.0000000000
151693  36.925  -12.485  40.065 0.0000000000
151694  36.371  -12.939  39.419 0.0000000000
151695  35.897  -13.421  38.848 0.0000000000
151696  35.479  -14.000  38.286 0.0000000000
151697  34.307  -13.713  41.956 0.0000000000
151698  34.340  -13.821  41.203 0.0000000000
151699  34.428  -13.902  40.460 0.0000000000
151700  33.587  -14.994  40.085 0.0000000000
151701  34.066  -14.485  39.898 0.0000000000
151702  34.543  -14.040  39.768 0.0000000000
151703  34.725  -14.205  39.069 0.0000000000
151704  34.942  -14.382  38.411 0.0000000000
151705  35.172  -14.574  37.800 0.0000000000
151706  34.981  -15.252  37.346 0.0000000000
151707  34.945  -15.900  36.996 0.0000000000
151715  31.903  -17.784  43.694 0.0000000000
151716  31.905  -17.866  42.987 0.0000000000
151717  31.964  -17.954  42.342 0.0000000000
151718  31.978  -19.025  42.281 0.0000000000
151719  32.007  -18.523  41.980 0.0000000000
151720  32.088  -18.017  41.705 0.0000000000
151721  32.262  -18.063  41.083 0.0000000000
151722  32.495  -18.105  40.443 0.0000000000
151724  33.906  -20.734  41.657 0.0000000000
151725  33.586  -20.339  41.214 0.0000000000
151730  33.111  -19.151  40.046 0.0000000000
151769  34.487  -26.521  46.001 0.0000000000
151770  35.028  -26.457  45.924 0.0000000000
151771  35.549  -26.316  45.902 0.0000000000
151772  35.875  -26.742  47.060 0.0000000000
151773  36.003  -26.460  46.463 0.0000000000
151774  36.077  -26.120  45.916 0.0000000000
151775  36.591  -25.890  45.967 0.0000000000
151776  37.095  -25.589  46.035 0.0000000000
151777  37.568  -25.305  46.112 0.0000000000
151778  37.712  -26.477  50.446 0.0000000000
151779  37.861  -26.256  49.770 0.0000000000
151780  37.970  -26.047  49.055 0.0000000000
151781  39.128  -25.555  50.309 0.0000000000
151782  38.553  -25.741  49.322 0.0000000000
151783  38.023  -25.843  48.312 0.0000000000
151784  38.080  -25.565  47.607 0.0000000000
151785  38.128  -25.287  46.944 0.0000000000
151786  38.077  -24.973  46.238 0.0000000000
151787  38.567  -24.610  46.347 0.0000000000
151788  39.077  -24.183  46.563 0.0000000000
151789  39.583  -23.721  46.788 0.0000000000
151791  40.260  -23.609  47.817 0.0000000000
151792  40.039  -23.250  47.003 0.0000000000
151793  40.441  -22.767  47.231 0.0000000000
