#!ascii label  , from subject fsaverage vox2ras=TkReg
1849
15  3.344  -32.818  65.078 0.0000000000
222  7.711  -29.782  56.916 0.0000000000
230  5.360  -36.591  69.581 0.0000000000
231  11.596  -37.356  76.142 0.0000000000
232  7.803  -40.119  69.467 0.0000000000
367  5.919  -25.414  72.795 0.0000000000
701  5.027  -35.376  57.322 0.0000000000
702  5.956  -31.448  61.359 0.0000000000
710  2.889  -34.623  69.181 0.0000000000
711  4.177  -39.475  71.938 0.0000000000
712  4.104  -39.346  66.381 0.0000000000
717  31.383  -30.382  63.467 0.0000000000
862  12.491  -24.194  71.315 0.0000000000
863  8.798  -26.874  71.922 0.0000000000
1046  20.417  -32.216  72.085 0.0000000000
1047  16.583  -31.521  73.997 0.0000000000
1549  5.849  -33.113  53.423 0.0000000000
1550  6.063  -27.901  52.851 0.0000000000
1564  9.368  -36.413  68.259 0.0000000000
1565  11.676  -33.248  74.925 0.0000000000
1566  7.185  -36.302  74.956 0.0000000000
1567  8.529  -39.247  74.490 0.0000000000
1813  3.394  -28.932  69.368 0.0000000000
1814  4.968  -26.668  66.044 0.0000000000
1815  5.306  -22.859  69.813 0.0000000000
1832  5.247  -30.712  70.984 0.0000000000
2052  6.280  -25.219  62.132 0.0000000000
2053  7.317  -23.856  57.866 0.0000000000
2083  14.537  -35.689  73.707 0.0000000000
2620  4.079  -35.140  63.574 0.0000000000
2621  5.016  -34.481  61.545 0.0000000000
2622  4.535  -32.103  63.256 0.0000000000
2630  2.767  -33.723  67.231 0.0000000000
2631  2.914  -37.294  67.770 0.0000000000
2632  3.460  -36.435  65.443 0.0000000000
2637  30.931  -30.410  66.877 0.0000000000
2638  33.139  -30.865  66.914 0.0000000000
2783  11.235  -23.394  73.095 0.0000000000
2966  17.000  -31.168  71.374 0.0000000000
3538  6.506  -32.628  57.162 0.0000000000
3539  5.331  -34.200  55.360 0.0000000000
3540  6.235  -31.448  55.011 0.0000000000
3541  5.776  -30.437  52.958 0.0000000000
3542  6.920  -28.720  54.767 0.0000000000
3565  7.418  -36.966  68.940 0.0000000000
3567  6.169  -37.188  72.399 0.0000000000
3568  5.654  -40.478  70.882 0.0000000000
3569  6.106  -39.569  73.629 0.0000000000
3570  7.846  -39.903  72.225 0.0000000000
3571  10.457  -39.637  73.088 0.0000000000
3985  4.292  -27.228  71.394 0.0000000000
3986  4.477  -25.922  69.801 0.0000000000
3987  5.480  -24.013  71.545 0.0000000000
4016  18.098  -24.818  60.269 0.0000000000
4025  7.330  -26.264  73.080 0.0000000000
4026  6.899  -28.806  71.543 0.0000000000
4027  5.437  -28.085  72.367 0.0000000000
4028  3.858  -29.888  71.048 0.0000000000
4503  5.430  -23.812  66.407 0.0000000000
4504  5.604  -25.892  64.128 0.0000000000
4505  6.035  -23.046  64.669 0.0000000000
4509  7.041  -23.171  55.840 0.0000000000
4573  19.002  -33.716  70.764 0.0000000000
4578  11.089  -34.681  76.130 0.0000000000
4579  13.339  -33.489  75.508 0.0000000000
5869  5.996  -33.704  59.378 0.0000000000
5870  7.207  -30.721  59.243 0.0000000000
5884  3.805  -35.536  69.901 0.0000000000
5885  4.157  -37.888  71.623 0.0000000000
5886  3.055  -37.944  70.080 0.0000000000
5887  3.839  -39.809  69.189 0.0000000000
5888  5.742  -40.494  67.891 0.0000000000
5899  33.772  -30.462  63.928 0.0000000000
6136  7.809  -23.749  73.512 0.0000000000
6154  17.563  -22.571  67.773 0.0000000000
6158  11.552  -26.081  69.191 0.0000000000
6159  9.707  -27.567  69.369 0.0000000000
6160  10.676  -25.460  71.870 0.0000000000
6161  9.313  -24.751  73.373 0.0000000000
6168  33.538  -21.710  60.135 0.0000000000
6488  21.239  -30.916  71.343 0.0000000000
6489  19.141  -30.836  71.474 0.0000000000
6490  18.701  -31.641  73.288 0.0000000000
6491  17.560  -33.332  72.547 0.0000000000
6492  12.624  -39.863  75.790 0.0000000000
7489  9.367  -34.702  75.273 0.0000000000
7490  9.113  -36.182  76.144 0.0000000000
7491  5.356  -38.123  73.972 0.0000000000
7492  7.264  -37.818  75.440 0.0000000000
7493  9.998  -38.399  75.886 0.0000000000
7494  11.172  -40.096  75.014 0.0000000000
8071  3.124  -30.721  67.100 0.0000000000
8072  4.045  -29.656  65.408 0.0000000000
8073  4.038  -27.791  67.667 0.0000000000
8074  4.995  -24.815  68.060 0.0000000000
8119  9.642  -35.506  65.152 0.0000000000
8120  7.904  -35.556  66.110 0.0000000000
8122  8.083  -29.360  69.240 0.0000000000
8125  3.874  -32.597  70.220 0.0000000000
8126  2.983  -31.701  69.182 0.0000000000
8127  39.949  -10.512  45.078 0.0000000000
8141  34.674  -21.906  58.266 0.0000000000
8724  5.332  -28.945  63.625 0.0000000000
8725  6.634  -28.185  61.726 0.0000000000
8726  7.465  -27.352  59.707 0.0000000000
8727  7.045  -22.228  62.791 0.0000000000
8728  6.957  -24.487  60.109 0.0000000000
8729  7.532  -26.586  57.294 0.0000000000
8730  6.639  -25.913  55.177 0.0000000000
8731  6.146  -25.169  53.321 0.0000000000
8732  6.800  -24.312  51.586 0.0000000000
8815  14.096  -32.029  74.375 0.0000000000
8816  15.637  -33.113  74.395 0.0000000000
8817  15.872  -35.312  71.271 0.0000000000
10300  3.712  -33.958  64.327 0.0000000000
10301  4.222  -33.575  63.383 0.0000000000
10302  3.863  -32.364  64.160 0.0000000000
10310  2.995  -33.253  66.074 0.0000000000
10311  2.990  -35.035  66.280 0.0000000000
10312  3.334  -34.543  65.192 0.0000000000
10313  3.743  -35.780  64.475 0.0000000000
11218  7.287  -31.236  57.061 0.0000000000
11219  6.543  -32.028  56.094 0.0000000000
11220  7.089  -30.682  55.874 0.0000000000
11221  6.706  -30.097  54.817 0.0000000000
11222  7.449  -29.216  55.757 0.0000000000
11245  6.393  -36.873  69.227 0.0000000000
11246  6.854  -37.190  70.775 0.0000000000
11247  5.741  -37.334  70.900 0.0000000000
11248  6.686  -40.442  70.181 0.0000000000
11249  6.705  -40.270  71.651 0.0000000000
11250  7.732  -40.096  70.871 0.0000000000
11251  8.932  -39.707  71.430 0.0000000000
11665  5.055  -26.308  72.187 0.0000000000
11666  4.868  -25.658  71.562 0.0000000000
11667  5.642  -24.690  72.249 0.0000000000
11695  19.085  -23.300  63.929 0.0000000000
11697  17.845  -23.691  63.796 0.0000000000
11705  6.662  -25.837  73.134 0.0000000000
11706  6.384  -27.187  72.748 0.0000000000
11707  5.657  -26.732  72.709 0.0000000000
11708  4.779  -27.614  72.140 0.0000000000
12183  5.721  -22.323  66.602 0.0000000000
12184  5.739  -23.431  65.517 0.0000000000
13618  5.442  -32.931  61.501 0.0000000000
13619  5.505  -34.056  60.565 0.0000000000
13620  6.133  -32.614  60.387 0.0000000000
13621  6.699  -32.159  59.364 0.0000000000
13622  6.641  -31.073  60.340 0.0000000000
13645  3.301  -35.043  69.677 0.0000000000
13646  3.228  -36.736  70.074 0.0000000000
13647  2.879  -36.445  69.409 0.0000000000
13648  3.411  -38.435  67.057 0.0000000000
13649  3.277  -38.791  68.373 0.0000000000
13650  3.942  -39.653  67.727 0.0000000000
13651  4.676  -40.347  68.519 0.0000000000
13652  4.789  -40.124  67.094 0.0000000000
13653  5.693  -40.308  66.600 0.0000000000
13655  4.400  -37.917  62.931 0.0000000000
13667  31.504  -30.535  61.338 0.0000000000
13668  32.755  -30.579  61.730 0.0000000000
13669  32.555  -30.400  63.666 0.0000000000
13670  33.624  -31.868  67.426 0.0000000000
13671  34.222  -31.132  66.810 0.0000000000
14065  8.794  -23.015  73.518 0.0000000000
14098  13.418  -23.549  70.991 0.0000000000
14099  13.857  -23.847  69.721 0.0000000000
14100  12.897  -24.494  70.077 0.0000000000
14102  12.045  -25.143  70.418 0.0000000000
14103  11.090  -25.817  70.627 0.0000000000
14104  11.598  -24.817  71.673 0.0000000000
14106  10.271  -24.074  73.255 0.0000000000
14107  9.611  -23.507  73.538 0.0000000000
14108  8.540  -24.327  73.554 0.0000000000
14651  19.291  -30.984  69.565 0.0000000000
14652  18.191  -31.187  69.490 0.0000000000
14653  16.863  -31.148  72.952 0.0000000000
14654  17.900  -31.028  72.871 0.0000000000
14655  17.643  -31.488  73.599 0.0000000000
14656  18.230  -32.460  73.170 0.0000000000
14657  17.213  -32.238  73.841 0.0000000000
16371  5.523  -33.646  54.419 0.0000000000
16377  6.507  -32.571  52.558 0.0000000000
16378  5.939  -29.149  52.830 0.0000000000
16450  10.276  -36.029  67.890 0.0000000000
16453  7.701  -35.963  73.981 0.0000000000
16454  8.853  -35.320  74.030 0.0000000000
16455  8.271  -35.500  75.175 0.0000000000
16456  9.075  -35.291  75.908 0.0000000000
16457  8.020  -36.109  75.777 0.0000000000
16458  3.976  -38.653  72.010 0.0000000000
16459  4.691  -38.198  72.867 0.0000000000
16460  4.682  -38.908  73.076 0.0000000000
16461  7.230  -39.335  74.197 0.0000000000
16462  6.571  -38.730  74.692 0.0000000000
16463  7.828  -38.621  75.116 0.0000000000
16464  8.539  -37.914  75.767 0.0000000000
16465  9.272  -38.826  75.336 0.0000000000
16466  10.602  -39.345  75.513 0.0000000000
16467  9.994  -39.417  74.841 0.0000000000
16469  11.576  -40.434  73.339 0.0000000000
17710  3.172  -29.800  68.248 0.0000000000
17711  3.503  -29.251  67.361 0.0000000000
17712  3.609  -28.266  68.533 0.0000000000
17713  4.958  -24.388  69.856 0.0000000000
17714  4.736  -25.339  68.949 0.0000000000
17715  5.066  -23.821  68.952 0.0000000000
17716  5.246  -23.322  68.085 0.0000000000
17717  5.351  -22.266  69.008 0.0000000000
17781  24.893  -30.777  63.821 0.0000000000
17783  23.490  -30.942  64.970 0.0000000000
17803  16.977  -25.359  60.201 0.0000000000
17804  17.435  -25.653  59.033 0.0000000000
17828  7.124  -35.392  66.787 0.0000000000
17830  9.284  -27.260  70.745 0.0000000000
17831  8.871  -28.408  69.316 0.0000000000
17832  8.345  -28.137  70.664 0.0000000000
17833  6.035  -29.758  71.301 0.0000000000
17834  6.727  -30.064  70.439 0.0000000000
17837  5.173  -32.101  70.172 0.0000000000
17838  4.499  -33.085  70.043 0.0000000000
17839  4.524  -31.681  70.581 0.0000000000
17840  3.480  -29.361  70.420 0.0000000000
17841  3.379  -30.699  70.183 0.0000000000
17842  3.126  -30.263  69.286 0.0000000000
17843  2.925  -31.217  68.127 0.0000000000
17845  38.542  -10.928  45.260 0.0000000000
17875  32.630  -22.243  58.675 0.0000000000
17876  34.158  -21.784  59.263 0.0000000000
17976  41.329  -9.991  46.504 0.0000000000
19263  4.499  -28.175  65.795 0.0000000000
19264  4.638  -29.283  64.508 0.0000000000
19265  5.060  -27.788  64.832 0.0000000000
19266  5.917  -25.519  63.115 0.0000000000
19267  6.026  -26.938  62.993 0.0000000000
19268  6.490  -26.628  61.924 0.0000000000
19269  7.135  -27.785  60.751 0.0000000000
19270  6.807  -26.281  60.925 0.0000000000
19275  7.376  -23.036  60.510 0.0000000000
19276  7.249  -24.183  58.984 0.0000000000
19277  7.274  -25.583  58.681 0.0000000000
19278  7.209  -25.299  57.507 0.0000000000
19279  7.137  -26.272  56.130 0.0000000000
19280  6.925  -24.952  56.464 0.0000000000
19281  6.881  -22.778  54.985 0.0000000000
19282  6.439  -24.197  54.578 0.0000000000
19283  6.414  -23.824  53.739 0.0000000000
19284  6.336  -24.754  52.425 0.0000000000
19285  6.613  -23.430  52.821 0.0000000000
19473  20.889  -31.444  72.047 0.0000000000
19474  21.768  -31.694  71.567 0.0000000000
19488  12.168  -33.244  73.579 0.0000000000
19490  12.858  -32.542  74.651 0.0000000000
19491  14.075  -34.485  74.906 0.0000000000
19492  14.497  -33.230  75.039 0.0000000000
19493  15.014  -34.245  74.150 0.0000000000
19494  15.818  -34.207  73.018 0.0000000000
19495  15.200  -35.402  72.584 0.0000000000
23146  4.352  -36.386  62.755 0.0000000000
23147  4.625  -36.026  61.654 0.0000000000
23148  4.536  -34.781  62.591 0.0000000000
23149  4.807  -33.279  62.445 0.0000000000
23150  5.213  -31.816  62.311 0.0000000000
23164  2.699  -34.203  68.295 0.0000000000
23165  2.736  -36.049  68.425 0.0000000000
23166  2.740  -35.490  67.375 0.0000000000
23167  3.121  -36.823  66.570 0.0000000000
23169  4.209  -38.893  65.181 0.0000000000
23170  3.912  -37.450  64.760 0.0000000000
23171  4.094  -36.956  63.692 0.0000000000
23177  31.216  -30.285  65.315 0.0000000000
23178  32.336  -30.345  65.528 0.0000000000
23179  32.039  -30.633  66.909 0.0000000000
23180  32.586  -31.479  67.625 0.0000000000
23439  11.896  -23.853  72.366 0.0000000000
23771  15.727  -31.397  72.990 0.0000000000
24798  5.695  -33.978  57.268 0.0000000000
24799  5.164  -34.771  56.322 0.0000000000
24800  5.719  -33.425  56.236 0.0000000000
24801  5.726  -32.806  55.241 0.0000000000
24802  5.577  -32.221  54.214 0.0000000000
24803  5.702  -31.728  53.172 0.0000000000
24804  5.945  -30.886  54.026 0.0000000000
24805  6.274  -29.564  53.871 0.0000000000
24806  6.342  -28.305  53.798 0.0000000000
24847  8.411  -36.749  68.585 0.0000000000
24850  7.290  -36.665  72.489 0.0000000000
24851  6.562  -36.723  73.834 0.0000000000
24852  4.755  -40.136  71.521 0.0000000000
24853  5.073  -39.646  72.839 0.0000000000
24854  5.762  -40.174  72.340 0.0000000000
24855  6.904  -39.898  72.982 0.0000000000
24856  8.123  -39.611  73.439 0.0000000000
24857  9.396  -39.503  73.821 0.0000000000
24858  9.101  -39.595  72.650 0.0000000000
25603  3.741  -28.037  70.479 0.0000000000
25604  3.862  -27.439  69.579 0.0000000000
25605  4.308  -26.511  70.633 0.0000000000
25606  4.901  -24.985  70.700 0.0000000000
25607  5.362  -23.408  70.717 0.0000000000
25647  23.046  -31.361  59.696 0.0000000000
25658  19.221  -24.292  60.376 0.0000000000
25675  8.021  -26.693  72.638 0.0000000000
25676  7.754  -27.863  71.719 0.0000000000
25677  7.101  -27.543  72.403 0.0000000000
25678  6.180  -28.467  72.132 0.0000000000
25679  5.280  -29.451  71.709 0.0000000000
25680  4.516  -30.371  71.194 0.0000000000
25681  4.561  -29.026  71.780 0.0000000000
25682  3.987  -28.555  71.332 0.0000000000
26535  5.208  -25.136  66.291 0.0000000000
26536  5.325  -26.267  65.079 0.0000000000
26537  5.474  -24.807  65.311 0.0000000000
26538  5.686  -24.475  64.350 0.0000000000
26539  6.025  -24.112  63.477 0.0000000000
26545  7.204  -23.526  56.799 0.0000000000
26661  19.757  -33.001  71.607 0.0000000000
26670  11.262  -33.722  75.722 0.0000000000
26671  12.436  -33.064  75.497 0.0000000000
26672  12.191  -34.023  75.867 0.0000000000
26674  13.919  -35.943  74.482 0.0000000000
29049  4.924  -35.643  60.502 0.0000000000
29050  5.236  -35.122  59.428 0.0000000000
29051  5.491  -34.621  58.292 0.0000000000
29052  6.352  -33.170  58.304 0.0000000000
29053  7.093  -31.737  58.189 0.0000000000
29054  7.654  -30.232  58.120 0.0000000000
29086  4.485  -36.059  69.817 0.0000000000
29087  4.663  -37.251  70.780 0.0000000000
29088  3.830  -37.006  70.527 0.0000000000
29089  3.466  -37.974  70.958 0.0000000000
29090  3.497  -38.956  70.995 0.0000000000
29091  2.876  -37.622  68.975 0.0000000000
29092  3.264  -38.973  69.701 0.0000000000
29093  3.863  -39.777  70.656 0.0000000000
29094  4.665  -40.355  70.032 0.0000000000
29095  5.638  -40.588  69.353 0.0000000000
29096  6.786  -40.452  68.691 0.0000000000
29098  6.697  -40.355  67.395 0.0000000000
29122  33.509  -30.473  65.609 0.0000000000
29123  34.638  -30.597  65.602 0.0000000000
29674  6.960  -24.488  73.232 0.0000000000
29675  6.473  -23.746  72.842 0.0000000000
29676  7.350  -22.973  73.101 0.0000000000
29716  18.027  -22.841  66.460 0.0000000000
29726  10.977  -27.200  67.641 0.0000000000
29727  10.095  -27.958  67.725 0.0000000000
29728  10.616  -26.843  69.280 0.0000000000
29729  10.165  -26.523  70.732 0.0000000000
29730  9.687  -26.158  71.947 0.0000000000
29731  10.956  -24.498  72.632 0.0000000000
29732  9.966  -25.195  72.788 0.0000000000
29733  9.021  -25.871  72.791 0.0000000000
29734  8.321  -25.502  73.312 0.0000000000
29735  7.547  -25.108  73.398 0.0000000000
30496  20.228  -30.830  71.465 0.0000000000
30497  19.970  -31.234  72.494 0.0000000000
30498  18.086  -30.895  71.480 0.0000000000
30499  18.990  -31.107  72.736 0.0000000000
30500  19.569  -31.887  72.755 0.0000000000
30501  19.036  -32.705  72.441 0.0000000000
30502  18.314  -33.577  71.639 0.0000000000
30503  17.463  -34.387  70.721 0.0000000000
30504  12.196  -38.634  76.040 0.0000000000
30505  12.923  -38.214  75.791 0.0000000000
30506  13.434  -39.606  75.584 0.0000000000
32237  20.367  -22.209  66.689 0.0000000000
32238  19.203  -22.572  66.510 0.0000000000
32239  18.601  -22.279  67.706 0.0000000000
32841  6.171  -31.321  52.180 0.0000000000
32936  11.114  -33.968  73.793 0.0000000000
32938  9.988  -34.628  73.995 0.0000000000
32939  10.510  -33.974  75.134 0.0000000000
32940  10.160  -34.528  75.873 0.0000000000
32941  10.087  -35.468  76.244 0.0000000000
32942  10.331  -36.614  76.245 0.0000000000
32943  5.102  -37.628  72.095 0.0000000000
32944  5.570  -37.484  73.486 0.0000000000
32945  6.200  -37.204  74.645 0.0000000000
32946  5.559  -38.879  74.023 0.0000000000
32947  6.222  -37.989  74.834 0.0000000000
32948  7.030  -36.957  75.454 0.0000000000
32949  8.137  -37.043  75.936 0.0000000000
32950  9.449  -37.334  76.125 0.0000000000
32951  10.825  -37.872  76.142 0.0000000000
32952  11.440  -39.038  75.934 0.0000000000
32953  11.846  -40.120  75.586 0.0000000000
32955  10.747  -39.914  74.146 0.0000000000
32956  11.778  -40.872  74.303 0.0000000000
34525  3.196  -31.706  66.004 0.0000000000
34526  3.627  -31.138  65.188 0.0000000000
34527  3.506  -30.191  66.201 0.0000000000
34528  3.998  -28.709  66.574 0.0000000000
34529  4.497  -27.238  66.911 0.0000000000
34530  4.186  -26.881  68.713 0.0000000000
34531  4.565  -26.290  67.965 0.0000000000
34532  4.922  -25.722  67.074 0.0000000000
34533  5.202  -24.228  67.253 0.0000000000
34534  5.472  -22.823  67.376 0.0000000000
34536  6.145  -23.135  72.159 0.0000000000
34537  5.950  -22.490  71.347 0.0000000000
34611  26.445  -30.409  67.889 0.0000000000
34613  25.719  -30.426  66.024 0.0000000000
34640  18.005  -25.937  57.827 0.0000000000
34641  17.550  -26.862  56.671 0.0000000000
34665  9.513  -36.131  66.596 0.0000000000
34667  8.767  -35.622  65.614 0.0000000000
34668  8.587  -36.320  66.972 0.0000000000
34669  7.680  -36.415  67.478 0.0000000000
34670  6.754  -36.235  67.833 0.0000000000
34675  7.516  -29.063  70.588 0.0000000000
34682  3.827  -34.005  69.894 0.0000000000
34683  3.304  -33.492  69.745 0.0000000000
34684  3.879  -31.228  70.587 0.0000000000
34685  3.285  -32.114  69.923 0.0000000000
34686  2.916  -33.074  69.171 0.0000000000
34687  2.778  -32.650  68.209 0.0000000000
34688  2.891  -32.225  67.000 0.0000000000
34689  40.072  -10.687  43.833 0.0000000000
34728  35.519  -21.106  59.623 0.0000000000
34729  35.939  -21.058  58.645 0.0000000000
34731  35.181  -21.930  57.136 0.0000000000
34732  36.339  -20.877  57.458 0.0000000000
34733  36.634  -20.610  56.235 0.0000000000
34734  36.727  -20.257  55.109 0.0000000000
34764  30.532  -30.488  59.308 0.0000000000
34765  30.394  -30.470  61.248 0.0000000000
34768  30.391  -30.352  63.498 0.0000000000
34769  30.266  -30.239  65.434 0.0000000000
34770  30.044  -30.327  67.200 0.0000000000
36420  4.237  -30.818  64.228 0.0000000000
36421  4.897  -30.490  63.342 0.0000000000
36422  5.661  -30.119  62.431 0.0000000000
36423  5.560  -27.352  63.920 0.0000000000
36424  6.010  -28.577  62.673 0.0000000000
36425  6.386  -29.750  61.447 0.0000000000
36426  7.060  -29.362  60.501 0.0000000000
36427  7.546  -28.942  59.503 0.0000000000
36428  7.848  -28.471  58.348 0.0000000000
36430  6.523  -22.634  63.729 0.0000000000
36431  6.510  -23.792  62.480 0.0000000000
36433  6.955  -23.440  61.477 0.0000000000
36434  6.597  -24.841  61.158 0.0000000000
36435  7.088  -25.910  59.830 0.0000000000
36436  7.681  -26.990  58.492 0.0000000000
36437  7.829  -28.060  57.080 0.0000000000
36438  7.437  -27.625  55.951 0.0000000000
36439  6.858  -27.266  54.957 0.0000000000
36440  6.332  -26.892  54.025 0.0000000000
36441  6.659  -24.568  55.529 0.0000000000
36442  6.298  -25.560  54.279 0.0000000000
36443  6.115  -26.495  53.058 0.0000000000
36444  6.186  -26.109  52.039 0.0000000000
36445  6.608  -25.708  51.194 0.0000000000
36446  7.375  -25.271  50.515 0.0000000000
36693  15.379  -31.664  74.203 0.0000000000
36694  13.718  -32.545  75.194 0.0000000000
36695  14.926  -32.228  74.879 0.0000000000
36696  16.149  -32.169  74.471 0.0000000000
36697  16.585  -33.183  73.482 0.0000000000
36698  16.705  -34.244  71.843 0.0000000000
36705  14.978  -36.870  72.126 0.0000000000
41020  3.507  -33.344  64.704 0.0000000000
41021  3.758  -33.131  64.270 0.0000000000
41022  3.615  -32.564  64.635 0.0000000000
41030  3.161  -33.017  65.568 0.0000000000
41031  3.117  -33.888  65.579 0.0000000000
41032  3.342  -33.677  65.099 0.0000000000
41033  3.523  -34.275  64.727 0.0000000000
41938  7.550  -30.525  56.980 0.0000000000
41939  7.236  -30.965  56.472 0.0000000000
41940  7.438  -30.246  56.369 0.0000000000
41941  7.294  -29.965  55.785 0.0000000000
41942  7.608  -29.472  56.311 0.0000000000
41965  5.878  -36.761  69.450 0.0000000000
41966  6.096  -37.152  70.083 0.0000000000
41967  5.558  -37.065  70.156 0.0000000000
41968  7.234  -40.326  69.853 0.0000000000
41969  7.194  -40.293  70.538 0.0000000000
41970  7.746  -40.141  70.156 0.0000000000
42385  5.472  -25.860  72.511 0.0000000000
42386  5.344  -25.507  72.226 0.0000000000
42387  5.815  -25.021  72.543 0.0000000000
42415  18.798  -23.202  64.539 0.0000000000
42416  18.512  -23.498  63.851 0.0000000000
42425  6.309  -25.648  72.998 0.0000000000
42426  6.162  -26.282  72.936 0.0000000000
42427  5.794  -26.116  72.767 0.0000000000
42428  5.341  -26.534  72.523 0.0000000000
42973  17.733  -34.934  69.357 0.0000000000
42974  18.008  -35.022  68.800 0.0000000000
44338  5.709  -32.205  61.419 0.0000000000
44339  5.780  -32.753  60.948 0.0000000000
44340  6.061  -32.015  60.896 0.0000000000
44341  6.416  -31.841  60.372 0.0000000000
44342  6.315  -31.278  60.834 0.0000000000
44365  3.093  -34.857  69.486 0.0000000000
44366  3.033  -35.743  69.532 0.0000000000
44367  2.904  -35.539  69.258 0.0000000000
44368  3.713  -38.888  66.727 0.0000000000
44369  3.642  -39.059  67.409 0.0000000000
44370  4.028  -39.469  67.078 0.0000000000
44371  4.344  -39.936  67.407 0.0000000000
44372  4.438  -39.775  66.739 0.0000000000
44373  4.792  -39.999  66.448 0.0000000000
44375  4.446  -37.642  62.405 0.0000000000
44387  31.426  -30.433  62.396 0.0000000000
44388  32.048  -30.486  62.527 0.0000000000
44389  31.947  -30.392  63.510 0.0000000000
44391  34.112  -32.083  67.216 0.0000000000
44818  12.921  -23.892  71.152 0.0000000000
44819  13.222  -24.040  70.546 0.0000000000
44820  12.691  -24.393  70.686 0.0000000000
44821  12.432  -24.816  70.265 0.0000000000
44822  12.199  -24.703  70.899 0.0000000000
44823  11.760  -24.981  71.063 0.0000000000
44824  12.008  -24.484  71.489 0.0000000000
44826  10.073  -23.168  73.442 0.0000000000
44828  9.151  -23.254  73.598 0.0000000000
45373  16.757  -31.284  73.591 0.0000000000
45374  17.296  -31.208  73.471 0.0000000000
45375  17.129  -31.491  73.781 0.0000000000
45376  17.468  -31.845  73.744 0.0000000000
45377  16.903  -31.805  74.029 0.0000000000
47091  5.595  -33.367  53.916 0.0000000000
47092  5.723  -34.083  54.016 0.0000000000
47093  6.005  -33.789  53.589 0.0000000000
47095  6.311  -33.525  53.135 0.0000000000
47096  6.722  -33.220  52.763 0.0000000000
47097  6.093  -32.877  52.932 0.0000000000
47170  9.850  -36.268  68.022 0.0000000000
47173  7.403  -36.054  74.524 0.0000000000
47174  7.968  -35.717  74.598 0.0000000000
47175  7.720  -35.891  75.056 0.0000000000
47176  8.088  -35.741  75.563 0.0000000000
47177  7.558  -36.165  75.418 0.0000000000
47178  4.021  -39.076  72.007 0.0000000000
47179  4.314  -38.824  72.570 0.0000000000
47180  4.391  -39.252  72.551 0.0000000000
47181  7.854  -39.250  74.361 0.0000000000
47182  7.489  -39.010  74.667 0.0000000000
47183  8.182  -38.972  74.834 0.0000000000
47184  8.493  -38.673  75.241 0.0000000000
47185  8.882  -38.967  74.998 0.0000000000
47186  9.621  -39.146  75.094 0.0000000000
47187  9.291  -39.263  74.681 0.0000000000
47189  12.001  -40.692  72.363 0.0000000000
48430  3.261  -29.372  68.790 0.0000000000
48431  3.380  -29.071  68.329 0.0000000000
48432  3.498  -28.618  68.922 0.0000000000
48433  5.144  -23.589  69.824 0.0000000000
48434  5.017  -24.076  69.413 0.0000000000
48435  5.154  -23.353  69.368 0.0000000000
48436  5.211  -23.027  69.025 0.0000000000
48437  5.281  -22.519  69.421 0.0000000000
48500  23.400  -31.228  61.433 0.0000000000
48502  23.284  -31.203  62.352 0.0000000000
48503  23.158  -31.192  63.102 0.0000000000
48524  16.674  -25.768  59.615 0.0000000000
48550  8.987  -27.117  71.354 0.0000000000
48551  8.774  -27.704  70.711 0.0000000000
48552  8.561  -27.501  71.319 0.0000000000
48553  5.613  -30.244  71.148 0.0000000000
48554  5.991  -30.409  70.803 0.0000000000
48555  5.590  -30.917  70.668 0.0000000000
48557  5.235  -31.413  70.563 0.0000000000
48558  4.888  -31.887  70.437 0.0000000000
48559  4.899  -31.178  70.791 0.0000000000
48560  3.406  -29.118  69.912 0.0000000000
48561  3.290  -29.791  69.887 0.0000000000
48562  3.257  -29.534  69.351 0.0000000000
48563  3.130  -29.981  68.765 0.0000000000
49983  4.747  -27.413  65.929 0.0000000000
49984  4.775  -27.934  65.325 0.0000000000
49985  4.972  -27.251  65.435 0.0000000000
49986  6.057  -25.343  62.651 0.0000000000
49987  6.141  -26.058  62.547 0.0000000000
49988  6.279  -25.893  62.023 0.0000000000
49989  6.625  -26.450  61.422 0.0000000000
49990  6.481  -25.742  61.509 0.0000000000
49994  7.567  -23.295  58.622 0.0000000000
49995  7.493  -23.454  59.177 0.0000000000
49996  7.336  -24.038  58.404 0.0000000000
49997  7.195  -24.747  58.221 0.0000000000
49998  7.198  -24.572  57.657 0.0000000000
49999  7.068  -25.121  57.006 0.0000000000
50000  7.088  -24.421  57.142 0.0000000000
50001  6.854  -22.594  54.557 0.0000000000
50002  6.618  -23.300  54.362 0.0000000000
50003  6.601  -23.164  53.936 0.0000000000
50004  6.469  -23.653  53.257 0.0000000000
50005  6.692  -22.921  53.486 0.0000000000
50193  20.701  -31.772  72.196 0.0000000000
50194  21.138  -31.941  71.925 0.0000000000
50195  20.864  -32.376  71.751 0.0000000000
50208  11.923  -33.168  74.325 0.0000000000
50210  12.249  -32.895  74.774 0.0000000000
50211  14.328  -35.089  74.361 0.0000000000
50212  14.517  -34.375  74.535 0.0000000000
50213  14.735  -34.967  73.890 0.0000000000
50214  15.106  -34.825  73.402 0.0000000000
50215  14.846  -35.579  73.136 0.0000000000
53935  4.240  -35.770  63.185 0.0000000000
53936  4.426  -35.616  62.674 0.0000000000
53937  4.296  -35.038  63.075 0.0000000000
53938  4.342  -32.813  63.317 0.0000000000
53939  4.502  -33.400  62.923 0.0000000000
53940  4.671  -32.685  62.852 0.0000000000
53941  5.006  -32.529  62.405 0.0000000000
53942  4.856  -31.938  62.793 0.0000000000
53965  2.725  -33.948  67.826 0.0000000000
53966  2.682  -34.818  67.832 0.0000000000
53967  2.736  -34.627  67.286 0.0000000000
53968  3.211  -35.772  65.832 0.0000000000
53969  3.022  -35.968  66.431 0.0000000000
53970  3.281  -36.655  66.044 0.0000000000
53971  3.423  -37.467  66.209 0.0000000000
53972  3.562  -37.266  65.644 0.0000000000
53973  3.797  -37.755  65.311 0.0000000000
53974  3.689  -36.954  65.118 0.0000000000
53975  3.905  -35.489  64.012 0.0000000000
53976  3.935  -36.380  64.114 0.0000000000
53977  4.082  -36.093  63.624 0.0000000000
53978  4.233  -36.674  63.238 0.0000000000
53987  31.108  -30.279  66.190 0.0000000000
53988  31.644  -30.390  66.186 0.0000000000
53989  31.501  -30.466  66.979 0.0000000000
53991  32.111  -31.359  67.785 0.0000000000
53992  32.320  -31.924  67.855 0.0000000000
53993  32.836  -32.085  67.754 0.0000000000
54974  15.464  -32.153  70.181 0.0000000000
56688  6.098  -33.344  57.206 0.0000000000
56689  5.723  -33.715  56.727 0.0000000000
56690  6.112  -33.039  56.688 0.0000000000
56691  6.417  -31.745  55.522 0.0000000000
56692  6.119  -32.418  55.660 0.0000000000
56693  5.956  -32.111  55.130 0.0000000000
56694  5.661  -32.531  54.729 0.0000000000
56695  5.862  -31.821  54.605 0.0000000000
56696  5.777  -31.560  54.149 0.0000000000
56697  6.103  -31.169  54.528 0.0000000000
56698  6.851  -29.384  54.754 0.0000000000
56699  6.457  -29.829  54.310 0.0000000000
56700  6.606  -29.141  54.310 0.0000000000
56701  6.333  -28.945  53.811 0.0000000000
56702  6.598  -28.535  54.268 0.0000000000
56770  7.895  -36.898  68.760 0.0000000000
56771  8.252  -36.866  69.550 0.0000000000
56772  7.713  -37.017  69.739 0.0000000000
56773  6.504  -37.188  71.612 0.0000000000
56774  7.115  -36.983  71.644 0.0000000000
56775  6.688  -36.924  72.532 0.0000000000
56776  6.893  -36.642  73.235 0.0000000000
56777  6.334  -36.963  73.175 0.0000000000
56778  5.180  -40.346  71.228 0.0000000000
56779  5.268  -40.165  71.964 0.0000000000
56780  5.702  -40.317  71.647 0.0000000000
56781  7.268  -40.107  71.953 0.0000000000
56782  6.779  -40.135  72.305 0.0000000000
56783  7.387  -39.925  72.635 0.0000000000
56784  7.457  -39.747  73.216 0.0000000000
56785  7.950  -39.782  72.816 0.0000000000
56786  8.608  -39.633  73.023 0.0000000000
56787  8.484  -39.732  72.418 0.0000000000
58030  3.994  -27.653  70.947 0.0000000000
58031  4.042  -27.297  70.546 0.0000000000
58032  4.298  -26.889  71.007 0.0000000000
58033  5.161  -24.852  71.519 0.0000000000
58034  4.846  -25.326  71.124 0.0000000000
58035  5.169  -24.487  71.122 0.0000000000
58036  5.151  -24.131  70.714 0.0000000000
58037  5.418  -23.649  71.110 0.0000000000
58102  23.701  -31.184  58.921 0.0000000000
58103  23.626  -31.213  59.811 0.0000000000
58104  23.146  -31.358  58.815 0.0000000000
58124  17.943  -24.218  61.866 0.0000000000
58125  17.394  -24.387  61.912 0.0000000000
58127  16.808  -24.668  61.909 0.0000000000
58150  7.705  -26.466  72.899 0.0000000000
58151  7.552  -27.120  72.528 0.0000000000
58152  7.231  -26.889  72.768 0.0000000000
58153  5.898  -27.649  72.562 0.0000000000
58154  6.289  -27.776  72.465 0.0000000000
58155  5.822  -28.258  72.285 0.0000000000
58156  5.764  -28.942  71.947 0.0000000000
58157  5.353  -28.749  72.073 0.0000000000
58158  4.894  -29.271  71.810 0.0000000000
58159  4.984  -28.568  72.085 0.0000000000
58160  4.475  -27.449  71.805 0.0000000000
58161  4.363  -28.090  71.756 0.0000000000
58162  4.085  -27.894  71.393 0.0000000000
58163  3.803  -28.306  70.942 0.0000000000
59583  5.304  -24.414  66.393 0.0000000000
59584  5.348  -24.991  65.765 0.0000000000
59585  5.440  -24.279  65.883 0.0000000000
59586  5.854  -23.228  65.129 0.0000000000
59587  5.703  -23.950  64.945 0.0000000000
59588  5.826  -23.750  64.560 0.0000000000
59589  5.827  -24.309  63.924 0.0000000000
59590  6.023  -23.581  64.056 0.0000000000
59793  19.380  -33.353  71.209 0.0000000000
59808  11.136  -34.126  75.949 0.0000000000
59809  11.728  -33.804  75.861 0.0000000000
59810  11.630  -34.332  76.001 0.0000000000
63888  4.833  -35.329  61.563 0.0000000000
63889  4.773  -35.857  61.087 0.0000000000
63890  5.005  -35.075  61.031 0.0000000000
63891  5.795  -33.878  59.991 0.0000000000
63892  5.400  -34.615  60.016 0.0000000000
63893  5.626  -34.415  59.465 0.0000000000
63894  5.378  -34.893  58.899 0.0000000000
63895  5.789  -34.155  58.840 0.0000000000
63896  5.912  -33.916  58.267 0.0000000000
63897  6.211  -33.490  58.844 0.0000000000
63898  6.986  -31.445  59.262 0.0000000000
63899  6.895  -31.975  58.762 0.0000000000
63900  7.190  -31.237  58.707 0.0000000000
63901  7.419  -30.987  58.121 0.0000000000
63902  7.476  -30.470  58.702 0.0000000000
63970  4.141  -35.773  69.873 0.0000000000
63971  4.157  -36.530  70.191 0.0000000000
63972  3.785  -36.339  70.139 0.0000000000
63973  3.090  -37.342  70.115 0.0000000000
63974  3.318  -37.378  70.479 0.0000000000
63975  3.227  -37.984  70.563 0.0000000000
63976  3.446  -38.485  71.044 0.0000000000
63977  3.244  -38.518  70.519 0.0000000000
63978  2.789  -36.685  68.096 0.0000000000
63979  2.774  -36.856  68.704 0.0000000000
63980  2.867  -37.533  68.379 0.0000000000
63981  3.531  -39.380  68.763 0.0000000000
63982  3.227  -38.902  69.062 0.0000000000
63983  3.509  -39.414  69.449 0.0000000000
63984  3.543  -39.457  70.210 0.0000000000
63985  3.818  -39.831  69.940 0.0000000000
63986  4.234  -40.113  70.368 0.0000000000
63987  4.195  -40.159  69.609 0.0000000000
63988  5.192  -40.464  68.203 0.0000000000
63989  5.142  -40.523  68.974 0.0000000000
63990  5.682  -40.554  68.636 0.0000000000
63991  6.201  -40.566  69.033 0.0000000000
63992  6.223  -40.528  68.283 0.0000000000
63993  6.690  -40.447  68.025 0.0000000000
63994  6.222  -40.447  67.643 0.0000000000
64000  4.246  -38.625  64.603 0.0000000000
64040  33.264  -30.510  62.853 0.0000000000
64045  32.773  -30.540  66.332 0.0000000000
64046  32.913  -30.411  65.577 0.0000000000
64047  33.333  -30.611  66.360 0.0000000000
64049  34.476  -30.807  66.318 0.0000000000
65230  7.389  -24.108  73.388 0.0000000000
65231  7.158  -23.722  73.263 0.0000000000
65232  7.570  -23.360  73.331 0.0000000000
65320  17.730  -22.698  67.120 0.0000000000
65322  17.110  -22.893  67.119 0.0000000000
65331  13.504  -24.301  69.209 0.0000000000
65332  13.941  -23.990  69.048 0.0000000000
65338  12.057  -25.715  69.072 0.0000000000
65340  11.745  -26.233  68.393 0.0000000000
65342  11.279  -26.601  68.453 0.0000000000
65343  10.775  -27.027  68.477 0.0000000000
65344  11.102  -26.452  69.238 0.0000000000
65345  10.930  -25.616  71.293 0.0000000000
65346  10.691  -26.138  70.698 0.0000000000
65347  10.442  -25.983  71.332 0.0000000000
65348  9.969  -26.326  71.368 0.0000000000
65349  10.207  -25.788  71.949 0.0000000000
65350  11.588  -23.579  72.759 0.0000000000
65351  11.443  -24.164  72.517 0.0000000000
65352  11.091  -23.980  72.863 0.0000000000
65353  9.776  -24.413  73.340 0.0000000000
65354  10.141  -24.645  73.096 0.0000000000
65355  9.675  -24.971  73.168 0.0000000000
65356  9.491  -25.514  72.818 0.0000000000
65357  9.183  -25.331  73.157 0.0000000000
65358  8.702  -25.686  73.101 0.0000000000
65359  8.852  -25.110  73.369 0.0000000000
65360  8.183  -24.011  73.532 0.0000000000
65361  8.025  -24.709  73.498 0.0000000000
65362  7.733  -24.405  73.472 0.0000000000
65363  7.250  -24.790  73.385 0.0000000000
66987  19.958  -30.975  68.656 0.0000000000
66988  19.248  -30.850  70.584 0.0000000000
66989  19.824  -30.796  70.747 0.0000000000
66990  19.688  -30.871  71.416 0.0000000000
66991  20.089  -31.011  71.989 0.0000000000
66992  19.579  -30.943  72.114 0.0000000000
66993  17.059  -31.358  70.344 0.0000000000
66994  17.594  -31.155  70.448 0.0000000000
66995  17.513  -30.995  71.418 0.0000000000
66996  18.347  -31.269  73.199 0.0000000000
66997  18.457  -31.033  72.788 0.0000000000
66998  18.834  -31.317  73.067 0.0000000000
66999  19.327  -31.451  72.893 0.0000000000
67000  19.176  -31.785  73.040 0.0000000000
67001  19.355  -32.290  72.689 0.0000000000
67002  18.934  -32.153  72.989 0.0000000000
67003  17.952  -32.883  72.951 0.0000000000
67004  18.344  -33.063  72.479 0.0000000000
67005  17.945  -33.457  72.114 0.0000000000
67006  17.918  -33.985  71.194 0.0000000000
67007  17.525  -33.885  71.662 0.0000000000
67008  12.432  -39.212  75.946 0.0000000000
67009  12.849  -39.098  75.886 0.0000000000
67010  13.040  -39.728  75.746 0.0000000000
70741  19.763  -22.404  66.566 0.0000000000
70742  19.549  -22.261  67.214 0.0000000000
70743  18.983  -22.384  67.149 0.0000000000
70744  19.249  -22.093  67.793 0.0000000000
72146  5.241  -34.469  55.857 0.0000000000
72148  5.299  -34.917  55.390 0.0000000000
72168  5.686  -31.042  53.046 0.0000000000
72169  5.882  -31.524  52.652 0.0000000000
72170  5.872  -30.876  52.533 0.0000000000
72172  6.510  -30.429  51.656 0.0000000000
72391  11.417  -34.136  72.955 0.0000000000
72396  9.089  -34.964  74.716 0.0000000000
72397  9.424  -34.962  74.054 0.0000000000
72398  9.671  -34.603  74.689 0.0000000000
72399  10.243  -34.255  74.602 0.0000000000
72400  9.937  -34.370  75.214 0.0000000000
72401  10.308  -34.209  75.573 0.0000000000
72402  9.752  -34.591  75.606 0.0000000000
72403  9.037  -35.695  76.071 0.0000000000
72404  9.572  -35.330  76.118 0.0000000000
72405  9.581  -35.783  76.238 0.0000000000
72406  10.167  -35.999  76.274 0.0000000000
72407  9.716  -36.367  76.235 0.0000000000
72408  4.374  -37.564  71.274 0.0000000000
72409  4.898  -37.525  71.452 0.0000000000
72410  4.591  -37.795  71.899 0.0000000000
72411  4.993  -38.181  73.470 0.0000000000
72412  5.081  -37.868  73.217 0.0000000000
72413  5.425  -37.770  73.792 0.0000000000
72414  5.865  -37.329  74.075 0.0000000000
72415  5.748  -37.679  74.321 0.0000000000
72416  5.571  -39.622  73.277 0.0000000000
72417  5.278  -39.280  73.478 0.0000000000
72418  5.806  -39.265  73.858 0.0000000000
72419  6.869  -38.266  75.065 0.0000000000
72420  6.366  -38.371  74.787 0.0000000000
72421  6.699  -37.853  75.177 0.0000000000
72422  6.631  -37.428  75.194 0.0000000000
72423  7.154  -37.385  75.523 0.0000000000
72424  7.542  -36.934  75.735 0.0000000000
72425  7.669  -37.370  75.717 0.0000000000
72426  9.249  -38.118  75.838 0.0000000000
72427  8.959  -37.595  75.994 0.0000000000
72428  9.696  -37.867  76.028 0.0000000000
72429  10.129  -37.561  76.141 0.0000000000
72430  10.452  -38.144  76.062 0.0000000000
72431  11.146  -38.427  76.080 0.0000000000
72432  10.728  -38.731  75.899 0.0000000000
72433  10.880  -39.712  75.297 0.0000000000
72434  11.246  -39.665  75.587 0.0000000000
72435  11.475  -40.103  75.358 0.0000000000
72436  12.056  -40.613  75.341 0.0000000000
72437  11.718  -40.576  75.048 0.0000000000
72438  9.897  -39.609  73.436 0.0000000000
72439  10.079  -39.658  74.020 0.0000000000
72440  10.552  -39.801  73.623 0.0000000000
72441  11.929  -41.032  73.389 0.0000000000
72442  11.655  -40.628  73.817 0.0000000000
72443  11.994  -41.330  73.856 0.0000000000
76165  3.148  -31.206  66.547 0.0000000000
76166  3.348  -30.941  66.092 0.0000000000
76167  3.308  -30.440  66.617 0.0000000000
76168  3.728  -28.481  67.505 0.0000000000
76169  3.718  -28.964  66.943 0.0000000000
76170  4.009  -28.259  67.117 0.0000000000
76171  4.243  -27.955  66.749 0.0000000000
76172  4.265  -27.494  67.312 0.0000000000
76173  4.201  -26.664  69.733 0.0000000000
76174  4.004  -27.147  69.217 0.0000000000
76175  4.321  -26.411  69.252 0.0000000000
76176  4.857  -25.056  68.527 0.0000000000
76177  4.646  -25.796  68.481 0.0000000000
76178  4.814  -25.523  68.053 0.0000000000
76179  4.781  -25.993  67.558 0.0000000000
76180  4.917  -25.271  67.574 0.0000000000
76181  5.072  -24.981  67.179 0.0000000000
76182  5.091  -24.529  67.649 0.0000000000
76183  5.377  -22.556  68.178 0.0000000000
76184  5.330  -23.091  67.721 0.0000000000
76185  5.494  -22.308  67.813 0.0000000000
76188  6.698  -23.013  72.687 0.0000000000
76189  6.265  -23.451  72.467 0.0000000000
76190  6.559  -22.687  72.373 0.0000000000
76373  27.033  -30.407  68.088 0.0000000000
76443  18.719  -24.515  60.357 0.0000000000
76447  17.788  -25.753  58.470 0.0000000000
76448  17.435  -26.296  57.786 0.0000000000
76505  10.092  -35.398  65.011 0.0000000000
76507  10.000  -35.717  65.682 0.0000000000
76508  9.958  -35.963  66.415 0.0000000000
76509  9.581  -35.855  65.884 0.0000000000
76513  8.025  -35.113  65.616 0.0000000000
76514  8.418  -35.190  65.315 0.0000000000
76515  8.322  -35.634  65.845 0.0000000000
76516  8.672  -35.974  66.239 0.0000000000
76517  8.238  -36.025  66.515 0.0000000000
76518  8.143  -36.362  67.185 0.0000000000
76519  7.796  -36.008  66.752 0.0000000000
76520  6.751  -35.199  67.118 0.0000000000
76523  6.306  -36.073  68.190 0.0000000000
76525  9.935  -27.779  68.521 0.0000000000
76527  9.527  -28.169  68.533 0.0000000000
76528  8.474  -28.845  69.283 0.0000000000
76533  7.353  -28.290  71.644 0.0000000000
76534  7.638  -28.456  71.170 0.0000000000
76535  7.214  -28.931  71.091 0.0000000000
76537  6.971  -30.352  69.848 0.0000000000
76550  4.174  -32.821  70.158 0.0000000000
76551  4.171  -33.533  69.976 0.0000000000
76552  3.848  -33.280  70.008 0.0000000000
76553  3.553  -33.778  69.836 0.0000000000
76554  3.568  -33.009  70.005 0.0000000000
76555  4.183  -30.141  71.188 0.0000000000
76556  4.189  -30.801  70.903 0.0000000000
76557  3.863  -30.583  70.830 0.0000000000
76558  3.170  -31.170  69.692 0.0000000000
76559  3.346  -31.423  70.065 0.0000000000
76560  3.131  -31.889  69.648 0.0000000000
76561  3.091  -32.563  69.566 0.0000000000
76562  2.949  -32.398  69.207 0.0000000000
76563  2.832  -32.855  68.784 0.0000000000
76564  2.853  -32.187  68.688 0.0000000000
76565  2.992  -30.963  67.588 0.0000000000
76566  2.886  -31.723  67.536 0.0000000000
76567  2.985  -31.474  67.028 0.0000000000
76568  3.005  -31.996  66.490 0.0000000000
76569  39.991  -10.606  44.489 0.0000000000
76571  39.261  -10.790  44.510 0.0000000000
76660  33.967  -21.359  60.954 0.0000000000
76662  34.280  -21.398  60.501 0.0000000000
76663  34.413  -21.889  58.709 0.0000000000
76664  34.817  -21.514  59.518 0.0000000000
76665  35.115  -21.544  58.951 0.0000000000
76666  35.733  -21.071  59.214 0.0000000000
76667  35.352  -21.491  58.461 0.0000000000
76672  34.786  -22.307  56.441 0.0000000000
76673  35.417  -21.881  56.570 0.0000000000
76674  35.808  -21.443  57.334 0.0000000000
76675  36.018  -21.349  56.753 0.0000000000
76676  36.495  -20.759  56.902 0.0000000000
76677  36.212  -21.243  56.138 0.0000000000
76679  36.536  -20.929  54.878 0.0000000000
76680  36.528  -20.742  54.335 0.0000000000
76752  29.438  -30.313  58.022 0.0000000000
76753  29.994  -30.375  58.184 0.0000000000
76755  30.495  -30.502  60.296 0.0000000000
76756  29.895  -30.456  60.092 0.0000000000
76765  30.320  -30.272  64.464 0.0000000000
76769  29.534  -30.320  67.168 0.0000000000
76968  40.649  -10.239  45.818 0.0000000000
76969  41.354  -10.059  45.867 0.0000000000
76971  40.712  -10.405  44.525 0.0000000000
80823  3.798  -30.398  65.262 0.0000000000
80824  3.890  -30.949  64.710 0.0000000000
80825  4.122  -30.217  64.786 0.0000000000
80826  5.012  -29.119  64.046 0.0000000000
80827  4.759  -29.888  63.887 0.0000000000
80828  5.135  -29.686  63.495 0.0000000000
80829  5.300  -30.289  62.924 0.0000000000
80830  5.500  -29.550  62.989 0.0000000000
80831  5.484  -26.067  64.616 0.0000000000
80832  5.407  -26.806  64.498 0.0000000000
80833  5.617  -26.598  64.019 0.0000000000
80834  6.335  -27.560  62.367 0.0000000000
80835  6.070  -27.726  62.836 0.0000000000
80836  6.368  -28.378  62.218 0.0000000000
80837  6.233  -29.188  62.045 0.0000000000
80838  6.606  -28.990  61.595 0.0000000000
80839  6.766  -29.606  60.966 0.0000000000
80840  6.877  -28.765  61.129 0.0000000000
80841  7.296  -27.585  60.243 0.0000000000
80842  7.365  -28.354  60.156 0.0000000000
80843  7.546  -28.089  59.641 0.0000000000
80844  7.726  -28.701  58.932 0.0000000000
80845  7.706  -27.909  59.032 0.0000000000
80851  6.772  -22.433  63.280 0.0000000000
80852  6.518  -23.197  63.128 0.0000000000
80853  6.761  -23.015  62.642 0.0000000000
80857  7.166  -23.792  60.282 0.0000000000
80858  7.197  -23.253  60.963 0.0000000000
80859  6.922  -23.971  60.808 0.0000000000
80860  6.693  -24.169  61.326 0.0000000000
80861  6.733  -24.680  60.621 0.0000000000
80862  6.775  -25.360  60.462 0.0000000000
80863  6.922  -25.241  59.886 0.0000000000
80864  7.489  -26.118  57.996 0.0000000000
80865  7.494  -26.265  58.585 0.0000000000
80866  7.657  -26.774  57.872 0.0000000000
80867  7.823  -27.515  57.778 0.0000000000
80868  7.737  -27.274  57.146 0.0000000000
80869  7.663  -27.852  56.473 0.0000000000
80870  7.531  -27.111  56.585 0.0000000000
80871  6.902  -26.103  55.661 0.0000000000
80872  7.026  -26.759  55.549 0.0000000000
80873  6.744  -26.582  55.055 0.0000000000
80874  6.567  -27.072  54.446 0.0000000000
80875  6.500  -26.408  54.599 0.0000000000
80876  7.124  -23.367  56.313 0.0000000000
80877  6.898  -24.074  56.147 0.0000000000
80878  6.819  -23.869  55.691 0.0000000000
80879  6.270  -24.714  53.967 0.0000000000
80880  6.331  -24.899  54.488 0.0000000000
80881  6.178  -25.394  53.802 0.0000000000
80882  6.210  -26.024  53.682 0.0000000000
80883  6.101  -25.874  53.148 0.0000000000
80884  6.104  -26.326  52.519 0.0000000000
80885  6.107  -25.624  52.699 0.0000000000
80886  6.524  -24.525  51.969 0.0000000000
80887  6.421  -25.226  51.785 0.0000000000
80888  6.681  -25.015  51.365 0.0000000000
80890  7.020  -24.798  51.024 0.0000000000
81501  13.697  -32.177  73.893 0.0000000000
81505  14.771  -31.809  74.312 0.0000000000
81506  12.895  -33.213  75.569 0.0000000000
81507  13.079  -32.758  75.373 0.0000000000
81508  13.516  -32.991  75.404 0.0000000000
81509  15.063  -33.110  74.782 0.0000000000
81510  14.719  -32.701  75.000 0.0000000000
81511  15.329  -32.638  74.759 0.0000000000
81512  15.554  -32.202  74.677 0.0000000000
81513  15.923  -32.622  74.462 0.0000000000
81514  16.412  -32.631  74.103 0.0000000000
81515  16.121  -33.113  73.995 0.0000000000
81516  15.849  -34.765  72.156 0.0000000000
81517  16.277  -34.208  72.422 0.0000000000
81518  16.275  -34.755  71.539 0.0000000000
81519  16.629  -34.805  70.910 0.0000000000
81520  16.221  -35.338  70.605 0.0000000000
92266  3.912  -34.577  63.954 0.0000000000
92267  4.130  -34.390  63.488 0.0000000000
92268  3.942  -33.716  63.884 0.0000000000
92269  4.036  -32.959  63.762 0.0000000000
92270  4.190  -32.243  63.709 0.0000000000
92284  2.865  -33.444  66.670 0.0000000000
92285  2.835  -34.364  66.742 0.0000000000
92286  2.995  -34.077  66.177 0.0000000000
92287  3.165  -34.801  65.727 0.0000000000
92288  3.383  -35.532  65.291 0.0000000000
92289  3.594  -36.101  64.940 0.0000000000
92290  3.543  -35.171  64.827 0.0000000000
92291  3.716  -34.897  64.376 0.0000000000
92297  30.756  -30.625  67.658 0.0000000000
92298  31.298  -30.721  67.524 0.0000000000
92309  42.155  -10.020  44.718 0.0000000000
93918  6.909  -31.951  57.106 0.0000000000
93919  6.535  -32.366  56.594 0.0000000000
93920  6.956  -31.654  56.557 0.0000000000
93921  6.847  -31.380  55.986 0.0000000000
93922  6.655  -31.085  55.427 0.0000000000
93923  6.507  -30.786  54.921 0.0000000000
93924  6.913  -30.383  55.317 0.0000000000
93925  7.082  -29.664  55.259 0.0000000000
93926  7.197  -28.953  55.247 0.0000000000
93967  6.904  -36.958  69.053 0.0000000000
93968  7.188  -37.124  69.876 0.0000000000
93969  6.612  -37.168  69.978 0.0000000000
93970  6.293  -37.259  70.851 0.0000000000
93971  5.953  -37.353  71.610 0.0000000000
93972  6.144  -40.505  70.526 0.0000000000
93973  6.177  -40.416  71.272 0.0000000000
93974  6.686  -40.378  70.921 0.0000000000
93975  7.219  -40.205  71.275 0.0000000000
93976  7.764  -40.023  71.564 0.0000000000
93977  8.330  -39.830  71.836 0.0000000000
94723  4.642  -26.758  71.822 0.0000000000
94724  4.628  -26.375  71.483 0.0000000000
94725  4.967  -25.934  71.878 0.0000000000
94726  5.215  -25.185  71.928 0.0000000000
94727  5.519  -24.366  71.887 0.0000000000
94777  19.314  -23.449  63.284 0.0000000000
94779  18.715  -23.573  63.213 0.0000000000
94780  18.151  -23.703  63.248 0.0000000000
94795  6.974  -26.087  73.163 0.0000000000
94796  6.886  -26.690  72.920 0.0000000000
94797  6.484  -26.517  72.987 0.0000000000
94798  5.964  -26.986  72.777 0.0000000000
94799  5.541  -27.407  72.564 0.0000000000
94800  5.063  -27.900  72.297 0.0000000000
94801  5.187  -27.168  72.457 0.0000000000
94802  4.898  -26.986  72.186 0.0000000000
95655  5.600  -23.055  66.516 0.0000000000
95656  5.581  -23.646  65.941 0.0000000000
95657  5.733  -22.900  66.099 0.0000000000
95658  5.867  -22.673  65.684 0.0000000000
95659  6.082  -22.493  65.212 0.0000000000
95781  18.574  -34.146  70.231 0.0000000000
95791  11.592  -34.920  76.120 0.0000000000
98238  5.207  -33.682  61.514 0.0000000000
98239  5.258  -34.289  61.048 0.0000000000
98240  5.540  -33.471  61.063 0.0000000000
98241  5.811  -33.313  60.475 0.0000000000
98242  6.124  -33.215  59.912 0.0000000000
98243  6.371  -32.936  59.374 0.0000000000
98244  6.440  -32.382  59.880 0.0000000000
98245  6.698  -31.629  59.854 0.0000000000
98246  6.935  -30.898  59.784 0.0000000000
98287  3.529  -35.290  69.804 0.0000000000
98288  3.464  -36.124  69.995 0.0000000000
98289  3.243  -35.942  69.826 0.0000000000
98290  3.063  -36.553  69.791 0.0000000000
98291  2.958  -37.149  69.706 0.0000000000
98292  3.130  -37.890  67.426 0.0000000000
98293  3.045  -38.086  68.063 0.0000000000
98294  3.310  -38.586  67.745 0.0000000000
98295  3.586  -39.243  68.073 0.0000000000
98296  3.892  -39.789  68.413 0.0000000000
98297  4.221  -40.142  68.881 0.0000000000
98298  4.307  -40.077  68.098 0.0000000000
98299  4.754  -40.261  67.794 0.0000000000
98300  5.239  -40.352  67.487 0.0000000000
98301  5.679  -40.397  67.209 0.0000000000
98302  5.231  -40.242  66.845 0.0000000000
98327  31.526  -30.609  60.333 0.0000000000
98328  32.193  -30.611  60.508 0.0000000000
98329  32.100  -30.577  61.500 0.0000000000
98330  32.608  -30.517  62.600 0.0000000000
98331  33.137  -30.436  63.743 0.0000000000
98332  33.425  -31.323  67.282 0.0000000000
98333  33.696  -31.022  66.898 0.0000000000
98334  33.946  -31.530  67.187 0.0000000000
98335  34.463  -31.639  67.031 0.0000000000
99043  8.296  -23.377  73.518 0.0000000000
99044  8.031  -22.997  73.357 0.0000000000
99097  17.305  -22.404  68.356 0.0000000000
99098  16.902  -22.799  67.802 0.0000000000
99099  16.643  -22.667  68.420 0.0000000000
99104  13.729  -23.682  70.399 0.0000000000
99105  13.407  -24.174  69.836 0.0000000000
99106  13.031  -24.601  69.356 0.0000000000
99108  12.633  -24.949  69.509 0.0000000000
99109  12.221  -25.231  69.696 0.0000000000
99110  11.790  -25.595  69.841 0.0000000000
99111  11.377  -25.940  69.929 0.0000000000
99112  11.542  -25.486  70.519 0.0000000000
99113  11.407  -25.263  71.217 0.0000000000
99114  11.121  -25.156  71.797 0.0000000000
99116  10.755  -23.711  73.174 0.0000000000
99117  10.378  -23.491  73.330 0.0000000000
99118  9.876  -23.839  73.426 0.0000000000
99119  9.406  -24.179  73.533 0.0000000000
99120  8.942  -24.516  73.540 0.0000000000
99121  9.089  -23.905  73.571 0.0000000000
99122  8.627  -23.615  73.572 0.0000000000
100098  18.805  -31.195  68.445 0.0000000000
100099  18.739  -30.985  69.544 0.0000000000
100100  18.681  -30.914  70.531 0.0000000000
100101  16.956  -31.120  72.237 0.0000000000
100102  17.442  -30.997  72.204 0.0000000000
100103  17.402  -31.064  72.897 0.0000000000
100104  17.819  -31.199  73.313 0.0000000000
100105  18.170  -31.547  73.444 0.0000000000
100106  18.469  -32.020  73.274 0.0000000000
100107  17.989  -31.933  73.512 0.0000000000
100108  17.790  -32.337  73.458 0.0000000000
100109  17.446  -32.767  73.332 0.0000000000
100110  12.805  -40.495  75.600 0.0000000000
100111  13.195  -40.387  75.570 0.0000000000
103193  5.393  -33.895  54.905 0.0000000000
103194  5.396  -34.637  54.903 0.0000000000
103195  5.576  -34.357  54.479 0.0000000000
103203  7.427  -33.512  52.620 0.0000000000
103204  7.124  -32.903  52.396 0.0000000000
103205  6.897  -32.299  52.194 0.0000000000
103206  5.899  -29.787  52.915 0.0000000000
103207  5.906  -30.215  52.470 0.0000000000
103208  5.913  -29.585  52.368 0.0000000000
103342  8.646  -35.703  73.339 0.0000000000
103343  8.298  -35.624  74.029 0.0000000000
103344  8.511  -35.367  74.680 0.0000000000
103345  8.828  -35.080  75.223 0.0000000000
103346  9.208  -34.972  75.664 0.0000000000
103347  8.650  -35.340  75.587 0.0000000000
103348  8.561  -35.700  75.827 0.0000000000
103349  8.552  -36.135  75.998 0.0000000000
103350  4.026  -38.243  71.899 0.0000000000
103351  4.406  -38.105  72.222 0.0000000000
103352  4.316  -38.448  72.463 0.0000000000
103353  4.650  -38.568  73.063 0.0000000000
103354  4.997  -38.555  73.591 0.0000000000
103355  6.655  -39.470  73.958 0.0000000000
103356  6.339  -39.173  74.201 0.0000000000
103357  6.859  -39.101  74.464 0.0000000000
103358  7.153  -38.664  74.917 0.0000000000
103359  7.525  -38.244  75.315 0.0000000000
103360  7.869  -37.849  75.621 0.0000000000
103361  8.181  -38.317  75.472 0.0000000000
103362  8.904  -38.402  75.586 0.0000000000
103363  9.609  -38.617  75.652 0.0000000000
103364  10.331  -38.903  75.718 0.0000000000
103365  10.010  -39.040  75.453 0.0000000000
103366  10.303  -39.365  75.235 0.0000000000
103367  10.625  -39.710  74.941 0.0000000000
103368  11.019  -39.816  72.711 0.0000000000
103369  11.052  -39.994  73.234 0.0000000000
103370  11.556  -40.292  72.820 0.0000000000
103371  11.968  -40.865  72.901 0.0000000000
103372  12.185  -41.580  72.928 0.0000000000
105604  3.131  -30.250  67.674 0.0000000000
105605  3.291  -29.956  67.171 0.0000000000
105606  3.301  -29.511  67.743 0.0000000000
105607  3.544  -28.753  67.968 0.0000000000
105608  3.797  -28.006  68.104 0.0000000000
105609  4.764  -25.163  69.843 0.0000000000
105610  4.601  -25.656  69.375 0.0000000000
105611  4.836  -24.864  69.412 0.0000000000
105612  4.923  -24.562  68.990 0.0000000000
105613  5.038  -24.329  68.515 0.0000000000
105614  5.113  -24.058  68.068 0.0000000000
105615  5.166  -23.545  68.568 0.0000000000
105616  5.268  -22.819  68.516 0.0000000000
105617  5.416  -22.035  68.587 0.0000000000
105733  24.334  -30.935  63.532 0.0000000000
105734  24.180  -30.876  64.356 0.0000000000
105735  24.056  -30.865  65.231 0.0000000000
105736  23.639  -31.024  64.196 0.0000000000
105771  17.501  -25.134  60.193 0.0000000000
105773  17.192  -25.472  59.657 0.0000000000
105774  16.921  -25.890  59.061 0.0000000000
105778  15.624  -26.972  58.535 0.0000000000
105809  10.172  -35.081  64.324 0.0000000000
105810  9.708  -35.140  64.530 0.0000000000
105815  7.628  -35.020  65.924 0.0000000000
105816  7.479  -35.558  66.496 0.0000000000
105820  9.495  -27.436  70.030 0.0000000000
105821  9.282  -27.977  69.348 0.0000000000
105822  9.048  -27.831  70.030 0.0000000000
105823  8.630  -28.248  69.998 0.0000000000
105824  8.225  -28.693  69.950 0.0000000000
105825  6.467  -29.288  71.434 0.0000000000
105826  6.805  -29.416  70.996 0.0000000000
105827  6.394  -29.916  70.910 0.0000000000
105828  6.305  -30.607  70.347 0.0000000000
105836  4.524  -32.353  70.292 0.0000000000
105837  4.190  -32.155  70.404 0.0000000000
105838  3.616  -29.640  70.763 0.0000000000
105839  3.606  -30.277  70.631 0.0000000000
105840  3.393  -29.991  70.317 0.0000000000
105841  3.202  -30.451  69.808 0.0000000000
105842  3.037  -30.940  69.277 0.0000000000
105843  2.907  -31.452  68.724 0.0000000000
105844  3.003  -30.727  68.719 0.0000000000
105845  3.033  -30.458  68.184 0.0000000000
105846  39.913  -10.445  45.690 0.0000000000
105847  39.227  -10.699  45.166 0.0000000000
105902  33.824  -21.760  59.734 0.0000000000
105903  33.378  -22.083  58.923 0.0000000000
105904  33.666  -22.130  58.484 0.0000000000
105905  33.939  -22.211  57.949 0.0000000000
106086  40.631  -10.179  46.474 0.0000000000
108399  4.249  -28.885  65.626 0.0000000000
108400  4.327  -29.474  64.936 0.0000000000
108401  4.549  -28.705  65.166 0.0000000000
108402  4.873  -28.461  64.717 0.0000000000
108403  5.184  -28.353  64.230 0.0000000000
108404  5.774  -25.718  63.610 0.0000000000
108405  5.792  -26.442  63.523 0.0000000000
108406  5.980  -26.247  63.017 0.0000000000
108407  6.251  -26.767  62.462 0.0000000000
108408  6.570  -27.306  61.911 0.0000000000
108409  6.917  -27.955  61.297 0.0000000000
108410  6.840  -27.202  61.336 0.0000000000
108411  7.004  -27.013  60.822 0.0000000000
108412  7.147  -26.797  60.350 0.0000000000
108419  7.635  -22.341  60.597 0.0000000000
108420  7.600  -22.900  59.892 0.0000000000
108421  7.347  -23.594  59.764 0.0000000000
108422  7.150  -24.323  59.574 0.0000000000
108423  7.064  -25.035  59.370 0.0000000000
108424  7.191  -24.877  58.846 0.0000000000
108425  7.291  -25.445  58.115 0.0000000000
108426  7.370  -25.963  57.363 0.0000000000
108427  7.385  -26.422  56.692 0.0000000000
108428  7.202  -25.815  56.791 0.0000000000
108429  7.021  -25.622  56.325 0.0000000000
108430  6.776  -25.451  55.780 0.0000000000
108431  6.934  -22.981  55.401 0.0000000000
108432  6.727  -23.669  55.247 0.0000000000
108433  6.661  -23.484  54.796 0.0000000000
108434  6.422  -24.009  54.154 0.0000000000
108435  6.275  -24.507  53.522 0.0000000000
108436  6.210  -24.949  52.889 0.0000000000
108437  6.342  -24.314  53.088 0.0000000000
108438  6.457  -24.077  52.578 0.0000000000
108439  6.682  -23.850  52.173 0.0000000000
108777  21.057  -31.134  71.805 0.0000000000
108778  21.521  -31.234  71.646 0.0000000000
108779  21.328  -31.532  71.871 0.0000000000
108780  21.530  -32.042  71.604 0.0000000000
108807  13.086  -32.474  74.073 0.0000000000
108808  13.493  -32.277  74.527 0.0000000000
108809  13.755  -33.934  75.276 0.0000000000
108810  13.928  -33.335  75.310 0.0000000000
108811  14.261  -33.832  75.037 0.0000000000
108812  14.810  -33.731  74.684 0.0000000000
108813  15.308  -33.604  74.313 0.0000000000
108814  15.792  -33.674  73.801 0.0000000000
108815  15.421  -34.185  73.632 0.0000000000
108816  15.496  -34.756  72.812 0.0000000000
108817  15.504  -35.329  71.947 0.0000000000
115444  4.413  -36.975  62.285 0.0000000000
115445  4.520  -36.731  61.746 0.0000000000
115446  4.505  -36.202  62.222 0.0000000000
115447  4.603  -35.404  62.137 0.0000000000
115448  4.771  -34.657  62.052 0.0000000000
115449  4.413  -34.202  63.004 0.0000000000
115450  4.654  -34.014  62.500 0.0000000000
115451  4.953  -33.870  62.034 0.0000000000
115452  5.116  -33.081  61.957 0.0000000000
115453  5.326  -32.385  61.911 0.0000000000
115454  5.590  -31.601  61.856 0.0000000000
115486  2.764  -34.419  68.776 0.0000000000
115487  2.755  -35.350  68.803 0.0000000000
115488  2.687  -35.106  68.303 0.0000000000
115489  2.710  -35.808  67.888 0.0000000000
115490  2.809  -36.482  67.518 0.0000000000
115491  2.819  -35.244  66.819 0.0000000000
115492  2.885  -36.202  66.936 0.0000000000
115493  2.994  -37.110  67.167 0.0000000000
115494  3.259  -37.688  66.821 0.0000000000
115495  3.570  -38.228  66.448 0.0000000000
115501  3.816  -36.662  64.611 0.0000000000
115502  3.990  -37.198  64.240 0.0000000000
115503  4.154  -37.703  63.838 0.0000000000
115504  4.245  -37.461  63.304 0.0000000000
115505  4.349  -37.192  62.821 0.0000000000
115517  31.296  -30.307  64.401 0.0000000000
115518  31.865  -30.300  64.533 0.0000000000
115519  31.782  -30.298  65.382 0.0000000000
115520  32.187  -30.438  66.303 0.0000000000
115521  32.599  -30.746  66.957 0.0000000000
115522  31.817  -30.862  67.510 0.0000000000
115523  32.353  -31.022  67.400 0.0000000000
115524  32.908  -31.186  67.326 0.0000000000
115525  33.133  -31.719  67.509 0.0000000000
115526  33.292  -32.309  67.487 0.0000000000
116126  12.673  -23.737  71.687 0.0000000000
116127  12.180  -24.047  71.876 0.0000000000
116128  12.288  -23.578  72.140 0.0000000000
116129  12.046  -23.261  72.622 0.0000000000
116897  16.499  -31.584  70.247 0.0000000000
116900  16.461  -31.357  71.319 0.0000000000
116901  16.395  -31.299  72.184 0.0000000000
116902  16.317  -31.232  73.020 0.0000000000
116903  16.202  -31.343  73.633 0.0000000000
119298  5.281  -34.697  57.260 0.0000000000
119299  5.064  -35.038  56.818 0.0000000000
119300  5.361  -34.368  56.786 0.0000000000
119301  5.398  -34.078  56.287 0.0000000000
119302  5.443  -33.792  55.802 0.0000000000
119303  6.127  -32.735  56.166 0.0000000000
119304  5.781  -33.090  55.734 0.0000000000
119305  5.508  -33.470  55.306 0.0000000000
119306  5.526  -33.217  54.831 0.0000000000
119307  5.526  -32.950  54.316 0.0000000000
119308  5.594  -32.675  53.775 0.0000000000
119309  5.766  -32.421  53.278 0.0000000000
119310  5.659  -31.979  53.696 0.0000000000
119311  5.733  -31.292  53.595 0.0000000000
119312  5.847  -30.657  53.508 0.0000000000
119313  6.311  -30.533  54.425 0.0000000000
119314  6.109  -30.260  53.915 0.0000000000
119315  5.958  -29.997  53.431 0.0000000000
119316  6.045  -29.361  53.358 0.0000000000
119317  6.112  -28.710  53.326 0.0000000000
119318  6.167  -28.084  53.348 0.0000000000
119413  8.883  -36.591  68.400 0.0000000000
119418  7.471  -37.028  70.704 0.0000000000
119422  7.122  -36.347  73.911 0.0000000000
119423  6.845  -36.490  74.465 0.0000000000
119424  4.419  -39.846  71.790 0.0000000000
119425  4.602  -39.605  72.394 0.0000000000
119426  4.884  -39.922  72.208 0.0000000000
119427  5.385  -39.918  72.636 0.0000000000
119428  5.943  -39.866  72.991 0.0000000000
119429  6.219  -40.268  72.013 0.0000000000
119430  6.327  -40.046  72.660 0.0000000000
119431  6.489  -39.777  73.321 0.0000000000
119432  7.054  -39.656  73.614 0.0000000000
119433  7.646  -39.514  73.844 0.0000000000
119434  8.263  -39.419  74.008 0.0000000000
119435  8.960  -39.382  74.187 0.0000000000
119436  8.752  -39.489  73.630 0.0000000000
119437  9.254  -39.557  73.232 0.0000000000
119438  9.768  -39.557  72.857 0.0000000000
119441  10.361  -39.584  72.481 0.0000000000
121177  3.554  -28.488  69.938 0.0000000000
121178  3.649  -28.151  69.495 0.0000000000
121179  3.827  -27.709  70.044 0.0000000000
121180  4.052  -26.984  70.120 0.0000000000
121181  4.390  -26.209  70.230 0.0000000000
121182  4.579  -26.076  71.118 0.0000000000
121183  4.589  -25.769  70.688 0.0000000000
121184  4.669  -25.476  70.269 0.0000000000
121185  4.948  -24.640  70.291 0.0000000000
121186  5.142  -23.887  70.306 0.0000000000
121187  5.318  -23.150  70.231 0.0000000000
121279  24.091  -31.069  60.815 0.0000000000
121280  23.564  -31.198  60.727 0.0000000000
121307  18.467  -24.431  60.877 0.0000000000
121309  18.168  -24.413  61.337 0.0000000000
121310  17.943  -24.692  60.835 0.0000000000
121345  8.430  -26.837  72.308 0.0000000000
121346  8.247  -27.397  71.816 0.0000000000
121347  7.899  -27.297  72.220 0.0000000000
121348  7.413  -27.762  72.126 0.0000000000
121349  6.957  -28.237  72.026 0.0000000000
121350  6.757  -27.326  72.623 0.0000000000
121351  6.637  -27.986  72.287 0.0000000000
121352  6.545  -28.677  71.921 0.0000000000
121353  6.077  -29.157  71.738 0.0000000000
121354  5.655  -29.635  71.554 0.0000000000
121355  5.233  -30.133  71.349 0.0000000000
121356  4.840  -30.587  71.123 0.0000000000
121357  4.871  -29.921  71.461 0.0000000000
121358  4.522  -29.702  71.516 0.0000000000
121359  4.169  -29.462  71.446 0.0000000000
121360  4.586  -28.399  71.997 0.0000000000
121361  4.211  -28.807  71.638 0.0000000000
121362  3.891  -29.241  71.209 0.0000000000
121363  3.704  -28.973  70.889 0.0000000000
121364  3.578  -28.709  70.449 0.0000000000
123351  5.110  -25.859  66.189 0.0000000000
123352  5.165  -26.441  65.583 0.0000000000
123353  5.266  -25.698  65.671 0.0000000000
123354  5.403  -25.502  65.218 0.0000000000
123355  5.529  -25.372  64.706 0.0000000000
123356  5.557  -24.161  65.368 0.0000000000
123357  5.549  -24.652  64.810 0.0000000000
123358  5.650  -25.182  64.231 0.0000000000
123359  5.757  -24.992  63.748 0.0000000000
123360  5.908  -24.832  63.259 0.0000000000
123361  6.116  -24.672  62.798 0.0000000000
123372  7.532  -23.152  57.998 0.0000000000
123373  7.268  -23.677  57.316 0.0000000000
123376  7.337  -22.655  56.434 0.0000000000
123379  7.217  -22.472  56.002 0.0000000000
123645  20.109  -32.610  71.934 0.0000000000
123646  20.483  -32.772  71.461 0.0000000000
123647  20.077  -33.181  71.105 0.0000000000
123666  11.449  -33.433  75.380 0.0000000000
123667  12.040  -33.090  75.273 0.0000000000
123668  11.846  -33.367  75.620 0.0000000000
123669  12.296  -33.510  75.727 0.0000000000
123670  12.739  -33.762  75.713 0.0000000000
123673  13.177  -34.098  75.568 0.0000000000
123674  13.579  -34.584  75.192 0.0000000000
123675  13.975  -35.188  74.682 0.0000000000
123676  14.264  -35.822  74.091 0.0000000000
129310  4.682  -36.341  60.607 0.0000000000
129311  4.764  -36.119  59.985 0.0000000000
129312  5.209  -34.851  60.537 0.0000000000
129313  5.055  -35.401  59.974 0.0000000000
129314  4.874  -35.917  59.413 0.0000000000
129315  5.006  -35.611  58.895 0.0000000000
129316  5.123  -35.317  58.363 0.0000000000
129317  5.214  -35.003  57.788 0.0000000000
129318  5.588  -34.316  57.747 0.0000000000
129319  6.064  -33.604  57.783 0.0000000000
129320  6.463  -32.932  57.727 0.0000000000
129321  6.571  -32.685  58.836 0.0000000000
129322  6.717  -32.469  58.249 0.0000000000
129323  6.861  -32.200  57.675 0.0000000000
129324  7.205  -31.497  57.612 0.0000000000
129325  7.516  -30.753  57.571 0.0000000000
129326  7.721  -30.014  57.536 0.0000000000
129412  4.911  -36.348  69.722 0.0000000000
129413  5.010  -36.932  70.183 0.0000000000
129414  4.529  -36.760  70.237 0.0000000000
129415  4.214  -37.130  70.672 0.0000000000
129416  3.963  -37.522  71.037 0.0000000000
129417  3.503  -36.867  70.339 0.0000000000
129418  3.594  -37.481  70.800 0.0000000000
129419  3.772  -37.968  71.329 0.0000000000
129420  3.675  -38.391  71.468 0.0000000000
129421  3.692  -38.842  71.581 0.0000000000
129422  3.802  -39.248  71.502 0.0000000000
129423  2.795  -36.196  68.998 0.0000000000
129424  2.830  -37.037  69.233 0.0000000000
129425  2.943  -37.743  69.539 0.0000000000
129426  3.036  -38.237  68.666 0.0000000000
129427  3.026  -38.342  69.309 0.0000000000
129428  3.110  -38.509  69.951 0.0000000000
129429  3.351  -39.020  70.400 0.0000000000
129430  3.623  -39.387  70.864 0.0000000000
129431  4.008  -39.646  71.330 0.0000000000
129432  4.312  -39.987  71.086 0.0000000000
129433  4.706  -40.280  70.788 0.0000000000
129434  5.145  -40.488  70.469 0.0000000000
129435  4.632  -40.407  69.309 0.0000000000
129436  5.138  -40.519  69.666 0.0000000000
129437  5.644  -40.573  70.082 0.0000000000
129438  6.179  -40.543  69.768 0.0000000000
129439  6.732  -40.452  69.442 0.0000000000
129500  32.988  -30.503  58.695 0.0000000000
129502  32.875  -30.627  60.727 0.0000000000
129508  32.459  -30.375  64.596 0.0000000000
129509  33.059  -30.356  64.728 0.0000000000
129510  33.635  -30.405  64.754 0.0000000000
129511  33.909  -30.733  66.330 0.0000000000
129512  34.089  -30.512  65.624 0.0000000000
129513  34.227  -30.440  64.823 0.0000000000
131008  6.499  -24.916  73.042 0.0000000000
131009  6.268  -24.561  72.822 0.0000000000
131010  6.721  -24.122  73.067 0.0000000000
131011  6.889  -23.372  73.005 0.0000000000
131127  16.648  -23.065  67.270 0.0000000000
131136  14.352  -23.508  69.579 0.0000000000
131152  10.549  -27.565  67.699 0.0000000000
131153  10.386  -27.378  68.490 0.0000000000
131154  10.146  -27.180  69.350 0.0000000000
131155  10.824  -26.326  69.997 0.0000000000
131156  10.396  -26.633  70.070 0.0000000000
131157  9.939  -27.020  70.078 0.0000000000
131158  9.724  -26.876  70.744 0.0000000000
131159  9.446  -26.737  71.369 0.0000000000
131160  9.221  -26.510  71.956 0.0000000000
131161  11.689  -24.365  72.060 0.0000000000
131162  11.297  -24.660  72.210 0.0000000000
131163  10.781  -24.999  72.307 0.0000000000
131164  10.637  -24.305  72.999 0.0000000000
131165  10.461  -24.884  72.731 0.0000000000
131166  10.281  -25.346  72.371 0.0000000000
131167  9.822  -25.701  72.422 0.0000000000
131168  9.381  -26.032  72.430 0.0000000000
131169  8.906  -26.427  72.380 0.0000000000
131170  8.530  -26.257  72.734 0.0000000000
131171  8.200  -26.066  73.009 0.0000000000
131172  7.813  -25.883  73.208 0.0000000000
131173  8.435  -24.900  73.505 0.0000000000
131174  7.924  -25.296  73.431 0.0000000000
131175  7.421  -25.715  73.293 0.0000000000
131176  7.093  -25.488  73.275 0.0000000000
131177  6.812  -25.193  73.210 0.0000000000
131215  32.361  -22.145  59.097 0.0000000000
133235  20.859  -30.781  70.623 0.0000000000
133236  19.875  -30.885  69.711 0.0000000000
133237  20.350  -30.758  70.709 0.0000000000
133238  20.736  -30.819  71.487 0.0000000000
133239  20.576  -31.057  71.895 0.0000000000
133240  20.425  -31.325  72.252 0.0000000000
133241  20.258  -31.691  72.395 0.0000000000
133242  17.639  -31.345  69.420 0.0000000000
133243  18.143  -31.031  70.519 0.0000000000
133244  18.642  -30.858  71.427 0.0000000000
133245  18.004  -30.907  72.219 0.0000000000
133246  18.569  -30.892  72.280 0.0000000000
133247  19.107  -30.864  72.166 0.0000000000
133248  19.464  -31.137  72.600 0.0000000000
133249  19.769  -31.545  72.655 0.0000000000
133250  20.006  -32.044  72.432 0.0000000000
133251  19.766  -32.441  72.377 0.0000000000
133252  19.397  -32.840  72.047 0.0000000000
133253  19.047  -33.223  71.725 0.0000000000
133254  18.636  -32.557  72.793 0.0000000000
133255  18.688  -33.149  72.069 0.0000000000
133256  18.651  -33.664  71.194 0.0000000000
133257  18.229  -34.094  70.674 0.0000000000
133258  17.820  -34.488  70.236 0.0000000000
133259  17.373  -34.929  69.759 0.0000000000
133260  11.901  -37.988  76.104 0.0000000000
133262  12.558  -38.437  75.958 0.0000000000
133265  13.592  -40.281  75.432 0.0000000000
137952  19.921  -23.211  63.436 0.0000000000
137979  20.664  -22.325  66.059 0.0000000000
137983  18.667  -22.659  66.547 0.0000000000
137984  18.268  -22.577  67.012 0.0000000000
137985  18.126  -22.393  67.785 0.0000000000
137987  18.405  -22.102  68.278 0.0000000000
137988  17.828  -22.289  68.333 0.0000000000
137989  17.608  -22.171  68.888 0.0000000000
139725  5.985  -32.176  52.801 0.0000000000
139726  6.302  -31.932  52.374 0.0000000000
139727  6.710  -31.701  51.970 0.0000000000
139728  6.109  -30.655  52.060 0.0000000000
139999  11.667  -33.600  73.685 0.0000000000
140000  11.349  -33.492  74.460 0.0000000000
140007  10.538  -34.305  73.925 0.0000000000
140008  10.782  -33.883  74.588 0.0000000000
140009  11.095  -33.604  75.016 0.0000000000
140010  10.869  -33.789  75.469 0.0000000000
140011  10.695  -34.115  75.836 0.0000000000
140012  10.623  -34.548  76.075 0.0000000000
140013  9.627  -34.938  75.914 0.0000000000
140014  10.056  -34.967  76.110 0.0000000000
140015  10.572  -35.059  76.195 0.0000000000
140016  10.627  -35.657  76.254 0.0000000000
140017  10.762  -36.267  76.259 0.0000000000
140018  10.951  -36.967  76.227 0.0000000000
140019  5.234  -37.296  70.800 0.0000000000
140020  5.429  -37.449  71.553 0.0000000000
140021  5.621  -37.441  72.293 0.0000000000
140022  4.834  -37.881  72.543 0.0000000000
140023  5.304  -37.612  72.825 0.0000000000
140024  5.816  -37.296  73.025 0.0000000000
140025  6.048  -37.091  73.732 0.0000000000
140026  6.340  -36.910  74.338 0.0000000000
140027  6.654  -36.756  74.864 0.0000000000
140028  4.828  -39.300  73.001 0.0000000000
140029  5.088  -38.921  73.562 0.0000000000
140030  5.410  -38.514  74.075 0.0000000000
140031  6.068  -38.814  74.374 0.0000000000
140032  5.860  -38.433  74.447 0.0000000000
140033  5.750  -38.066  74.448 0.0000000000
140034  6.162  -37.582  74.795 0.0000000000
140035  6.598  -37.072  75.094 0.0000000000
140036  7.046  -36.594  75.250 0.0000000000
140037  7.485  -36.532  75.648 0.0000000000
140038  8.064  -36.570  75.917 0.0000000000
140039  8.648  -36.640  76.097 0.0000000000
140040  8.271  -37.487  75.882 0.0000000000
140041  8.759  -37.107  76.077 0.0000000000
140042  9.243  -36.792  76.183 0.0000000000
140043  9.872  -36.986  76.207 0.0000000000
140044  10.544  -37.257  76.210 0.0000000000
140045  11.229  -37.613  76.181 0.0000000000
140046  11.509  -38.243  76.126 0.0000000000
140047  11.772  -38.843  76.057 0.0000000000
140048  12.063  -39.477  75.917 0.0000000000
140049  10.996  -39.217  75.755 0.0000000000
140050  11.653  -39.612  75.767 0.0000000000
140051  12.227  -40.025  75.760 0.0000000000
140055  9.682  -39.476  74.368 0.0000000000
140056  10.362  -39.644  74.533 0.0000000000
140057  10.979  -40.031  74.611 0.0000000000
140058  11.174  -40.134  73.748 0.0000000000
140059  11.307  -40.338  74.236 0.0000000000
140060  11.480  -40.485  74.684 0.0000000000
140061  11.927  -41.014  74.695 0.0000000000
144607  3.258  -32.247  65.519 0.0000000000
144608  3.488  -31.935  65.122 0.0000000000
144609  3.410  -31.443  65.619 0.0000000000
144610  3.560  -30.648  65.685 0.0000000000
144611  3.760  -29.916  65.795 0.0000000000
144612  3.491  -29.740  66.745 0.0000000000
144613  3.732  -29.434  66.374 0.0000000000
144614  4.007  -29.177  65.984 0.0000000000
144615  4.236  -28.428  66.184 0.0000000000
144616  4.494  -27.746  66.314 0.0000000000
144617  4.754  -26.937  66.464 0.0000000000
144618  3.718  -27.863  69.053 0.0000000000
144619  3.889  -27.563  68.677 0.0000000000
144620  4.080  -27.321  68.228 0.0000000000
144621  4.469  -26.088  68.855 0.0000000000
144622  4.392  -26.545  68.384 0.0000000000
144623  4.324  -27.017  67.884 0.0000000000
144624  4.520  -26.763  67.447 0.0000000000
144625  4.762  -26.476  67.022 0.0000000000
144626  4.948  -26.202  66.556 0.0000000000
144627  5.062  -25.392  66.699 0.0000000000
144628  5.184  -24.673  66.803 0.0000000000
144629  5.337  -23.993  66.813 0.0000000000
144630  5.219  -23.800  67.650 0.0000000000
144631  5.354  -23.570  67.236 0.0000000000
144632  5.437  -23.344  66.912 0.0000000000
144633  5.618  -22.537  66.975 0.0000000000
144636  6.072  -24.203  72.558 0.0000000000
144637  5.913  -23.879  72.224 0.0000000000
144638  5.790  -23.573  71.889 0.0000000000
144639  6.404  -22.343  72.044 0.0000000000
144640  6.035  -22.734  71.798 0.0000000000
144641  5.709  -23.185  71.470 0.0000000000
144642  5.611  -22.944  71.075 0.0000000000
144643  5.574  -22.689  70.598 0.0000000000
144644  5.519  -22.369  70.204 0.0000000000
144653  5.418  -22.056  69.761 0.0000000000
144861  26.273  -30.495  68.495 0.0000000000
144947  18.260  -25.463  58.448 0.0000000000
144966  16.606  -24.428  62.615 0.0000000000
145021  10.340  -35.922  67.069 0.0000000000
145022  9.903  -36.132  67.194 0.0000000000
145023  9.452  -36.300  67.462 0.0000000000
145026  9.286  -35.238  64.803 0.0000000000
145028  8.849  -35.226  65.073 0.0000000000
145029  9.197  -35.594  65.454 0.0000000000
145030  9.137  -35.940  66.145 0.0000000000
145031  9.067  -36.216  66.788 0.0000000000
145032  8.980  -36.438  67.495 0.0000000000
145033  8.518  -36.581  67.770 0.0000000000
145034  8.053  -36.697  67.958 0.0000000000
145035  7.563  -36.740  68.191 0.0000000000
145036  7.362  -36.050  67.056 0.0000000000
145037  7.244  -36.377  67.671 0.0000000000
145038  7.079  -36.674  68.309 0.0000000000
145039  6.597  -36.576  68.530 0.0000000000
145040  6.126  -36.451  68.803 0.0000000000
145041  5.659  -36.254  69.051 0.0000000000
145045  9.080  -28.612  68.526 0.0000000000
145051  8.096  -27.963  71.234 0.0000000000
145052  7.946  -28.553  70.657 0.0000000000
145053  7.797  -29.222  69.917 0.0000000000
145054  7.121  -29.584  70.516 0.0000000000
145055  7.382  -29.806  69.867 0.0000000000
145068  5.220  -35.950  69.273 0.0000000000
145070  4.474  -35.339  69.659 0.0000000000
145071  4.144  -35.017  69.790 0.0000000000
145073  4.152  -34.264  69.833 0.0000000000
145074  3.828  -34.763  69.805 0.0000000000
145075  3.560  -34.501  69.798 0.0000000000
145076  3.300  -34.285  69.670 0.0000000000
145077  3.070  -34.044  69.462 0.0000000000
145078  4.468  -31.066  70.878 0.0000000000
145079  4.156  -31.501  70.645 0.0000000000
145080  3.871  -31.912  70.402 0.0000000000
145081  3.585  -30.993  70.454 0.0000000000
145082  3.583  -31.655  70.269 0.0000000000
145083  3.583  -32.320  70.126 0.0000000000
145084  3.313  -32.794  69.825 0.0000000000
145085  3.079  -33.349  69.505 0.0000000000
145086  2.898  -33.851  69.175 0.0000000000
145087  2.765  -33.650  68.727 0.0000000000
145088  2.760  -33.379  68.318 0.0000000000
145089  2.758  -33.172  67.693 0.0000000000
145090  2.824  -31.959  68.148 0.0000000000
145091  2.802  -32.449  67.639 0.0000000000
145092  2.820  -32.951  67.153 0.0000000000
145093  2.931  -32.725  66.529 0.0000000000
145094  3.054  -32.518  65.981 0.0000000000
145208  34.583  -21.480  60.017 0.0000000000
145211  36.131  -20.662  59.932 0.0000000000
145216  34.218  -22.288  57.452 0.0000000000
145219  34.953  -21.967  57.687 0.0000000000
145220  35.578  -21.487  57.973 0.0000000000
145221  36.151  -20.967  58.030 0.0000000000
145223  36.797  -20.247  57.613 0.0000000000
145225  36.939  -19.953  56.468 0.0000000000
145227  36.701  -20.457  55.649 0.0000000000
145319  31.026  -30.533  60.317 0.0000000000
145320  31.001  -30.500  61.383 0.0000000000
145321  30.904  -30.446  62.397 0.0000000000
145327  29.419  -30.448  60.159 0.0000000000
145329  30.400  -30.456  62.426 0.0000000000
145330  30.856  -30.375  63.465 0.0000000000
145331  30.831  -30.237  64.477 0.0000000000
145332  30.736  -30.240  65.397 0.0000000000
145333  30.587  -30.260  66.184 0.0000000000
145336  30.460  -30.391  67.065 0.0000000000
145337  30.308  -30.574  67.751 0.0000000000
145579  42.121  -9.932  45.333 0.0000000000
145580  41.426  -10.212  44.612 0.0000000000
145581  40.792  -10.483  43.869 0.0000000000
150228  3.726  -31.745  64.660 0.0000000000
150229  4.024  -31.563  64.198 0.0000000000
150230  4.356  -31.405  63.739 0.0000000000
150231  4.430  -30.064  64.324 0.0000000000
150232  4.563  -30.663  63.769 0.0000000000
150233  4.707  -31.286  63.261 0.0000000000
150234  5.072  -31.143  62.809 0.0000000000
150235  5.451  -30.935  62.375 0.0000000000
150236  5.808  -30.748  61.887 0.0000000000
150237  5.221  -27.049  64.950 0.0000000000
150238  5.314  -27.598  64.361 0.0000000000
150239  5.481  -28.165  63.777 0.0000000000
150240  5.815  -27.122  63.412 0.0000000000
150241  5.772  -27.955  63.302 0.0000000000
150242  5.686  -28.755  63.159 0.0000000000
150243  5.871  -29.373  62.507 0.0000000000
150244  6.019  -30.002  61.938 0.0000000000
150245  6.169  -30.621  61.396 0.0000000000
150246  6.532  -30.394  60.905 0.0000000000
150247  6.863  -30.240  60.374 0.0000000000
150248  7.162  -30.076  59.850 0.0000000000
150249  7.139  -28.525  60.701 0.0000000000
150250  7.311  -29.167  60.028 0.0000000000
150251  7.431  -29.836  59.357 0.0000000000
150252  7.656  -29.596  58.763 0.0000000000
150253  7.797  -29.356  58.215 0.0000000000
150254  7.885  -29.105  57.629 0.0000000000
150260  6.292  -22.889  64.133 0.0000000000
150261  6.254  -23.416  63.559 0.0000000000
150262  6.231  -23.919  62.987 0.0000000000
150263  6.302  -24.485  62.355 0.0000000000
150266  7.244  -22.066  62.299 0.0000000000
150267  7.439  -22.510  61.115 0.0000000000
150268  7.236  -22.685  61.635 0.0000000000
150269  7.011  -22.834  62.157 0.0000000000
150270  6.715  -23.608  61.986 0.0000000000
150271  6.520  -24.325  61.854 0.0000000000
150272  6.452  -25.014  61.667 0.0000000000
150273  6.681  -25.583  60.994 0.0000000000
150274  6.979  -26.115  60.366 0.0000000000
150275  7.298  -26.632  59.743 0.0000000000
150276  7.221  -25.746  59.276 0.0000000000
150277  7.443  -26.447  59.169 0.0000000000
150278  7.574  -27.157  59.100 0.0000000000
150279  7.860  -27.698  58.401 0.0000000000
150280  7.891  -28.265  57.727 0.0000000000
150281  7.829  -28.831  57.019 0.0000000000
150282  7.715  -28.577  56.445 0.0000000000
150283  7.501  -28.406  55.861 0.0000000000
150284  7.249  -28.127  55.360 0.0000000000
150285  7.318  -26.931  56.045 0.0000000000
150286  7.151  -27.446  55.401 0.0000000000
150287  6.877  -28.026  54.792 0.0000000000
150288  6.623  -27.780  54.381 0.0000000000
150289  6.354  -27.589  53.905 0.0000000000
150290  6.177  -27.384  53.451 0.0000000000
150291  7.003  -24.216  56.645 0.0000000000
150292  6.789  -24.753  56.017 0.0000000000
150293  6.624  -25.245  55.331 0.0000000000
150294  6.542  -24.386  55.089 0.0000000000
150295  6.466  -25.058  54.907 0.0000000000
150296  6.443  -25.733  54.734 0.0000000000
150297  6.324  -26.205  54.164 0.0000000000
150298  6.213  -26.700  53.558 0.0000000000
150299  6.089  -27.184  52.955 0.0000000000
150300  6.107  -27.029  52.411 0.0000000000
150301  6.188  -26.815  51.914 0.0000000000
150303  6.221  -25.419  52.258 0.0000000000
150304  6.406  -25.898  51.611 0.0000000000
150381  6.811  -22.685  52.976 0.0000000000
150382  6.834  -23.166  52.386 0.0000000000
150383  6.959  -23.656  51.749 0.0000000000
150386  7.155  -24.132  51.209 0.0000000000
150387  7.427  -24.591  50.684 0.0000000000
150988  22.002  -31.333  71.429 0.0000000000
151045  15.118  -31.635  73.082 0.0000000000
151046  15.574  -31.465  73.725 0.0000000000
151047  15.992  -31.549  74.125 0.0000000000
151048  12.629  -32.760  75.120 0.0000000000
151049  13.272  -32.479  75.008 0.0000000000
151050  13.914  -32.237  74.870 0.0000000000
151051  14.123  -32.805  75.204 0.0000000000
151052  14.306  -32.382  75.039 0.0000000000
151053  14.513  -32.053  74.724 0.0000000000
151054  15.144  -31.913  74.622 0.0000000000
151055  15.788  -31.848  74.465 0.0000000000
151056  16.383  -31.794  74.273 0.0000000000
151057  16.660  -32.164  74.151 0.0000000000
151058  16.928  -32.671  73.722 0.0000000000
151059  17.062  -33.238  73.022 0.0000000000
151060  16.224  -33.668  73.253 0.0000000000
151061  16.681  -33.733  72.723 0.0000000000
151062  17.111  -33.807  72.156 0.0000000000
151063  17.072  -34.343  71.237 0.0000000000
151064  17.002  -34.882  70.279 0.0000000000
151072  13.935  -36.633  74.357 0.0000000000
151073  14.234  -36.592  73.836 0.0000000000
151074  14.463  -36.428  73.430 0.0000000000
151082  14.771  -37.001  72.690 0.0000000000
151083  14.717  -36.226  72.925 0.0000000000
151084  14.978  -36.132  72.356 0.0000000000
151085  15.250  -36.056  71.690 0.0000000000
151086  15.564  -35.893  71.039 0.0000000000
151089  15.895  -35.903  70.380 0.0000000000
