#!ascii label  , from subject fsaverage vox2ras=TkReg
426
249  45.153  17.164  8.744 0.0000000000
728  42.625  20.058  9.462 0.0000000000
1597  35.346  19.530  12.225 0.0000000000
1599  38.385  17.055  10.822 0.0000000000
1600  41.258  14.727  8.634 0.0000000000
3063  32.116  17.197  12.204 0.0000000000
3622  37.203  21.342  11.248 0.0000000000
3623  36.907  18.229  11.773 0.0000000000
3624  38.804  20.056  10.883 0.0000000000
3625  43.979  18.658  8.655 0.0000000000
3626  41.686  17.542  8.719 0.0000000000
3627  43.062  16.261  7.631 0.0000000000
3628  42.713  13.721  7.241 0.0000000000
3629  44.705  15.060  6.970 0.0000000000
5918  41.067  21.370  10.137 0.0000000000
5920  44.763  21.175  8.885 0.0000000000
5921  46.159  19.750  8.966 0.0000000000
7567  33.843  17.121  12.682 0.0000000000
7569  35.389  16.157  12.491 0.0000000000
7570  37.007  15.114  11.836 0.0000000000
7571  38.558  14.061  11.094 0.0000000000
7572  40.275  18.809  9.906 0.0000000000
7573  39.733  15.826  9.752 0.0000000000
9052  48.909  21.214  8.887 0.0000000000
9053  47.401  19.036  10.666 0.0000000000
9056  46.715  15.703  9.420 0.0000000000
10743  32.408  15.843  12.409 0.0000000000
10744  31.694  15.668  11.912 0.0000000000
11302  38.187  22.121  10.715 0.0000000000
11303  38.026  20.694  11.156 0.0000000000
11304  39.101  21.441  10.697 0.0000000000
11305  44.608  17.901  8.494 0.0000000000
11306  43.532  17.498  8.108 0.0000000000
11307  44.185  16.838  7.882 0.0000000000
11308  43.855  15.662  7.260 0.0000000000
11309  44.856  16.051  7.870 0.0000000000
13708  45.451  20.443  8.787 0.0000000000
13709  46.582  21.042  8.499 0.0000000000
16627  34.551  18.364  12.549 0.0000000000
16628  34.621  16.645  12.660 0.0000000000
16629  35.359  17.820  12.432 0.0000000000
16630  37.673  17.636  11.358 0.0000000000
16631  36.878  16.693  11.763 0.0000000000
16632  37.676  16.099  11.362 0.0000000000
16633  37.766  14.608  11.476 0.0000000000
16634  38.366  15.537  10.899 0.0000000000
16635  41.866  20.711  9.856 0.0000000000
16636  40.717  20.129  10.184 0.0000000000
16637  41.440  19.505  9.682 0.0000000000
16638  41.351  16.083  8.590 0.0000000000
16639  40.597  16.719  9.145 0.0000000000
16640  40.450  15.275  9.157 0.0000000000
16641  39.873  14.464  9.920 0.0000000000
16642  40.645  13.944  9.334 0.0000000000
16644  41.382  13.406  8.700 0.0000000000
16758  35.204  20.857  11.951 0.0000000000
16760  34.336  19.791  12.332 0.0000000000
16761  33.563  18.490  12.529 0.0000000000
20076  48.186  20.347  9.922 0.0000000000
20085  47.954  15.154  9.478 0.0000000000
20086  46.798  14.698  8.015 0.0000000000
24952  36.223  20.501  11.820 0.0000000000
24953  36.150  18.827  12.081 0.0000000000
24954  37.031  19.834  11.642 0.0000000000
24955  37.778  19.218  11.345 0.0000000000
24956  38.543  18.573  10.885 0.0000000000
24957  43.292  19.366  9.061 0.0000000000
24958  42.168  18.880  9.141 0.0000000000
24959  42.859  18.198  8.567 0.0000000000
24960  42.389  16.880  8.127 0.0000000000
24961  42.033  15.511  8.019 0.0000000000
24962  41.989  14.212  7.964 0.0000000000
24963  42.783  15.026  7.402 0.0000000000
24964  43.617  14.469  6.794 0.0000000000
24965  44.504  14.022  6.138 0.0000000000
29167  40.350  23.318  9.559 0.0000000000
29169  41.226  22.675  9.637 0.0000000000
29171  42.883  21.321  9.438 0.0000000000
29174  43.669  20.603  9.231 0.0000000000
29175  44.369  19.872  8.974 0.0000000000
29176  45.098  19.104  8.788 0.0000000000
29177  45.632  18.488  9.129 0.0000000000
33157  33.257  15.783  12.685 0.0000000000
33159  34.032  15.393  12.766 0.0000000000
33160  34.798  14.976  12.719 0.0000000000
33161  35.589  14.496  12.575 0.0000000000
33162  36.130  17.261  12.162 0.0000000000
33163  36.180  15.677  12.211 0.0000000000
33164  36.397  14.007  12.370 0.0000000000
33165  37.213  13.575  12.080 0.0000000000
33168  39.922  20.776  10.532 0.0000000000
33169  39.577  19.420  10.487 0.0000000000
33170  39.233  17.988  10.293 0.0000000000
33171  40.965  18.234  9.292 0.0000000000
33172  39.915  17.356  9.721 0.0000000000
33173  39.064  16.439  10.296 0.0000000000
33174  39.103  14.993  10.429 0.0000000000
33175  39.303  13.568  10.657 0.0000000000
33327  32.920  17.196  12.548 0.0000000000
37400  47.980  21.642  8.293 0.0000000000
37401  47.472  20.567  9.026 0.0000000000
37402  46.821  19.407  9.733 0.0000000000
37403  46.091  17.891  9.872 0.0000000000
37411  46.742  17.239  10.596 0.0000000000
37412  45.771  16.479  9.147 0.0000000000
37413  45.697  15.385  7.989 0.0000000000
37414  45.715  14.463  6.861 0.0000000000
37415  45.644  13.609  5.749 0.0000000000
42023  38.666  21.784  10.707 0.0000000000
42025  44.898  17.570  8.582 0.0000000000
42026  44.410  17.376  8.244 0.0000000000
42027  44.680  17.009  8.272 0.0000000000
42028  44.486  16.461  7.877 0.0000000000
42029  44.919  16.595  8.321 0.0000000000
44428  46.237  21.403  8.495 0.0000000000
47347  34.960  18.969  12.414 0.0000000000
47348  34.977  18.134  12.515 0.0000000000
47349  35.358  18.671  12.361 0.0000000000
47350  38.017  17.344  11.089 0.0000000000
47351  37.660  16.854  11.347 0.0000000000
47352  38.007  16.599  11.085 0.0000000000
47353  38.004  15.814  11.136 0.0000000000
47354  38.356  16.290  10.847 0.0000000000
47355  42.263  20.390  9.662 0.0000000000
47356  41.662  20.109  9.817 0.0000000000
47357  42.046  19.778  9.594 0.0000000000
47358  41.276  15.376  8.600 0.0000000000
47359  40.879  15.668  8.864 0.0000000000
47360  40.885  14.993  8.914 0.0000000000
47361  40.520  14.578  9.267 0.0000000000
47362  40.941  14.326  8.979 0.0000000000
47363  41.027  13.658  9.036 0.0000000000
47364  41.316  14.041  8.676 0.0000000000
47478  35.276  20.195  12.111 0.0000000000
47480  34.832  19.669  12.314 0.0000000000
47481  34.417  19.077  12.453 0.0000000000
50806  48.093  14.675  8.682 0.0000000000
55270  31.759  17.192  11.927 0.0000000000
56948  36.640  20.145  11.757 0.0000000000
56949  37.127  20.597  11.482 0.0000000000
56950  38.419  20.376  11.036 0.0000000000
56951  37.908  19.957  11.264 0.0000000000
56952  38.281  19.646  11.108 0.0000000000
56953  38.181  18.890  11.118 0.0000000000
56954  38.670  19.333  10.907 0.0000000000
56955  43.642  19.026  8.838 0.0000000000
56956  43.093  18.799  8.829 0.0000000000
56957  43.423  18.424  8.568 0.0000000000
56958  43.290  16.870  7.821 0.0000000000
56959  42.971  17.231  8.023 0.0000000000
56960  42.727  16.562  7.798 0.0000000000
56961  42.178  16.191  8.037 0.0000000000
56962  42.489  15.946  7.743 0.0000000000
56963  42.391  15.259  7.701 0.0000000000
56964  42.882  15.652  7.507 0.0000000000
56965  44.254  15.338  7.122 0.0000000000
56966  43.699  15.066  6.994 0.0000000000
56967  44.143  14.771  6.799 0.0000000000
56968  44.055  14.213  6.490 0.0000000000
56969  44.593  14.502  6.538 0.0000000000
57078  37.159  21.950  11.021 0.0000000000
64148  40.781  22.988  9.633 0.0000000000
64153  42.480  21.636  9.510 0.0000000000
64160  44.403  21.496  8.971 0.0000000000
64161  43.891  21.227  9.167 0.0000000000
64162  44.222  20.867  9.065 0.0000000000
64163  44.006  20.221  9.077 0.0000000000
64164  44.568  20.522  8.974 0.0000000000
64165  45.814  20.074  8.801 0.0000000000
64166  45.302  19.761  8.817 0.0000000000
64167  45.638  19.418  8.899 0.0000000000
64168  45.375  18.766  8.941 0.0000000000
64169  45.896  19.124  9.131 0.0000000000
72922  33.537  16.453  12.692 0.0000000000
72923  33.663  15.599  12.738 0.0000000000
72924  33.934  16.243  12.724 0.0000000000
72925  35.005  16.408  12.617 0.0000000000
72926  34.688  15.799  12.686 0.0000000000
72927  35.079  15.544  12.601 0.0000000000
72928  35.168  14.724  12.650 0.0000000000
72929  35.472  15.320  12.509 0.0000000000
72930  36.526  18.562  11.934 0.0000000000
72931  36.117  18.082  12.135 0.0000000000
72932  36.505  17.775  11.966 0.0000000000
72933  36.926  15.882  11.779 0.0000000000
72934  36.509  16.181  11.981 0.0000000000
72935  36.597  15.399  12.030 0.0000000000
72936  36.287  14.863  12.279 0.0000000000
72937  36.687  14.579  12.123 0.0000000000
72938  36.803  13.770  12.226 0.0000000000
72939  37.076  14.328  11.969 0.0000000000
72940  38.170  14.316  11.297 0.0000000000
72941  37.863  13.846  11.602 0.0000000000
72942  38.257  13.573  11.405 0.0000000000
72945  40.624  21.771  10.187 0.0000000000
72946  40.097  21.450  10.430 0.0000000000
72947  40.518  21.110  10.348 0.0000000000
72948  40.516  19.491  10.056 0.0000000000
72949  40.137  19.776  10.345 0.0000000000
72950  39.931  19.107  10.197 0.0000000000
72951  39.402  18.717  10.376 0.0000000000
72952  39.742  18.413  10.075 0.0000000000
72953  41.942  18.248  8.879 0.0000000000
72954  41.574  18.572  9.199 0.0000000000
72955  41.338  17.880  9.015 0.0000000000
72956  40.107  16.250  9.439 0.0000000000
72957  40.254  17.036  9.433 0.0000000000
72958  39.780  16.573  9.726 0.0000000000
72959  39.452  16.893  9.999 0.0000000000
72960  39.378  16.125  10.030 0.0000000000
72961  39.041  15.700  10.347 0.0000000000
72962  39.403  15.422  10.092 0.0000000000
72963  39.965  13.710  10.054 0.0000000000
72964  39.598  14.024  10.283 0.0000000000
72975  42.345  13.979  7.591 0.0000000000
72976  41.999  13.563  7.961 0.0000000000
73323  33.666  17.801  12.630 0.0000000000
73324  33.228  17.875  12.543 0.0000000000
73325  33.366  17.159  12.629 0.0000000000
73326  33.073  16.460  12.612 0.0000000000
83261  49.623  21.489  8.812 0.0000000000
83263  49.193  21.642  8.364 0.0000000000
83264  48.679  21.898  8.165 0.0000000000
83265  48.433  21.377  8.522 0.0000000000
83266  47.744  21.073  8.619 0.0000000000
83267  48.160  20.922  8.978 0.0000000000
83268  47.796  19.755  10.360 0.0000000000
83269  47.486  19.897  9.893 0.0000000000
83270  47.090  19.243  10.182 0.0000000000
83271  46.446  18.676  9.891 0.0000000000
83272  46.680  18.419  10.311 0.0000000000
83291  47.184  16.023  10.279 0.0000000000
83293  46.680  16.393  10.114 0.0000000000
83294  46.216  16.771  9.900 0.0000000000
83295  46.205  16.072  9.342 0.0000000000
83296  45.726  15.905  8.589 0.0000000000
83297  46.217  15.538  8.664 0.0000000000
83298  46.826  14.313  7.330 0.0000000000
83299  46.259  14.609  7.394 0.0000000000
83300  46.280  14.198  6.808 0.0000000000
83301  45.677  14.033  6.253 0.0000000000
83302  46.259  13.819  6.202 0.0000000000
93065  32.262  16.491  12.342 0.0000000000
93066  31.886  16.467  12.077 0.0000000000
93067  32.044  15.763  12.197 0.0000000000
94072  37.678  21.739  10.985 0.0000000000
94073  37.619  21.018  11.249 0.0000000000
94074  38.115  21.418  10.990 0.0000000000
94075  38.556  21.103  10.925 0.0000000000
94076  38.948  20.757  10.821 0.0000000000
94077  44.298  18.280  8.539 0.0000000000
94078  43.753  18.061  8.413 0.0000000000
94079  44.076  17.715  8.273 0.0000000000
94080  43.848  17.143  7.957 0.0000000000
94081  43.619  16.557  7.655 0.0000000000
94082  43.428  15.975  7.432 0.0000000000
94083  44.014  16.254  7.555 0.0000000000
94084  44.404  15.886  7.492 0.0000000000
94085  44.805  15.552  7.418 0.0000000000
98401  45.290  21.455  8.669 0.0000000000
98402  45.111  20.823  8.811 0.0000000000
98403  45.695  21.117  8.651 0.0000000000
98404  46.017  20.739  8.657 0.0000000000
98405  46.352  20.376  8.721 0.0000000000
103657  34.172  17.735  12.640 0.0000000000
103658  34.256  16.892  12.691 0.0000000000
103659  34.601  17.528  12.617 0.0000000000
103660  34.977  17.284  12.581 0.0000000000
103661  35.352  16.982  12.478 0.0000000000
103662  37.313  17.976  11.567 0.0000000000
103663  36.875  17.499  11.767 0.0000000000
103664  37.264  17.165  11.575 0.0000000000
103665  37.283  16.366  11.560 0.0000000000
103666  37.332  15.616  11.601 0.0000000000
103667  37.391  14.859  11.675 0.0000000000
103668  37.706  15.347  11.414 0.0000000000
103669  38.075  15.064  11.205 0.0000000000
103670  38.453  14.794  10.986 0.0000000000
103671  41.460  21.020  10.015 0.0000000000
103672  40.895  20.741  10.226 0.0000000000
103673  41.292  20.426  10.051 0.0000000000
103674  41.101  19.822  9.939 0.0000000000
103675  40.856  19.184  9.780 0.0000000000
103676  41.488  16.813  8.625 0.0000000000
103677  41.121  17.145  8.909 0.0000000000
103678  40.957  16.389  8.865 0.0000000000
103679  40.482  15.984  9.130 0.0000000000
103680  40.105  15.564  9.442 0.0000000000
103681  39.790  15.157  9.790 0.0000000000
103682  40.157  14.873  9.538 0.0000000000
103683  40.250  14.169  9.652 0.0000000000
103684  40.356  13.468  9.743 0.0000000000
103689  43.084  13.469  6.839 0.0000000000
103897  33.477  19.216  12.401 0.0000000000
103898  33.931  19.149  12.448 0.0000000000
103899  34.031  18.441  12.559 0.0000000000
109773  34.672  13.493  12.923 0.0000000000
109862  50.039  21.409  9.316 0.0000000000
109863  49.308  21.139  9.361 0.0000000000
109864  48.554  20.824  9.404 0.0000000000
109865  48.966  20.765  9.907 0.0000000000
109866  48.580  20.287  10.462 0.0000000000
109867  48.158  19.625  10.848 0.0000000000
109881  47.297  15.390  9.453 0.0000000000
109882  46.773  15.154  8.679 0.0000000000
109883  47.387  14.896  8.712 0.0000000000
119662  35.778  20.032  12.028 0.0000000000
119663  35.749  19.192  12.171 0.0000000000
119664  36.173  19.660  11.989 0.0000000000
119665  36.569  19.342  11.871 0.0000000000
119666  36.925  19.081  11.735 0.0000000000
119667  37.536  20.269  11.395 0.0000000000
119668  37.397  19.532  11.506 0.0000000000
119669  37.344  18.763  11.553 0.0000000000
119670  37.755  18.485  11.343 0.0000000000
119671  38.086  18.114  11.105 0.0000000000
119672  38.429  17.813  10.828 0.0000000000
119673  42.946  19.690  9.309 0.0000000000
119674  42.400  19.463  9.346 0.0000000000
119675  42.754  19.146  9.086 0.0000000000
119676  42.527  18.554  8.838 0.0000000000
119677  42.291  17.899  8.614 0.0000000000
119678  43.200  17.840  8.289 0.0000000000
119679  42.634  17.553  8.330 0.0000000000
119680  42.056  17.204  8.433 0.0000000000
119681  41.829  16.503  8.303 0.0000000000
119682  41.694  15.774  8.308 0.0000000000
119683  41.615  15.098  8.311 0.0000000000
119684  41.619  14.450  8.315 0.0000000000
119685  41.965  14.842  7.997 0.0000000000
119686  42.353  14.612  7.639 0.0000000000
119687  42.743  14.388  7.310 0.0000000000
119688  43.281  15.384  7.242 0.0000000000
119689  43.194  14.767  7.097 0.0000000000
119690  43.131  14.121  6.968 0.0000000000
119691  43.548  13.863  6.571 0.0000000000
119692  43.981  13.654  6.198 0.0000000000
119693  44.414  13.466  5.798 0.0000000000
119850  35.748  20.662  11.903 0.0000000000
129641  41.167  22.069  9.949 0.0000000000
129644  41.580  21.688  9.869 0.0000000000
129645  41.998  21.317  9.794 0.0000000000
129646  42.379  21.013  9.640 0.0000000000
129647  42.798  20.682  9.491 0.0000000000
129654  43.472  21.557  9.210 0.0000000000
129655  43.322  20.961  9.332 0.0000000000
129656  43.134  20.344  9.371 0.0000000000
129657  43.473  19.962  9.203 0.0000000000
129658  43.803  19.586  9.026 0.0000000000
129659  44.180  19.260  8.857 0.0000000000
129660  44.921  20.161  8.890 0.0000000000
129661  44.737  19.510  8.875 0.0000000000
129662  44.527  18.878  8.726 0.0000000000
129663  44.851  18.474  8.681 0.0000000000
129664  45.118  18.151  8.788 0.0000000000
129665  45.389  17.830  8.967 0.0000000000
140649  33.377  14.945  12.743 0.0000000000
140650  33.752  14.751  12.786 0.0000000000
140651  34.134  14.568  12.828 0.0000000000
140652  34.279  15.995  12.721 0.0000000000
140653  34.414  15.226  12.771 0.0000000000
140654  34.525  14.357  12.834 0.0000000000
140655  34.901  14.109  12.788 0.0000000000
140656  35.322  13.905  12.751 0.0000000000
140657  35.758  13.680  12.671 0.0000000000
140658  35.744  18.353  12.264 0.0000000000
140659  35.735  17.528  12.319 0.0000000000
140660  35.731  16.725  12.349 0.0000000000
140661  36.510  16.990  11.973 0.0000000000
140662  36.137  16.464  12.178 0.0000000000
140663  35.775  15.918  12.355 0.0000000000
140664  35.886  15.097  12.407 0.0000000000
140665  36.013  14.273  12.482 0.0000000000
140676  39.652  21.765  10.479 0.0000000000
140677  39.509  21.082  10.637 0.0000000000
140678  39.319  20.440  10.695 0.0000000000
140679  40.321  20.434  10.418 0.0000000000
140680  39.742  20.101  10.547 0.0000000000
140681  39.203  19.766  10.693 0.0000000000
140682  39.048  19.043  10.673 0.0000000000
140683  38.898  18.286  10.607 0.0000000000
140684  38.792  17.511  10.544 0.0000000000
140685  41.815  19.200  9.418 0.0000000000
140686  41.221  18.903  9.486 0.0000000000
140687  40.631  18.509  9.614 0.0000000000
140688  40.768  17.477  9.192 0.0000000000
140689  40.430  17.793  9.489 0.0000000000
140690  40.083  18.104  9.775 0.0000000000
140691  39.579  17.680  10.010 0.0000000000
140692  39.136  17.205  10.278 0.0000000000
140693  38.764  16.738  10.554 0.0000000000
140694  38.691  16.001  10.584 0.0000000000
140695  38.735  15.275  10.666 0.0000000000
140696  38.839  14.548  10.772 0.0000000000
140697  39.495  14.727  10.173 0.0000000000
140698  39.234  14.286  10.519 0.0000000000
140699  38.947  13.821  10.888 0.0000000000
140712  41.662  13.802  8.323 0.0000000000
141139  32.498  17.163  12.428 0.0000000000
141140  32.649  16.500  12.512 0.0000000000
141141  32.804  15.840  12.567 0.0000000000
153165  47.289  21.347  8.408 0.0000000000
153166  47.046  20.746  8.692 0.0000000000
153167  46.795  20.178  9.016 0.0000000000
153168  47.849  20.454  9.461 0.0000000000
153169  47.173  20.048  9.430 0.0000000000
153170  46.535  19.615  9.329 0.0000000000
153171  46.186  18.899  9.534 0.0000000000
153172  45.868  18.186  9.489 0.0000000000
153173  45.616  17.499  9.278 0.0000000000
153196  47.443  17.895  11.157 0.0000000000
153197  47.013  18.158  10.810 0.0000000000
153198  46.374  17.570  10.230 0.0000000000
153199  45.858  17.137  9.613 0.0000000000
153200  45.420  16.850  8.924 0.0000000000
153201  45.291  16.268  8.470 0.0000000000
153202  45.250  15.715  7.947 0.0000000000
153203  45.193  15.221  7.418 0.0000000000
153204  46.221  15.062  8.002 0.0000000000
153205  45.683  14.907  7.399 0.0000000000
153206  45.159  14.742  6.907 0.0000000000
153207  45.118  14.272  6.383 0.0000000000
153208  45.058  13.805  5.875 0.0000000000
153209  44.989  13.321  5.506 0.0000000000
153216  46.279  13.432  5.649 0.0000000000
153217  45.601  13.186  5.319 0.0000000000
