#!ascii label  , from subject fsaverage vox2ras=TkReg
247
257  30.228  46.023  -10.857 0.0000000000
737  29.395  52.815  -10.854 0.0000000000
2192  35.530  44.795  -9.858 0.0000000000
2655  26.045  57.576  -11.203 0.0000000000
2656  26.515  54.077  -11.544 0.0000000000
2657  29.021  56.172  -10.629 0.0000000000
5933  24.523  51.674  -12.198 0.0000000000
5934  26.992  50.567  -11.094 0.0000000000
5935  29.595  49.384  -10.671 0.0000000000
8212  31.166  56.771  -8.933 0.0000000000
9133  32.625  55.449  -10.330 0.0000000000
9134  32.744  52.434  -10.921 0.0000000000
9135  32.600  48.812  -10.801 0.0000000000
9137  35.299  47.984  -9.735 0.0000000000
9138  32.901  45.415  -11.373 0.0000000000
10336  27.461  56.813  -10.839 0.0000000000
10337  28.492  57.265  -10.164 0.0000000000
11328  28.884  46.586  -10.219 0.0000000000
13727  24.391  53.597  -12.435 0.0000000000
13728  27.897  53.418  -11.055 0.0000000000
13729  26.780  52.197  -11.461 0.0000000000
13730  28.035  51.677  -11.028 0.0000000000
13731  28.242  50.024  -10.684 0.0000000000
13732  29.390  51.160  -10.934 0.0000000000
20274  31.971  56.394  -9.708 0.0000000000
20275  33.554  56.232  -9.491 0.0000000000
20278  34.036  52.077  -10.518 0.0000000000
20279  32.595  50.625  -10.845 0.0000000000
20280  33.891  50.241  -10.375 0.0000000000
20284  37.157  45.879  -10.319 0.0000000000
20285  37.007  47.340  -9.853 0.0000000000
20286  35.477  46.391  -9.983 0.0000000000
20287  33.948  46.821  -10.480 0.0000000000
20288  33.981  45.140  -10.328 0.0000000000
23212  25.242  54.853  -12.125 0.0000000000
23213  26.291  56.073  -11.587 0.0000000000
23214  27.684  55.278  -11.069 0.0000000000
23215  29.237  54.570  -10.786 0.0000000000
27148  38.698  45.184  -10.911 0.0000000000
29204  25.484  52.761  -12.015 0.0000000000
29205  25.748  50.989  -11.700 0.0000000000
29207  27.167  48.960  -10.534 0.0000000000
29208  28.551  48.292  -10.337 0.0000000000
29209  29.923  47.664  -10.565 0.0000000000
34936  29.418  57.212  -9.205 0.0000000000
34937  30.065  56.370  -8.333 0.0000000000
37639  30.230  56.777  -9.951 0.0000000000
37640  30.829  55.651  -10.505 0.0000000000
37641  31.067  54.213  -10.766 0.0000000000
37643  32.798  54.050  -10.718 0.0000000000
37644  31.051  52.547  -10.970 0.0000000000
37645  30.989  50.817  -10.975 0.0000000000
37646  31.140  48.935  -10.828 0.0000000000
37647  31.348  47.264  -10.954 0.0000000000
37650  36.698  50.870  -9.196 0.0000000000
37651  38.494  48.242  -9.661 0.0000000000
37652  36.759  48.968  -9.290 0.0000000000
37653  35.085  49.665  -9.566 0.0000000000
37654  33.916  48.494  -10.308 0.0000000000
37655  32.727  47.091  -11.092 0.0000000000
37656  31.654  45.704  -11.475 0.0000000000
37657  32.056  44.078  -12.017 0.0000000000
41056  27.703  57.592  -10.203 0.0000000000
41057  28.124  57.605  -9.820 0.0000000000
42048  29.586  46.283  -10.484 0.0000000000
42052  30.384  45.206  -11.159 0.0000000000
44445  23.792  55.147  -12.724 0.0000000000
44446  23.875  54.068  -12.610 0.0000000000
44447  24.321  54.672  -12.511 0.0000000000
44448  28.660  53.116  -10.882 0.0000000000
44449  28.008  52.550  -11.024 0.0000000000
44450  28.703  52.267  -10.923 0.0000000000
44451  28.711  51.426  -10.950 0.0000000000
44452  29.398  51.985  -10.911 0.0000000000
50998  34.578  51.856  -10.095 0.0000000000
50999  33.964  51.169  -10.472 0.0000000000
51000  34.491  50.938  -10.009 0.0000000000
51004  36.334  45.350  -10.080 0.0000000000
51005  36.326  46.146  -10.032 0.0000000000
51006  35.481  45.587  -9.927 0.0000000000
51007  34.650  45.752  -10.088 0.0000000000
51008  34.693  44.987  -9.960 0.0000000000
54045  25.594  57.249  -11.711 0.0000000000
54046  25.676  56.455  -11.849 0.0000000000
54047  26.224  56.915  -11.453 0.0000000000
54048  28.232  56.491  -10.708 0.0000000000
54049  27.600  56.084  -10.990 0.0000000000
54050  28.357  55.758  -10.814 0.0000000000
54051  28.457  54.930  -10.899 0.0000000000
54052  29.136  55.417  -10.742 0.0000000000
60607  37.929  44.757  -10.739 0.0000000000
64218  23.933  52.094  -12.368 0.0000000000
64223  25.825  54.467  -11.850 0.0000000000
64224  25.342  53.741  -12.066 0.0000000000
64225  25.954  53.422  -11.789 0.0000000000
64226  26.897  51.357  -11.302 0.0000000000
64227  26.269  51.592  -11.621 0.0000000000
64228  26.363  50.794  -11.383 0.0000000000
64229  25.879  50.194  -11.387 0.0000000000
64230  26.442  50.013  -11.040 0.0000000000
64232  27.055  49.789  -10.807 0.0000000000
64233  28.916  49.700  -10.633 0.0000000000
64234  28.356  49.185  -10.496 0.0000000000
64235  29.084  48.824  -10.467 0.0000000000
64236  29.252  47.942  -10.404 0.0000000000
64237  29.751  48.515  -10.603 0.0000000000
77176  29.273  56.551  -8.430 0.0000000000
77177  29.600  55.984  -8.055 0.0000000000
83858  30.321  56.960  -9.062 0.0000000000
83859  29.896  57.099  -9.605 0.0000000000
83860  30.744  56.841  -9.483 0.0000000000
83861  32.319  56.000  -10.017 0.0000000000
83862  31.397  56.111  -10.138 0.0000000000
83863  31.740  55.545  -10.390 0.0000000000
83864  30.985  54.960  -10.642 0.0000000000
83865  31.894  54.877  -10.583 0.0000000000
83869  33.510  53.157  -10.741 0.0000000000
83870  33.579  53.951  -10.641 0.0000000000
83871  32.793  53.251  -10.882 0.0000000000
83872  31.908  53.254  -10.936 0.0000000000
83873  31.892  52.485  -10.975 0.0000000000
83874  31.006  51.708  -11.001 0.0000000000
83875  31.854  51.623  -10.973 0.0000000000
83876  32.600  49.735  -10.801 0.0000000000
83877  31.828  49.808  -10.849 0.0000000000
83878  31.895  48.894  -10.863 0.0000000000
83879  31.266  48.074  -10.855 0.0000000000
83880  31.954  48.014  -10.934 0.0000000000
83891  38.587  47.451  -10.070 0.0000000000
83892  36.129  47.653  -9.705 0.0000000000
83893  36.851  48.084  -9.550 0.0000000000
83894  35.985  48.468  -9.470 0.0000000000
83895  35.908  49.370  -9.323 0.0000000000
83896  35.182  48.811  -9.614 0.0000000000
83897  34.496  49.107  -9.909 0.0000000000
83898  34.520  48.269  -9.971 0.0000000000
83899  33.381  46.101  -10.934 0.0000000000
83900  33.353  46.938  -10.934 0.0000000000
83901  32.801  46.239  -11.262 0.0000000000
83902  32.164  46.386  -11.373 0.0000000000
83903  32.284  45.584  -11.567 0.0000000000
83904  31.808  44.937  -11.749 0.0000000000
83905  32.433  44.764  -11.670 0.0000000000
92332  26.725  57.221  -11.016 0.0000000000
92334  28.024  57.134  -10.536 0.0000000000
92335  28.806  56.764  -10.459 0.0000000000
98436  23.884  53.019  -12.514 0.0000000000
98437  24.429  52.629  -12.351 0.0000000000
98438  27.176  53.739  -11.284 0.0000000000
98439  26.610  53.131  -11.508 0.0000000000
98440  27.294  52.804  -11.236 0.0000000000
98441  27.427  51.926  -11.211 0.0000000000
98442  27.526  51.102  -11.065 0.0000000000
98443  27.631  50.305  -10.859 0.0000000000
98444  28.165  50.840  -10.894 0.0000000000
98445  28.804  50.571  -10.789 0.0000000000
98446  29.452  50.257  -10.785 0.0000000000
110220  31.570  56.685  -9.344 0.0000000000
110221  32.386  56.583  -9.222 0.0000000000
110222  32.818  56.345  -9.590 0.0000000000
110223  33.166  55.984  -9.920 0.0000000000
110228  33.477  52.292  -10.807 0.0000000000
110229  32.667  51.522  -10.903 0.0000000000
110230  33.377  51.377  -10.754 0.0000000000
110231  33.295  50.466  -10.676 0.0000000000
110232  33.297  49.596  -10.621 0.0000000000
110239  37.873  47.056  -10.123 0.0000000000
110240  37.137  46.627  -10.126 0.0000000000
110241  36.247  46.879  -9.853 0.0000000000
110242  35.403  47.177  -9.882 0.0000000000
110243  34.617  47.440  -10.089 0.0000000000
110244  34.668  46.613  -10.165 0.0000000000
110245  33.974  45.958  -10.488 0.0000000000
110246  33.412  45.296  -10.858 0.0000000000
110247  32.968  44.622  -11.263 0.0000000000
115600  24.727  55.262  -12.369 0.0000000000
115601  25.161  55.904  -12.161 0.0000000000
115602  25.737  55.520  -11.890 0.0000000000
115603  26.384  55.075  -11.583 0.0000000000
115604  26.891  56.484  -11.209 0.0000000000
115605  26.917  55.634  -11.293 0.0000000000
115606  27.071  54.682  -11.305 0.0000000000
115607  27.766  54.350  -11.069 0.0000000000
115608  28.556  53.985  -10.883 0.0000000000
115609  29.340  53.671  -10.837 0.0000000000
124781  39.391  46.314  -10.727 0.0000000000
124784  38.672  45.956  -10.716 0.0000000000
124785  37.962  45.556  -10.656 0.0000000000
124786  37.166  45.069  -10.388 0.0000000000
124787  36.389  44.530  -10.039 0.0000000000
129734  24.832  54.184  -12.307 0.0000000000
129735  24.913  53.158  -12.236 0.0000000000
129736  25.025  52.194  -12.186 0.0000000000
129737  26.116  52.497  -11.747 0.0000000000
129738  25.646  51.872  -11.923 0.0000000000
129739  25.124  51.272  -11.988 0.0000000000
129746  27.681  49.510  -10.620 0.0000000000
129749  28.714  47.409  -10.212 0.0000000000
129750  29.405  47.129  -10.399 0.0000000000
129751  30.077  46.850  -10.644 0.0000000000
145830  29.776  56.788  -8.726 0.0000000000
153877  28.982  57.338  -9.711 0.0000000000
153878  29.371  57.012  -10.056 0.0000000000
153879  29.660  56.528  -10.332 0.0000000000
153880  31.064  56.542  -9.840 0.0000000000
153881  30.494  56.301  -10.247 0.0000000000
153882  29.923  55.901  -10.564 0.0000000000
153883  30.065  55.143  -10.690 0.0000000000
153884  30.157  54.315  -10.780 0.0000000000
153885  30.222  53.519  -10.853 0.0000000000
153887  33.886  55.887  -9.817 0.0000000000
153888  33.420  55.390  -10.215 0.0000000000
153890  33.548  54.716  -10.440 0.0000000000
153891  32.771  54.801  -10.540 0.0000000000
153892  31.945  54.133  -10.749 0.0000000000
153893  31.059  53.398  -10.881 0.0000000000
153894  30.220  52.654  -10.916 0.0000000000
153895  30.206  51.828  -10.983 0.0000000000
153896  30.187  50.985  -10.965 0.0000000000
153897  30.218  50.069  -10.893 0.0000000000
153898  31.841  50.709  -10.931 0.0000000000
153899  31.024  49.911  -10.887 0.0000000000
153900  30.357  49.177  -10.812 0.0000000000
153901  30.523  48.264  -10.747 0.0000000000
153902  30.695  47.450  -10.779 0.0000000000
153903  30.808  46.659  -10.948 0.0000000000
153912  35.885  51.242  -9.381 0.0000000000
153916  37.703  47.769  -9.741 0.0000000000
153917  37.626  48.602  -9.420 0.0000000000
153918  37.575  49.517  -9.216 0.0000000000
153919  36.706  49.931  -9.204 0.0000000000
153920  35.878  50.289  -9.346 0.0000000000
153921  35.119  50.614  -9.628 0.0000000000
153922  34.439  49.959  -9.970 0.0000000000
153923  33.915  49.363  -10.265 0.0000000000
153924  33.269  48.664  -10.611 0.0000000000
153925  33.934  47.639  -10.409 0.0000000000
153926  33.296  47.797  -10.724 0.0000000000
153927  32.637  47.916  -10.914 0.0000000000
153928  32.031  47.161  -11.078 0.0000000000
153929  31.505  46.442  -11.236 0.0000000000
153930  30.963  45.847  -11.212 0.0000000000
153931  31.153  45.086  -11.520 0.0000000000
153932  31.332  44.299  -11.892 0.0000000000
153933  31.557  43.420  -12.178 0.0000000000
153934  32.623  43.880  -11.705 0.0000000000
153935  32.210  43.216  -11.959 0.0000000000
