#!ascii label  , from subject fsaverage vox2ras=TkReg
1622
116  16.116  41.729  -20.828 0.0000000000
117  23.636  20.664  -18.767 0.0000000000
256  23.632  38.595  -12.656 0.0000000000
513  14.972  19.662  -23.669 0.0000000000
514  19.930  29.637  -19.126 0.0000000000
515  27.452  28.503  -12.708 0.0000000000
736  24.837  48.302  -10.909 0.0000000000
1126  15.390  30.445  -24.625 0.0000000000
1127  17.859  35.075  -20.195 0.0000000000
1129  23.894  33.060  -9.845 0.0000000000
1165  13.425  47.427  -22.026 0.0000000000
1327  18.806  19.014  -20.329 0.0000000000
1328  17.295  14.246  -21.950 0.0000000000
1329  21.411  14.688  -21.686 0.0000000000
1611  17.221  46.340  -15.567 0.0000000000
1612  19.573  40.091  -15.645 0.0000000000
1614  26.061  41.888  -10.303 0.0000000000
1732  28.220  21.113  -20.766 0.0000000000
1733  25.095  16.776  -21.112 0.0000000000
2182  13.567  25.646  -24.503 0.0000000000
2183  17.268  24.536  -22.437 0.0000000000
2184  20.295  24.261  -16.005 0.0000000000
2185  22.524  34.635  -16.009 0.0000000000
2186  21.278  28.915  -12.427 0.0000000000
2187  25.107  25.270  -15.553 0.0000000000
3045  14.913  39.401  -23.568 0.0000000000
3046  15.868  36.101  -23.377 0.0000000000
3047  16.972  38.348  -20.524 0.0000000000
3085  14.729  44.622  -21.811 0.0000000000
3087  13.738  42.032  -23.912 0.0000000000
3247  21.033  19.540  -18.607 0.0000000000
3248  19.840  16.342  -21.231 0.0000000000
3249  22.173  17.686  -20.367 0.0000000000
3645  18.396  48.693  -13.920 0.0000000000
3646  19.425  45.165  -13.845 0.0000000000
3648  27.530  47.181  -10.054 0.0000000000
3650  28.224  43.793  -10.269 0.0000000000
3651  28.752  40.713  -11.937 0.0000000000
3688  15.753  49.308  -16.224 0.0000000000
4818  17.958  29.816  -21.982 0.0000000000
4819  16.171  27.304  -23.792 0.0000000000
4820  18.947  27.001  -20.592 0.0000000000
4821  19.189  24.405  -18.821 0.0000000000
4822  19.479  27.012  -17.058 0.0000000000
4823  22.027  39.543  -14.186 0.0000000000
4824  21.279  37.412  -16.070 0.0000000000
4825  23.628  36.994  -14.559 0.0000000000
4827  22.384  31.053  -10.974 0.0000000000
4828  23.991  28.453  -11.491 0.0000000000
4829  22.963  26.518  -13.010 0.0000000000
4830  26.075  26.984  -14.103 0.0000000000
4831  27.868  25.921  -18.036 0.0000000000
4832  29.157  27.780  -16.765 0.0000000000
5425  19.414  12.604  -20.369 0.0000000000
5933  24.523  51.674  -12.198 0.0000000000
6635  14.487  33.765  -25.213 0.0000000000
6636  16.877  32.838  -22.939 0.0000000000
6637  19.382  32.117  -20.013 0.0000000000
6638  25.565  37.351  -11.399 0.0000000000
6639  24.209  35.779  -11.696 0.0000000000
6705  12.030  50.236  -21.564 0.0000000000
6997  16.932  19.129  -22.728 0.0000000000
6998  15.835  16.735  -23.009 0.0000000000
6999  17.745  16.232  -22.405 0.0000000000
7000  19.290  13.855  -22.018 0.0000000000
7001  21.041  12.407  -20.872 0.0000000000
7599  16.272  43.898  -17.751 0.0000000000
7600  17.176  40.565  -17.471 0.0000000000
7601  18.245  43.047  -15.534 0.0000000000
7602  20.344  42.157  -13.806 0.0000000000
7603  22.233  41.085  -11.923 0.0000000000
7605  23.394  42.975  -10.374 0.0000000000
7606  24.476  40.096  -11.075 0.0000000000
7607  26.981  38.911  -11.615 0.0000000000
7658  12.173  52.973  -19.959 0.0000000000
7659  13.795  49.818  -19.369 0.0000000000
7660  15.075  46.835  -18.522 0.0000000000
7882  25.979  21.278  -20.436 0.0000000000
7883  24.464  18.694  -21.090 0.0000000000
7884  26.489  18.975  -21.213 0.0000000000
7885  26.016  17.237  -19.928 0.0000000000
9108  13.980  22.747  -24.354 0.0000000000
9109  14.105  27.916  -25.116 0.0000000000
9110  14.741  24.913  -24.721 0.0000000000
9111  15.645  22.049  -23.836 0.0000000000
9112  18.092  21.907  -21.014 0.0000000000
9113  19.638  21.775  -17.957 0.0000000000
9114  21.855  22.020  -16.469 0.0000000000
9115  18.333  37.359  -17.406 0.0000000000
9116  20.309  34.665  -17.817 0.0000000000
9117  20.848  32.136  -17.256 0.0000000000
9118  22.503  34.115  -12.548 0.0000000000
9119  20.798  31.901  -13.581 0.0000000000
9120  19.779  29.530  -15.236 0.0000000000
9121  20.557  26.666  -14.098 0.0000000000
9122  22.366  24.411  -14.710 0.0000000000
9123  24.530  23.032  -17.139 0.0000000000
9124  26.918  23.766  -19.347 0.0000000000
9125  29.395  23.175  -20.304 0.0000000000
9840  16.271  15.675  -20.780 0.0000000000
9846  23.394  15.995  -21.340 0.0000000000
9847  22.633  13.288  -20.509 0.0000000000
10725  15.601  40.626  -22.454 0.0000000000
10726  16.016  38.859  -22.228 0.0000000000
10727  16.506  40.018  -20.705 0.0000000000
10765  15.447  43.260  -21.387 0.0000000000
10766  14.209  43.350  -23.201 0.0000000000
10767  14.908  41.943  -22.938 0.0000000000
10768  14.296  40.714  -23.791 0.0000000000
10927  22.380  20.028  -18.407 0.0000000000
10928  21.512  18.538  -19.495 0.0000000000
10929  22.805  19.178  -19.447 0.0000000000
11329  27.861  45.452  -9.952 0.0000000000
11330  29.271  44.869  -10.521 0.0000000000
11331  29.472  43.233  -11.338 0.0000000000
11332  30.563  44.424  -11.517 0.0000000000
12498  19.292  29.625  -20.666 0.0000000000
12499  18.504  28.416  -21.361 0.0000000000
12500  19.505  28.351  -19.935 0.0000000000
12501  19.410  27.037  -18.890 0.0000000000
12502  19.621  28.342  -18.093 0.0000000000
12503  22.764  39.076  -13.374 0.0000000000
12504  22.833  38.231  -14.505 0.0000000000
12505  23.616  37.813  -13.646 0.0000000000
12506  26.298  29.295  -10.975 0.0000000000
12507  24.584  29.415  -10.759 0.0000000000
12508  25.664  28.410  -11.789 0.0000000000
12509  25.074  27.572  -12.540 0.0000000000
12510  26.775  27.784  -13.400 0.0000000000
12511  27.661  27.400  -15.404 0.0000000000
12512  28.335  28.132  -14.673 0.0000000000
13102  14.298  20.174  -23.611 0.0000000000
13104  14.643  18.758  -23.182 0.0000000000
13106  19.960  12.187  -18.619 0.0000000000
13726  23.347  52.454  -12.524 0.0000000000
14897  14.345  35.449  -24.906 0.0000000000
14898  16.985  35.553  -21.837 0.0000000000
14899  16.363  34.508  -23.238 0.0000000000
14900  17.472  33.973  -21.578 0.0000000000
14901  18.058  32.437  -21.276 0.0000000000
14902  18.505  33.573  -20.028 0.0000000000
14903  26.345  36.929  -10.161 0.0000000000
14904  25.471  36.154  -10.035 0.0000000000
15015  12.839  48.830  -22.006 0.0000000000
15502  17.888  19.094  -21.561 0.0000000000
15503  17.230  17.583  -22.658 0.0000000000
15504  18.183  17.531  -21.807 0.0000000000
15505  20.632  15.459  -21.508 0.0000000000
15506  19.506  15.050  -21.866 0.0000000000
15507  20.370  14.126  -21.913 0.0000000000
15508  20.167  13.034  -21.723 0.0000000000
15509  21.178  13.403  -21.615 0.0000000000
16695  16.614  45.154  -16.502 0.0000000000
16696  17.024  43.411  -16.439 0.0000000000
16697  17.737  44.692  -15.572 0.0000000000
16699  19.744  43.588  -13.761 0.0000000000
16701  21.195  41.620  -12.764 0.0000000000
16702  21.579  42.540  -11.677 0.0000000000
16703  23.599  48.943  -11.451 0.0000000000
16704  22.511  47.883  -11.255 0.0000000000
16705  23.731  47.194  -10.780 0.0000000000
16708  24.690  42.426  -10.099 0.0000000000
16709  23.913  41.466  -10.655 0.0000000000
16710  25.228  40.963  -10.606 0.0000000000
16711  25.711  39.572  -11.230 0.0000000000
16712  26.477  40.461  -11.071 0.0000000000
16714  29.171  39.237  -11.319 0.0000000000
16823  13.032  51.366  -19.690 0.0000000000
16824  13.990  51.101  -18.197 0.0000000000
16825  16.472  47.865  -15.819 0.0000000000
16826  15.284  48.052  -17.194 0.0000000000
16827  15.951  46.576  -16.813 0.0000000000
16828  15.696  45.351  -18.128 0.0000000000
17302  27.156  21.271  -20.793 0.0000000000
17303  26.383  20.061  -21.112 0.0000000000
17304  27.298  20.107  -20.981 0.0000000000
20212  13.719  24.179  -24.476 0.0000000000
20213  14.342  30.718  -25.214 0.0000000000
20215  14.669  29.159  -25.037 0.0000000000
20216  16.684  25.886  -23.160 0.0000000000
20217  15.429  26.185  -24.441 0.0000000000
20218  15.809  24.665  -23.941 0.0000000000
20219  15.144  23.515  -24.301 0.0000000000
20220  16.347  23.242  -23.345 0.0000000000
20221  16.931  21.851  -22.707 0.0000000000
20222  17.796  23.170  -21.692 0.0000000000
20223  19.629  24.259  -17.267 0.0000000000
20224  19.325  23.047  -18.170 0.0000000000
20225  20.051  23.006  -16.967 0.0000000000
20226  20.655  21.793  -16.946 0.0000000000
20227  20.957  23.093  -16.004 0.0000000000
20228  18.202  40.193  -16.284 0.0000000000
20229  17.758  38.917  -17.490 0.0000000000
20230  18.871  38.679  -16.258 0.0000000000
20231  22.337  36.180  -16.432 0.0000000000
20232  20.777  36.048  -16.790 0.0000000000
20233  21.739  34.777  -17.195 0.0000000000
20234  21.127  33.424  -17.979 0.0000000000
20235  21.577  33.307  -16.512 0.0000000000
20236  23.810  34.553  -10.529 0.0000000000
20237  23.444  34.991  -12.093 0.0000000000
20238  22.976  33.617  -10.972 0.0000000000
20239  21.782  30.022  -11.639 0.0000000000
20240  21.391  31.548  -12.095 0.0000000000
20241  20.791  30.426  -12.800 0.0000000000
20242  20.196  30.691  -14.353 0.0000000000
20243  20.268  29.246  -13.517 0.0000000000
20244  20.032  28.041  -14.360 0.0000000000
20245  20.859  27.780  -13.219 0.0000000000
20246  24.089  25.797  -14.030 0.0000000000
20247  22.628  25.524  -13.849 0.0000000000
20248  23.720  24.755  -14.834 0.0000000000
20249  23.494  23.664  -15.631 0.0000000000
20250  24.787  24.229  -16.416 0.0000000000
20251  25.656  23.578  -18.210 0.0000000000
20252  26.000  24.739  -17.521 0.0000000000
20253  29.242  25.698  -19.028 0.0000000000
20254  28.674  24.637  -19.527 0.0000000000
20255  29.900  24.294  -19.972 0.0000000000
22035  16.532  15.340  -22.518 0.0000000000
22036  15.784  15.996  -22.211 0.0000000000
22037  16.609  14.876  -21.551 0.0000000000
22050  24.866  17.699  -21.472 0.0000000000
22051  23.860  17.426  -21.290 0.0000000000
22052  24.267  16.480  -21.287 0.0000000000
22054  23.251  13.824  -20.227 0.0000000000
23913  14.396  38.269  -24.216 0.0000000000
23914  14.866  36.619  -24.326 0.0000000000
23915  15.329  37.775  -23.565 0.0000000000
23916  16.461  37.252  -22.038 0.0000000000
23917  17.374  36.667  -20.449 0.0000000000
23985  14.044  45.961  -22.031 0.0000000000
23986  13.028  46.155  -22.953 0.0000000000
23987  13.600  44.745  -23.280 0.0000000000
23988  13.180  43.489  -23.931 0.0000000000
23992  13.849  39.455  -24.202 0.0000000000
24277  19.764  19.132  -19.291 0.0000000000
24278  19.184  17.537  -20.827 0.0000000000
24279  20.257  17.896  -19.994 0.0000000000
24280  20.953  16.958  -20.587 0.0000000000
24281  21.707  16.153  -21.157 0.0000000000
24993  17.842  47.502  -14.791 0.0000000000
24994  18.439  45.809  -14.823 0.0000000000
24995  19.005  46.874  -13.934 0.0000000000
24996  19.891  46.270  -12.921 0.0000000000
24997  20.786  45.650  -11.926 0.0000000000
24998  26.102  47.789  -10.351 0.0000000000
25002  27.099  42.857  -10.206 0.0000000000
25003  27.375  41.377  -10.957 0.0000000000
25004  28.399  42.295  -11.103 0.0000000000
25005  29.778  41.635  -12.149 0.0000000000
25069  15.765  51.939  -15.807 0.0000000000
25070  15.111  50.742  -16.662 0.0000000000
25071  16.421  50.419  -15.422 0.0000000000
25072  17.139  49.072  -15.026 0.0000000000
27104  16.609  30.082  -23.542 0.0000000000
27105  15.689  28.809  -24.357 0.0000000000
27106  17.086  28.586  -22.905 0.0000000000
27107  17.594  27.107  -22.170 0.0000000000
27108  18.230  25.771  -21.509 0.0000000000
27109  18.575  24.453  -20.602 0.0000000000
27110  19.124  25.692  -19.690 0.0000000000
27111  19.396  25.678  -17.875 0.0000000000
27112  19.760  25.609  -16.346 0.0000000000
27113  20.928  39.965  -15.037 0.0000000000
27114  20.351  38.742  -15.753 0.0000000000
27115  21.835  38.639  -15.304 0.0000000000
27116  22.653  37.368  -15.476 0.0000000000
27117  23.387  35.934  -15.386 0.0000000000
27118  24.369  31.610  -9.710 0.0000000000
27119  23.113  32.119  -10.387 0.0000000000
27120  23.728  30.651  -10.305 0.0000000000
27121  23.098  29.696  -10.989 0.0000000000
27122  22.508  28.663  -11.702 0.0000000000
27123  22.003  27.590  -12.507 0.0000000000
27124  23.460  27.516  -12.218 0.0000000000
27125  24.534  26.687  -13.273 0.0000000000
27126  25.518  26.181  -14.786 0.0000000000
27127  26.491  25.725  -16.700 0.0000000000
27128  26.989  26.628  -16.045 0.0000000000
27129  28.492  26.868  -17.469 0.0000000000
27130  29.841  26.693  -18.488 0.0000000000
28197  18.230  13.300  -21.311 0.0000000000
28198  17.612  13.930  -20.791 0.0000000000
28199  18.782  13.176  -19.766 0.0000000000
28206  24.905  15.947  -20.059 0.0000000000
28207  24.458  15.609  -20.554 0.0000000000
29202  23.449  50.644  -12.069 0.0000000000
29203  24.701  49.857  -11.669 0.0000000000
29206  25.943  49.436  -11.032 0.0000000000
29207  27.167  48.960  -10.534 0.0000000000
30841  14.894  32.061  -24.990 0.0000000000
30842  15.145  35.002  -24.527 0.0000000000
30843  15.559  33.326  -24.389 0.0000000000
30844  16.042  31.666  -24.025 0.0000000000
30845  17.419  31.294  -22.479 0.0000000000
30846  18.771  30.972  -20.913 0.0000000000
30847  19.980  30.844  -19.835 0.0000000000
30848  24.562  38.040  -12.170 0.0000000000
30849  24.319  37.212  -12.710 0.0000000000
30850  24.898  36.581  -11.455 0.0000000000
30851  24.640  35.363  -10.166 0.0000000000
31687  15.873  19.306  -23.440 0.0000000000
31688  15.322  18.236  -23.339 0.0000000000
31689  16.240  17.791  -23.164 0.0000000000
31690  16.796  16.294  -22.778 0.0000000000
31691  17.472  15.096  -22.381 0.0000000000
31692  18.750  16.193  -21.817 0.0000000000
31693  18.460  14.949  -22.155 0.0000000000
31694  18.265  13.921  -22.021 0.0000000000
31695  19.154  13.006  -21.626 0.0000000000
31696  20.199  12.331  -20.730 0.0000000000
33243  16.184  42.827  -19.259 0.0000000000
33244  16.661  41.098  -19.071 0.0000000000
33245  16.750  42.160  -17.668 0.0000000000
33246  17.561  41.775  -16.350 0.0000000000
33247  18.809  41.488  -15.520 0.0000000000
33248  18.885  44.187  -14.820 0.0000000000
33249  19.415  42.630  -14.756 0.0000000000
33250  20.103  41.265  -14.888 0.0000000000
33251  21.148  40.835  -13.987 0.0000000000
33252  22.013  40.249  -12.980 0.0000000000
33253  22.907  39.782  -12.253 0.0000000000
33255  21.559  46.827  -11.371 0.0000000000
33257  23.919  45.577  -10.228 0.0000000000
33260  22.697  41.985  -11.060 0.0000000000
33261  23.316  40.620  -11.327 0.0000000000
33262  23.891  39.292  -11.756 0.0000000000
33263  25.072  38.831  -11.635 0.0000000000
33264  26.258  38.105  -11.459 0.0000000000
33265  27.251  37.656  -10.554 0.0000000000
33266  27.832  39.836  -11.808 0.0000000000
33267  28.227  38.401  -10.989 0.0000000000
33405  12.092  51.672  -20.813 0.0000000000
33406  12.987  50.129  -20.835 0.0000000000
33407  13.764  48.577  -20.814 0.0000000000
33408  14.610  49.530  -17.661 0.0000000000
33409  14.411  48.354  -18.973 0.0000000000
33410  14.388  47.098  -20.587 0.0000000000
33411  15.060  45.721  -20.135 0.0000000000
33412  15.663  44.259  -19.715 0.0000000000
34012  24.820  21.097  -19.632 0.0000000000
34013  24.060  19.755  -20.042 0.0000000000
34014  25.221  20.043  -20.772 0.0000000000
34015  25.581  18.878  -21.351 0.0000000000
34016  25.787  17.855  -21.319 0.0000000000
34018  26.480  17.983  -20.822 0.0000000000
34019  25.667  16.946  -20.613 0.0000000000
37566  14.356  21.216  -24.096 0.0000000000
37569  13.761  26.779  -24.908 0.0000000000
37570  15.008  27.622  -24.794 0.0000000000
37571  14.413  26.425  -24.965 0.0000000000
37572  13.984  25.295  -24.808 0.0000000000
37573  14.239  23.787  -24.641 0.0000000000
37574  14.615  22.318  -24.364 0.0000000000
37575  15.201  20.866  -23.923 0.0000000000
37576  16.250  20.616  -23.289 0.0000000000
37577  17.427  20.566  -22.059 0.0000000000
37578  18.347  20.548  -20.477 0.0000000000
37579  18.742  23.159  -19.827 0.0000000000
37580  18.802  21.791  -19.297 0.0000000000
37581  19.126  20.485  -19.084 0.0000000000
37582  20.234  20.550  -18.085 0.0000000000
37583  21.483  20.826  -17.461 0.0000000000
37584  22.818  21.266  -17.412 0.0000000000
37585  17.120  39.418  -18.933 0.0000000000
37586  17.564  37.788  -18.914 0.0000000000
37587  18.099  36.184  -18.759 0.0000000000
37588  19.719  37.332  -16.373 0.0000000000
37589  19.226  35.871  -17.425 0.0000000000
37590  18.861  34.682  -18.767 0.0000000000
37591  19.875  33.443  -18.949 0.0000000000
37592  20.565  32.198  -18.949 0.0000000000
37593  20.320  30.938  -18.200 0.0000000000
37594  24.064  36.367  -13.284 0.0000000000
37595  23.415  35.424  -13.666 0.0000000000
37596  22.457  34.444  -14.222 0.0000000000
37597  22.103  32.664  -11.503 0.0000000000
37598  21.523  33.118  -12.990 0.0000000000
37599  21.507  33.259  -14.707 0.0000000000
37600  20.662  32.041  -15.337 0.0000000000
37601  20.068  30.882  -16.189 0.0000000000
37602  19.729  29.668  -17.153 0.0000000000
37603  19.579  28.230  -16.098 0.0000000000
37604  19.855  26.819  -15.394 0.0000000000
37605  20.441  25.533  -15.039 0.0000000000
37606  21.608  26.506  -13.349 0.0000000000
37607  21.400  25.466  -14.220 0.0000000000
37608  21.217  24.262  -15.132 0.0000000000
37609  22.160  23.214  -15.584 0.0000000000
37610  23.223  22.470  -16.498 0.0000000000
37611  24.160  21.871  -17.969 0.0000000000
37612  25.327  22.305  -18.973 0.0000000000
37613  26.486  22.541  -19.902 0.0000000000
37614  27.712  22.383  -20.450 0.0000000000
37615  27.327  24.931  -18.669 0.0000000000
37616  28.163  23.518  -20.016 0.0000000000
37617  28.837  22.100  -20.555 0.0000000000
37621  29.860  28.471  -16.027 0.0000000000
37623  31.219  26.265  -19.095 0.0000000000
39756  15.134  17.286  -22.708 0.0000000000
39757  15.406  16.737  -21.555 0.0000000000
39774  23.310  18.318  -20.571 0.0000000000
39775  22.821  16.863  -21.136 0.0000000000
39776  22.450  15.335  -21.498 0.0000000000
39777  23.738  15.107  -20.867 0.0000000000
39778  22.966  14.555  -21.161 0.0000000000
39779  22.145  13.941  -21.455 0.0000000000
39780  21.918  12.799  -20.737 0.0000000000
41445  15.902  41.199  -21.649 0.0000000000
41446  16.117  40.332  -21.585 0.0000000000
41447  16.352  40.856  -20.754 0.0000000000
41485  15.766  42.504  -21.108 0.0000000000
41486  15.200  42.615  -22.205 0.0000000000
41487  15.579  41.915  -21.985 0.0000000000
41488  15.266  41.320  -22.690 0.0000000000
41647  23.024  20.348  -18.522 0.0000000000
41648  22.611  19.614  -18.939 0.0000000000
41649  23.239  19.941  -19.102 0.0000000000
42048  29.586  46.283  -10.484 0.0000000000
42049  29.069  45.695  -10.334 0.0000000000
42050  29.734  45.434  -10.713 0.0000000000
42051  29.906  44.615  -11.047 0.0000000000
43218  19.734  29.620  -19.969 0.0000000000
43219  19.471  29.002  -20.368 0.0000000000
43220  19.759  29.015  -19.571 0.0000000000
43221  19.649  28.353  -19.066 0.0000000000
43222  19.744  28.983  -18.603 0.0000000000
43223  23.204  38.793  -12.986 0.0000000000
43224  23.217  38.439  -13.535 0.0000000000
43225  23.604  38.219  -13.160 0.0000000000
43227  25.962  28.869  -11.368 0.0000000000
43228  26.557  28.444  -12.156 0.0000000000
43229  26.247  28.060  -12.549 0.0000000000
43230  27.115  28.147  -13.074 0.0000000000
43231  27.590  27.921  -14.029 0.0000000000
43232  27.929  28.278  -13.665 0.0000000000
43822  14.566  19.965  -23.686 0.0000000000
43823  14.461  19.487  -23.386 0.0000000000
43824  14.768  19.225  -23.466 0.0000000000
45617  14.234  36.225  -24.770 0.0000000000
45618  17.446  35.272  -20.970 0.0000000000
45619  17.227  34.758  -21.723 0.0000000000
45620  17.702  34.515  -20.893 0.0000000000
45621  17.976  33.750  -20.750 0.0000000000
45622  18.167  34.327  -20.095 0.0000000000
45735  13.168  48.106  -22.044 0.0000000000
45736  12.724  48.132  -22.333 0.0000000000
45737  12.980  47.444  -22.425 0.0000000000
46222  18.350  19.067  -20.923 0.0000000000
46223  18.006  18.295  -21.697 0.0000000000
46224  18.473  18.266  -21.150 0.0000000000
46225  21.019  15.079  -21.621 0.0000000000
46226  20.505  14.776  -21.803 0.0000000000
46227  20.876  14.376  -21.821 0.0000000000
46228  20.799  13.747  -21.825 0.0000000000
46229  21.252  14.001  -21.739 0.0000000000
47415  16.898  45.776  -15.999 0.0000000000
47416  17.130  44.933  -15.983 0.0000000000
47417  17.504  45.519  -15.576 0.0000000000
47421  21.012  42.802  -12.121 0.0000000000
47423  24.218  48.599  -11.234 0.0000000000
47424  23.646  48.037  -11.113 0.0000000000
47425  24.276  47.725  -10.822 0.0000000000
47426  25.880  42.634  -10.047 0.0000000000
47428  25.420  42.141  -10.145 0.0000000000
47429  24.960  41.669  -10.356 0.0000000000
47430  25.605  41.411  -10.452 0.0000000000
47431  25.828  40.709  -10.789 0.0000000000
47432  26.234  41.175  -10.628 0.0000000000
47542  13.805  52.451  -17.860 0.0000000000
47543  13.643  51.846  -18.418 0.0000000000
47544  14.202  51.693  -17.664 0.0000000000
47545  16.852  47.093  -15.686 0.0000000000
47546  16.185  47.252  -16.274 0.0000000000
47547  16.529  46.525  -16.120 0.0000000000
47548  16.261  45.887  -16.632 0.0000000000
48022  27.675  21.209  -20.843 0.0000000000
48023  27.241  20.682  -20.936 0.0000000000
48024  27.722  20.644  -20.875 0.0000000000
50932  13.641  24.901  -24.505 0.0000000000
50933  14.818  30.590  -24.989 0.0000000000
50934  14.496  29.938  -25.140 0.0000000000
50935  14.997  29.787  -24.894 0.0000000000
50936  16.986  25.187  -22.792 0.0000000000
50937  16.218  25.280  -23.615 0.0000000000
50938  16.465  24.576  -23.297 0.0000000000
50939  16.048  23.957  -23.669 0.0000000000
50940  16.792  23.903  -22.943 0.0000000000
50941  17.083  23.210  -22.650 0.0000000000
50942  17.532  23.861  -22.102 0.0000000000
50943  19.934  24.254  -16.590 0.0000000000
50944  19.817  23.637  -17.038 0.0000000000
50945  20.184  23.615  -16.475 0.0000000000
50946  20.477  23.005  -16.473 0.0000000000
50947  20.599  23.658  -15.980 0.0000000000
50948  18.855  40.112  -15.894 0.0000000000
50949  18.553  39.422  -16.306 0.0000000000
50950  19.258  39.411  -15.933 0.0000000000
50951  22.640  35.419  -16.385 0.0000000000
50952  22.033  35.471  -16.772 0.0000000000
50953  22.308  34.718  -16.728 0.0000000000
50954  21.823  34.008  -16.963 0.0000000000
50955  22.019  33.936  -16.238 0.0000000000
50956  23.801  33.819  -10.133 0.0000000000
50957  23.410  34.092  -10.765 0.0000000000
50958  23.349  33.366  -10.359 0.0000000000
50959  21.521  29.466  -12.016 0.0000000000
50960  21.247  30.226  -12.161 0.0000000000
50961  21.000  29.667  -12.545 0.0000000000
50962  20.539  29.853  -13.184 0.0000000000
50963  20.759  29.083  -12.921 0.0000000000
50964  20.553  28.484  -13.311 0.0000000000
50965  21.028  28.350  -12.810 0.0000000000
50966  24.611  25.508  -14.738 0.0000000000
50967  23.878  25.292  -14.452 0.0000000000
50968  24.420  25.016  -15.130 0.0000000000
50969  24.260  24.494  -15.566 0.0000000000
50970  24.925  24.757  -16.012 0.0000000000
50971  25.385  24.508  -16.952 0.0000000000
50972  25.549  25.016  -16.516 0.0000000000
50973  29.921  25.463  -19.349 0.0000000000
50974  29.585  24.982  -19.574 0.0000000000
50975  30.236  24.779  -19.760 0.0000000000
52755  16.902  14.778  -22.211 0.0000000000
52756  16.510  15.075  -22.098 0.0000000000
52757  16.926  14.523  -21.781 0.0000000000
52770  25.024  17.200  -21.401 0.0000000000
52771  24.566  17.093  -21.486 0.0000000000
52772  24.725  16.657  -21.254 0.0000000000
55215  14.616  38.825  -24.010 0.0000000000
55216  14.862  38.050  -23.958 0.0000000000
55217  15.136  38.591  -23.516 0.0000000000
55218  16.537  38.591  -21.377 0.0000000000
55219  16.240  38.074  -22.132 0.0000000000
55220  16.752  37.798  -21.307 0.0000000000
55221  16.965  36.954  -21.234 0.0000000000
55222  17.163  37.487  -20.509 0.0000000000
55335  14.398  45.310  -21.917 0.0000000000
55336  13.812  45.332  -22.791 0.0000000000
55337  14.138  44.676  -22.701 0.0000000000
55338  13.975  42.704  -23.664 0.0000000000
55339  13.654  43.405  -23.699 0.0000000000
55340  13.443  42.728  -23.958 0.0000000000
55344  13.505  41.400  -24.041 0.0000000000
55345  14.582  40.033  -23.754 0.0000000000
55346  14.057  39.999  -24.102 0.0000000000
55347  14.331  39.429  -24.036 0.0000000000
55348  14.080  38.869  -24.267 0.0000000000
55822  20.364  19.306  -18.902 0.0000000000
55823  19.931  18.464  -19.653 0.0000000000
55824  20.574  18.736  -19.293 0.0000000000
55825  21.863  18.108  -19.956 0.0000000000
55826  21.212  17.752  -20.072 0.0000000000
55827  21.556  17.328  -20.448 0.0000000000
55828  21.323  16.572  -20.885 0.0000000000
55829  21.892  16.900  -20.803 0.0000000000
57015  18.128  48.075  -14.371 0.0000000000
57016  18.444  47.192  -14.381 0.0000000000
57017  18.717  47.756  -13.932 0.0000000000
57018  20.017  47.797  -12.530 0.0000000000
57019  19.731  47.157  -12.956 0.0000000000
57023  26.757  47.541  -10.161 0.0000000000
57024  26.215  46.966  -10.049 0.0000000000
57025  26.934  46.655  -9.951 0.0000000000
57026  28.077  44.623  -10.030 0.0000000000
57028  27.508  44.089  -9.962 0.0000000000
57030  27.660  43.322  -10.192 0.0000000000
57031  27.748  42.580  -10.580 0.0000000000
57032  28.303  43.038  -10.666 0.0000000000
57033  30.164  42.999  -11.886 0.0000000000
57034  29.577  42.445  -11.855 0.0000000000
57035  30.309  42.128  -12.281 0.0000000000
57143  16.084  51.162  -15.608 0.0000000000
57144  16.725  51.043  -14.991 0.0000000000
57146  17.395  49.624  -14.611 0.0000000000
57147  17.771  48.867  -14.471 0.0000000000
57148  17.474  48.279  -14.883 0.0000000000
60533  17.272  29.938  -22.775 0.0000000000
60534  16.833  29.332  -23.289 0.0000000000
60535  17.524  29.215  -22.440 0.0000000000
60536  18.717  27.744  -21.021 0.0000000000
60537  18.043  27.782  -21.746 0.0000000000
60538  18.349  27.075  -21.379 0.0000000000
60539  17.907  26.421  -21.824 0.0000000000
60540  18.603  26.360  -20.997 0.0000000000
60541  18.787  25.708  -20.618 0.0000000000
60542  19.107  26.314  -20.153 0.0000000000
60543  19.460  27.056  -17.995 0.0000000000
60544  19.390  26.374  -18.366 0.0000000000
60545  19.472  26.372  -17.465 0.0000000000
60546  19.549  25.654  -17.086 0.0000000000
60547  19.592  26.344  -16.629 0.0000000000
60548  21.563  39.796  -14.661 0.0000000000
60549  21.379  39.314  -15.157 0.0000000000
60550  21.966  39.139  -14.780 0.0000000000
60551  23.208  37.600  -14.565 0.0000000000
60552  22.773  37.805  -15.000 0.0000000000
60553  23.203  37.207  -15.055 0.0000000000
60554  23.152  36.750  -15.549 0.0000000000
60555  23.529  36.517  -14.949 0.0000000000
60556  24.740  30.937  -9.812 0.0000000000
60557  23.988  31.160  -9.998 0.0000000000
60558  24.456  30.486  -10.128 0.0000000000
60559  24.241  28.921  -11.128 0.0000000000
60560  23.797  29.536  -10.837 0.0000000000
60561  23.498  29.058  -11.179 0.0000000000
60562  22.795  29.191  -11.340 0.0000000000
60563  23.235  28.560  -11.519 0.0000000000
60564  22.958  28.052  -11.913 0.0000000000
60565  23.734  27.997  -11.847 0.0000000000
60566  25.574  27.233  -13.248 0.0000000000
60567  24.786  27.129  -12.891 0.0000000000
60568  25.289  26.812  -13.624 0.0000000000
60569  25.024  26.376  -13.955 0.0000000000
60570  25.762  26.577  -14.434 0.0000000000
60571  26.222  26.424  -15.344 0.0000000000
60572  26.538  26.799  -15.027 0.0000000000
60573  28.401  27.652  -16.082 0.0000000000
60574  28.092  27.215  -16.461 0.0000000000
60575  28.786  27.360  -17.126 0.0000000000
60576  29.165  26.832  -18.029 0.0000000000
60577  29.486  27.315  -17.709 0.0000000000
62355  18.817  12.926  -20.899 0.0000000000
62356  18.465  13.196  -20.633 0.0000000000
62357  19.078  12.843  -20.113 0.0000000000
62359  19.729  12.415  -18.352 0.0000000000
62370  24.730  15.528  -19.448 0.0000000000
64218  23.933  52.094  -12.368 0.0000000000
64219  23.395  51.567  -12.334 0.0000000000
64220  23.999  51.166  -12.174 0.0000000000
64221  24.060  50.205  -11.885 0.0000000000
64222  24.606  50.726  -11.970 0.0000000000
64229  25.879  50.194  -11.387 0.0000000000
64230  26.442  50.013  -11.040 0.0000000000
64231  26.537  49.216  -10.748 0.0000000000
67730  14.264  33.133  -25.287 0.0000000000
67731  14.427  32.271  -25.268 0.0000000000
67732  14.699  32.915  -25.119 0.0000000000
67733  15.321  36.369  -23.983 0.0000000000
67734  15.025  35.817  -24.425 0.0000000000
67735  15.503  35.542  -24.017 0.0000000000
67736  16.587  33.674  -23.131 0.0000000000
67737  15.959  33.940  -23.886 0.0000000000
67738  16.193  33.093  -23.733 0.0000000000
67739  15.804  32.478  -24.213 0.0000000000
67740  16.475  32.256  -23.504 0.0000000000
67741  16.733  31.494  -23.315 0.0000000000
67742  17.137  32.053  -22.722 0.0000000000
67743  18.684  32.243  -20.544 0.0000000000
67744  18.416  31.684  -21.061 0.0000000000
67745  19.122  31.565  -20.452 0.0000000000
67746  19.452  30.852  -20.405 0.0000000000
67747  19.817  31.523  -19.955 0.0000000000
67748  25.121  37.690  -11.902 0.0000000000
67749  24.875  37.288  -12.044 0.0000000000
67750  25.236  36.976  -11.445 0.0000000000
67752  25.044  35.753  -10.050 0.0000000000
69547  16.411  19.182  -23.160 0.0000000000
69548  16.050  18.537  -23.299 0.0000000000
69549  16.577  18.441  -23.036 0.0000000000
69550  17.462  16.916  -22.543 0.0000000000
69551  16.973  16.961  -22.788 0.0000000000
69552  17.268  16.258  -22.612 0.0000000000
69553  17.134  15.689  -22.579 0.0000000000
69554  17.594  15.596  -22.442 0.0000000000
69555  19.479  16.908  -21.038 0.0000000000
69556  18.952  16.819  -21.446 0.0000000000
69557  19.305  16.205  -21.517 0.0000000000
69558  19.405  14.401  -22.019 0.0000000000
69559  18.974  14.932  -22.031 0.0000000000
69560  18.873  14.373  -22.079 0.0000000000
69561  18.349  14.425  -22.132 0.0000000000
69562  18.759  13.859  -22.018 0.0000000000
69563  18.704  13.458  -21.855 0.0000000000
69564  19.180  13.389  -21.910 0.0000000000
69565  20.614  12.706  -21.373 0.0000000000
69566  20.119  12.605  -21.352 0.0000000000
69567  20.600  12.291  -20.844 0.0000000000
69568  20.715  12.074  -20.089 0.0000000000
73125  16.202  43.353  -18.488 0.0000000000
73126  16.461  42.478  -18.449 0.0000000000
73127  16.511  43.009  -17.706 0.0000000000
73128  17.646  43.238  -15.947 0.0000000000
73129  17.290  42.559  -16.394 0.0000000000
73130  17.862  42.461  -15.889 0.0000000000
73131  18.151  41.624  -15.884 0.0000000000
73132  18.440  42.269  -15.539 0.0000000000
73133  18.985  45.473  -14.391 0.0000000000
73134  18.685  44.969  -14.835 0.0000000000
73135  19.158  44.671  -14.347 0.0000000000
73136  20.009  42.836  -13.796 0.0000000000
73137  19.633  43.110  -14.278 0.0000000000
73138  19.893  42.396  -14.310 0.0000000000
73139  19.718  41.924  -14.796 0.0000000000
73140  20.267  41.735  -14.394 0.0000000000
73141  20.655  41.082  -14.470 0.0000000000
73142  20.726  41.500  -13.877 0.0000000000
73143  21.704  41.334  -12.304 0.0000000000
73144  21.590  40.901  -12.867 0.0000000000
73145  22.095  40.629  -12.425 0.0000000000
73146  22.453  40.016  -12.584 0.0000000000
73147  22.575  40.442  -12.080 0.0000000000
73151  22.604  46.943  -11.011 0.0000000000
73152  22.016  47.356  -11.243 0.0000000000
73153  22.131  46.438  -11.092 0.0000000000
73154  21.723  45.937  -11.260 0.0000000000
73157  24.438  46.109  -10.176 0.0000000000
73159  23.860  43.463  -10.153 0.0000000000
73160  23.678  44.254  -10.214 0.0000000000
73166  24.221  40.726  -10.853 0.0000000000
73167  23.580  41.047  -10.948 0.0000000000
73168  23.885  40.348  -11.156 0.0000000000
73169  23.617  39.937  -11.522 0.0000000000
73170  24.154  39.701  -11.349 0.0000000000
73171  24.464  39.072  -11.629 0.0000000000
73172  24.767  39.466  -11.357 0.0000000000
73173  26.334  39.260  -11.464 0.0000000000
73174  25.988  38.842  -11.530 0.0000000000
73175  26.633  38.500  -11.598 0.0000000000
73176  26.786  37.830  -11.102 0.0000000000
73177  27.225  38.160  -11.295 0.0000000000
73178  27.998  41.111  -11.397 0.0000000000
73179  27.557  40.637  -11.381 0.0000000000
73180  28.265  40.259  -11.764 0.0000000000
73182  28.726  38.769  -11.224 0.0000000000
73183  28.667  38.399  -10.189 0.0000000000
73184  28.186  38.009  -10.012 0.0000000000
73503  12.256  53.591  -19.431 0.0000000000
73505  11.700  53.824  -20.039 0.0000000000
73506  11.064  53.979  -20.536 0.0000000000
73507  11.600  53.178  -20.483 0.0000000000
73508  11.544  52.522  -20.869 0.0000000000
73509  12.112  52.352  -20.468 0.0000000000
73510  13.417  50.603  -19.548 0.0000000000
73511  12.999  50.758  -20.260 0.0000000000
73512  13.398  49.993  -20.159 0.0000000000
73513  13.398  49.347  -20.851 0.0000000000
73514  13.791  49.184  -20.095 0.0000000000
73515  15.425  49.996  -16.421 0.0000000000
73516  14.833  50.126  -17.137 0.0000000000
73517  15.147  49.393  -16.918 0.0000000000
73518  15.134  47.436  -17.815 0.0000000000
73519  14.791  48.183  -18.036 0.0000000000
73520  14.741  47.619  -18.741 0.0000000000
73521  14.419  47.713  -19.764 0.0000000000
73522  14.739  47.020  -19.496 0.0000000000
73523  14.713  46.417  -20.304 0.0000000000
73524  15.080  46.232  -19.281 0.0000000000
73525  16.001  44.637  -17.906 0.0000000000
73526  15.667  44.813  -18.882 0.0000000000
73527  15.955  44.073  -18.700 0.0000000000
73528  15.945  43.547  -19.484 0.0000000000
74947  25.395  21.198  -20.098 0.0000000000
74948  24.994  20.593  -20.242 0.0000000000
74949  25.583  20.664  -20.630 0.0000000000
74950  26.440  19.492  -21.238 0.0000000000
74951  25.961  19.475  -21.256 0.0000000000
74952  26.055  18.916  -21.335 0.0000000000
74953  25.713  18.355  -21.411 0.0000000000
74954  26.134  18.398  -21.311 0.0000000000
74959  26.749  18.141  -20.502 0.0000000000
74960  26.296  17.574  -20.427 0.0000000000
74961  26.057  17.459  -20.769 0.0000000000
74962  25.888  17.088  -20.291 0.0000000000
74963  25.450  16.616  -20.018 0.0000000000
74964  25.594  16.783  -19.704 0.0000000000
83673  13.783  22.965  -24.187 0.0000000000
83675  13.914  22.227  -24.115 0.0000000000
83676  14.093  21.446  -23.992 0.0000000000
83677  14.167  21.965  -24.207 0.0000000000
83681  13.990  28.709  -25.131 0.0000000000
83685  13.909  27.306  -25.037 0.0000000000
83686  15.944  28.071  -24.070 0.0000000000
83687  15.332  28.220  -24.568 0.0000000000
83688  15.529  27.473  -24.425 0.0000000000
83689  15.058  25.527  -24.611 0.0000000000
83690  14.843  26.237  -24.815 0.0000000000
83691  14.572  25.660  -24.837 0.0000000000
83692  14.168  25.851  -24.918 0.0000000000
83693  14.306  25.079  -24.802 0.0000000000
83694  14.075  24.524  -24.757 0.0000000000
83695  14.476  24.341  -24.692 0.0000000000
83696  15.369  22.780  -24.111 0.0000000000
83697  14.849  22.905  -24.381 0.0000000000
83698  15.097  22.178  -24.173 0.0000000000
83699  14.889  21.583  -24.196 0.0000000000
83700  15.367  21.475  -23.961 0.0000000000
83701  15.718  20.740  -23.660 0.0000000000
83702  15.950  21.343  -23.558 0.0000000000
83703  17.568  21.883  -21.935 0.0000000000
83704  17.198  21.208  -22.385 0.0000000000
83705  17.734  21.257  -21.616 0.0000000000
83706  17.920  20.585  -21.257 0.0000000000
83707  18.195  21.236  -20.666 0.0000000000
83708  18.938  24.431  -19.695 0.0000000000
83709  18.695  23.804  -20.193 0.0000000000
83710  18.992  23.776  -19.305 0.0000000000
83711  19.434  22.408  -18.037 0.0000000000
83712  19.068  22.438  -18.735 0.0000000000
83713  19.184  21.789  -18.554 0.0000000000
83714  18.928  21.127  -19.153 0.0000000000
83715  19.385  21.149  -18.472 0.0000000000
83716  19.659  20.492  -18.538 0.0000000000
83717  19.906  21.136  -17.970 0.0000000000
83718  21.206  21.957  -16.622 0.0000000000
83719  21.031  21.308  -17.162 0.0000000000
83720  21.681  21.433  -16.940 0.0000000000
83721  22.160  21.017  -17.349 0.0000000000
83722  22.373  21.580  -16.861 0.0000000000
83723  16.889  40.793  -18.278 0.0000000000
83724  16.861  40.240  -19.012 0.0000000000
83725  17.137  39.977  -18.204 0.0000000000
83726  17.984  38.135  -17.462 0.0000000000
83727  17.632  38.341  -18.189 0.0000000000
83728  17.894  37.555  -18.141 0.0000000000
83729  17.787  37.001  -18.853 0.0000000000
83730  18.189  36.760  -18.057 0.0000000000
83731  20.821  38.068  -15.893 0.0000000000
83732  20.015  38.047  -16.032 0.0000000000
83733  20.520  37.376  -16.187 0.0000000000
83734  20.609  35.332  -17.220 0.0000000000
83735  19.976  35.942  -17.055 0.0000000000
83736  19.789  35.250  -17.586 0.0000000000
83737  19.049  35.271  -18.106 0.0000000000
83738  19.565  34.640  -18.212 0.0000000000
83739  19.373  34.062  -18.848 0.0000000000
83740  20.079  34.040  -18.367 0.0000000000
83741  21.128  32.755  -17.722 0.0000000000
83742  20.851  32.792  -18.496 0.0000000000
83743  20.819  32.141  -18.214 0.0000000000
83744  20.552  31.531  -18.677 0.0000000000
83745  20.552  31.545  -17.731 0.0000000000
83746  24.376  36.458  -12.302 0.0000000000
83747  24.184  36.790  -13.004 0.0000000000
83748  24.141  36.045  -12.513 0.0000000000
83749  22.994  34.568  -12.342 0.0000000000
83750  23.397  35.192  -12.873 0.0000000000
83751  22.910  34.765  -13.101 0.0000000000
83752  22.945  34.958  -13.950 0.0000000000
83753  22.426  34.311  -13.351 0.0000000000
83754  22.734  31.599  -10.674 0.0000000000
83755  22.552  32.384  -10.906 0.0000000000
83756  22.189  31.849  -11.151 0.0000000000
83757  21.037  31.732  -12.804 0.0000000000
83758  21.390  32.331  -12.490 0.0000000000
83759  21.179  32.495  -13.279 0.0000000000
83760  21.475  33.205  -13.789 0.0000000000
83761  21.085  32.600  -14.100 0.0000000000
83762  21.071  32.652  -14.995 0.0000000000
83763  20.683  31.987  -14.409 0.0000000000
83764  19.949  30.112  -14.760 0.0000000000
83765  20.075  30.788  -15.240 0.0000000000
83766  19.837  30.238  -15.659 0.0000000000
83767  19.877  30.318  -16.686 0.0000000000
83768  19.694  29.638  -16.171 0.0000000000
83769  19.581  28.975  -16.632 0.0000000000
83770  19.627  28.935  -15.672 0.0000000000
83771  20.254  27.356  -14.196 0.0000000000
83772  19.910  27.438  -14.893 0.0000000000
83773  20.140  26.751  -14.696 0.0000000000
83774  20.096  26.156  -15.183 0.0000000000
83775  20.485  26.097  -14.594 0.0000000000
83776  22.454  27.025  -12.707 0.0000000000
83777  21.787  27.033  -12.914 0.0000000000
83778  22.251  26.477  -13.122 0.0000000000
83779  22.481  24.995  -14.251 0.0000000000
83780  21.987  25.480  -13.967 0.0000000000
83781  21.833  24.893  -14.425 0.0000000000
83782  21.293  24.861  -14.681 0.0000000000
83783  21.764  24.299  -14.870 0.0000000000
83784  21.669  23.699  -15.309 0.0000000000
83785  22.267  23.797  -15.129 0.0000000000
83786  24.035  23.315  -16.330 0.0000000000
83787  23.384  23.066  -16.053 0.0000000000
83788  23.899  22.723  -16.741 0.0000000000
83789  23.720  22.126  -17.165 0.0000000000
83790  24.361  22.437  -17.570 0.0000000000
83791  24.761  22.126  -18.490 0.0000000000
83792  24.945  22.720  -18.064 0.0000000000
83793  26.265  23.733  -18.799 0.0000000000
83794  26.072  23.139  -19.136 0.0000000000
83795  26.694  23.161  -19.618 0.0000000000
83796  27.099  22.491  -20.223 0.0000000000
83797  27.321  23.086  -19.987 0.0000000000
83798  27.180  25.913  -17.355 0.0000000000
83799  26.924  25.437  -17.738 0.0000000000
83800  27.599  25.452  -18.346 0.0000000000
83801  29.078  23.885  -20.011 0.0000000000
83802  28.397  24.098  -19.777 0.0000000000
83803  28.799  23.327  -20.189 0.0000000000
83804  28.572  22.721  -20.385 0.0000000000
83805  29.128  22.599  -20.433 0.0000000000
83806  29.335  21.982  -20.547 0.0000000000
83814  29.490  28.640  -15.010 0.0000000000
89145  15.541  17.428  -23.215 0.0000000000
89146  15.148  17.792  -23.126 0.0000000000
89147  15.432  17.018  -22.932 0.0000000000
89148  15.941  15.792  -21.597 0.0000000000
89149  15.549  16.348  -21.920 0.0000000000
89154  17.420  14.324  -20.416 0.0000000000
89190  24.268  19.232  -20.635 0.0000000000
89191  23.655  19.049  -20.268 0.0000000000
89192  23.898  18.534  -20.853 0.0000000000
89193  23.619  16.708  -21.319 0.0000000000
89194  23.329  17.209  -21.139 0.0000000000
89195  23.125  16.439  -21.292 0.0000000000
89196  22.614  16.106  -21.299 0.0000000000
89197  22.938  15.689  -21.398 0.0000000000
89198  24.114  14.946  -20.190 0.0000000000
89199  24.120  15.381  -20.718 0.0000000000
89200  23.803  14.708  -20.369 0.0000000000
89201  22.941  13.574  -20.396 0.0000000000
89202  23.128  14.184  -20.742 0.0000000000
89203  22.784  13.891  -20.984 0.0000000000
89204  22.579  14.263  -21.351 0.0000000000
89205  22.413  13.625  -21.069 0.0000000000
89206  22.024  13.343  -21.167 0.0000000000
89207  22.293  13.030  -20.624 0.0000000000
93033  15.265  39.991  -23.053 0.0000000000
93034  15.464  39.159  -22.991 0.0000000000
93035  15.786  39.746  -22.344 0.0000000000
93036  16.284  39.479  -21.522 0.0000000000
93037  16.750  39.171  -20.615 0.0000000000
93105  15.087  43.945  -21.607 0.0000000000
93106  14.473  44.002  -22.589 0.0000000000
93107  14.820  43.331  -22.455 0.0000000000
93108  14.554  42.644  -23.113 0.0000000000
93109  14.291  42.002  -23.567 0.0000000000
93110  13.955  41.379  -23.922 0.0000000000
93111  14.603  41.378  -23.418 0.0000000000
93112  14.934  40.707  -23.246 0.0000000000
93397  21.705  19.756  -18.435 0.0000000000
93398  21.247  19.032  -19.038 0.0000000000
93399  21.946  19.301  -18.936 0.0000000000
93400  22.211  18.870  -19.442 0.0000000000
93401  22.478  18.430  -19.923 0.0000000000
94114  18.965  48.396  -13.470 0.0000000000
94118  28.202  46.875  -10.075 0.0000000000
94119  27.654  46.315  -9.944 0.0000000000
94120  28.377  45.998  -10.062 0.0000000000
94121  28.582  45.162  -10.181 0.0000000000
94122  28.755  44.334  -10.394 0.0000000000
94123  28.847  43.526  -10.711 0.0000000000
94124  29.389  44.061  -10.882 0.0000000000
94125  30.022  43.799  -11.453 0.0000000000
94126  30.723  43.629  -11.951 0.0000000000
94189  17.736  51.536  -14.094 0.0000000000
94190  17.368  50.938  -14.389 0.0000000000
96224  18.657  29.708  -21.234 0.0000000000
96225  18.227  29.112  -21.676 0.0000000000
96226  18.896  29.034  -21.013 0.0000000000
96227  19.135  28.373  -20.705 0.0000000000
96228  19.298  27.681  -20.284 0.0000000000
96229  19.277  27.004  -19.763 0.0000000000
96230  19.489  27.686  -19.449 0.0000000000
96231  19.529  27.699  -18.526 0.0000000000
96232  19.515  27.677  -17.567 0.0000000000
96233  22.394  39.323  -13.763 0.0000000000
96234  22.432  38.902  -14.365 0.0000000000
96235  22.821  38.672  -13.949 0.0000000000
96236  23.249  38.019  -14.068 0.0000000000
96237  23.616  37.378  -14.130 0.0000000000
96240  25.423  29.343  -10.788 0.0000000000
96241  25.076  28.884  -11.151 0.0000000000
96242  24.799  28.405  -11.573 0.0000000000
96243  24.517  27.968  -11.925 0.0000000000
96244  25.377  27.987  -12.168 0.0000000000
96245  25.924  27.655  -12.911 0.0000000000
96246  26.426  27.394  -13.751 0.0000000000
96247  26.881  27.189  -14.676 0.0000000000
96248  27.232  27.568  -14.373 0.0000000000
96249  28.008  27.774  -15.046 0.0000000000
96250  28.726  28.004  -15.702 0.0000000000
97317  20.004  12.309  -19.737 0.0000000000
97318  19.710  12.516  -19.478 0.0000000000
98435  23.339  53.445  -12.672 0.0000000000
100543  14.394  34.608  -25.088 0.0000000000
100544  16.441  35.826  -22.642 0.0000000000
100545  16.133  35.293  -23.324 0.0000000000
100546  16.704  35.021  -22.546 0.0000000000
100547  16.968  34.229  -22.451 0.0000000000
100548  17.181  33.417  -22.286 0.0000000000
100549  17.466  32.631  -22.081 0.0000000000
100550  17.747  33.185  -21.379 0.0000000000
100551  18.287  32.982  -20.625 0.0000000000
100552  18.923  32.844  -20.017 0.0000000000
100553  25.960  37.095  -10.797 0.0000000000
100554  25.547  36.729  -10.752 0.0000000000
100555  25.897  36.526  -10.051 0.0000000000
100755  12.447  49.559  -21.848 0.0000000000
100757  12.378  48.840  -22.249 0.0000000000
101632  17.421  19.109  -22.171 0.0000000000
101633  17.057  18.367  -22.665 0.0000000000
101634  17.534  18.335  -22.209 0.0000000000
101635  17.702  17.571  -22.262 0.0000000000
101636  17.933  16.872  -22.228 0.0000000000
101637  20.236  15.876  -21.368 0.0000000000
101638  19.681  15.671  -21.597 0.0000000000
101639  20.077  15.198  -21.682 0.0000000000
101640  19.919  14.555  -21.919 0.0000000000
101641  19.837  13.936  -21.988 0.0000000000
101642  19.714  13.404  -21.942 0.0000000000
101643  20.278  13.530  -21.911 0.0000000000
101644  20.696  13.192  -21.685 0.0000000000
101645  21.098  12.876  -21.300 0.0000000000
103779  16.409  44.496  -17.083 0.0000000000
103780  16.618  43.596  -17.045 0.0000000000
103781  16.851  44.284  -16.496 0.0000000000
103782  17.377  44.080  -15.980 0.0000000000
103783  18.004  43.868  -15.537 0.0000000000
103784  19.777  44.889  -13.259 0.0000000000
103785  19.566  44.367  -13.793 0.0000000000
103786  19.899  44.070  -13.206 0.0000000000
103787  20.134  43.305  -13.208 0.0000000000
103788  20.404  42.605  -13.230 0.0000000000
103789  20.762  41.908  -13.264 0.0000000000
103790  20.851  42.347  -12.680 0.0000000000
103791  21.341  42.072  -12.188 0.0000000000
103792  21.897  41.797  -11.767 0.0000000000
103795  23.012  48.392  -11.333 0.0000000000
103796  23.115  47.502  -11.032 0.0000000000
103802  24.011  42.706  -10.172 0.0000000000
103803  23.632  42.209  -10.492 0.0000000000
103804  24.269  41.945  -10.326 0.0000000000
103805  24.563  41.206  -10.579 0.0000000000
103806  24.849  40.517  -10.826 0.0000000000
103807  25.089  39.867  -11.098 0.0000000000
103808  25.463  40.273  -10.934 0.0000000000
103809  26.072  39.997  -11.142 0.0000000000
103810  26.711  39.727  -11.431 0.0000000000
103811  29.518  40.345  -12.046 0.0000000000
103812  29.023  39.854  -11.944 0.0000000000
104007  12.791  53.436  -18.772 0.0000000000
104008  12.687  52.782  -19.298 0.0000000000
104009  12.603  52.168  -19.830 0.0000000000
104010  13.109  51.998  -19.147 0.0000000000
104011  13.474  51.229  -18.979 0.0000000000
104012  13.843  50.460  -18.755 0.0000000000
104013  16.134  48.602  -16.013 0.0000000000
104014  15.486  48.684  -16.670 0.0000000000
104015  15.856  47.961  -16.455 0.0000000000
104016  15.623  47.272  -16.979 0.0000000000
104017  15.472  46.659  -17.624 0.0000000000
104018  15.373  46.046  -18.325 0.0000000000
104019  15.742  45.916  -17.416 0.0000000000
104020  16.104  45.241  -17.256 0.0000000000
104872  26.574  21.298  -20.667 0.0000000000
104873  26.180  20.680  -20.837 0.0000000000
104874  26.733  20.691  -20.925 0.0000000000
104875  26.845  20.104  -21.082 0.0000000000
104876  26.916  19.552  -21.125 0.0000000000
104882  25.713  16.956  -19.319 0.0000000000
110110  13.810  23.443  -24.454 0.0000000000
110114  14.235  29.337  -25.179 0.0000000000
110115  14.348  28.529  -25.163 0.0000000000
110116  16.398  26.576  -23.536 0.0000000000
110117  15.791  26.763  -24.164 0.0000000000
110118  16.014  26.016  -23.882 0.0000000000
110119  15.603  25.411  -24.205 0.0000000000
110120  15.258  24.791  -24.398 0.0000000000
110121  14.946  24.193  -24.499 0.0000000000
110122  15.458  24.079  -24.176 0.0000000000
110123  15.704  23.371  -23.891 0.0000000000
110124  15.938  22.608  -23.667 0.0000000000
110125  16.257  21.932  -23.356 0.0000000000
110126  16.639  22.535  -23.030 0.0000000000
110127  17.356  22.510  -22.235 0.0000000000
110128  17.993  22.514  -21.347 0.0000000000
110129  19.387  24.300  -18.015 0.0000000000
110130  19.246  23.708  -18.474 0.0000000000
110131  19.509  23.654  -17.715 0.0000000000
110132  19.667  23.026  -17.526 0.0000000000
110133  19.871  22.391  -17.442 0.0000000000
110134  20.135  21.758  -17.429 0.0000000000
110135  20.325  22.375  -16.955 0.0000000000
110136  20.825  22.458  -16.502 0.0000000000
110137  21.376  22.542  -16.190 0.0000000000
110138  17.638  40.353  -16.807 0.0000000000
110139  17.474  39.743  -17.467 0.0000000000
110140  17.906  39.520  -16.806 0.0000000000
110141  18.229  38.752  -16.834 0.0000000000
110142  18.540  38.017  -16.807 0.0000000000
110143  21.791  36.844  -16.216 0.0000000000
110144  21.020  36.746  -16.399 0.0000000000
110145  21.556  36.149  -16.606 0.0000000000
110146  21.312  35.446  -17.015 0.0000000000
110147  21.042  34.724  -17.499 0.0000000000
110148  20.799  34.077  -17.973 0.0000000000
110149  21.401  34.068  -17.538 0.0000000000
110150  21.494  33.380  -17.316 0.0000000000
110151  21.203  32.724  -16.841 0.0000000000
110152  23.978  35.215  -11.092 0.0000000000
110153  23.835  35.417  -11.885 0.0000000000
110154  23.567  34.782  -11.295 0.0000000000
110155  23.132  34.334  -11.506 0.0000000000
110156  22.682  33.880  -11.741 0.0000000000
110157  22.057  30.541  -11.307 0.0000000000
110158  21.840  31.323  -11.477 0.0000000000
110159  21.477  30.798  -11.804 0.0000000000
110160  21.053  30.970  -12.439 0.0000000000
110161  20.700  31.138  -13.118 0.0000000000
110162  20.470  31.282  -13.925 0.0000000000
110163  20.417  30.598  -13.508 0.0000000000
110164  20.186  29.990  -13.933 0.0000000000
110165  19.982  29.364  -14.349 0.0000000000
110166  19.861  28.764  -14.746 0.0000000000
110167  20.163  28.626  -13.948 0.0000000000
110168  20.388  27.921  -13.701 0.0000000000
110169  20.699  27.243  -13.631 0.0000000000
110170  23.557  26.119  -13.477 0.0000000000
110171  22.806  26.014  -13.446 0.0000000000
110172  23.330  25.616  -13.878 0.0000000000
110173  23.157  25.113  -14.287 0.0000000000
110174  23.025  24.573  -14.694 0.0000000000
110175  22.926  24.012  -15.094 0.0000000000
110176  23.589  24.236  -15.249 0.0000000000
110177  24.129  23.932  -15.922 0.0000000000
110178  24.667  23.632  -16.791 0.0000000000
110179  25.103  23.355  -17.676 0.0000000000
110180  25.253  23.956  -17.334 0.0000000000
110181  25.805  24.202  -17.880 0.0000000000
110182  26.435  24.340  -18.469 0.0000000000
110183  28.557  25.857  -18.597 0.0000000000
110184  28.262  25.350  -18.880 0.0000000000
110185  28.940  25.215  -19.268 0.0000000000
110186  29.300  24.462  -19.787 0.0000000000
110187  29.658  23.740  -20.177 0.0000000000
110188  29.917  23.051  -20.347 0.0000000000
113391  16.162  16.031  -22.783 0.0000000000
113392  15.760  16.290  -22.698 0.0000000000
113393  16.104  15.660  -22.426 0.0000000000
113394  16.177  15.423  -21.894 0.0000000000
113418  24.677  18.211  -21.374 0.0000000000
113419  24.147  18.070  -21.214 0.0000000000
113420  24.369  17.593  -21.428 0.0000000000
113421  24.099  16.938  -21.442 0.0000000000
113422  23.848  16.239  -21.316 0.0000000000
117237  14.195  37.659  -24.426 0.0000000000
117238  14.452  36.800  -24.534 0.0000000000
117239  14.639  37.453  -24.286 0.0000000000
117240  15.113  37.196  -23.937 0.0000000000
117241  15.629  36.935  -23.418 0.0000000000
117242  15.674  38.329  -22.898 0.0000000000
117243  15.914  37.540  -22.810 0.0000000000
117244  16.161  36.665  -22.765 0.0000000000
117245  16.706  36.393  -21.944 0.0000000000
117246  17.183  36.118  -21.136 0.0000000000
117247  17.605  35.849  -20.318 0.0000000000
117405  13.721  46.681  -22.024 0.0000000000
117406  13.191  46.802  -22.585 0.0000000000
117407  13.513  46.070  -22.650 0.0000000000
117408  13.320  45.484  -23.165 0.0000000000
117409  13.135  44.815  -23.528 0.0000000000
117410  13.883  44.048  -23.303 0.0000000000
117411  13.374  44.117  -23.709 0.0000000000
117420  13.759  40.719  -24.062 0.0000000000
118087  19.239  19.039  -19.769 0.0000000000
118088  18.945  18.236  -20.601 0.0000000000
118089  19.382  18.280  -20.086 0.0000000000
118090  19.638  17.664  -20.390 0.0000000000
118091  19.984  17.125  -20.652 0.0000000000
118092  20.863  18.197  -19.678 0.0000000000
118093  20.611  17.397  -20.299 0.0000000000
118094  20.385  16.636  -20.892 0.0000000000
118095  20.789  16.187  -21.135 0.0000000000
118096  21.168  15.795  -21.315 0.0000000000
118097  21.543  15.401  -21.473 0.0000000000
119757  17.540  46.944  -15.190 0.0000000000
119758  17.834  46.120  -15.208 0.0000000000
119759  18.148  46.704  -14.823 0.0000000000
119760  18.748  46.342  -14.425 0.0000000000
119761  19.236  46.009  -13.912 0.0000000000
119763  19.485  46.577  -13.416 0.0000000000
119764  19.655  45.711  -13.366 0.0000000000
119765  20.015  45.424  -12.821 0.0000000000
119768  25.467  48.039  -10.602 0.0000000000
119769  24.911  47.454  -10.515 0.0000000000
119770  25.537  47.217  -10.229 0.0000000000
119777  26.414  43.131  -9.965 0.0000000000
119778  26.560  42.371  -10.228 0.0000000000
119779  26.715  41.632  -10.581 0.0000000000
119780  27.218  42.101  -10.531 0.0000000000
119781  27.856  41.847  -10.997 0.0000000000
119782  28.527  41.570  -11.548 0.0000000000
119783  28.931  42.749  -11.241 0.0000000000
119784  29.045  41.994  -11.726 0.0000000000
119785  29.238  41.211  -12.074 0.0000000000
119935  15.095  52.129  -16.447 0.0000000000
119936  14.802  51.542  -16.904 0.0000000000
119937  15.435  51.328  -16.229 0.0000000000
119938  15.751  50.572  -15.997 0.0000000000
119939  16.105  49.872  -15.807 0.0000000000
119940  17.039  50.349  -14.778 0.0000000000
119941  16.763  49.758  -15.204 0.0000000000
119942  16.477  49.228  -15.598 0.0000000000
119943  16.808  48.457  -15.421 0.0000000000
119944  17.154  47.673  -15.272 0.0000000000
120608  28.216  20.593  -20.734 0.0000000000
124682  15.989  30.239  -24.164 0.0000000000
124683  15.538  29.595  -24.504 0.0000000000
124684  16.143  29.443  -23.976 0.0000000000
124685  16.397  28.700  -23.693 0.0000000000
124686  16.631  27.935  -23.387 0.0000000000
124687  17.785  28.490  -22.080 0.0000000000
124688  17.332  27.827  -22.514 0.0000000000
124689  16.869  27.184  -23.010 0.0000000000
124690  17.129  26.502  -22.666 0.0000000000
124691  17.451  25.798  -22.319 0.0000000000
124692  17.762  25.147  -21.942 0.0000000000
124693  18.048  24.484  -21.521 0.0000000000
124694  18.451  25.110  -21.050 0.0000000000
124695  18.913  25.058  -20.125 0.0000000000
124696  19.133  25.098  -19.198 0.0000000000
124697  19.290  26.353  -19.270 0.0000000000
124698  19.294  25.715  -18.772 0.0000000000
124699  19.298  25.029  -18.317 0.0000000000
124700  19.472  24.951  -17.526 0.0000000000
124701  19.698  24.948  -16.798 0.0000000000
124702  19.995  24.919  -16.117 0.0000000000
124703  20.267  40.060  -15.356 0.0000000000
124704  19.968  39.443  -15.679 0.0000000000
124705  20.679  39.415  -15.463 0.0000000000
124706  21.112  38.722  -15.536 0.0000000000
124707  21.519  38.057  -15.684 0.0000000000
124708  22.357  38.445  -14.920 0.0000000000
124709  22.164  37.976  -15.380 0.0000000000
124710  21.974  37.475  -15.839 0.0000000000
124711  22.519  36.858  -15.959 0.0000000000
124712  22.980  36.113  -16.023 0.0000000000
124713  23.004  35.323  -15.755 0.0000000000
124714  24.141  32.308  -9.700 0.0000000000
124715  23.517  32.592  -10.124 0.0000000000
124716  23.712  31.853  -10.001 0.0000000000
124717  23.336  31.372  -10.295 0.0000000000
124718  23.029  30.822  -10.607 0.0000000000
124719  24.121  30.017  -10.467 0.0000000000
124720  23.405  30.169  -10.664 0.0000000000
124721  22.711  30.340  -10.941 0.0000000000
124722  22.384  29.842  -11.267 0.0000000000
124723  22.125  29.320  -11.620 0.0000000000
124724  21.862  28.773  -12.013 0.0000000000
124725  21.598  28.232  -12.373 0.0000000000
124726  22.235  28.130  -12.098 0.0000000000
124727  22.684  27.551  -12.301 0.0000000000
124728  23.207  27.024  -12.637 0.0000000000
124729  24.238  27.531  -12.297 0.0000000000
124730  24.001  27.053  -12.699 0.0000000000
124731  23.770  26.591  -13.070 0.0000000000
124732  24.296  26.255  -13.638 0.0000000000
124733  24.801  25.955  -14.333 0.0000000000
124734  25.309  25.733  -15.134 0.0000000000
124735  25.789  25.500  -16.082 0.0000000000
124736  26.009  25.965  -15.672 0.0000000000
124737  26.732  26.180  -16.345 0.0000000000
124738  27.453  26.326  -17.046 0.0000000000
124739  27.320  27.015  -15.727 0.0000000000
124740  27.782  26.802  -16.784 0.0000000000
124741  28.180  26.380  -17.744 0.0000000000
124742  28.902  26.324  -18.407 0.0000000000
124743  29.549  26.184  -18.787 0.0000000000
124744  30.223  25.972  -19.103 0.0000000000
127233  17.736  13.750  -21.660 0.0000000000
127234  17.369  14.000  -21.460 0.0000000000
127235  17.883  13.573  -21.081 0.0000000000
127236  18.179  13.537  -20.319 0.0000000000
127237  18.529  13.511  -19.439 0.0000000000
127238  19.416  12.684  -19.164 0.0000000000
127239  19.140  13.011  -18.897 0.0000000000
127254  25.036  16.367  -20.642 0.0000000000
127255  24.773  16.212  -20.842 0.0000000000
127256  24.714  15.778  -20.332 0.0000000000
129730  22.918  50.198  -11.937 0.0000000000
129731  23.525  49.775  -11.756 0.0000000000
129732  24.152  49.431  -11.588 0.0000000000
129733  24.776  49.153  -11.321 0.0000000000
129740  25.248  50.417  -11.697 0.0000000000
129741  25.380  49.632  -11.375 0.0000000000
129742  25.395  48.898  -11.001 0.0000000000
129743  26.021  48.646  -10.671 0.0000000000
129744  26.657  48.383  -10.454 0.0000000000
129745  27.324  48.089  -10.282 0.0000000000
129747  27.836  48.650  -10.373 0.0000000000
129748  28.025  47.756  -10.187 0.0000000000
134177  14.184  31.588  -25.279 0.0000000000
134178  14.615  31.378  -25.123 0.0000000000
134179  15.087  31.261  -24.847 0.0000000000
134180  14.618  36.060  -24.653 0.0000000000
134181  14.700  35.236  -24.815 0.0000000000
134182  14.818  34.391  -24.887 0.0000000000
134183  15.740  34.762  -23.948 0.0000000000
134184  15.329  34.170  -24.511 0.0000000000
134185  14.975  33.540  -24.902 0.0000000000
134186  15.200  32.690  -24.788 0.0000000000
134187  15.431  31.875  -24.569 0.0000000000
134188  15.701  31.056  -24.367 0.0000000000
134189  16.357  30.868  -23.760 0.0000000000
134190  17.020  30.691  -23.056 0.0000000000
134191  17.682  30.525  -22.258 0.0000000000
134192  17.766  31.875  -21.877 0.0000000000
134193  18.089  31.113  -21.661 0.0000000000
134194  18.403  30.397  -21.492 0.0000000000
134195  19.065  30.272  -20.848 0.0000000000
134196  19.638  30.193  -20.269 0.0000000000
134197  20.070  30.234  -19.561 0.0000000000
134198  24.072  38.346  -12.399 0.0000000000
134199  24.012  37.968  -12.814 0.0000000000
134200  24.446  37.644  -12.487 0.0000000000
134201  24.637  36.891  -12.138 0.0000000000
134202  24.548  36.192  -11.542 0.0000000000
134203  25.155  36.362  -10.746 0.0000000000
134204  24.762  35.966  -10.783 0.0000000000
134205  24.345  35.581  -10.902 0.0000000000
134206  24.225  34.991  -10.352 0.0000000000
134207  24.214  34.268  -9.909 0.0000000000
134220  25.519  30.797  -9.736 0.0000000000
136477  15.412  19.449  -23.594 0.0000000000
136478  15.142  18.959  -23.487 0.0000000000
136479  15.560  18.734  -23.443 0.0000000000
136480  15.757  17.970  -23.305 0.0000000000
136481  16.002  17.203  -23.145 0.0000000000
136482  16.729  17.699  -22.944 0.0000000000
136483  16.485  17.042  -22.992 0.0000000000
136484  16.312  16.453  -22.920 0.0000000000
136485  16.674  15.799  -22.682 0.0000000000
136486  17.016  15.205  -22.452 0.0000000000
136487  17.322  14.639  -22.241 0.0000000000
136488  18.677  17.516  -21.319 0.0000000000
136489  18.416  16.818  -21.869 0.0000000000
136490  18.218  16.206  -22.156 0.0000000000
136491  19.118  15.600  -21.815 0.0000000000
136492  18.557  15.564  -22.085 0.0000000000
136493  18.075  15.544  -22.265 0.0000000000
136494  17.961  15.003  -22.273 0.0000000000
136495  17.836  14.517  -22.189 0.0000000000
136496  17.741  14.100  -22.020 0.0000000000
136497  18.180  13.605  -21.777 0.0000000000
136498  18.661  13.141  -21.495 0.0000000000
136499  19.205  12.720  -21.114 0.0000000000
136500  19.633  12.969  -21.688 0.0000000000
136501  19.618  12.552  -21.295 0.0000000000
136502  19.789  12.422  -20.559 0.0000000000
136503  20.335  12.161  -19.950 0.0000000000
140895  16.173  42.300  -20.009 0.0000000000
140896  16.415  41.426  -19.904 0.0000000000
140897  16.440  41.966  -19.139 0.0000000000
140898  16.687  41.616  -18.372 0.0000000000
140899  16.950  41.357  -17.603 0.0000000000
140900  16.853  42.759  -17.013 0.0000000000
140901  17.047  41.915  -16.925 0.0000000000
140902  17.311  41.140  -16.884 0.0000000000
140903  17.834  40.941  -16.268 0.0000000000
140904  18.503  40.846  -15.878 0.0000000000
140905  19.182  40.770  -15.575 0.0000000000
140906  18.113  45.269  -15.204 0.0000000000
140907  18.326  44.455  -15.200 0.0000000000
140908  18.591  43.626  -15.191 0.0000000000
140909  19.373  43.881  -14.314 0.0000000000
140910  19.142  43.372  -14.755 0.0000000000
140911  18.822  42.834  -15.168 0.0000000000
140912  19.092  42.097  -15.167 0.0000000000
140913  19.483  41.402  -15.230 0.0000000000
140914  19.862  40.711  -15.300 0.0000000000
140915  20.526  40.623  -14.967 0.0000000000
140916  21.085  40.397  -14.548 0.0000000000
140917  21.578  40.131  -14.060 0.0000000000
140918  21.158  41.215  -13.365 0.0000000000
140919  21.571  40.506  -13.447 0.0000000000
140920  22.012  39.867  -13.554 0.0000000000
140921  22.383  39.655  -13.127 0.0000000000
140922  22.816  39.403  -12.784 0.0000000000
140923  23.262  39.160  -12.472 0.0000000000
140928  21.430  47.742  -11.494 0.0000000000
140930  21.160  46.257  -11.607 0.0000000000
140933  24.343  46.904  -10.459 0.0000000000
140934  23.824  46.377  -10.482 0.0000000000
140937  23.493  45.025  -10.352 0.0000000000
140944  22.454  41.541  -11.468 0.0000000000
140945  23.293  41.730  -10.829 0.0000000000
140946  23.007  41.294  -11.193 0.0000000000
140947  22.773  40.872  -11.612 0.0000000000
140948  23.087  40.199  -11.779 0.0000000000
140949  23.364  39.520  -11.994 0.0000000000
140950  23.716  38.942  -12.198 0.0000000000
140951  24.195  38.711  -12.006 0.0000000000
140952  24.793  38.421  -11.916 0.0000000000
140953  25.391  38.063  -11.759 0.0000000000
140954  25.378  39.183  -11.428 0.0000000000
140955  25.674  38.444  -11.619 0.0000000000
140956  25.946  37.677  -11.455 0.0000000000
140957  26.393  37.433  -10.930 0.0000000000
140958  26.794  37.322  -10.338 0.0000000000
140960  26.913  40.920  -10.977 0.0000000000
140961  27.139  40.187  -11.412 0.0000000000
140962  27.406  39.344  -11.673 0.0000000000
140963  28.563  39.382  -11.808 0.0000000000
140964  28.092  38.993  -11.633 0.0000000000
140965  27.654  38.529  -11.530 0.0000000000
140966  27.742  37.992  -10.735 0.0000000000
141364  11.558  51.733  -21.120 0.0000000000
141365  12.073  50.942  -21.211 0.0000000000
141366  12.576  51.555  -20.335 0.0000000000
141367  12.559  50.925  -20.872 0.0000000000
141368  12.529  50.207  -21.307 0.0000000000
141369  12.941  49.491  -21.512 0.0000000000
141370  13.315  48.729  -21.508 0.0000000000
141371  13.596  48.065  -21.476 0.0000000000
141372  14.525  50.926  -17.409 0.0000000000
141373  14.302  50.319  -17.927 0.0000000000
141374  14.123  49.694  -18.458 0.0000000000
141375  14.928  48.770  -17.428 0.0000000000
141376  14.462  48.948  -18.273 0.0000000000
141377  14.120  49.065  -19.202 0.0000000000
141378  14.136  48.411  -20.012 0.0000000000
141379  14.055  47.842  -20.732 0.0000000000
141380  13.900  47.311  -21.400 0.0000000000
141381  14.247  46.554  -21.273 0.0000000000
141382  14.595  45.880  -21.136 0.0000000000
141383  14.931  45.192  -20.969 0.0000000000
141384  15.360  45.520  -19.098 0.0000000000
141385  15.350  45.012  -19.940 0.0000000000
141386  15.306  44.517  -20.783 0.0000000000
141387  15.590  43.776  -20.540 0.0000000000
141388  15.900  43.082  -20.255 0.0000000000
143122  24.218  20.921  -19.130 0.0000000000
143123  23.862  20.252  -19.386 0.0000000000
143124  24.427  20.470  -19.770 0.0000000000
143125  24.634  19.936  -20.416 0.0000000000
143126  24.847  19.376  -20.915 0.0000000000
143127  25.858  20.081  -21.075 0.0000000000
143128  25.428  19.451  -21.144 0.0000000000
143129  25.057  18.816  -21.281 0.0000000000
143130  25.190  18.297  -21.437 0.0000000000
143131  25.342  17.777  -21.425 0.0000000000
143132  25.416  17.291  -21.251 0.0000000000
143133  27.742  20.108  -20.824 0.0000000000
143134  27.371  19.575  -20.907 0.0000000000
143135  26.891  19.065  -20.989 0.0000000000
143137  26.844  18.584  -20.789 0.0000000000
143138  26.491  18.494  -21.065 0.0000000000
143139  26.112  17.896  -21.127 0.0000000000
143140  25.755  17.372  -21.038 0.0000000000
143141  25.379  16.841  -20.896 0.0000000000
143142  25.252  16.427  -20.330 0.0000000000
143143  25.064  16.034  -19.756 0.0000000000
153659  14.302  20.715  -23.888 0.0000000000
153660  14.616  20.495  -23.915 0.0000000000
153670  15.159  28.985  -24.749 0.0000000000
153671  14.808  28.403  -24.914 0.0000000000
153672  14.524  27.764  -25.023 0.0000000000
153673  15.210  26.879  -24.626 0.0000000000
153674  14.700  26.999  -24.923 0.0000000000
153675  14.240  27.154  -25.065 0.0000000000
153676  14.054  26.602  -24.992 0.0000000000
153677  13.874  26.058  -24.892 0.0000000000
153678  13.744  25.490  -24.723 0.0000000000
153679  13.809  24.744  -24.695 0.0000000000
153680  13.931  23.980  -24.611 0.0000000000
153681  14.091  23.243  -24.507 0.0000000000
153682  14.661  23.638  -24.572 0.0000000000
153683  14.438  23.065  -24.495 0.0000000000
153684  14.272  22.520  -24.388 0.0000000000
153685  14.491  21.742  -24.243 0.0000000000
153686  14.740  21.016  -24.074 0.0000000000
153687  15.048  20.237  -23.844 0.0000000000
153688  15.540  20.105  -23.680 0.0000000000
153689  16.054  19.967  -23.391 0.0000000000
153690  16.617  19.880  -22.989 0.0000000000
153691  16.576  21.239  -23.028 0.0000000000
153692  16.888  20.548  -22.762 0.0000000000
153693  17.176  19.861  -22.449 0.0000000000
153694  17.689  19.895  -21.728 0.0000000000
153695  18.133  19.870  -21.035 0.0000000000
153696  18.526  19.796  -20.364 0.0000000000
153697  18.216  23.836  -21.126 0.0000000000
153698  18.345  23.160  -20.748 0.0000000000
153699  18.449  22.538  -20.391 0.0000000000
153700  19.041  23.118  -18.908 0.0000000000
153701  18.762  22.493  -19.510 0.0000000000
153702  18.497  21.869  -20.081 0.0000000000
153703  18.548  21.147  -19.890 0.0000000000
153704  18.675  20.462  -19.762 0.0000000000
153705  18.947  19.767  -19.720 0.0000000000
153706  19.422  19.792  -19.133 0.0000000000
153707  20.015  19.881  -18.639 0.0000000000
153708  20.645  19.989  -18.302 0.0000000000
153709  20.452  21.184  -17.513 0.0000000000
153710  20.845  20.660  -17.722 0.0000000000
153711  21.293  20.170  -18.058 0.0000000000
153712  21.944  20.405  -17.893 0.0000000000
153713  22.605  20.675  -17.852 0.0000000000
153714  23.247  20.951  -18.061 0.0000000000
153715  16.643  40.527  -19.842 0.0000000000
153716  16.849  39.711  -19.809 0.0000000000
153717  17.069  38.885  -19.732 0.0000000000
153718  17.414  39.148  -18.206 0.0000000000
153719  17.352  38.605  -18.932 0.0000000000
153720  17.298  38.048  -19.695 0.0000000000
153721  17.506  37.224  -19.691 0.0000000000
153722  17.722  36.417  -19.597 0.0000000000
153723  17.983  35.647  -19.485 0.0000000000
153724  19.596  38.722  -15.982 0.0000000000
153725  19.224  37.989  -16.329 0.0000000000
153726  18.928  37.278  -16.761 0.0000000000
153727  20.188  36.669  -16.557 0.0000000000
153728  19.432  36.585  -16.876 0.0000000000
153729  18.751  36.618  -17.382 0.0000000000
153730  18.557  35.995  -17.987 0.0000000000
153731  18.433  35.417  -18.743 0.0000000000
153732  18.321  34.888  -19.433 0.0000000000
153733  18.728  34.159  -19.424 0.0000000000
153734  19.151  33.483  -19.405 0.0000000000
153735  19.634  32.801  -19.496 0.0000000000
153736  20.570  33.447  -18.496 0.0000000000
153737  20.338  32.875  -19.047 0.0000000000
153738  20.069  32.199  -19.531 0.0000000000
153739  20.380  31.552  -19.440 0.0000000000
153740  20.292  30.889  -19.098 0.0000000000
153741  20.099  30.291  -18.653 0.0000000000
153742  23.969  37.530  -13.202 0.0000000000
153743  23.942  37.107  -13.613 0.0000000000
153744  23.894  36.700  -13.966 0.0000000000
153745  23.790  35.634  -12.677 0.0000000000
153746  23.761  35.907  -13.451 0.0000000000
153747  23.697  36.217  -14.229 0.0000000000
153748  23.475  35.682  -14.529 0.0000000000
153749  23.013  35.147  -14.845 0.0000000000
153750  22.539  34.538  -15.133 0.0000000000
153751  22.972  32.876  -10.641 0.0000000000
153752  22.528  33.145  -11.247 0.0000000000
153753  22.188  33.423  -11.971 0.0000000000
153754  21.748  32.119  -11.735 0.0000000000
153755  21.748  32.917  -12.208 0.0000000000
153756  22.026  33.644  -12.780 0.0000000000
153757  21.951  33.787  -13.609 0.0000000000
153758  21.950  33.862  -14.460 0.0000000000
153759  22.024  33.887  -15.344 0.0000000000
153760  21.559  33.276  -15.619 0.0000000000
153761  21.148  32.665  -15.936 0.0000000000
153762  20.736  32.074  -16.316 0.0000000000
153763  20.352  31.374  -14.817 0.0000000000
153764  20.314  31.432  -15.752 0.0000000000
153765  20.440  31.516  -16.733 0.0000000000
153766  20.190  30.970  -17.197 0.0000000000
153767  19.997  30.324  -17.682 0.0000000000
153768  19.866  29.650  -18.127 0.0000000000
153769  19.651  28.977  -17.605 0.0000000000
153770  19.547  28.299  -17.080 0.0000000000
153771  19.511  27.617  -16.580 0.0000000000
153772  19.748  28.142  -15.180 0.0000000000
153773  19.659  27.518  -15.677 0.0000000000
153774  19.624  26.922  -16.177 0.0000000000
153775  19.812  26.216  -15.867 0.0000000000
153776  20.049  25.567  -15.632 0.0000000000
153777  20.373  24.920  -15.531 0.0000000000
153778  21.404  27.667  -12.812 0.0000000000
153779  21.220  27.114  -13.219 0.0000000000
153780  21.054  26.585  -13.668 0.0000000000
153781  22.103  25.990  -13.525 0.0000000000
153782  21.501  26.022  -13.752 0.0000000000
153783  20.954  26.042  -14.125 0.0000000000
153784  20.865  25.477  -14.589 0.0000000000
153785  20.802  24.896  -15.056 0.0000000000
153786  20.699  24.310  -15.499 0.0000000000
153787  21.107  23.685  -15.578 0.0000000000
153788  21.535  23.120  -15.740 0.0000000000
153789  22.016  22.619  -16.016 0.0000000000
153790  22.833  23.409  -15.537 0.0000000000
153791  22.719  22.814  -15.963 0.0000000000
153792  22.544  22.221  -16.416 0.0000000000
153793  23.022  21.896  -16.895 0.0000000000
153794  23.495  21.548  -17.637 0.0000000000
153795  23.884  21.264  -18.376 0.0000000000
153796  24.490  21.506  -18.835 0.0000000000
153797  25.089  21.679  -19.352 0.0000000000
153798  25.680  21.805  -19.849 0.0000000000
153799  25.504  22.952  -18.582 0.0000000000
153800  25.896  22.480  -19.478 0.0000000000
153801  26.263  21.935  -20.213 0.0000000000
153802  26.870  21.887  -20.478 0.0000000000
153803  27.457  21.806  -20.630 0.0000000000
153804  28.008  21.717  -20.673 0.0000000000
153805  26.240  25.264  -17.140 0.0000000000
153806  26.648  24.891  -18.098 0.0000000000
153807  27.121  24.330  -18.991 0.0000000000
153808  27.998  24.810  -19.174 0.0000000000
153809  27.768  24.240  -19.430 0.0000000000
153810  27.590  23.647  -19.734 0.0000000000
153811  27.955  22.923  -20.247 0.0000000000
153812  28.298  22.241  -20.516 0.0000000000
153813  28.535  21.621  -20.643 0.0000000000
153823  28.703  28.493  -14.294 0.0000000000
153824  29.098  28.332  -15.356 0.0000000000
153825  29.496  28.131  -16.399 0.0000000000
153828  29.888  27.747  -17.399 0.0000000000
153830  30.563  26.460  -18.902 0.0000000000
160224  14.982  18.461  -23.271 0.0000000000
160225  14.874  18.005  -22.936 0.0000000000
160226  14.905  17.629  -22.463 0.0000000000
160227  15.432  16.591  -22.479 0.0000000000
160233  17.085  14.366  -21.187 0.0000000000
160278  23.444  19.509  -19.681 0.0000000000
160279  23.007  18.735  -19.990 0.0000000000
160280  22.747  18.028  -20.387 0.0000000000
160281  23.597  17.881  -20.997 0.0000000000
160282  23.041  17.617  -20.820 0.0000000000
160283  22.491  17.287  -20.745 0.0000000000
160284  22.248  16.504  -21.080 0.0000000000
160285  22.085  15.736  -21.367 0.0000000000
160286  21.936  14.986  -21.599 0.0000000000
160287  24.399  16.043  -20.989 0.0000000000
160288  24.013  15.798  -21.113 0.0000000000
160289  23.617  15.544  -21.245 0.0000000000
160290  23.472  14.468  -20.583 0.0000000000
160291  23.349  14.849  -21.037 0.0000000000
160292  23.193  15.256  -21.360 0.0000000000
160293  22.751  14.947  -21.443 0.0000000000
160294  22.294  14.628  -21.550 0.0000000000
160295  21.808  14.298  -21.645 0.0000000000
160296  21.662  13.649  -21.556 0.0000000000
160297  21.575  13.095  -21.242 0.0000000000
160298  21.494  12.589  -20.802 0.0000000000
