#!ascii label  , from subject fsaverage vox2ras=TkReg
598
194  63.787  -12.854  20.858 0.0000000000
510  56.510  -5.988  11.198 0.0000000000
511  61.943  -5.563  11.639 0.0000000000
1502  62.500  -12.924  18.345 0.0000000000
1504  61.968  -17.490  20.420 0.0000000000
2172  50.881  -9.994  13.802 0.0000000000
2173  54.426  -10.425  12.951 0.0000000000
2174  58.413  -10.451  12.550 0.0000000000
2176  60.255  -5.643  10.226 0.0000000000
2177  62.615  -10.036  12.654 0.0000000000
2178  64.393  -9.194  15.983 0.0000000000
3464  63.622  -13.190  19.271 0.0000000000
3465  62.354  -15.663  19.663 0.0000000000
3466  63.029  -15.424  21.041 0.0000000000
4794  50.781  -8.001  11.522 0.0000000000
4795  54.758  -5.889  11.461 0.0000000000
4796  53.924  -8.406  11.783 0.0000000000
4797  55.751  -8.548  11.616 0.0000000000
4798  56.353  -10.520  12.697 0.0000000000
4799  57.551  -8.531  11.282 0.0000000000
4805  61.559  -5.356  10.589 0.0000000000
4806  61.650  -8.185  10.668 0.0000000000
4807  62.958  -7.986  11.496 0.0000000000
4808  63.973  -9.722  13.830 0.0000000000
4809  63.430  -7.969  13.284 0.0000000000
7346  60.786  -12.230  17.952 0.0000000000
9081  52.260  -8.186  11.719 0.0000000000
9082  52.646  -10.277  13.302 0.0000000000
9085  56.745  -11.716  14.987 0.0000000000
9086  58.797  -11.414  15.034 0.0000000000
9092  58.373  -5.874  10.639 0.0000000000
9093  59.653  -8.387  10.834 0.0000000000
9094  60.659  -10.229  12.322 0.0000000000
9095  61.060  -11.189  14.926 0.0000000000
9096  62.918  -11.235  15.411 0.0000000000
9097  64.158  -11.280  16.773 0.0000000000
9098  64.534  -10.828  18.674 0.0000000000
9100  64.032  -8.655  18.389 0.0000000000
9101  64.270  -10.072  20.843 0.0000000000
11144  63.800  -13.108  20.012 0.0000000000
11145  63.352  -14.406  20.283 0.0000000000
11146  63.407  -14.198  21.061 0.0000000000
12474  50.777  -6.916  10.286 0.0000000000
12475  55.622  -5.932  11.371 0.0000000000
12476  55.277  -7.324  11.452 0.0000000000
12477  56.177  -7.359  11.281 0.0000000000
12478  56.631  -8.568  11.489 0.0000000000
12479  57.070  -7.346  11.002 0.0000000000
12485  61.887  -5.382  11.039 0.0000000000
12486  62.236  -6.764  10.777 0.0000000000
12487  62.585  -6.817  11.431 0.0000000000
12488  63.312  -7.928  12.271 0.0000000000
12489  62.616  -6.974  12.157 0.0000000000
16154  61.720  -12.536  18.078 0.0000000000
16155  60.800  -13.765  18.982 0.0000000000
16156  61.670  -14.133  19.044 0.0000000000
16157  62.306  -16.704  19.968 0.0000000000
16158  61.726  -16.788  19.443 0.0000000000
16159  61.547  -17.588  19.568 0.0000000000
20146  52.072  -6.905  10.962 0.0000000000
20147  52.758  -7.045  11.315 0.0000000000
20148  54.145  -9.501  12.235 0.0000000000
20149  53.312  -9.421  12.349 0.0000000000
20150  53.556  -10.398  13.170 0.0000000000
20152  53.771  -11.162  14.075 0.0000000000
20154  54.675  -11.270  13.955 0.0000000000
20155  57.369  -10.527  12.588 0.0000000000
20156  56.585  -11.305  13.706 0.0000000000
20157  57.596  -11.265  13.680 0.0000000000
20158  57.708  -11.561  15.019 0.0000000000
20159  58.683  -11.146  13.647 0.0000000000
20175  59.336  -5.808  10.376 0.0000000000
20176  59.017  -7.235  10.558 0.0000000000
20177  60.013  -7.114  10.368 0.0000000000
20178  62.172  -9.160  11.489 0.0000000000
20179  61.291  -9.281  11.371 0.0000000000
20180  61.708  -10.110  12.402 0.0000000000
20181  60.919  -10.839  13.573 0.0000000000
20182  61.969  -10.774  13.659 0.0000000000
20183  62.064  -11.180  15.055 0.0000000000
20184  62.884  -10.681  13.985 0.0000000000
20185  64.278  -9.502  14.853 0.0000000000
20186  64.143  -10.508  15.287 0.0000000000
20187  64.458  -10.266  16.302 0.0000000000
20188  64.458  -11.091  17.623 0.0000000000
20189  64.560  -9.959  17.349 0.0000000000
20191  62.118  -7.598  14.121 0.0000000000
20196  64.335  -9.249  19.656 0.0000000000
24668  63.172  -13.047  18.703 0.0000000000
24669  62.371  -14.315  19.277 0.0000000000
24670  63.012  -14.403  19.659 0.0000000000
24671  62.829  -15.685  20.293 0.0000000000
24672  62.604  -16.551  20.811 0.0000000000
27064  53.536  -7.149  11.554 0.0000000000
27065  54.416  -7.243  11.543 0.0000000000
27066  54.808  -8.491  11.763 0.0000000000
27067  55.077  -9.533  12.167 0.0000000000
27068  55.347  -10.477  12.817 0.0000000000
27069  56.052  -9.618  12.107 0.0000000000
27070  57.007  -9.597  11.915 0.0000000000
27071  58.022  -9.579  11.763 0.0000000000
27081  61.016  -5.425  10.317 0.0000000000
27082  60.992  -6.946  10.242 0.0000000000
27083  61.719  -6.800  10.381 0.0000000000
27084  62.425  -8.053  10.909 0.0000000000
27085  62.954  -9.059  11.883 0.0000000000
27086  63.389  -9.918  13.125 0.0000000000
27087  63.585  -8.931  12.563 0.0000000000
27088  63.983  -8.771  13.448 0.0000000000
27089  64.028  -8.571  14.491 0.0000000000
28946  63.630  -12.536  21.726 0.0000000000
28948  62.991  -13.411  22.802 0.0000000000
30806  51.489  -5.731  9.554 0.0000000000
30827  61.679  -5.905  12.391 0.0000000000
32563  61.684  -15.585  19.302 0.0000000000
37485  51.438  -6.884  10.630 0.0000000000
37486  51.506  -8.133  11.607 0.0000000000
37487  51.553  -9.242  12.534 0.0000000000
37488  53.056  -8.324  11.771 0.0000000000
37489  52.458  -9.306  12.396 0.0000000000
37490  51.752  -10.125  13.546 0.0000000000
37497  55.594  -11.321  13.776 0.0000000000
37520  57.434  -5.952  10.910 0.0000000000
37521  58.036  -7.304  10.806 0.0000000000
37522  58.587  -8.475  11.037 0.0000000000
37523  59.114  -9.494  11.591 0.0000000000
37524  60.735  -8.298  10.656 0.0000000000
37525  60.197  -9.391  11.457 0.0000000000
37526  59.524  -10.376  12.469 0.0000000000
37527  59.765  -11.004  13.647 0.0000000000
37528  59.957  -11.234  14.934 0.0000000000
37529  59.961  -11.438  16.386 0.0000000000
37530  60.998  -11.501  16.479 0.0000000000
37531  61.927  -11.637  16.558 0.0000000000
37532  62.752  -11.870  16.935 0.0000000000
37533  63.634  -10.673  14.522 0.0000000000
37534  63.629  -11.278  16.007 0.0000000000
37535  63.473  -12.002  17.420 0.0000000000
37536  63.950  -12.087  18.138 0.0000000000
37537  64.190  -12.042  18.938 0.0000000000
37538  64.247  -11.825  19.811 0.0000000000
37539  62.451  -7.217  13.117 0.0000000000
37540  63.333  -7.956  14.242 0.0000000000
37541  63.902  -8.450  15.711 0.0000000000
37543  63.527  -8.342  16.900 0.0000000000
37544  64.246  -8.929  17.139 0.0000000000
37545  64.522  -9.607  18.528 0.0000000000
37546  64.445  -10.508  19.787 0.0000000000
37547  64.121  -11.516  20.773 0.0000000000
41864  63.828  -13.000  20.437 0.0000000000
41865  63.632  -13.627  20.574 0.0000000000
41866  63.613  -13.525  20.981 0.0000000000
43193  50.418  -6.931  10.206 0.0000000000
43194  50.794  -6.386  9.712 0.0000000000
43195  56.062  -5.959  11.315 0.0000000000
43196  55.917  -6.678  11.302 0.0000000000
43197  56.367  -6.709  11.188 0.0000000000
43198  56.612  -7.351  11.150 0.0000000000
43199  56.803  -6.687  11.058 0.0000000000
43203  61.671  -4.822  11.638 0.0000000000
43204  61.649  -4.706  11.316 0.0000000000
43205  61.951  -5.459  11.320 0.0000000000
43206  62.235  -6.139  11.107 0.0000000000
43207  62.274  -6.201  11.494 0.0000000000
43208  62.628  -6.869  11.803 0.0000000000
43209  62.226  -6.325  11.834 0.0000000000
46874  62.133  -12.715  18.184 0.0000000000
46875  61.691  -13.294  18.660 0.0000000000
46876  62.079  -13.484  18.788 0.0000000000
46877  62.161  -17.124  20.137 0.0000000000
46878  61.945  -17.163  19.774 0.0000000000
46879  61.787  -17.544  19.941 0.0000000000
46881  61.572  -17.916  20.270 0.0000000000
50866  52.606  -6.309  11.014 0.0000000000
50867  52.895  -6.398  11.196 0.0000000000
50868  54.285  -9.984  12.577 0.0000000000
50869  53.847  -9.952  12.661 0.0000000000
50870  53.993  -10.390  13.034 0.0000000000
50871  53.681  -10.817  13.618 0.0000000000
50872  54.118  -10.821  13.484 0.0000000000
50873  54.204  -11.199  14.011 0.0000000000
50874  54.557  -10.857  13.409 0.0000000000
50875  57.883  -10.493  12.572 0.0000000000
50876  57.490  -10.944  13.098 0.0000000000
50877  58.017  -10.909  13.082 0.0000000000
50878  58.116  -11.202  13.688 0.0000000000
50879  58.558  -10.832  13.074 0.0000000000
50894  59.441  -5.022  10.515 0.0000000000
50895  59.802  -5.738  10.309 0.0000000000
50896  59.652  -6.481  10.325 0.0000000000
50897  60.145  -6.393  10.233 0.0000000000
50898  62.371  -9.621  12.047 0.0000000000
50899  61.933  -9.663  11.928 0.0000000000
50900  62.144  -10.069  12.504 0.0000000000
50901  61.856  -10.489  13.007 0.0000000000
50902  62.336  -10.440  13.125 0.0000000000
50903  62.447  -10.733  13.768 0.0000000000
50904  62.781  -10.369  13.291 0.0000000000
50905  64.346  -9.352  15.388 0.0000000000
50906  64.384  -9.881  15.583 0.0000000000
50907  64.455  -9.708  16.102 0.0000000000
50908  64.539  -10.101  16.824 0.0000000000
50909  64.491  -9.554  16.668 0.0000000000
56474  63.433  -13.115  18.963 0.0000000000
56475  63.110  -13.699  19.223 0.0000000000
56476  63.314  -13.794  19.500 0.0000000000
56477  63.178  -14.952  20.691 0.0000000000
56478  63.076  -15.048  20.328 0.0000000000
56479  62.952  -15.549  20.641 0.0000000000
56480  62.716  -16.096  20.532 0.0000000000
56481  62.823  -15.999  20.951 0.0000000000
60460  50.394  -7.971  11.467 0.0000000000
60464  50.756  -8.553  12.063 0.0000000000
60467  54.625  -6.623  11.465 0.0000000000
60468  55.518  -7.957  11.508 0.0000000000
60469  55.068  -7.961  11.564 0.0000000000
60470  55.278  -8.514  11.693 0.0000000000
60471  54.981  -9.002  11.926 0.0000000000
60472  55.425  -9.056  11.883 0.0000000000
60473  55.546  -9.571  12.126 0.0000000000
60474  55.873  -9.112  11.831 0.0000000000
60475  57.092  -8.537  11.376 0.0000000000
60476  56.823  -9.098  11.687 0.0000000000
60477  57.298  -9.099  11.599 0.0000000000
60478  57.490  -9.596  11.857 0.0000000000
60479  57.791  -9.078  11.508 0.0000000000
60491  61.437  -4.619  10.814 0.0000000000
60495  61.318  -5.384  10.398 0.0000000000
60496  61.372  -6.126  10.319 0.0000000000
60497  61.687  -6.139  10.436 0.0000000000
60498  62.610  -7.397  11.081 0.0000000000
60499  62.364  -7.415  10.824 0.0000000000
60500  62.706  -7.993  11.150 0.0000000000
60501  62.701  -8.574  11.347 0.0000000000
60502  63.000  -8.548  11.645 0.0000000000
60503  63.270  -9.000  12.190 0.0000000000
60504  63.279  -8.521  12.002 0.0000000000
60505  63.430  -7.934  12.769 0.0000000000
60506  63.673  -8.392  12.820 0.0000000000
60507  63.745  -8.317  13.327 0.0000000000
60508  64.017  -8.662  13.955 0.0000000000
60509  63.761  -8.259  13.839 0.0000000000
63674  63.501  -12.306  22.234 0.0000000000
63675  63.309  -12.989  22.298 0.0000000000
63676  63.145  -12.739  22.770 0.0000000000
71507  60.811  -14.637  19.143 0.0000000000
71508  60.356  -14.461  19.202 0.0000000000
71512  62.389  -15.019  19.487 0.0000000000
71513  62.046  -14.962  19.333 0.0000000000
71514  62.043  -15.646  19.452 0.0000000000
71515  61.323  -17.218  19.214 0.0000000000
71516  61.336  -16.751  19.180 0.0000000000
71517  60.936  -17.230  18.978 0.0000000000
83476  51.453  -6.299  10.076 0.0000000000
83477  51.728  -6.260  10.328 0.0000000000
83478  52.170  -7.570  11.353 0.0000000000
83479  51.829  -7.540  11.254 0.0000000000
83480  51.873  -8.158  11.660 0.0000000000
83481  51.538  -8.731  12.090 0.0000000000
83482  51.925  -8.737  12.075 0.0000000000
83483  53.736  -7.824  11.665 0.0000000000
83484  53.316  -7.746  11.634 0.0000000000
83485  53.482  -8.377  11.796 0.0000000000
83486  52.998  -9.867  12.771 0.0000000000
83487  52.894  -9.370  12.352 0.0000000000
83488  52.571  -9.803  12.793 0.0000000000
83489  52.107  -9.756  12.896 0.0000000000
83490  52.216  -10.171  13.426 0.0000000000
83491  51.870  -10.470  14.113 0.0000000000
83492  52.310  -10.536  13.978 0.0000000000
83505  55.842  -10.500  12.768 0.0000000000
83506  55.492  -10.926  13.244 0.0000000000
83507  55.973  -10.934  13.213 0.0000000000
83508  56.670  -11.565  14.312 0.0000000000
83509  56.161  -11.623  14.319 0.0000000000
83510  56.249  -11.785  14.992 0.0000000000
83515  58.237  -11.500  15.024 0.0000000000
83516  57.742  -11.631  15.738 0.0000000000
83517  58.301  -11.548  15.750 0.0000000000
83519  58.862  -11.472  15.729 0.0000000000
83563  58.034  -5.155  10.887 0.0000000000
83565  57.901  -5.942  10.763 0.0000000000
83566  57.747  -6.649  10.803 0.0000000000
83567  58.215  -6.623  10.673 0.0000000000
83568  59.336  -7.826  10.654 0.0000000000
83569  58.831  -7.880  10.743 0.0000000000
83570  59.107  -8.419  10.925 0.0000000000
83571  58.835  -8.966  11.265 0.0000000000
83572  59.388  -8.939  11.201 0.0000000000
83573  61.356  -7.613  10.413 0.0000000000
83574  60.890  -7.676  10.438 0.0000000000
83575  61.219  -8.252  10.651 0.0000000000
83576  61.006  -9.755  11.812 0.0000000000
83577  60.765  -9.349  11.370 0.0000000000
83578  60.441  -9.829  11.850 0.0000000000
83579  59.873  -9.919  11.934 0.0000000000
83580  60.099  -10.340  12.393 0.0000000000
83581  59.687  -10.737  13.017 0.0000000000
83582  60.240  -10.668  12.952 0.0000000000
83583  61.013  -11.028  14.241 0.0000000000
83584  60.470  -11.065  14.259 0.0000000000
83585  60.518  -11.184  14.915 0.0000000000
83586  59.990  -11.297  15.637 0.0000000000
83587  60.525  -11.296  15.655 0.0000000000
83588  60.474  -11.457  16.415 0.0000000000
83589  61.042  -11.304  15.711 0.0000000000
83590  62.495  -11.219  15.203 0.0000000000
83591  62.002  -11.373  15.808 0.0000000000
83592  62.441  -11.429  15.935 0.0000000000
83593  62.355  -11.747  16.719 0.0000000000
83594  62.843  -11.522  16.171 0.0000000000
83595  63.741  -9.827  13.388 0.0000000000
83596  63.532  -10.291  13.782 0.0000000000
83597  63.846  -10.169  14.094 0.0000000000
83598  64.182  -10.900  16.045 0.0000000000
83599  63.938  -10.930  15.617 0.0000000000
83600  63.917  -11.270  16.382 0.0000000000
83601  63.548  -11.616  16.742 0.0000000000
83602  63.842  -11.657  17.072 0.0000000000
83603  63.729  -12.069  17.757 0.0000000000
83604  64.076  -11.661  17.457 0.0000000000
83605  64.507  -10.991  18.157 0.0000000000
83606  64.351  -11.577  18.357 0.0000000000
83607  64.395  -11.447  18.790 0.0000000000
83608  64.241  -11.918  19.356 0.0000000000
83609  64.416  -11.307  19.261 0.0000000000
83611  62.036  -6.647  12.687 0.0000000000
83612  61.833  -6.973  13.115 0.0000000000
83613  62.546  -7.877  14.737 0.0000000000
83614  62.759  -7.760  14.183 0.0000000000
83615  63.153  -8.008  14.849 0.0000000000
83616  63.657  -8.222  14.985 0.0000000000
83617  63.504  -8.221  15.620 0.0000000000
83623  63.804  -8.489  17.637 0.0000000000
83624  63.964  -8.557  17.080 0.0000000000
83625  64.154  -8.777  17.783 0.0000000000
83626  64.434  -9.215  17.831 0.0000000000
83627  64.358  -9.037  18.469 0.0000000000
83629  64.429  -9.860  19.749 0.0000000000
83630  64.356  -10.271  20.336 0.0000000000
83631  64.318  -11.010  20.297 0.0000000000
83632  64.230  -10.752  20.855 0.0000000000
83633  63.992  -11.296  21.323 0.0000000000
93788  63.727  -13.191  19.632 0.0000000000
93789  63.468  -13.826  19.825 0.0000000000
93790  63.584  -13.739  20.160 0.0000000000
93791  63.408  -14.302  20.659 0.0000000000
96181  50.412  -7.448  10.845 0.0000000000
96182  50.791  -7.447  10.939 0.0000000000
96184  55.026  -6.644  11.436 0.0000000000
96185  55.446  -6.666  11.390 0.0000000000
96186  55.720  -7.340  11.382 0.0000000000
96187  55.986  -7.978  11.423 0.0000000000
96188  56.190  -8.577  11.576 0.0000000000
96189  56.414  -7.971  11.314 0.0000000000
96190  56.859  -7.958  11.219 0.0000000000
96191  57.313  -7.947  11.091 0.0000000000
96200  61.585  -4.642  11.061 0.0000000000
96201  61.742  -5.350  10.798 0.0000000000
96202  61.903  -6.089  10.641 0.0000000000
96203  62.085  -6.073  10.855 0.0000000000
96204  62.445  -6.776  11.061 0.0000000000
96205  62.822  -7.444  11.415 0.0000000000
96206  63.160  -7.945  11.817 0.0000000000
96207  62.945  -7.411  11.816 0.0000000000
96208  63.034  -7.474  12.226 0.0000000000
96209  63.030  -7.525  12.665 0.0000000000
98109  63.037  -12.455  23.179 0.0000000000
102806  61.252  -12.403  17.970 0.0000000000
102807  60.805  -12.969  18.608 0.0000000000
102808  61.259  -13.118  18.614 0.0000000000
102809  61.247  -13.933  18.993 0.0000000000
102810  61.231  -14.814  19.170 0.0000000000
102811  62.335  -16.197  19.802 0.0000000000
102812  62.043  -16.241  19.574 0.0000000000
102813  62.020  -16.740  19.674 0.0000000000
102814  61.668  -17.207  19.466 0.0000000000
102815  61.231  -17.641  19.283 0.0000000000
109990  51.992  -6.199  10.541 0.0000000000
109991  52.283  -6.214  10.775 0.0000000000
109992  52.399  -6.991  11.138 0.0000000000
109993  52.545  -7.606  11.460 0.0000000000
109994  54.060  -8.959  11.966 0.0000000000
109995  53.625  -8.925  12.002 0.0000000000
109996  53.725  -9.476  12.325 0.0000000000
109997  53.420  -9.931  12.725 0.0000000000
109998  53.098  -10.336  13.261 0.0000000000
109999  52.739  -10.655  13.885 0.0000000000
110000  53.205  -10.747  13.779 0.0000000000
110001  53.291  -11.064  14.233 0.0000000000
110004  53.787  -11.485  14.597 0.0000000000
110005  54.249  -11.565  14.513 0.0000000000
110006  54.747  -11.647  14.424 0.0000000000
110007  56.849  -10.527  12.653 0.0000000000
110008  56.471  -10.957  13.169 0.0000000000
110009  56.978  -10.954  13.112 0.0000000000
110010  57.105  -11.298  13.657 0.0000000000
110011  57.172  -11.501  14.304 0.0000000000
110012  57.209  -11.628  14.998 0.0000000000
110013  57.666  -11.471  14.337 0.0000000000
110014  58.186  -11.393  14.343 0.0000000000
110015  58.719  -11.330  14.360 0.0000000000
110043  58.851  -5.831  10.522 0.0000000000
110044  58.706  -6.580  10.527 0.0000000000
110045  59.190  -6.545  10.425 0.0000000000
110046  59.504  -7.207  10.455 0.0000000000
110047  59.853  -7.788  10.548 0.0000000000
110048  61.934  -8.685  11.025 0.0000000000
110049  61.512  -8.772  10.947 0.0000000000
110050  61.734  -9.226  11.379 0.0000000000
110051  61.516  -9.707  11.872 0.0000000000
110052  61.185  -10.172  12.361 0.0000000000
110053  60.792  -10.606  12.934 0.0000000000
110054  61.333  -10.543  12.949 0.0000000000
110055  61.458  -10.825  13.549 0.0000000000
110056  61.535  -11.017  14.271 0.0000000000
110057  61.568  -11.172  14.983 0.0000000000
110058  62.025  -10.995  14.344 0.0000000000
110059  62.494  -10.995  14.483 0.0000000000
110060  62.928  -10.967  14.689 0.0000000000
110061  64.167  -9.613  14.294 0.0000000000
110062  64.080  -10.076  14.518 0.0000000000
110063  64.280  -10.023  15.064 0.0000000000
110064  64.339  -10.423  15.808 0.0000000000
110065  64.372  -10.796  16.510 0.0000000000
110066  64.329  -11.184  17.179 0.0000000000
110067  64.486  -10.669  16.964 0.0000000000
110068  64.565  -10.553  17.504 0.0000000000
110069  64.577  -10.390  18.022 0.0000000000
110080  64.221  -8.905  19.056 0.0000000000
119000  62.837  -13.014  18.549 0.0000000000
119001  62.419  -13.617  18.914 0.0000000000
119002  62.756  -13.654  19.076 0.0000000000
119003  62.731  -14.359  19.418 0.0000000000
119004  62.659  -15.069  19.725 0.0000000000
119005  63.192  -14.456  19.957 0.0000000000
119006  62.882  -15.131  20.059 0.0000000000
119007  62.603  -15.675  19.954 0.0000000000
119008  62.554  -16.179  20.149 0.0000000000
119009  62.461  -16.625  20.361 0.0000000000
119010  62.311  -17.053  20.600 0.0000000000
124586  50.811  -9.593  13.193 0.0000000000
124588  53.268  -6.441  11.341 0.0000000000
124589  53.699  -6.507  11.476 0.0000000000
124590  53.956  -7.195  11.580 0.0000000000
124591  54.173  -7.845  11.656 0.0000000000
124592  54.875  -7.304  11.485 0.0000000000
124593  54.619  -7.899  11.633 0.0000000000
124594  54.369  -8.456  11.763 0.0000000000
124595  54.493  -8.990  11.938 0.0000000000
124596  54.606  -9.526  12.196 0.0000000000
124597  54.726  -10.035  12.519 0.0000000000
124598  54.862  -10.471  12.846 0.0000000000
124599  55.208  -10.017  12.466 0.0000000000
124600  55.705  -10.050  12.432 0.0000000000
124601  56.223  -10.084  12.400 0.0000000000
124602  56.353  -9.126  11.786 0.0000000000
124603  56.530  -9.608  12.010 0.0000000000
124604  56.702  -10.077  12.289 0.0000000000
124605  57.199  -10.082  12.194 0.0000000000
124606  57.699  -10.059  12.175 0.0000000000
124607  58.232  -10.030  12.095 0.0000000000
124629  60.654  -5.512  10.225 0.0000000000
124630  60.624  -6.288  10.182 0.0000000000
124631  61.030  -6.176  10.233 0.0000000000
124632  61.377  -6.860  10.299 0.0000000000
124633  61.724  -7.517  10.482 0.0000000000
124634  62.022  -6.805  10.590 0.0000000000
124635  62.106  -7.474  10.585 0.0000000000
124636  62.051  -8.112  10.761 0.0000000000
124637  62.372  -8.623  11.124 0.0000000000
124638  62.606  -9.116  11.647 0.0000000000
124639  62.839  -9.592  12.285 0.0000000000
124640  63.032  -9.998  12.907 0.0000000000
124641  63.189  -9.527  12.520 0.0000000000
124642  63.513  -9.430  12.771 0.0000000000
124643  63.812  -9.353  13.181 0.0000000000
124644  63.497  -8.425  12.378 0.0000000000
124645  63.798  -8.860  12.989 0.0000000000
124646  64.037  -9.264  13.628 0.0000000000
124647  64.167  -9.148  14.153 0.0000000000
124648  64.215  -9.014  14.667 0.0000000000
124649  64.243  -8.875  15.214 0.0000000000
129038  63.717  -12.703  21.250 0.0000000000
129039  63.551  -13.366  21.359 0.0000000000
129040  63.463  -13.194  21.810 0.0000000000
129043  62.843  -13.126  23.215 0.0000000000
134140  61.618  -4.950  11.953 0.0000000000
134141  61.856  -5.712  12.008 0.0000000000
138925  62.038  -14.264  19.186 0.0000000000
138926  61.667  -14.902  19.235 0.0000000000
138927  61.272  -15.528  19.220 0.0000000000
138928  61.705  -16.253  19.350 0.0000000000
138929  61.307  -16.195  19.180 0.0000000000
138943  63.405  -14.063  21.430 0.0000000000
138951  62.083  -17.393  20.907 0.0000000000
138960  61.747  -17.855  20.745 0.0000000000
153417  51.164  -6.356  9.843 0.0000000000
153418  51.141  -6.898  10.418 0.0000000000
153419  51.126  -7.462  11.010 0.0000000000
153420  51.754  -6.899  10.829 0.0000000000
153421  51.470  -7.510  11.125 0.0000000000
153422  51.135  -8.068  11.562 0.0000000000
153423  51.139  -8.640  12.070 0.0000000000
153424  51.161  -9.176  12.586 0.0000000000
153425  51.222  -9.661  13.123 0.0000000000
153426  53.120  -7.082  11.446 0.0000000000
153427  52.916  -7.668  11.579 0.0000000000
153428  52.664  -8.239  11.731 0.0000000000
153429  53.187  -8.889  12.026 0.0000000000
153430  52.759  -8.860  12.004 0.0000000000
153431  52.340  -8.782  12.053 0.0000000000
153432  51.992  -9.268  12.486 0.0000000000
153433  51.642  -9.716  13.019 0.0000000000
153434  51.313  -10.061  13.675 0.0000000000
153453  55.007  -10.900  13.318 0.0000000000
153454  55.122  -11.301  13.832 0.0000000000
153455  55.206  -11.659  14.349 0.0000000000
153456  56.089  -11.325  13.751 0.0000000000
153457  55.686  -11.634  14.326 0.0000000000
153465  57.224  -11.708  15.734 0.0000000000
153524  56.999  -6.003  11.002 0.0000000000
153525  57.274  -6.665  10.925 0.0000000000
153526  57.547  -7.320  10.923 0.0000000000
153527  57.812  -7.943  11.003 0.0000000000
153528  58.518  -7.252  10.677 0.0000000000
153529  58.327  -7.936  10.888 0.0000000000
153530  58.057  -8.534  11.169 0.0000000000
153531  58.345  -9.041  11.383 0.0000000000
153532  58.588  -9.541  11.659 0.0000000000
153533  58.783  -10.004  12.012 0.0000000000
153534  60.523  -7.036  10.287 0.0000000000
153535  60.386  -7.727  10.483 0.0000000000
153536  60.201  -8.329  10.727 0.0000000000
153537  61.035  -8.820  10.950 0.0000000000
153538  60.506  -8.854  11.004 0.0000000000
153539  59.939  -8.893  11.104 0.0000000000
153540  59.650  -9.442  11.540 0.0000000000
153541  59.329  -9.956  11.993 0.0000000000
153542  58.977  -10.420  12.483 0.0000000000
153543  59.124  -10.779  13.049 0.0000000000
153544  59.213  -11.061  13.676 0.0000000000
153545  59.284  -11.249  14.341 0.0000000000
153546  60.348  -10.906  13.585 0.0000000000
153547  59.880  -11.152  14.274 0.0000000000
153548  59.397  -11.325  14.991 0.0000000000
153549  59.436  -11.381  15.666 0.0000000000
153550  59.435  -11.480  16.377 0.0000000000
153553  60.397  -11.715  17.186 0.0000000000
153554  60.908  -11.804  17.223 0.0000000000
153555  61.543  -11.334  15.736 0.0000000000
153556  61.487  -11.534  16.519 0.0000000000
153557  61.379  -11.890  17.243 0.0000000000
153558  61.837  -12.000  17.310 0.0000000000
153559  62.262  -12.168  17.484 0.0000000000
153560  62.660  -12.298  17.670 0.0000000000
153561  63.187  -10.333  13.507 0.0000000000
153562  63.269  -10.666  14.227 0.0000000000
153563  63.317  -10.978  14.948 0.0000000000
153564  63.906  -10.562  14.853 0.0000000000
153565  63.679  -10.974  15.250 0.0000000000
153566  63.321  -11.281  15.677 0.0000000000
153567  63.216  -11.575  16.447 0.0000000000
153568  63.137  -11.946  17.149 0.0000000000
153569  63.013  -12.420  17.863 0.0000000000
153570  63.312  -12.491  18.134 0.0000000000
153571  63.576  -12.538  18.425 0.0000000000
153572  63.790  -12.608  18.751 0.0000000000
153573  64.243  -11.632  17.872 0.0000000000
153574  64.119  -12.111  18.536 0.0000000000
153575  63.918  -12.663  19.178 0.0000000000
153576  63.996  -12.561  19.505 0.0000000000
153577  64.037  -12.463  19.920 0.0000000000
153578  64.032  -12.353  20.347 0.0000000000
153579  62.161  -6.459  12.225 0.0000000000
153580  62.548  -7.098  12.592 0.0000000000
153581  62.977  -7.596  13.175 0.0000000000
153582  62.332  -7.437  13.615 0.0000000000
153583  62.886  -7.655  13.618 0.0000000000
153584  63.394  -7.939  13.771 0.0000000000
153585  63.750  -8.211  14.378 0.0000000000
153586  64.011  -8.522  15.046 0.0000000000
153587  64.186  -8.763  15.822 0.0000000000
153594  63.757  -8.377  16.357 0.0000000000
153595  64.093  -8.660  16.445 0.0000000000
153596  64.331  -9.066  16.550 0.0000000000
153597  64.461  -9.405  17.231 0.0000000000
153598  64.572  -9.778  17.897 0.0000000000
153599  64.561  -10.188  18.575 0.0000000000
153600  64.438  -9.454  19.136 0.0000000000
153601  64.516  -10.049  19.199 0.0000000000
153602  64.499  -10.673  19.210 0.0000000000
153603  64.386  -11.188  19.784 0.0000000000
153604  64.215  -11.699  20.295 0.0000000000
153605  63.959  -12.185  20.794 0.0000000000
153606  63.863  -12.000  21.245 0.0000000000
153607  63.754  -11.792  21.793 0.0000000000
153608  63.640  -11.512  22.341 0.0000000000
