#!ascii label  , from subject fsaverage vox2ras=TkReg
897
268  9.497  53.358  -21.119 0.0000000000
512  13.741  32.193  -23.188 0.0000000000
529  9.364  41.062  -20.048 0.0000000000
530  8.231  28.532  -22.229 0.0000000000
1125  14.058  36.991  -24.598 0.0000000000
1166  9.594  46.873  -19.952 0.0000000000
1167  12.813  42.176  -22.432 0.0000000000
1168  13.519  37.039  -19.478 0.0000000000
1191  5.424  30.997  -23.874 0.0000000000
2180  15.121  28.013  -18.680 0.0000000000
2232  8.851  35.340  -21.426 0.0000000000
2233  12.802  32.169  -17.871 0.0000000000
2234  11.705  26.627  -16.755 0.0000000000
3045  14.913  39.401  -23.568 0.0000000000
3086  12.747  44.836  -23.478 0.0000000000
3087  13.738  42.032  -23.912 0.0000000000
3088  13.210  39.508  -23.800 0.0000000000
4815  14.695  29.992  -20.782 0.0000000000
4816  14.062  26.737  -22.276 0.0000000000
4817  13.471  28.711  -24.040 0.0000000000
4937  6.985  51.718  -20.817 0.0000000000
4938  9.514  43.895  -19.839 0.0000000000
4939  6.469  45.634  -21.277 0.0000000000
4940  6.440  42.911  -21.917 0.0000000000
4942  6.375  40.069  -22.942 0.0000000000
4943  6.413  36.864  -23.622 0.0000000000
4944  9.116  38.246  -20.633 0.0000000000
4945  14.257  34.737  -21.093 0.0000000000
4946  13.290  34.628  -18.579 0.0000000000
4947  14.575  32.500  -19.236 0.0000000000
4948  14.318  30.248  -17.833 0.0000000000
5016  10.275  27.719  -18.852 0.0000000000
6633  13.430  34.700  -24.705 0.0000000000
6634  13.693  31.187  -25.151 0.0000000000
6635  14.487  33.765  -25.213 0.0000000000
6705  12.030  50.236  -21.564 0.0000000000
6706  9.550  50.015  -20.622 0.0000000000
6707  11.823  47.334  -22.030 0.0000000000
6708  11.947  44.639  -20.650 0.0000000000
6709  11.900  41.894  -19.566 0.0000000000
6710  11.692  39.204  -19.117 0.0000000000
6711  13.340  39.561  -20.708 0.0000000000
6712  13.533  37.006  -22.826 0.0000000000
6753  6.378  29.521  -24.219 0.0000000000
9104  15.065  25.896  -16.751 0.0000000000
9109  14.105  27.916  -25.116 0.0000000000
9252  6.550  48.414  -20.905 0.0000000000
9259  6.415  33.197  -24.197 0.0000000000
9260  8.564  32.016  -21.919 0.0000000000
9261  11.427  36.489  -19.000 0.0000000000
9262  11.082  33.828  -18.939 0.0000000000
9263  10.598  30.861  -19.017 0.0000000000
9264  12.227  29.515  -17.319 0.0000000000
9265  13.826  27.868  -16.598 0.0000000000
10766  14.209  43.350  -23.201 0.0000000000
12495  14.215  31.033  -22.043 0.0000000000
12496  13.957  29.374  -22.636 0.0000000000
12497  13.580  30.483  -23.665 0.0000000000
12615  8.171  54.104  -20.651 0.0000000000
12616  7.130  53.194  -20.438 0.0000000000
12617  8.012  52.653  -21.055 0.0000000000
12618  9.392  42.459  -19.926 0.0000000000
12619  7.826  43.417  -20.888 0.0000000000
12620  7.851  42.038  -21.130 0.0000000000
12621  6.529  41.532  -22.357 0.0000000000
12622  7.805  40.584  -21.500 0.0000000000
12623  7.644  39.149  -21.998 0.0000000000
12624  9.252  39.670  -20.289 0.0000000000
12625  14.090  33.479  -22.158 0.0000000000
12626  14.512  33.626  -20.113 0.0000000000
12627  14.518  32.393  -20.987 0.0000000000
12628  14.768  31.335  -19.913 0.0000000000
12692  7.489  27.047  -23.173 0.0000000000
12695  9.568  26.402  -19.713 0.0000000000
12696  9.354  28.165  -20.405 0.0000000000
14895  13.697  35.855  -24.862 0.0000000000
14896  13.848  34.237  -25.160 0.0000000000
14897  14.345  35.449  -24.906 0.0000000000
15015  12.839  48.830  -22.006 0.0000000000
15016  11.960  48.746  -22.195 0.0000000000
15017  12.546  47.415  -22.578 0.0000000000
15018  12.588  43.497  -23.401 0.0000000000
15019  12.306  44.804  -22.413 0.0000000000
15020  12.510  43.507  -21.608 0.0000000000
15021  11.993  43.276  -20.028 0.0000000000
15022  12.723  42.095  -20.671 0.0000000000
15023  12.773  40.764  -19.997 0.0000000000
15024  13.109  40.864  -21.552 0.0000000000
15025  13.617  38.256  -24.248 0.0000000000
15026  13.283  38.287  -23.373 0.0000000000
15027  13.402  37.007  -24.303 0.0000000000
15028  13.384  35.807  -23.964 0.0000000000
15092  5.270  29.603  -23.498 0.0000000000
15094  5.650  28.704  -23.976 0.0000000000
15095  6.091  28.075  -24.139 0.0000000000
15096  5.927  30.251  -24.190 0.0000000000
20205  15.153  27.023  -17.711 0.0000000000
20207  15.246  26.512  -18.964 0.0000000000
20208  13.540  26.083  -23.685 0.0000000000
20213  14.342  30.718  -25.214 0.0000000000
20214  13.893  29.462  -25.151 0.0000000000
20573  9.618  48.401  -20.246 0.0000000000
20574  7.952  49.336  -20.604 0.0000000000
20575  7.851  47.791  -20.508 0.0000000000
20590  7.496  36.102  -22.888 0.0000000000
20591  6.410  35.120  -24.028 0.0000000000
20592  7.432  34.369  -23.220 0.0000000000
20593  7.353  32.553  -23.395 0.0000000000
20594  8.772  33.707  -21.642 0.0000000000
20595  12.664  38.163  -19.123 0.0000000000
20596  11.546  37.897  -19.054 0.0000000000
20597  12.547  36.869  -18.890 0.0000000000
20598  13.081  33.425  -18.222 0.0000000000
20599  12.206  34.344  -18.449 0.0000000000
20600  11.927  33.000  -18.281 0.0000000000
20601  10.853  32.393  -18.960 0.0000000000
20602  11.657  31.635  -18.161 0.0000000000
20603  11.431  30.199  -18.046 0.0000000000
20604  12.526  30.858  -17.577 0.0000000000
20605  14.840  29.210  -18.173 0.0000000000
20606  14.108  29.111  -17.191 0.0000000000
20607  14.715  28.086  -17.342 0.0000000000
20608  14.521  26.912  -16.578 0.0000000000
23914  14.866  36.619  -24.326 0.0000000000
23985  14.044  45.961  -22.031 0.0000000000
23986  13.028  46.155  -22.953 0.0000000000
23988  13.180  43.489  -23.931 0.0000000000
23989  12.935  42.074  -23.799 0.0000000000
23990  12.979  40.793  -23.218 0.0000000000
23991  13.347  40.749  -24.039 0.0000000000
23992  13.849  39.455  -24.202 0.0000000000
27099  14.996  29.007  -19.688 0.0000000000
27100  14.891  27.435  -20.249 0.0000000000
27101  14.437  28.359  -21.482 0.0000000000
27102  13.631  27.635  -23.261 0.0000000000
27103  13.433  27.189  -24.373 0.0000000000
27318  6.500  52.158  -20.064 0.0000000000
27320  9.587  45.364  -19.824 0.0000000000
27321  7.805  46.300  -20.603 0.0000000000
27322  7.899  44.849  -20.674 0.0000000000
27323  6.486  44.267  -21.466 0.0000000000
27326  5.729  42.238  -22.186 0.0000000000
27327  5.623  40.796  -22.821 0.0000000000
27328  5.660  39.218  -23.190 0.0000000000
27329  5.740  37.553  -23.591 0.0000000000
27330  6.366  38.545  -23.313 0.0000000000
27331  7.463  37.706  -22.546 0.0000000000
27332  8.989  36.843  -21.021 0.0000000000
27333  14.053  35.949  -20.097 0.0000000000
27334  13.437  35.897  -19.020 0.0000000000
27335  14.136  34.777  -19.429 0.0000000000
27336  14.080  33.690  -18.825 0.0000000000
27337  13.886  32.414  -18.243 0.0000000000
27338  13.609  31.276  -17.738 0.0000000000
27339  14.450  31.436  -18.487 0.0000000000
27340  14.871  30.276  -19.041 0.0000000000
27462  10.979  27.175  -17.694 0.0000000000
30837  13.423  33.405  -24.179 0.0000000000
30838  13.390  31.645  -24.523 0.0000000000
30839  13.522  32.997  -24.992 0.0000000000
30840  14.041  32.492  -25.323 0.0000000000
30841  14.894  32.061  -24.990 0.0000000000
30842  15.145  35.002  -24.527 0.0000000000
31005  10.945  51.846  -21.277 0.0000000000
31006  9.493  51.693  -21.055 0.0000000000
31007  11.017  50.171  -21.356 0.0000000000
31008  11.060  48.665  -21.082 0.0000000000
31009  10.994  47.245  -20.540 0.0000000000
31010  12.282  46.057  -22.821 0.0000000000
31011  11.845  45.963  -21.304 0.0000000000
31012  10.962  45.804  -20.025 0.0000000000
31013  10.893  44.381  -19.692 0.0000000000
31014  10.739  42.942  -19.526 0.0000000000
31015  10.710  41.483  -19.393 0.0000000000
31016  10.581  40.168  -19.420 0.0000000000
31017  11.796  40.529  -19.263 0.0000000000
31018  12.785  39.449  -19.491 0.0000000000
31019  13.472  38.258  -20.082 0.0000000000
31020  13.249  39.522  -22.491 0.0000000000
31021  13.561  38.250  -21.748 0.0000000000
31022  13.863  37.068  -20.915 0.0000000000
31023  13.877  35.855  -22.038 0.0000000000
31024  13.630  34.643  -23.271 0.0000000000
31118  6.627  27.401  -23.929 0.0000000000
31119  7.144  28.878  -23.644 0.0000000000
33394  8.528  55.240  -19.924 0.0000000000
33395  9.742  54.543  -20.594 0.0000000000
33404  10.971  53.330  -20.879 0.0000000000
33405  12.092  51.672  -20.813 0.0000000000
33406  12.987  50.129  -20.835 0.0000000000
37561  14.771  25.829  -20.760 0.0000000000
37567  13.496  29.946  -24.681 0.0000000000
37568  13.554  28.321  -24.802 0.0000000000
37569  13.761  26.779  -24.908 0.0000000000
37998  7.975  51.073  -20.944 0.0000000000
37999  6.866  50.082  -20.882 0.0000000000
38001  6.454  46.958  -21.102 0.0000000000
38019  5.770  35.778  -23.975 0.0000000000
38020  5.770  33.964  -24.241 0.0000000000
38021  5.822  32.032  -24.269 0.0000000000
38022  6.425  31.359  -24.242 0.0000000000
38023  7.227  30.698  -23.576 0.0000000000
38024  8.369  30.221  -22.123 0.0000000000
38025  10.455  38.813  -19.509 0.0000000000
38026  10.340  37.404  -19.652 0.0000000000
38027  10.214  36.063  -19.861 0.0000000000
38028  12.415  35.599  -18.648 0.0000000000
38029  11.238  35.212  -18.987 0.0000000000
38030  10.114  34.584  -19.977 0.0000000000
38031  9.932  33.102  -20.130 0.0000000000
38032  9.698  31.482  -20.297 0.0000000000
38033  9.539  29.809  -20.402 0.0000000000
38034  10.406  29.332  -19.041 0.0000000000
38035  11.243  28.657  -17.862 0.0000000000
38036  11.964  28.056  -17.034 0.0000000000
38037  13.349  30.005  -17.238 0.0000000000
38038  13.059  28.698  -16.820 0.0000000000
38039  12.766  27.301  -16.393 0.0000000000
38040  13.563  26.504  -16.016 0.0000000000
41488  15.266  41.320  -22.690 0.0000000000
43215  13.967  31.556  -22.658 0.0000000000
43216  13.873  30.732  -22.900 0.0000000000
43217  13.641  31.353  -23.439 0.0000000000
43335  8.757  53.806  -20.966 0.0000000000
43336  8.020  53.449  -20.987 0.0000000000
43337  8.682  53.045  -21.099 0.0000000000
43338  9.387  41.753  -19.957 0.0000000000
43339  8.640  42.231  -20.442 0.0000000000
43340  8.650  41.531  -20.537 0.0000000000
43341  7.804  41.311  -21.342 0.0000000000
43342  8.610  40.816  -20.697 0.0000000000
43343  8.595  40.148  -20.819 0.0000000000
43344  9.351  40.343  -20.067 0.0000000000
43345  13.941  32.863  -22.696 0.0000000000
43346  14.341  32.918  -21.591 0.0000000000
43347  14.170  32.259  -22.106 0.0000000000
43348  14.421  31.729  -21.492 0.0000000000
43412  7.833  27.790  -22.739 0.0000000000
43413  8.011  26.880  -22.380 0.0000000000
43414  8.392  27.637  -21.893 0.0000000000
43415  8.945  27.459  -20.950 0.0000000000
43416  8.825  28.376  -21.318 0.0000000000
45615  13.885  36.411  -24.717 0.0000000000
45616  14.018  35.662  -24.911 0.0000000000
45617  14.234  36.225  -24.770 0.0000000000
45735  13.168  48.106  -22.044 0.0000000000
45736  12.724  48.132  -22.333 0.0000000000
45737  12.980  47.444  -22.425 0.0000000000
45738  12.678  42.821  -22.918 0.0000000000
45739  12.549  43.501  -22.634 0.0000000000
45740  12.684  42.850  -22.031 0.0000000000
45741  12.644  42.814  -21.087 0.0000000000
45742  12.833  42.166  -21.524 0.0000000000
45743  12.972  41.523  -21.085 0.0000000000
45744  12.949  41.513  -22.012 0.0000000000
45745  13.824  37.630  -24.429 0.0000000000
45746  13.515  37.640  -24.237 0.0000000000
45747  13.689  36.979  -24.504 0.0000000000
45748  13.557  36.400  -24.562 0.0000000000
45812  5.357  30.312  -23.691 0.0000000000
45813  5.469  29.108  -23.788 0.0000000000
45814  5.547  29.825  -23.938 0.0000000000
45815  5.759  29.428  -24.116 0.0000000000
45816  5.660  30.584  -24.074 0.0000000000
50925  15.130  27.538  -18.185 0.0000000000
50926  15.264  26.781  -18.243 0.0000000000
50927  15.187  27.288  -18.797 0.0000000000
50928  13.507  25.844  -24.143 0.0000000000
50929  13.546  25.322  -23.767 0.0000000000
50930  13.549  25.107  -24.196 0.0000000000
50933  14.818  30.590  -24.989 0.0000000000
50934  14.496  29.938  -25.140 0.0000000000
50935  14.997  29.787  -24.894 0.0000000000
51293  9.576  47.632  -20.065 0.0000000000
51294  8.766  48.097  -20.263 0.0000000000
51295  8.750  47.325  -20.172 0.0000000000
51310  8.187  35.668  -22.154 0.0000000000
51311  7.485  35.236  -23.040 0.0000000000
51312  8.143  34.843  -22.332 0.0000000000
51313  8.095  34.017  -22.449 0.0000000000
51314  8.815  34.539  -21.539 0.0000000000
51315  13.092  37.618  -19.292 0.0000000000
51316  12.590  37.525  -19.015 0.0000000000
51317  13.042  37.058  -19.071 0.0000000000
51318  12.956  32.832  -18.045 0.0000000000
51319  12.502  33.241  -18.174 0.0000000000
51320  12.367  32.586  -18.008 0.0000000000
51321  11.789  32.306  -18.192 0.0000000000
51322  12.206  31.923  -17.933 0.0000000000
51323  12.065  31.275  -17.832 0.0000000000
51324  12.646  31.523  -17.688 0.0000000000
51325  14.987  28.611  -18.423 0.0000000000
51326  14.778  28.652  -17.755 0.0000000000
51327  14.984  28.107  -17.938 0.0000000000
51328  14.943  27.562  -17.504 0.0000000000
51527  11.355  26.092  -16.886 0.0000000000
51531  12.092  26.280  -16.344 0.0000000000
55215  14.616  38.825  -24.010 0.0000000000
55216  14.862  38.050  -23.958 0.0000000000
55217  15.136  38.591  -23.516 0.0000000000
55219  16.240  38.074  -22.132 0.0000000000
55336  13.812  45.332  -22.791 0.0000000000
55337  14.138  44.676  -22.701 0.0000000000
55338  13.975  42.704  -23.664 0.0000000000
55339  13.654  43.405  -23.699 0.0000000000
55340  13.443  42.728  -23.958 0.0000000000
55341  13.031  42.776  -23.941 0.0000000000
55342  13.273  42.039  -23.994 0.0000000000
55343  13.148  41.411  -23.886 0.0000000000
55344  13.505  41.400  -24.041 0.0000000000
55346  14.057  39.999  -24.102 0.0000000000
55347  14.331  39.429  -24.036 0.0000000000
55348  14.080  38.869  -24.267 0.0000000000
60525  14.857  29.502  -20.213 0.0000000000
60526  14.788  28.687  -20.533 0.0000000000
60527  14.617  29.165  -21.081 0.0000000000
60528  13.587  28.993  -23.482 0.0000000000
60529  13.770  28.480  -23.003 0.0000000000
60530  13.514  28.147  -23.698 0.0000000000
60531  13.448  27.398  -23.904 0.0000000000
60532  13.404  27.903  -24.244 0.0000000000
60888  7.068  52.472  -20.695 0.0000000000
60889  6.778  52.700  -20.241 0.0000000000
60890  6.659  51.930  -20.541 0.0000000000
60891  6.347  51.316  -20.335 0.0000000000
60892  6.563  51.134  -20.664 0.0000000000
60893  9.518  44.656  -19.856 0.0000000000
60894  8.691  45.164  -20.175 0.0000000000
60895  8.716  44.400  -20.211 0.0000000000
60896  7.061  43.178  -21.482 0.0000000000
60897  7.041  43.883  -21.311 0.0000000000
60898  6.458  43.566  -21.671 0.0000000000
60899  6.069  43.894  -21.578 0.0000000000
60900  6.050  43.242  -21.813 0.0000000000
60902  6.007  42.611  -22.146 0.0000000000
60903  6.442  40.807  -22.640 0.0000000000
60904  6.006  41.240  -22.729 0.0000000000
60905  5.964  40.459  -22.950 0.0000000000
60906  5.628  40.013  -23.010 0.0000000000
60907  5.964  39.671  -23.156 0.0000000000
60908  5.980  38.904  -23.347 0.0000000000
60909  6.395  39.289  -23.112 0.0000000000
60910  8.399  38.677  -21.318 0.0000000000
60911  7.532  38.440  -22.294 0.0000000000
60912  8.327  37.965  -21.535 0.0000000000
60913  8.248  37.232  -21.781 0.0000000000
60914  9.047  37.549  -20.836 0.0000000000
60915  14.215  35.370  -20.536 0.0000000000
60916  14.104  35.353  -19.775 0.0000000000
60917  14.307  34.781  -20.144 0.0000000000
60918  14.575  33.058  -19.676 0.0000000000
60919  14.403  33.627  -19.355 0.0000000000
60920  14.363  33.115  -19.049 0.0000000000
60921  14.002  33.067  -18.560 0.0000000000
60922  14.300  32.574  -18.679 0.0000000000
60923  14.187  31.950  -18.360 0.0000000000
60924  14.510  31.974  -18.872 0.0000000000
60925  14.763  30.680  -20.343 0.0000000000
60926  14.820  30.781  -19.455 0.0000000000
60927  14.905  30.152  -19.782 0.0000000000
60928  14.950  29.641  -19.350 0.0000000000
61127  9.952  27.066  -19.236 0.0000000000
61128  10.000  26.228  -18.967 0.0000000000
61129  10.320  26.847  -18.588 0.0000000000
61131  10.638  27.474  -18.262 0.0000000000
67725  13.404  34.071  -24.490 0.0000000000
67726  13.386  33.203  -24.673 0.0000000000
67727  13.481  33.869  -24.874 0.0000000000
67728  14.131  33.982  -25.250 0.0000000000
67729  13.907  33.362  -25.302 0.0000000000
67730  14.264  33.133  -25.287 0.0000000000
67731  14.427  32.271  -25.268 0.0000000000
67732  14.699  32.915  -25.119 0.0000000000
67734  15.025  35.817  -24.425 0.0000000000
68085  11.536  50.995  -21.388 0.0000000000
68086  10.953  51.012  -21.352 0.0000000000
68087  11.532  50.196  -21.651 0.0000000000
68088  11.873  48.013  -22.173 0.0000000000
68089  11.564  48.625  -21.758 0.0000000000
68090  11.508  47.958  -21.591 0.0000000000
68091  11.036  47.975  -20.791 0.0000000000
68092  11.499  47.282  -21.231 0.0000000000
68093  12.857  45.507  -23.273 0.0000000000
68094  12.605  46.120  -23.008 0.0000000000
68095  12.509  45.466  -23.131 0.0000000000
68096  12.199  44.762  -21.479 0.0000000000
68097  12.104  45.384  -21.876 0.0000000000
68098  11.900  45.311  -20.923 0.0000000000
68099  11.483  45.888  -20.551 0.0000000000
68100  11.504  45.187  -20.227 0.0000000000
68101  10.933  45.124  -19.814 0.0000000000
68102  11.497  44.510  -20.036 0.0000000000
68103  11.944  42.577  -19.765 0.0000000000
68104  11.447  43.111  -19.631 0.0000000000
68105  11.370  42.444  -19.512 0.0000000000
68106  10.764  42.237  -19.459 0.0000000000
68107  11.333  41.748  -19.371 0.0000000000
68108  11.241  41.010  -19.322 0.0000000000
68109  11.832  41.219  -19.415 0.0000000000
68110  13.104  40.206  -20.317 0.0000000000
68111  12.779  40.089  -19.713 0.0000000000
68112  13.141  39.531  -19.994 0.0000000000
68113  13.168  38.881  -19.736 0.0000000000
68114  13.438  38.918  -20.329 0.0000000000
68115  13.089  40.098  -23.500 0.0000000000
68116  13.095  40.133  -22.870 0.0000000000
68117  13.136  39.499  -23.237 0.0000000000
68118  13.385  37.635  -23.132 0.0000000000
68119  13.417  38.231  -22.628 0.0000000000
68120  13.573  37.609  -22.288 0.0000000000
68121  13.740  37.668  -21.347 0.0000000000
68122  13.758  37.028  -21.862 0.0000000000
68123  13.963  36.473  -21.392 0.0000000000
68124  13.680  36.423  -22.486 0.0000000000
68125  13.396  35.265  -24.374 0.0000000000
68126  13.453  35.256  -23.687 0.0000000000
68127  13.395  34.689  -24.158 0.0000000000
68128  13.496  34.035  -23.797 0.0000000000
68327  6.203  28.751  -24.192 0.0000000000
68328  6.346  27.699  -24.085 0.0000000000
68329  6.510  28.381  -24.094 0.0000000000
68330  6.863  28.143  -23.854 0.0000000000
68331  6.729  29.153  -24.043 0.0000000000
73481  8.748  55.791  -19.475 0.0000000000
73483  9.147  54.887  -20.250 0.0000000000
73506  11.064  53.979  -20.536 0.0000000000
73507  11.600  53.178  -20.483 0.0000000000
73508  11.544  52.522  -20.869 0.0000000000
83663  14.544  27.067  -21.205 0.0000000000
83664  14.833  26.616  -20.495 0.0000000000
83665  14.404  26.280  -21.526 0.0000000000
83667  14.192  24.721  -21.971 0.0000000000
83678  13.511  31.419  -24.907 0.0000000000
83679  13.436  30.787  -24.618 0.0000000000
83680  13.528  30.564  -24.989 0.0000000000
83681  13.990  28.709  -25.131 0.0000000000
83682  13.727  28.895  -24.987 0.0000000000
83683  13.772  28.120  -25.035 0.0000000000
83684  13.655  27.530  -24.868 0.0000000000
83685  13.909  27.306  -25.037 0.0000000000
83692  14.168  25.851  -24.918 0.0000000000
84758  9.534  50.868  -20.860 0.0000000000
84759  8.697  51.440  -20.971 0.0000000000
84760  8.693  50.627  -20.749 0.0000000000
84761  7.201  48.922  -20.791 0.0000000000
84762  7.339  49.747  -20.826 0.0000000000
84763  6.747  49.236  -20.852 0.0000000000
84764  6.381  49.503  -20.773 0.0000000000
84765  6.243  48.688  -20.811 0.0000000000
84766  7.032  45.986  -21.035 0.0000000000
84767  7.021  46.682  -20.956 0.0000000000
84768  6.414  46.331  -21.215 0.0000000000
84810  6.051  37.203  -23.681 0.0000000000
84811  5.764  36.715  -23.805 0.0000000000
84812  6.052  36.329  -23.861 0.0000000000
84813  6.391  34.200  -24.169 0.0000000000
84814  6.051  34.557  -24.215 0.0000000000
84815  6.058  33.594  -24.292 0.0000000000
84816  5.785  33.002  -24.279 0.0000000000
84817  6.090  32.602  -24.310 0.0000000000
84818  6.108  31.680  -24.294 0.0000000000
84819  6.412  32.277  -24.253 0.0000000000
84820  7.950  32.280  -22.700 0.0000000000
84821  7.293  31.638  -23.484 0.0000000000
84822  7.864  31.370  -22.804 0.0000000000
84823  7.756  30.432  -22.933 0.0000000000
84824  8.457  31.130  -22.023 0.0000000000
84825  11.137  39.673  -19.256 0.0000000000
84826  10.524  39.481  -19.442 0.0000000000
84827  11.063  39.031  -19.241 0.0000000000
84828  11.489  37.195  -19.016 0.0000000000
84829  10.946  37.647  -19.264 0.0000000000
84830  10.892  36.932  -19.256 0.0000000000
84831  10.284  36.761  -19.735 0.0000000000
84832  10.831  36.302  -19.335 0.0000000000
84833  13.371  35.243  -18.806 0.0000000000
84834  12.992  35.723  -18.742 0.0000000000
84835  12.873  35.109  -18.583 0.0000000000
84836  11.638  34.104  -18.613 0.0000000000
84837  11.744  34.803  -18.646 0.0000000000
84838  11.173  34.516  -18.933 0.0000000000
84839  10.676  34.910  -19.401 0.0000000000
84840  10.615  34.228  -19.408 0.0000000000
84841  10.022  33.867  -20.070 0.0000000000
84842  10.518  33.513  -19.454 0.0000000000
84843  10.730  31.628  -18.990 0.0000000000
84844  10.293  31.982  -19.548 0.0000000000
84845  10.194  31.190  -19.606 0.0000000000
84846  9.636  30.649  -20.348 0.0000000000
84847  10.092  30.405  -19.643 0.0000000000
84848  9.989  29.575  -19.694 0.0000000000
84849  10.499  30.087  -19.049 0.0000000000
84850  11.824  29.880  -17.656 0.0000000000
84851  11.327  29.437  -17.976 0.0000000000
84852  11.700  29.164  -17.574 0.0000000000
84853  11.599  28.378  -17.428 0.0000000000
84854  12.085  28.805  -17.188 0.0000000000
84855  13.974  30.767  -17.757 0.0000000000
84856  13.481  30.681  -17.485 0.0000000000
84857  13.872  30.184  -17.474 0.0000000000
84858  13.979  28.511  -16.885 0.0000000000
84859  13.596  28.971  -16.938 0.0000000000
84860  13.448  28.324  -16.664 0.0000000000
84861  12.905  27.994  -16.577 0.0000000000
84862  13.302  27.614  -16.422 0.0000000000
84863  13.178  26.927  -16.160 0.0000000000
84864  13.679  27.175  -16.286 0.0000000000
84865  14.831  26.404  -16.675 0.0000000000
84866  14.430  26.300  -16.215 0.0000000000
84867  14.726  25.820  -16.235 0.0000000000
93033  15.265  39.991  -23.053 0.0000000000
93109  14.291  42.002  -23.567 0.0000000000
93110  13.955  41.379  -23.922 0.0000000000
96219  14.482  30.514  -21.408 0.0000000000
96220  14.366  29.682  -21.690 0.0000000000
96221  14.101  30.200  -22.328 0.0000000000
96222  13.751  29.889  -23.162 0.0000000000
96223  13.523  29.586  -23.853 0.0000000000
96435  7.671  54.385  -20.255 0.0000000000
96437  7.572  53.676  -20.587 0.0000000000
96438  7.513  52.961  -20.943 0.0000000000
96439  7.463  52.212  -20.959 0.0000000000
96440  9.450  43.177  -19.886 0.0000000000
96441  8.676  43.649  -20.267 0.0000000000
96442  8.633  42.937  -20.347 0.0000000000
96443  7.844  42.714  -20.978 0.0000000000
96444  7.057  42.517  -21.660 0.0000000000
96445  6.507  42.240  -22.100 0.0000000000
96446  7.095  41.830  -21.843 0.0000000000
96447  7.068  41.072  -22.075 0.0000000000
96448  7.004  40.339  -22.327 0.0000000000
96449  6.967  39.617  -22.568 0.0000000000
96450  7.726  39.886  -21.741 0.0000000000
96451  8.480  39.409  -21.073 0.0000000000
96452  9.178  38.932  -20.455 0.0000000000
96453  14.230  34.097  -21.617 0.0000000000
96454  14.399  34.166  -20.613 0.0000000000
96455  14.398  33.550  -21.082 0.0000000000
96456  14.576  33.047  -20.499 0.0000000000
96457  14.660  32.500  -19.982 0.0000000000
96458  14.684  31.932  -19.544 0.0000000000
96459  14.664  31.880  -20.406 0.0000000000
96460  14.602  31.197  -20.916 0.0000000000
96580  9.061  26.579  -20.580 0.0000000000
96581  9.481  27.274  -20.029 0.0000000000
96582  9.831  27.941  -19.600 0.0000000000
100539  13.560  35.280  -24.783 0.0000000000
100540  13.617  34.484  -24.970 0.0000000000
100541  13.800  35.082  -24.995 0.0000000000
100542  14.061  34.835  -25.135 0.0000000000
100543  14.394  34.608  -25.088 0.0000000000
100755  12.447  49.559  -21.848 0.0000000000
100756  11.997  49.497  -21.960 0.0000000000
100757  12.378  48.840  -22.249 0.0000000000
100758  12.267  48.091  -22.412 0.0000000000
100759  12.121  47.379  -22.504 0.0000000000
100760  12.650  44.176  -23.474 0.0000000000
100761  12.439  44.820  -23.123 0.0000000000
100762  12.469  44.162  -22.903 0.0000000000
100763  12.389  44.151  -22.072 0.0000000000
100764  12.292  44.115  -21.079 0.0000000000
100765  12.003  43.967  -20.286 0.0000000000
100766  12.343  43.431  -20.706 0.0000000000
100767  12.441  42.712  -20.275 0.0000000000
100768  12.404  42.002  -19.998 0.0000000000
100769  12.385  41.346  -19.720 0.0000000000
100770  12.790  41.417  -20.285 0.0000000000
100771  13.032  40.845  -20.704 0.0000000000
100772  13.265  40.212  -21.118 0.0000000000
100773  13.416  38.906  -24.007 0.0000000000
100774  13.249  38.911  -23.564 0.0000000000
100775  13.335  38.299  -23.948 0.0000000000
100776  13.351  37.650  -23.810 0.0000000000
100777  13.358  36.990  -23.671 0.0000000000
100778  13.434  36.402  -23.425 0.0000000000
100779  13.388  36.395  -24.139 0.0000000000
100780  13.425  35.807  -24.563 0.0000000000
100895  5.304  27.841  -23.307 0.0000000000
100896  5.384  28.492  -23.549 0.0000000000
100897  5.552  28.053  -23.795 0.0000000000
100900  5.854  28.366  -24.111 0.0000000000
100901  5.978  29.124  -24.188 0.0000000000
100902  6.127  29.882  -24.240 0.0000000000
110097  15.132  26.470  -17.271 0.0000000000
110098  15.292  25.744  -17.212 0.0000000000
110099  15.291  26.266  -17.766 0.0000000000
110100  15.356  26.021  -18.362 0.0000000000
110101  15.307  25.748  -19.115 0.0000000000
110102  13.715  26.375  -23.074 0.0000000000
110103  13.961  25.949  -22.500 0.0000000000
110111  13.965  30.938  -25.259 0.0000000000
110112  13.815  30.301  -25.119 0.0000000000
110113  14.129  30.091  -25.183 0.0000000000
110114  14.235  29.337  -25.179 0.0000000000
110759  9.613  49.219  -20.384 0.0000000000
110760  8.723  49.734  -20.529 0.0000000000
110761  8.788  48.881  -20.371 0.0000000000
110762  7.920  48.556  -20.551 0.0000000000
110763  7.136  48.126  -20.794 0.0000000000
110764  6.100  45.238  -21.289 0.0000000000
110765  6.032  45.894  -21.265 0.0000000000
110790  6.882  36.509  -23.385 0.0000000000
110791  6.413  35.994  -23.825 0.0000000000
110792  6.884  35.627  -23.599 0.0000000000
110793  6.861  34.748  -23.759 0.0000000000
110794  6.847  33.787  -23.850 0.0000000000
110795  6.818  32.866  -23.928 0.0000000000
110796  7.392  33.477  -23.307 0.0000000000
110797  8.019  33.165  -22.593 0.0000000000
110798  8.666  32.869  -21.786 0.0000000000
110799  12.201  38.692  -19.094 0.0000000000
110800  11.613  38.551  -19.078 0.0000000000
110801  12.114  38.039  -18.981 0.0000000000
110802  12.055  37.380  -18.929 0.0000000000
110803  11.991  36.701  -18.859 0.0000000000
110804  13.184  34.025  -18.386 0.0000000000
110805  12.763  34.509  -18.430 0.0000000000
110806  12.639  33.882  -18.296 0.0000000000
110807  12.046  33.682  -18.358 0.0000000000
110808  11.516  33.426  -18.555 0.0000000000
110809  10.982  33.124  -18.938 0.0000000000
110810  11.385  32.714  -18.543 0.0000000000
110811  11.251  32.017  -18.524 0.0000000000
110812  11.139  31.289  -18.517 0.0000000000
110813  11.003  30.535  -18.520 0.0000000000
110814  11.550  30.942  -18.104 0.0000000000
110815  11.963  30.567  -17.739 0.0000000000
110816  12.381  30.188  -17.411 0.0000000000
110817  14.598  29.732  -17.970 0.0000000000
110818  14.227  29.683  -17.503 0.0000000000
110819  14.545  29.187  -17.593 0.0000000000
110820  14.440  28.612  -17.242 0.0000000000
110821  14.319  28.020  -16.899 0.0000000000
110822  14.191  27.391  -16.541 0.0000000000
110823  14.623  27.505  -16.945 0.0000000000
110824  14.896  26.986  -17.070 0.0000000000
117237  14.195  37.659  -24.426 0.0000000000
117240  15.113  37.196  -23.937 0.0000000000
117406  13.191  46.802  -22.585 0.0000000000
117407  13.513  46.070  -22.650 0.0000000000
117409  13.135  44.815  -23.528 0.0000000000
117410  13.883  44.048  -23.303 0.0000000000
117411  13.374  44.117  -23.709 0.0000000000
117412  12.961  44.170  -23.748 0.0000000000
117413  12.814  43.528  -23.823 0.0000000000
117414  12.772  42.787  -23.591 0.0000000000
117415  12.774  42.113  -23.279 0.0000000000
117416  12.909  41.490  -22.833 0.0000000000
117417  12.951  41.451  -23.471 0.0000000000
117418  13.070  40.754  -23.731 0.0000000000
117419  13.240  40.080  -23.943 0.0000000000
117420  13.759  40.719  -24.062 0.0000000000
117421  13.553  40.065  -24.185 0.0000000000
117422  13.469  39.489  -24.115 0.0000000000
117423  13.721  38.880  -24.223 0.0000000000
117424  13.942  38.266  -24.341 0.0000000000
117519  5.223  31.378  -23.649 0.0000000000
124671  15.038  28.515  -19.221 0.0000000000
124672  15.080  27.761  -19.404 0.0000000000
124673  14.951  28.239  -19.981 0.0000000000
124674  14.717  27.901  -20.875 0.0000000000
124675  14.258  27.533  -21.843 0.0000000000
124676  14.160  28.856  -22.112 0.0000000000
124677  13.979  28.005  -22.458 0.0000000000
124678  13.840  27.174  -22.767 0.0000000000
124679  13.537  26.847  -23.541 0.0000000000
124680  13.457  26.615  -24.084 0.0000000000
124681  13.517  26.424  -24.448 0.0000000000
125180  6.855  53.437  -19.953 0.0000000000
125182  6.443  52.304  -19.517 0.0000000000
125186  9.620  46.124  -19.880 0.0000000000
125187  8.776  46.575  -20.113 0.0000000000
125188  8.741  45.858  -20.173 0.0000000000
125189  7.820  45.586  -20.657 0.0000000000
125190  7.045  45.279  -21.128 0.0000000000
125191  7.908  44.114  -20.724 0.0000000000
125192  7.111  44.570  -21.148 0.0000000000
125193  6.453  44.985  -21.402 0.0000000000
125194  6.101  44.584  -21.411 0.0000000000
125201  6.064  41.919  -22.374 0.0000000000
125202  5.688  41.528  -22.493 0.0000000000
125207  5.485  37.861  -23.421 0.0000000000
125208  5.667  38.440  -23.413 0.0000000000
125209  6.006  38.080  -23.499 0.0000000000
125210  6.375  37.733  -23.491 0.0000000000
125211  6.842  38.899  -22.891 0.0000000000
125212  6.828  38.146  -23.065 0.0000000000
125213  6.849  37.355  -23.239 0.0000000000
125214  7.495  36.901  -22.688 0.0000000000
125215  8.210  36.431  -21.974 0.0000000000
125216  8.911  36.070  -21.242 0.0000000000
125217  13.818  36.486  -19.769 0.0000000000
125218  13.464  36.467  -19.262 0.0000000000
125219  13.847  35.890  -19.475 0.0000000000
125220  13.800  35.327  -19.208 0.0000000000
125221  13.773  34.755  -18.906 0.0000000000
125222  14.360  34.193  -19.761 0.0000000000
125223  14.111  34.209  -19.132 0.0000000000
125224  13.693  34.156  -18.677 0.0000000000
125225  13.622  33.521  -18.423 0.0000000000
125226  13.527  32.901  -18.213 0.0000000000
125227  13.378  32.339  -17.989 0.0000000000
125228  13.243  31.742  -17.770 0.0000000000
125229  13.751  31.838  -17.983 0.0000000000
125230  14.080  31.348  -18.042 0.0000000000
125231  14.372  30.837  -18.160 0.0000000000
125232  14.716  31.374  -19.096 0.0000000000
125233  14.671  30.841  -18.734 0.0000000000
125234  14.655  30.287  -18.319 0.0000000000
125235  14.846  29.722  -18.606 0.0000000000
125236  15.008  29.126  -18.869 0.0000000000
125519  11.016  26.373  -17.395 0.0000000000
125520  11.339  26.925  -17.205 0.0000000000
134169  13.503  32.773  -23.770 0.0000000000
134170  13.461  31.956  -23.947 0.0000000000
134171  13.405  32.537  -24.336 0.0000000000
134172  13.441  32.309  -24.779 0.0000000000
134173  13.592  32.099  -25.117 0.0000000000
134174  13.648  33.630  -25.134 0.0000000000
134175  13.739  32.749  -25.218 0.0000000000
134176  13.832  31.834  -25.286 0.0000000000
134177  14.184  31.588  -25.279 0.0000000000
134178  14.615  31.378  -25.123 0.0000000000
134179  15.087  31.261  -24.847 0.0000000000
134180  14.618  36.060  -24.653 0.0000000000
134181  14.700  35.236  -24.815 0.0000000000
134182  14.818  34.391  -24.887 0.0000000000
134185  14.975  33.540  -24.902 0.0000000000
134186  15.200  32.690  -24.788 0.0000000000
134625  10.238  52.685  -21.233 0.0000000000
134626  9.460  52.551  -21.188 0.0000000000
134627  10.277  51.855  -21.215 0.0000000000
134628  10.302  50.976  -21.131 0.0000000000
134629  10.353  50.158  -20.910 0.0000000000
134630  11.547  49.411  -21.748 0.0000000000
134631  11.037  49.372  -21.287 0.0000000000
134632  10.400  49.376  -20.742 0.0000000000
134633  10.397  48.604  -20.527 0.0000000000
134634  10.328  47.918  -20.230 0.0000000000
134635  10.336  47.124  -20.098 0.0000000000
134636  12.757  46.749  -22.761 0.0000000000
134637  12.376  46.707  -22.690 0.0000000000
134638  12.067  46.693  -22.333 0.0000000000
134639  12.275  45.422  -22.662 0.0000000000
134640  12.065  46.045  -22.205 0.0000000000
134641  11.806  46.667  -21.693 0.0000000000
134642  11.524  46.554  -20.898 0.0000000000
134643  11.055  46.540  -20.246 0.0000000000
134644  10.363  46.382  -19.896 0.0000000000
134645  10.319  45.668  -19.770 0.0000000000
134646  10.264  44.899  -19.713 0.0000000000
134647  10.217  44.161  -19.645 0.0000000000
134648  11.491  43.819  -19.797 0.0000000000
134649  10.820  43.652  -19.617 0.0000000000
134650  10.150  43.426  -19.652 0.0000000000
134651  10.149  42.713  -19.592 0.0000000000
134652  10.097  41.988  -19.604 0.0000000000
134653  10.049  41.300  -19.621 0.0000000000
134654  9.994  40.673  -19.664 0.0000000000
134655  10.637  40.820  -19.407 0.0000000000
134656  11.195  40.329  -19.267 0.0000000000
134657  11.751  39.849  -19.208 0.0000000000
134658  12.351  40.660  -19.502 0.0000000000
134659  12.317  39.986  -19.343 0.0000000000
134660  12.283  39.343  -19.177 0.0000000000
134661  12.736  38.800  -19.318 0.0000000000
134662  13.143  38.243  -19.493 0.0000000000
134663  13.495  37.647  -19.771 0.0000000000
134664  13.041  40.836  -22.461 0.0000000000
134665  13.201  40.192  -22.045 0.0000000000
134666  13.364  39.541  -21.585 0.0000000000
134667  13.264  38.888  -22.907 0.0000000000
134668  13.410  38.877  -22.110 0.0000000000
134669  13.527  38.907  -21.160 0.0000000000
134670  13.602  38.272  -20.867 0.0000000000
134671  13.719  37.661  -20.465 0.0000000000
134672  13.776  37.084  -20.099 0.0000000000
134673  13.974  36.527  -20.473 0.0000000000
134674  14.078  35.928  -20.959 0.0000000000
134675  14.115  35.303  -21.557 0.0000000000
134676  13.572  35.808  -23.112 0.0000000000
134677  13.751  35.217  -22.721 0.0000000000
134678  13.986  34.665  -22.189 0.0000000000
134679  13.844  34.040  -22.738 0.0000000000
134680  13.697  33.428  -23.259 0.0000000000
134932  6.257  27.075  -24.024 0.0000000000
134935  7.038  27.219  -23.609 0.0000000000
134936  7.288  27.938  -23.431 0.0000000000
134937  7.615  28.700  -23.090 0.0000000000
141332  7.843  55.012  -19.883 0.0000000000
141333  8.371  54.677  -20.304 0.0000000000
141334  8.954  54.370  -20.647 0.0000000000
141335  9.557  54.023  -20.977 0.0000000000
141360  10.473  54.532  -20.369 0.0000000000
141361  10.348  54.086  -20.897 0.0000000000
141362  10.286  53.404  -21.139 0.0000000000
141363  10.942  52.632  -21.144 0.0000000000
141364  11.558  51.733  -21.120 0.0000000000
141365  12.073  50.942  -21.211 0.0000000000
141369  12.941  49.491  -21.512 0.0000000000
141381  14.247  46.554  -21.273 0.0000000000
153643  15.126  27.001  -19.563 0.0000000000
153644  15.085  26.196  -19.814 0.0000000000
153646  14.274  25.500  -21.798 0.0000000000
153661  13.474  31.062  -24.096 0.0000000000
153662  13.458  30.192  -24.257 0.0000000000
153663  13.454  29.349  -24.388 0.0000000000
153664  13.661  29.705  -24.970 0.0000000000
153665  13.555  29.109  -24.746 0.0000000000
153666  13.467  28.483  -24.476 0.0000000000
153667  13.482  27.744  -24.596 0.0000000000
153668  13.547  26.992  -24.691 0.0000000000
153669  13.657  26.244  -24.721 0.0000000000
153676  14.054  26.602  -24.992 0.0000000000
153677  13.874  26.058  -24.892 0.0000000000
153678  13.744  25.490  -24.723 0.0000000000
154956  8.661  52.240  -21.105 0.0000000000
154957  7.964  51.899  -21.046 0.0000000000
154958  7.400  51.448  -20.996 0.0000000000
154959  7.971  50.191  -20.759 0.0000000000
154960  7.368  50.595  -20.925 0.0000000000
154961  6.915  50.910  -20.883 0.0000000000
154962  6.490  50.282  -20.745 0.0000000000
154965  7.851  47.013  -20.535 0.0000000000
154966  7.053  47.362  -20.882 0.0000000000
154967  6.511  47.658  -20.982 0.0000000000
154968  6.056  46.537  -21.129 0.0000000000
154969  6.059  47.207  -21.031 0.0000000000
154970  6.101  47.934  -20.907 0.0000000000
155018  5.376  31.907  -23.944 0.0000000000
155019  5.528  37.000  -23.608 0.0000000000
155020  5.530  36.086  -23.835 0.0000000000
155021  5.533  35.208  -23.976 0.0000000000
155022  6.022  35.442  -24.086 0.0000000000
155023  5.782  34.885  -24.139 0.0000000000
155024  5.518  34.306  -24.124 0.0000000000
155025  5.523  33.387  -24.177 0.0000000000
155026  5.563  32.458  -24.167 0.0000000000
155027  5.608  31.530  -24.147 0.0000000000
155028  5.876  31.156  -24.229 0.0000000000
155029  6.139  30.803  -24.272 0.0000000000
155030  6.388  30.460  -24.250 0.0000000000
155031  6.819  31.944  -23.967 0.0000000000
155032  6.754  31.002  -24.070 0.0000000000
155033  6.731  30.095  -24.055 0.0000000000
155034  7.135  29.754  -23.729 0.0000000000
155035  7.686  29.542  -23.026 0.0000000000
155036  8.295  29.350  -22.225 0.0000000000
155037  9.939  39.939  -19.741 0.0000000000
155038  9.875  39.277  -19.819 0.0000000000
155039  9.821  38.537  -19.955 0.0000000000
155040  10.996  38.375  -19.250 0.0000000000
155041  10.405  38.102  -19.539 0.0000000000
155042  9.781  37.845  -20.045 0.0000000000
155043  9.704  37.166  -20.239 0.0000000000
155044  9.634  36.459  -20.396 0.0000000000
155045  9.562  35.719  -20.574 0.0000000000
155046  13.014  36.383  -18.934 0.0000000000
155047  12.504  36.218  -18.770 0.0000000000
155048  11.916  36.061  -18.776 0.0000000000
155049  12.318  34.992  -18.531 0.0000000000
155050  11.828  35.436  -18.725 0.0000000000
155051  11.335  35.868  -18.960 0.0000000000
155052  10.738  35.643  -19.362 0.0000000000
155053  10.166  35.313  -19.918 0.0000000000
155054  9.511  34.977  -20.675 0.0000000000
155055  9.466  34.245  -20.760 0.0000000000
155056  9.373  33.401  -20.875 0.0000000000
155057  9.273  32.577  -20.970 0.0000000000
155058  10.407  32.761  -19.509 0.0000000000
155059  9.796  32.277  -20.238 0.0000000000
155060  9.143  31.729  -21.100 0.0000000000
155061  9.074  30.889  -21.164 0.0000000000
155062  9.021  30.007  -21.221 0.0000000000
155063  8.901  29.189  -21.306 0.0000000000
155064  9.435  28.999  -20.447 0.0000000000
155065  9.899  28.756  -19.664 0.0000000000
155066  10.324  28.524  -18.985 0.0000000000
155067  10.909  29.765  -18.479 0.0000000000
155068  10.821  29.016  -18.439 0.0000000000
155069  10.737  28.303  -18.330 0.0000000000
155070  11.108  27.954  -17.793 0.0000000000
155071  11.471  27.672  -17.312 0.0000000000
155072  11.837  27.349  -16.898 0.0000000000
155073  13.086  31.104  -17.579 0.0000000000
155074  12.950  30.445  -17.357 0.0000000000
155075  12.791  29.761  -17.179 0.0000000000
155076  13.740  29.590  -17.186 0.0000000000
155077  13.205  29.382  -17.000 0.0000000000
155078  12.644  29.078  -17.000 0.0000000000
155079  12.501  28.370  -16.855 0.0000000000
155080  12.362  27.683  -16.678 0.0000000000
155081  12.226  26.979  -16.520 0.0000000000
155082  12.625  26.617  -16.196 0.0000000000
155083  13.033  26.240  -15.941 0.0000000000
155085  14.061  26.721  -16.221 0.0000000000
155086  13.962  26.052  -15.868 0.0000000000
