#!ascii label  , from subject fsaverage vox2ras=TkReg
207
388  39.082  52.517  -6.055 0.0000000000
1134  41.347  47.943  -9.696 0.0000000000
1864  34.012  56.273  -8.334 0.0000000000
2191  35.180  51.590  -9.673 0.0000000000
4099  38.356  52.036  -0.692 0.0000000000
4839  35.220  54.680  -9.599 0.0000000000
4840  37.985  53.223  -8.482 0.0000000000
6648  40.427  50.416  -7.700 0.0000000000
6649  42.158  47.820  -7.458 0.0000000000
6650  43.363  45.927  -10.006 0.0000000000
8212  31.166  56.771  -8.933 0.0000000000
8213  31.709  55.135  -7.285 0.0000000000
8214  34.232  54.525  -6.505 0.0000000000
9136  38.364  49.977  -9.145 0.0000000000
12518  37.909  54.042  -6.703 0.0000000000
12519  37.468  54.366  -7.922 0.0000000000
12520  38.855  53.249  -7.326 0.0000000000
18046  30.431  55.259  -7.690 0.0000000000
18049  32.966  53.562  -6.060 0.0000000000
18050  34.394  52.973  -5.721 0.0000000000
20273  32.687  56.556  -8.727 0.0000000000
20275  33.554  56.232  -9.491 0.0000000000
20276  35.234  53.226  -9.779 0.0000000000
20277  34.147  53.819  -10.430 0.0000000000
20281  41.014  49.179  -8.642 0.0000000000
20282  39.605  50.438  -8.654 0.0000000000
20283  39.883  48.886  -9.401 0.0000000000
25809  37.289  52.253  0.209 0.0000000000
27140  35.263  55.842  -7.926 0.0000000000
27141  34.839  55.793  -9.139 0.0000000000
27142  36.088  55.184  -8.546 0.0000000000
27143  36.513  54.067  -9.011 0.0000000000
27144  36.706  52.623  -9.200 0.0000000000
30869  40.024  51.000  -5.589 0.0000000000
30870  39.879  51.599  -6.838 0.0000000000
30871  40.714  50.102  -6.491 0.0000000000
30872  41.468  49.095  -7.575 0.0000000000
30873  42.161  48.110  -8.784 0.0000000000
30876  42.490  47.061  -9.927 0.0000000000
34938  31.512  56.227  -8.175 0.0000000000
34939  32.865  55.992  -7.714 0.0000000000
34941  32.942  54.957  -6.795 0.0000000000
34942  34.155  55.673  -7.329 0.0000000000
34943  35.436  55.052  -6.969 0.0000000000
34945  37.980  53.066  -5.578 0.0000000000
34954  39.098  51.720  -5.050 0.0000000000
37642  34.081  55.290  -10.058 0.0000000000
37648  39.316  51.916  -8.024 0.0000000000
37649  38.255  51.756  -8.848 0.0000000000
37650  36.698  50.870  -9.196 0.0000000000
43238  38.609  53.249  -6.323 0.0000000000
43239  38.443  53.678  -6.985 0.0000000000
43240  39.039  52.923  -6.689 0.0000000000
48769  33.830  52.519  -5.481 0.0000000000
48771  35.088  52.555  -5.405 0.0000000000
50993  33.375  56.431  -8.562 0.0000000000
50994  33.177  56.473  -9.123 0.0000000000
50995  33.831  56.304  -8.997 0.0000000000
50996  35.213  52.506  -9.730 0.0000000000
50997  34.656  52.716  -10.185 0.0000000000
50998  34.578  51.856  -10.095 0.0000000000
51001  41.208  48.615  -9.203 0.0000000000
51002  40.516  49.097  -9.094 0.0000000000
51003  40.667  48.377  -9.549 0.0000000000
60593  35.873  55.535  -7.620 0.0000000000
60594  35.732  55.619  -8.251 0.0000000000
60595  36.373  55.205  -7.968 0.0000000000
60596  37.746  53.862  -8.217 0.0000000000
60597  37.033  54.290  -8.521 0.0000000000
60598  37.240  53.687  -8.714 0.0000000000
60599  36.623  53.377  -9.109 0.0000000000
60600  37.396  52.982  -8.910 0.0000000000
67798  41.867  48.514  -7.484 0.0000000000
67799  41.831  48.612  -8.161 0.0000000000
67800  42.267  48.033  -8.122 0.0000000000
67807  42.763  47.079  -9.360 0.0000000000
67808  42.967  46.540  -9.976 0.0000000000
67809  42.620  46.504  -10.556 0.0000000000
67810  43.140  45.966  -10.639 0.0000000000
77178  31.085  55.218  -7.514 0.0000000000
77179  30.986  55.798  -7.907 0.0000000000
77180  31.631  55.726  -7.737 0.0000000000
77181  32.205  56.112  -7.965 0.0000000000
77182  32.270  55.624  -7.491 0.0000000000
77186  33.587  54.117  -6.313 0.0000000000
77187  32.936  54.335  -6.425 0.0000000000
77188  33.563  54.790  -6.648 0.0000000000
77189  33.545  55.372  -7.040 0.0000000000
77190  34.186  55.147  -6.868 0.0000000000
77191  34.770  55.414  -7.114 0.0000000000
77192  34.839  54.822  -6.703 0.0000000000
77193  36.237  53.284  -5.699 0.0000000000
77195  36.801  53.544  -5.830 0.0000000000
77196  37.359  53.718  -5.955 0.0000000000
77197  37.438  53.023  -5.432 0.0000000000
77206  37.783  52.145  -0.248 0.0000000000
77221  39.496  51.056  -4.801 0.0000000000
83858  30.321  56.960  -9.062 0.0000000000
83866  35.085  55.306  -9.396 0.0000000000
83867  34.502  55.618  -9.646 0.0000000000
83868  34.633  55.023  -9.923 0.0000000000
83869  33.510  53.157  -10.741 0.0000000000
83870  33.579  53.951  -10.641 0.0000000000
83881  40.186  51.038  -7.232 0.0000000000
83882  39.642  51.805  -7.408 0.0000000000
83883  39.860  51.153  -7.843 0.0000000000
83884  39.053  50.302  -8.921 0.0000000000
83885  38.936  51.139  -8.708 0.0000000000
83886  38.346  50.863  -8.957 0.0000000000
83887  37.566  51.348  -9.097 0.0000000000
83888  37.548  50.457  -9.129 0.0000000000
96261  37.100  54.769  -7.606 0.0000000000
96262  37.755  54.302  -7.314 0.0000000000
96263  38.152  53.876  -7.618 0.0000000000
96264  38.468  53.325  -7.945 0.0000000000
100586  42.822  45.172  -7.974 0.0000000000
100587  43.238  44.819  -8.513 0.0000000000
106213  31.166  54.572  -7.060 0.0000000000
106216  33.096  52.794  -5.655 0.0000000000
106217  33.702  53.348  -5.938 0.0000000000
106218  34.290  53.814  -6.166 0.0000000000
106219  34.909  54.138  -6.337 0.0000000000
106220  35.013  53.433  -5.965 0.0000000000
110219  31.864  56.708  -8.739 0.0000000000
110221  32.386  56.583  -9.222 0.0000000000
110222  32.818  56.345  -9.590 0.0000000000
110223  33.166  55.984  -9.920 0.0000000000
110224  35.229  53.950  -9.725 0.0000000000
110225  34.675  54.286  -10.038 0.0000000000
110226  34.649  53.484  -10.130 0.0000000000
110227  34.104  52.964  -10.511 0.0000000000
110233  40.730  49.773  -8.162 0.0000000000
110234  40.062  50.453  -8.229 0.0000000000
110235  40.296  49.750  -8.651 0.0000000000
110236  39.786  49.636  -9.018 0.0000000000
110237  39.130  49.445  -9.244 0.0000000000
121658  37.118  52.559  1.325 0.0000000000
121659  36.840  52.410  0.687 0.0000000000
121660  37.628  52.496  0.882 0.0000000000
124766  34.634  56.070  -8.110 0.0000000000
124767  34.470  56.104  -8.786 0.0000000000
124768  35.109  55.908  -8.523 0.0000000000
124769  35.452  55.553  -8.832 0.0000000000
124770  35.693  54.993  -9.090 0.0000000000
124771  36.772  54.791  -8.237 0.0000000000
124772  36.357  54.678  -8.775 0.0000000000
124773  35.843  54.383  -9.312 0.0000000000
124774  35.868  53.698  -9.418 0.0000000000
124775  35.921  52.959  -9.452 0.0000000000
124776  35.947  52.183  -9.447 0.0000000000
124778  40.739  47.698  -10.007 0.0000000000
134255  39.599  51.764  -5.797 0.0000000000
134256  39.522  52.089  -6.450 0.0000000000
134257  40.015  51.349  -6.230 0.0000000000
134258  40.330  50.856  -6.653 0.0000000000
134259  40.636  50.296  -7.103 0.0000000000
134261  41.086  49.560  -7.010 0.0000000000
134262  41.002  49.689  -7.620 0.0000000000
134263  41.319  49.177  -8.155 0.0000000000
134264  41.626  48.653  -8.744 0.0000000000
134265  41.852  48.139  -9.329 0.0000000000
134269  42.783  45.926  -8.035 0.0000000000
134271  42.556  47.341  -8.125 0.0000000000
134272  42.564  47.525  -8.779 0.0000000000
134273  42.428  47.660  -9.395 0.0000000000
134274  41.952  47.512  -9.836 0.0000000000
134275  42.033  46.930  -10.417 0.0000000000
134276  42.114  46.333  -11.037 0.0000000000
145831  30.606  56.599  -8.643 0.0000000000
145832  30.316  55.869  -8.003 0.0000000000
145833  30.822  56.245  -8.267 0.0000000000
145834  31.340  56.524  -8.530 0.0000000000
145835  32.063  56.444  -8.401 0.0000000000
145836  32.796  56.310  -8.245 0.0000000000
145837  33.441  56.189  -7.999 0.0000000000
145840  31.780  54.494  -6.838 0.0000000000
145841  32.347  53.782  -6.169 0.0000000000
145842  32.345  54.463  -6.550 0.0000000000
145843  32.329  55.056  -7.022 0.0000000000
145844  32.912  55.523  -7.226 0.0000000000
145845  33.511  55.854  -7.497 0.0000000000
145846  34.085  56.013  -7.811 0.0000000000
145847  34.708  55.786  -7.607 0.0000000000
145848  35.341  55.497  -7.399 0.0000000000
145849  35.985  55.136  -7.174 0.0000000000
145854  37.951  53.563  -6.128 0.0000000000
145855  38.570  52.839  -5.798 0.0000000000
145881  38.622  52.383  -5.270 0.0000000000
145882  39.129  52.113  -5.532 0.0000000000
145883  39.566  51.409  -5.344 0.0000000000
153886  34.214  56.039  -9.356 0.0000000000
153887  33.886  55.887  -9.817 0.0000000000
153888  33.420  55.390  -10.215 0.0000000000
153889  34.143  54.560  -10.284 0.0000000000
153890  33.548  54.716  -10.440 0.0000000000
153904  39.367  52.404  -7.059 0.0000000000
153905  39.113  52.635  -7.686 0.0000000000
153906  38.743  52.678  -8.234 0.0000000000
153907  39.451  51.197  -8.325 0.0000000000
153908  38.844  51.952  -8.486 0.0000000000
153909  38.150  52.522  -8.704 0.0000000000
153910  37.507  52.232  -9.065 0.0000000000
153911  36.743  51.789  -9.258 0.0000000000
153912  35.885  51.242  -9.381 0.0000000000
153913  39.991  48.143  -9.794 0.0000000000
153914  39.217  48.620  -9.578 0.0000000000
153915  38.423  49.097  -9.359 0.0000000000
