#!ascii label  , from subject fsaverage vox2ras=TkReg
296
259  49.264  32.803  -8.704 0.0000000000
1134  41.347  47.943  -9.696 0.0000000000
1135  44.016  43.211  -9.252 0.0000000000
1137  47.402  32.289  -12.329 0.0000000000
2194  46.740  38.360  -12.350 0.0000000000
4841  41.573  45.383  -11.828 0.0000000000
4848  47.924  34.931  -10.794 0.0000000000
4850  45.534  34.108  -13.533 0.0000000000
6650  43.363  45.927  -10.006 0.0000000000
6651  43.970  43.695  -11.963 0.0000000000
6653  48.505  32.805  -11.035 0.0000000000
6654  46.655  31.379  -9.967 0.0000000000
7613  49.412  34.745  -6.274 0.0000000000
9136  38.364  49.977  -9.145 0.0000000000
9143  45.677  41.125  -11.128 0.0000000000
9144  44.713  41.067  -13.104 0.0000000000
9145  47.295  35.055  -12.620 0.0000000000
9146  45.279  37.765  -13.585 0.0000000000
12521  41.531  43.906  -12.434 0.0000000000
12526  49.199  33.551  -8.516 0.0000000000
12528  48.866  33.748  -9.820 0.0000000000
14921  43.269  44.133  -8.323 0.0000000000
14922  43.158  45.504  -8.659 0.0000000000
14923  43.797  44.627  -9.719 0.0000000000
14924  43.754  44.832  -11.115 0.0000000000
14925  44.348  43.638  -10.667 0.0000000000
16722  49.857  34.884  -5.362 0.0000000000
16723  50.412  33.845  -5.854 0.0000000000
16724  50.109  33.774  -6.752 0.0000000000
20281  41.014  49.179  -8.642 0.0000000000
20283  39.883  48.886  -9.401 0.0000000000
20299  46.762  38.061  -11.367 0.0000000000
20300  46.030  39.361  -10.792 0.0000000000
20301  46.373  39.909  -11.886 0.0000000000
20302  45.470  41.336  -12.326 0.0000000000
20303  45.957  39.938  -12.765 0.0000000000
20304  48.044  32.622  -11.812 0.0000000000
20305  48.040  33.815  -11.931 0.0000000000
20306  47.454  33.549  -12.590 0.0000000000
20307  44.297  35.254  -13.700 0.0000000000
20308  45.361  35.909  -13.554 0.0000000000
20309  44.138  37.052  -13.578 0.0000000000
23931  43.162  42.433  -8.186 0.0000000000
25010  50.981  34.320  -3.743 0.0000000000
27145  41.486  46.696  -10.789 0.0000000000
27146  40.050  47.418  -10.214 0.0000000000
27157  47.186  36.214  -10.536 0.0000000000
27158  47.306  36.653  -11.664 0.0000000000
27162  44.650  33.482  -13.855 0.0000000000
30873  42.161  48.110  -8.784 0.0000000000
30875  42.841  46.900  -8.739 0.0000000000
30876  42.490  47.061  -9.927 0.0000000000
30877  42.728  45.917  -11.219 0.0000000000
30878  42.849  44.665  -12.121 0.0000000000
30879  42.998  43.237  -12.691 0.0000000000
30881  48.931  32.905  -10.020 0.0000000000
30882  48.265  32.105  -9.798 0.0000000000
30883  47.959  32.019  -10.714 0.0000000000
30884  47.473  31.752  -11.329 0.0000000000
33281  49.708  33.607  -7.540 0.0000000000
33282  49.613  32.706  -7.600 0.0000000000
37651  38.494  48.242  -9.661 0.0000000000
37668  44.121  41.493  -9.114 0.0000000000
37670  45.067  40.384  -10.092 0.0000000000
37671  44.779  42.106  -10.251 0.0000000000
37672  44.886  42.520  -11.585 0.0000000000
37673  44.332  42.486  -12.646 0.0000000000
37674  43.142  41.827  -13.150 0.0000000000
37675  48.510  33.945  -11.082 0.0000000000
37676  47.803  35.137  -11.769 0.0000000000
37677  47.095  36.705  -12.561 0.0000000000
37678  46.498  34.652  -13.155 0.0000000000
37679  46.363  36.427  -13.150 0.0000000000
37680  46.230  38.227  -13.131 0.0000000000
37681  45.008  39.484  -13.452 0.0000000000
37682  43.458  40.356  -13.436 0.0000000000
43241  41.567  43.161  -12.536 0.0000000000
43246  49.394  33.168  -8.631 0.0000000000
43247  49.046  33.648  -9.094 0.0000000000
43248  49.172  33.242  -9.262 0.0000000000
45641  43.671  43.725  -8.776 0.0000000000
45642  43.618  44.443  -8.997 0.0000000000
45643  43.913  43.952  -9.478 0.0000000000
45644  44.071  44.166  -10.196 0.0000000000
45645  44.236  43.453  -9.933 0.0000000000
47442  50.562  33.921  -5.381 0.0000000000
51001  41.208  48.615  -9.203 0.0000000000
51002  40.516  49.097  -9.094 0.0000000000
51003  40.667  48.377  -9.549 0.0000000000
51019  46.840  38.268  -11.942 0.0000000000
51020  46.621  38.998  -11.670 0.0000000000
51021  46.578  39.117  -12.169 0.0000000000
51022  46.214  39.952  -12.343 0.0000000000
51023  46.382  39.146  -12.601 0.0000000000
51024  47.722  32.532  -12.095 0.0000000000
51025  47.813  33.090  -12.278 0.0000000000
51026  47.464  32.909  -12.494 0.0000000000
51028  44.159  36.168  -13.605 0.0000000000
60601  41.546  46.066  -11.362 0.0000000000
60602  40.874  46.394  -11.033 0.0000000000
60619  48.035  34.772  -10.172 0.0000000000
60621  47.589  35.548  -10.650 0.0000000000
60622  47.251  36.447  -11.117 0.0000000000
60623  47.565  35.763  -11.262 0.0000000000
60629  44.198  33.090  -13.763 0.0000000000
67804  43.327  45.765  -9.334 0.0000000000
67805  43.027  46.247  -8.680 0.0000000000
67806  43.080  46.452  -9.372 0.0000000000
67807  42.763  47.079  -9.360 0.0000000000
67808  42.967  46.540  -9.976 0.0000000000
67809  42.620  46.504  -10.556 0.0000000000
67810  43.140  45.966  -10.639 0.0000000000
67811  43.876  44.271  -11.539 0.0000000000
67812  43.351  44.790  -11.693 0.0000000000
67813  43.440  44.209  -12.041 0.0000000000
67814  42.916  43.992  -12.402 0.0000000000
67815  43.538  43.572  -12.395 0.0000000000
67817  48.377  32.129  -9.265 0.0000000000
67818  47.779  31.918  -9.064 0.0000000000
67820  47.587  31.778  -10.038 0.0000000000
67821  47.428  31.646  -10.431 0.0000000000
67822  47.726  31.888  -11.040 0.0000000000
67823  47.168  31.520  -10.702 0.0000000000
73210  49.172  34.663  -6.695 0.0000000000
73212  49.889  33.669  -7.122 0.0000000000
73215  49.792  32.754  -7.197 0.0000000000
83890  39.323  47.840  -9.952 0.0000000000
83933  44.101  40.411  -9.137 0.0000000000
83937  45.894  40.270  -10.957 0.0000000000
83938  45.592  39.878  -10.437 0.0000000000
83939  45.463  40.797  -10.569 0.0000000000
83940  44.994  41.278  -10.127 0.0000000000
83941  45.241  41.628  -10.705 0.0000000000
83942  44.936  42.358  -10.884 0.0000000000
83943  45.319  41.886  -11.339 0.0000000000
83944  45.151  41.257  -12.765 0.0000000000
83945  44.932  41.983  -12.519 0.0000000000
83946  44.517  41.824  -12.913 0.0000000000
83947  43.790  42.235  -12.980 0.0000000000
83948  43.945  41.504  -13.197 0.0000000000
83949  48.730  32.826  -10.586 0.0000000000
83950  48.811  33.366  -10.600 0.0000000000
83951  48.559  33.352  -11.088 0.0000000000
83952  47.716  34.399  -12.293 0.0000000000
83953  47.942  34.476  -11.884 0.0000000000
83954  47.601  35.118  -12.222 0.0000000000
83955  47.485  35.884  -12.176 0.0000000000
83956  47.228  35.827  -12.578 0.0000000000
83957  46.139  33.568  -13.300 0.0000000000
83958  46.606  33.849  -13.087 0.0000000000
83959  46.021  34.385  -13.362 0.0000000000
83960  45.352  36.831  -13.561 0.0000000000
83961  45.890  36.203  -13.375 0.0000000000
83962  45.830  37.141  -13.400 0.0000000000
83963  46.293  37.361  -13.173 0.0000000000
83964  45.757  38.040  -13.391 0.0000000000
83965  45.682  38.868  -13.293 0.0000000000
83966  45.157  38.627  -13.549 0.0000000000
83968  43.696  39.562  -13.458 0.0000000000
96265  41.568  44.650  -12.180 0.0000000000
96274  48.957  33.946  -8.350 0.0000000000
96276  48.689  34.050  -8.961 0.0000000000
96277  48.542  34.160  -9.678 0.0000000000
96278  48.413  34.308  -10.350 0.0000000000
100585  42.815  44.445  -7.825 0.0000000000
100587  43.238  44.819  -8.513 0.0000000000
100588  43.500  45.066  -9.205 0.0000000000
100589  43.643  45.264  -9.896 0.0000000000
100590  43.572  45.374  -10.594 0.0000000000
100591  43.888  44.770  -10.427 0.0000000000
100592  44.089  44.268  -10.898 0.0000000000
100593  44.267  43.713  -11.441 0.0000000000
103825  50.507  34.697  -4.538 0.0000000000
103826  49.997  35.066  -4.806 0.0000000000
103827  50.340  34.506  -5.110 0.0000000000
103828  50.215  34.373  -5.590 0.0000000000
103829  50.084  34.315  -6.105 0.0000000000
103830  49.820  34.267  -6.543 0.0000000000
103831  50.237  33.804  -6.312 0.0000000000
110235  40.296  49.750  -8.651 0.0000000000
110236  39.786  49.636  -9.018 0.0000000000
110237  39.130  49.445  -9.244 0.0000000000
110265  46.526  37.722  -10.856 0.0000000000
110267  46.448  38.781  -11.129 0.0000000000
110268  46.291  39.695  -11.329 0.0000000000
110269  46.032  40.535  -11.509 0.0000000000
110270  45.655  41.303  -11.735 0.0000000000
110271  45.966  40.654  -12.055 0.0000000000
110272  45.725  40.651  -12.551 0.0000000000
110273  45.365  40.507  -12.961 0.0000000000
110274  48.311  32.745  -11.436 0.0000000000
110275  48.351  33.290  -11.516 0.0000000000
110276  48.092  33.213  -11.911 0.0000000000
110277  47.779  33.729  -12.311 0.0000000000
110278  47.400  34.285  -12.648 0.0000000000
110279  44.915  34.697  -13.678 0.0000000000
110280  45.412  35.001  -13.540 0.0000000000
110281  44.811  35.605  -13.684 0.0000000000
110282  44.756  36.543  -13.676 0.0000000000
110283  44.744  37.425  -13.611 0.0000000000
110284  44.653  38.312  -13.653 0.0000000000
110285  44.021  37.894  -13.502 0.0000000000
117278  43.243  43.358  -8.187 0.0000000000
117279  43.640  42.871  -8.716 0.0000000000
119796  50.652  34.851  -3.978 0.0000000000
124777  41.433  47.305  -10.214 0.0000000000
124778  40.739  47.698  -10.007 0.0000000000
124779  40.806  47.051  -10.502 0.0000000000
124807  47.040  37.357  -11.533 0.0000000000
124808  47.041  37.544  -12.031 0.0000000000
124809  47.022  32.002  -12.510 0.0000000000
124810  47.109  32.664  -12.695 0.0000000000
124811  46.713  32.361  -12.898 0.0000000000
124813  45.686  33.264  -13.542 0.0000000000
124816  45.102  33.813  -13.731 0.0000000000
124817  44.466  34.350  -13.724 0.0000000000
134264  41.626  48.653  -8.744 0.0000000000
134265  41.852  48.139  -9.329 0.0000000000
134271  42.556  47.341  -8.125 0.0000000000
134272  42.564  47.525  -8.779 0.0000000000
134273  42.428  47.660  -9.395 0.0000000000
134274  41.952  47.512  -9.836 0.0000000000
134275  42.033  46.930  -10.417 0.0000000000
134276  42.114  46.333  -11.037 0.0000000000
134277  42.214  45.702  -11.620 0.0000000000
134278  43.306  45.389  -11.289 0.0000000000
134279  42.802  45.272  -11.736 0.0000000000
134280  42.254  45.011  -12.075 0.0000000000
134281  42.255  44.331  -12.354 0.0000000000
134282  42.297  43.569  -12.576 0.0000000000
134283  42.333  42.828  -12.771 0.0000000000
134284  48.989  32.482  -8.752 0.0000000000
134285  49.123  32.833  -9.357 0.0000000000
134286  48.815  32.494  -9.362 0.0000000000
134287  48.722  32.460  -9.954 0.0000000000
134288  48.494  32.404  -10.454 0.0000000000
134289  47.718  31.827  -9.574 0.0000000000
134290  48.163  32.024  -10.281 0.0000000000
134291  48.325  32.394  -10.893 0.0000000000
134292  48.095  32.304  -11.285 0.0000000000
134293  47.821  32.198  -11.607 0.0000000000
134294  47.556  32.075  -11.878 0.0000000000
134300  46.521  31.286  -10.275 0.0000000000
134302  47.199  31.586  -11.580 0.0000000000
134303  47.199  31.776  -12.079 0.0000000000
141001  49.625  34.205  -6.936 0.0000000000
141002  49.409  34.112  -7.368 0.0000000000
141003  49.179  33.991  -7.836 0.0000000000
141004  49.509  33.548  -8.014 0.0000000000
141032  49.180  32.435  -7.560 0.0000000000
141033  49.098  32.464  -8.144 0.0000000000
141034  48.550  32.275  -8.096 0.0000000000
153913  39.991  48.143  -9.794 0.0000000000
153914  39.217  48.620  -9.578 0.0000000000
153915  38.423  49.097  -9.359 0.0000000000
153964  43.143  41.574  -8.206 0.0000000000
153965  43.632  41.983  -8.691 0.0000000000
153966  44.092  42.361  -9.163 0.0000000000
153970  45.641  38.906  -10.286 0.0000000000
153973  44.586  40.899  -9.610 0.0000000000
153974  44.518  41.811  -9.649 0.0000000000
153975  44.393  42.649  -9.760 0.0000000000
153976  44.574  42.887  -10.435 0.0000000000
153977  44.594  43.030  -11.146 0.0000000000
153978  44.447  43.120  -11.826 0.0000000000
153979  45.196  41.979  -11.983 0.0000000000
153980  44.681  42.577  -12.192 0.0000000000
153981  44.145  43.075  -12.348 0.0000000000
153982  43.688  42.884  -12.711 0.0000000000
153983  43.050  42.529  -12.938 0.0000000000
153984  42.366  42.117  -12.957 0.0000000000
153985  49.015  33.302  -9.992 0.0000000000
153986  48.695  33.863  -10.493 0.0000000000
153987  48.259  34.458  -10.943 0.0000000000
153988  48.272  33.898  -11.516 0.0000000000
153989  48.127  34.554  -11.496 0.0000000000
153990  47.865  35.124  -11.371 0.0000000000
153991  47.559  35.903  -11.772 0.0000000000
153992  47.266  36.769  -12.147 0.0000000000
153993  46.917  37.614  -12.444 0.0000000000
153994  47.088  33.347  -12.805 0.0000000000
153995  47.010  34.064  -12.876 0.0000000000
153996  46.879  34.944  -12.941 0.0000000000
153997  45.941  35.267  -13.385 0.0000000000
153998  46.429  35.549  -13.211 0.0000000000
153999  46.849  35.730  -12.892 0.0000000000
154000  46.784  36.580  -12.847 0.0000000000
154001  46.673  37.507  -12.883 0.0000000000
154002  46.527  38.339  -12.785 0.0000000000
154003  46.094  39.084  -12.980 0.0000000000
154004  45.533  39.735  -13.136 0.0000000000
154005  44.871  40.271  -13.265 0.0000000000
154006  44.479  39.131  -13.580 0.0000000000
154007  44.304  39.947  -13.495 0.0000000000
154008  44.135  40.736  -13.347 0.0000000000
154009  43.270  41.103  -13.378 0.0000000000
