#!ascii label  , from subject fsaverage vox2ras=TkReg
1250
74  58.780  -12.115  17.915 0.0000000000
195  57.704  -20.472  20.699 0.0000000000
422  50.934  -13.335  17.707 0.0000000000
423  42.550  -21.889  19.485 0.0000000000
424  50.365  -21.614  17.766 0.0000000000
425  49.962  -26.104  25.104 0.0000000000
944  54.659  -12.657  17.838 0.0000000000
945  50.701  -17.448  19.602 0.0000000000
946  54.882  -17.349  18.792 0.0000000000
948  53.525  -23.813  22.647 0.0000000000
1312  42.858  -25.719  21.490 0.0000000000
1503  59.049  -17.614  18.359 0.0000000000
1504  61.968  -17.490  20.420 0.0000000000
1948  46.836  -17.816  19.294 0.0000000000
1949  46.364  -21.629  18.777 0.0000000000
1950  46.542  -25.218  20.818 0.0000000000
1951  54.567  -20.997  18.343 0.0000000000
1952  50.255  -24.231  20.908 0.0000000000
1953  46.515  -27.584  22.915 0.0000000000
2172  50.881  -9.994  13.802 0.0000000000
2864  56.688  -12.244  17.894 0.0000000000
2865  54.784  -14.673  19.723 0.0000000000
2866  56.904  -14.743  19.613 0.0000000000
3232  42.603  -28.031  20.900 0.0000000000
3233  40.485  -28.569  21.570 0.0000000000
4274  49.165  -13.171  18.414 0.0000000000
4276  48.983  -15.484  19.284 0.0000000000
4277  50.536  -19.469  17.829 0.0000000000
4278  48.422  -19.519  18.253 0.0000000000
4279  48.274  -21.734  18.184 0.0000000000
4280  46.547  -23.306  20.130 0.0000000000
4281  48.431  -23.024  19.808 0.0000000000
4282  58.739  -19.280  18.645 0.0000000000
4283  57.041  -19.538  17.413 0.0000000000
4284  56.227  -20.534  19.377 0.0000000000
4285  51.695  -24.861  23.757 0.0000000000
4286  51.883  -23.886  21.593 0.0000000000
4287  50.049  -25.405  22.317 0.0000000000
4288  48.319  -26.235  21.273 0.0000000000
4289  48.245  -26.656  23.785 0.0000000000
6308  52.763  -13.178  17.752 0.0000000000
6309  50.882  -15.225  19.512 0.0000000000
6310  52.729  -14.874  19.736 0.0000000000
6311  52.827  -17.350  19.279 0.0000000000
6312  52.638  -19.517  17.229 0.0000000000
6313  56.775  -21.970  23.017 0.0000000000
6314  55.453  -21.917  21.969 0.0000000000
6970  42.786  -23.510  21.108 0.0000000000
6971  40.418  -24.101  21.432 0.0000000000
6972  40.456  -26.393  21.977 0.0000000000
7346  60.786  -12.230  17.952 0.0000000000
7347  59.001  -15.031  19.391 0.0000000000
7348  60.842  -15.434  19.161 0.0000000000
7349  60.866  -17.676  19.002 0.0000000000
7350  60.018  -19.163  20.107 0.0000000000
7352  60.798  -18.910  21.829 0.0000000000
7353  58.880  -20.462  22.075 0.0000000000
8442  44.500  -19.717  18.498 0.0000000000
8443  48.699  -17.696  19.520 0.0000000000
8444  46.409  -19.541  18.377 0.0000000000
8445  44.450  -21.632  19.195 0.0000000000
8446  44.701  -23.425  20.679 0.0000000000
8447  44.718  -25.552  21.055 0.0000000000
8448  44.593  -27.495  20.597 0.0000000000
8449  56.995  -17.524  18.386 0.0000000000
8450  54.917  -19.511  17.047 0.0000000000
8451  52.667  -21.569  17.794 0.0000000000
8452  53.847  -21.934  21.024 0.0000000000
8453  52.274  -22.264  20.143 0.0000000000
8454  50.482  -22.728  19.776 0.0000000000
8455  48.379  -24.646  20.799 0.0000000000
8456  46.515  -26.942  20.715 0.0000000000
8457  44.717  -28.637  22.276 0.0000000000
9079  49.401  -11.155  16.749 0.0000000000
9080  51.107  -11.462  15.974 0.0000000000
9083  52.878  -11.776  15.342 0.0000000000
9084  54.762  -11.953  14.967 0.0000000000
9085  56.745  -11.716  14.987 0.0000000000
10544  57.790  -12.184  17.939 0.0000000000
10545  56.845  -13.284  19.064 0.0000000000
10546  57.883  -13.253  19.072 0.0000000000
10912  42.662  -29.074  21.062 0.0000000000
11954  50.029  -13.248  17.943 0.0000000000
11955  49.163  -14.263  18.778 0.0000000000
11956  50.019  -14.351  18.611 0.0000000000
11957  50.433  -20.665  17.377 0.0000000000
11958  49.379  -20.647  17.606 0.0000000000
11959  49.295  -21.697  17.959 0.0000000000
11960  48.377  -22.423  18.907 0.0000000000
11961  49.408  -22.316  18.767 0.0000000000
11962  58.253  -19.851  19.505 0.0000000000
11963  57.530  -19.925  18.787 0.0000000000
11964  57.031  -20.422  19.995 0.0000000000
11965  50.766  -25.440  24.543 0.0000000000
11966  50.831  -25.092  23.052 0.0000000000
11967  49.970  -25.636  23.756 0.0000000000
11968  49.177  -26.061  23.034 0.0000000000
11969  49.099  -26.315  24.441 0.0000000000
11970  48.260  -27.110  24.976 0.0000000000
11971  49.158  -26.917  25.541 0.0000000000
13057  42.505  -20.933  18.879 0.0000000000
13059  41.412  -22.111  19.673 0.0000000000
14354  53.711  -12.908  17.789 0.0000000000
14355  52.733  -13.820  18.936 0.0000000000
14356  53.713  -13.594  19.005 0.0000000000
14357  54.829  -16.081  19.589 0.0000000000
14358  53.795  -16.087  19.716 0.0000000000
14359  53.793  -17.331  19.038 0.0000000000
14360  52.719  -18.485  18.184 0.0000000000
14361  53.749  -18.430  17.893 0.0000000000
14363  55.783  -22.802  23.441 0.0000000000
15457  42.785  -24.654  21.529 0.0000000000
15458  41.663  -24.880  21.725 0.0000000000
15459  41.675  -26.020  21.736 0.0000000000
16155  60.800  -13.765  18.982 0.0000000000
16156  61.670  -14.133  19.044 0.0000000000
16158  61.726  -16.788  19.443 0.0000000000
16159  61.547  -17.588  19.568 0.0000000000
16160  60.523  -18.462  19.367 0.0000000000
16161  61.100  -18.341  20.146 0.0000000000
16168  59.849  -19.740  21.833 0.0000000000
16170  58.230  -21.124  23.117 0.0000000000
18587  47.050  -16.718  19.600 0.0000000000
18589  45.978  -17.791  19.456 0.0000000000
18590  44.754  -18.775  19.044 0.0000000000
18591  45.627  -18.769  18.866 0.0000000000
18592  50.802  -16.355  19.878 0.0000000000
18593  49.831  -16.480  19.792 0.0000000000
18594  49.709  -17.515  19.623 0.0000000000
18595  47.263  -20.688  18.141 0.0000000000
18596  47.335  -19.558  18.288 0.0000000000
18597  46.317  -20.615  18.301 0.0000000000
18598  45.353  -20.663  18.373 0.0000000000
18599  45.445  -21.588  19.005 0.0000000000
18600  44.647  -22.436  19.961 0.0000000000
18601  45.540  -22.465  19.754 0.0000000000
18602  46.550  -24.210  20.646 0.0000000000
18603  45.674  -24.369  20.825 0.0000000000
18604  45.624  -25.369  20.884 0.0000000000
18605  44.594  -26.535  20.787 0.0000000000
18606  45.581  -26.311  20.734 0.0000000000
18607  59.036  -16.515  18.934 0.0000000000
18608  57.994  -16.359  19.072 0.0000000000
18609  58.018  -17.541  18.320 0.0000000000
18610  55.853  -20.374  17.623 0.0000000000
18611  56.038  -19.529  17.127 0.0000000000
18612  54.913  -20.538  17.247 0.0000000000
18613  53.778  -20.598  17.057 0.0000000000
18614  53.640  -21.295  17.996 0.0000000000
18615  54.404  -22.926  22.380 0.0000000000
18616  54.669  -21.912  21.514 0.0000000000
18617  53.648  -22.923  21.854 0.0000000000
18618  51.078  -23.977  21.151 0.0000000000
18619  51.981  -23.058  21.007 0.0000000000
18620  51.188  -23.314  20.700 0.0000000000
18621  51.387  -22.539  19.937 0.0000000000
18622  50.351  -23.405  20.584 0.0000000000
18623  49.444  -23.593  20.484 0.0000000000
18624  49.321  -24.390  20.832 0.0000000000
18625  47.469  -26.951  21.970 0.0000000000
18626  47.416  -26.642  20.960 0.0000000000
18627  46.572  -27.473  21.641 0.0000000000
18628  45.648  -27.957  21.342 0.0000000000
18629  45.634  -28.094  22.566 0.0000000000
20140  49.996  -9.913  14.022 0.0000000000
20142  50.180  -10.562  15.276 0.0000000000
20143  50.260  -11.289  16.369 0.0000000000
20144  51.044  -10.709  14.984 0.0000000000
20151  52.814  -10.995  14.395 0.0000000000
20152  53.771  -11.162  14.075 0.0000000000
20153  53.785  -11.888  15.108 0.0000000000
20154  54.675  -11.270  13.955 0.0000000000
20158  57.708  -11.561  15.019 0.0000000000
21900  39.305  -25.616  22.036 0.0000000000
21901  39.247  -24.574  21.575 0.0000000000
23588  55.665  -12.391  17.862 0.0000000000
23589  54.763  -13.374  19.039 0.0000000000
23590  55.779  -13.286  19.062 0.0000000000
23591  55.839  -14.694  19.675 0.0000000000
23592  55.916  -16.160  19.422 0.0000000000
24250  42.710  -26.856  21.216 0.0000000000
24251  41.605  -27.106  21.529 0.0000000000
24252  41.566  -28.226  21.254 0.0000000000
26126  48.363  -13.054  18.900 0.0000000000
26129  48.107  -15.498  19.389 0.0000000000
26130  48.008  -16.644  19.566 0.0000000000
26131  50.628  -18.463  18.789 0.0000000000
26132  49.607  -18.518  18.943 0.0000000000
26133  49.487  -19.538  18.112 0.0000000000
26134  48.330  -20.655  17.914 0.0000000000
26135  47.330  -21.623  18.546 0.0000000000
26136  46.423  -22.480  19.467 0.0000000000
26137  47.375  -22.441  19.140 0.0000000000
26138  47.445  -23.218  19.946 0.0000000000
26139  47.469  -24.029  20.555 0.0000000000
26140  59.026  -18.558  18.163 0.0000000000
26141  58.042  -18.543  17.778 0.0000000000
26142  57.870  -19.377  17.999 0.0000000000
26143  56.681  -20.169  18.148 0.0000000000
26144  55.428  -20.714  18.774 0.0000000000
26145  52.652  -24.475  23.074 0.0000000000
26146  52.729  -23.845  22.014 0.0000000000
26147  51.818  -24.569  22.421 0.0000000000
26148  50.954  -24.648  21.771 0.0000000000
26149  50.085  -24.918  21.298 0.0000000000
26150  49.239  -25.222  20.964 0.0000000000
26151  49.188  -25.805  21.713 0.0000000000
26152  48.360  -26.536  22.371 0.0000000000
26153  47.403  -27.056  23.323 0.0000000000
26155  47.374  -27.337  24.513 0.0000000000
27061  49.937  -8.982  12.650 0.0000000000
27062  50.735  -9.099  12.594 0.0000000000
30080  51.841  -13.348  17.695 0.0000000000
30081  50.882  -14.330  18.718 0.0000000000
30082  51.832  -14.074  18.813 0.0000000000
30083  51.795  -15.017  19.633 0.0000000000
30084  51.742  -16.188  19.933 0.0000000000
30085  53.697  -14.798  19.786 0.0000000000
30086  52.798  -16.085  19.891 0.0000000000
30087  51.772  -17.395  19.461 0.0000000000
30088  51.697  -18.474  18.544 0.0000000000
30089  51.593  -19.494  17.526 0.0000000000
30090  51.471  -20.589  17.190 0.0000000000
30091  57.245  -21.194  21.922 0.0000000000
30092  56.539  -21.133  21.351 0.0000000000
30093  56.122  -21.998  22.502 0.0000000000
30094  55.147  -22.887  22.853 0.0000000000
30101  50.837  -26.018  25.800 0.0000000000
30102  50.065  -26.816  26.157 0.0000000000
31624  42.689  -22.648  20.358 0.0000000000
31625  41.522  -22.903  20.484 0.0000000000
31626  41.608  -23.794  21.283 0.0000000000
31627  40.501  -25.174  21.918 0.0000000000
31628  39.314  -26.772  22.142 0.0000000000
31629  40.505  -27.445  21.774 0.0000000000
32558  59.801  -12.104  17.915 0.0000000000
32559  58.940  -13.286  19.065 0.0000000000
32560  59.912  -13.433  19.044 0.0000000000
32561  59.945  -15.243  19.231 0.0000000000
32562  59.966  -16.627  18.858 0.0000000000
32564  60.908  -16.739  18.999 0.0000000000
32565  60.026  -17.691  18.560 0.0000000000
32566  59.825  -18.535  18.702 0.0000000000
32567  59.406  -19.203  19.349 0.0000000000
32568  58.908  -19.872  20.227 0.0000000000
32574  61.474  -18.237  21.067 0.0000000000
32575  60.546  -19.059  20.931 0.0000000000
32576  59.438  -19.871  21.003 0.0000000000
32577  58.395  -20.514  21.390 0.0000000000
32578  57.820  -21.186  22.464 0.0000000000
32579  57.290  -21.886  23.556 0.0000000000
35603  43.555  -19.744  18.692 0.0000000000
35604  43.427  -20.818  18.672 0.0000000000
35605  49.985  -15.375  19.409 0.0000000000
35606  48.933  -16.580  19.625 0.0000000000
35607  47.781  -17.792  19.404 0.0000000000
35608  48.587  -18.579  18.983 0.0000000000
35609  47.618  -18.662  18.900 0.0000000000
35610  46.579  -18.720  18.872 0.0000000000
35611  45.441  -19.649  18.411 0.0000000000
35612  44.346  -20.733  18.547 0.0000000000
35613  43.450  -21.715  19.414 0.0000000000
35614  43.652  -22.500  20.213 0.0000000000
35615  43.750  -23.457  20.923 0.0000000000
35616  43.755  -24.565  21.294 0.0000000000
35617  45.626  -23.374  20.401 0.0000000000
35618  44.736  -24.448  21.040 0.0000000000
35619  43.776  -25.646  21.235 0.0000000000
35620  43.673  -26.733  20.980 0.0000000000
35621  43.577  -27.767  20.715 0.0000000000
35622  43.637  -28.811  20.975 0.0000000000
35623  57.897  -14.965  19.533 0.0000000000
35624  56.984  -16.217  19.260 0.0000000000
35625  55.975  -17.442  18.524 0.0000000000
35626  57.007  -18.556  17.580 0.0000000000
35627  56.010  -18.506  17.571 0.0000000000
35628  54.903  -18.461  17.667 0.0000000000
35629  53.816  -19.475  17.067 0.0000000000
35630  52.608  -20.661  17.067 0.0000000000
35631  51.556  -21.627  17.675 0.0000000000
35632  55.815  -21.001  20.792 0.0000000000
35633  55.012  -21.055  20.171 0.0000000000
35634  54.217  -21.249  19.709 0.0000000000
35635  52.826  -22.940  21.414 0.0000000000
35636  53.058  -22.089  20.551 0.0000000000
35637  53.394  -21.592  19.267 0.0000000000
35638  52.503  -21.889  18.904 0.0000000000
35639  51.527  -22.136  18.810 0.0000000000
35640  50.506  -22.222  18.727 0.0000000000
35641  49.484  -22.871  19.734 0.0000000000
35642  48.475  -23.813  20.502 0.0000000000
35643  47.482  -24.922  20.844 0.0000000000
35644  48.330  -25.487  20.864 0.0000000000
35645  47.422  -25.764  20.755 0.0000000000
35646  46.528  -26.068  20.723 0.0000000000
35647  45.588  -27.206  20.617 0.0000000000
35648  44.671  -28.451  21.072 0.0000000000
35649  43.766  -29.178  22.090 0.0000000000
37483  50.168  -12.209  17.290 0.0000000000
37484  51.027  -12.346  16.851 0.0000000000
37490  51.752  -10.125  13.546 0.0000000000
37491  51.930  -10.825  14.652 0.0000000000
37492  51.974  -11.652  15.663 0.0000000000
37493  51.964  -12.494  16.514 0.0000000000
37494  52.871  -12.547  16.418 0.0000000000
37495  53.806  -12.487  16.428 0.0000000000
37496  54.778  -12.286  16.381 0.0000000000
37498  55.769  -11.864  14.948 0.0000000000
37499  55.725  -12.067  16.451 0.0000000000
37500  56.716  -11.889  16.507 0.0000000000
37501  57.771  -11.721  16.491 0.0000000000
37502  58.901  -11.544  16.433 0.0000000000
37529  59.961  -11.438  16.386 0.0000000000
37531  61.927  -11.637  16.558 0.0000000000
39595  40.361  -23.222  20.565 0.0000000000
41264  58.294  -12.141  17.936 0.0000000000
41265  57.840  -12.638  18.566 0.0000000000
41266  58.323  -12.598  18.566 0.0000000000
41632  42.722  -29.483  21.476 0.0000000000
42674  50.460  -13.261  17.733 0.0000000000
42675  50.040  -13.805  18.246 0.0000000000
42676  50.515  -13.791  18.188 0.0000000000
42677  50.358  -21.192  17.494 0.0000000000
42678  49.813  -21.223  17.532 0.0000000000
42679  49.769  -21.687  17.844 0.0000000000
42680  49.327  -22.042  18.330 0.0000000000
42681  49.896  -22.005  18.230 0.0000000000
42682  57.999  -20.142  20.081 0.0000000000
42683  57.643  -20.126  19.709 0.0000000000
42684  57.392  -20.430  20.359 0.0000000000
42685  50.367  -25.749  24.860 0.0000000000
42686  50.392  -25.525  24.132 0.0000000000
42687  49.935  -25.850  24.472 0.0000000000
42688  49.509  -25.968  24.100 0.0000000000
42689  49.510  -26.214  24.729 0.0000000000
42690  49.131  -26.586  25.012 0.0000000000
42691  49.552  -26.486  25.328 0.0000000000
43777  42.514  -21.457  19.112 0.0000000000
43778  41.938  -21.545  19.232 0.0000000000
43779  41.978  -21.985  19.586 0.0000000000
45074  54.182  -12.747  17.836 0.0000000000
45075  53.710  -13.195  18.428 0.0000000000
45076  54.219  -13.083  18.454 0.0000000000
45077  54.862  -16.737  19.257 0.0000000000
45078  54.326  -16.729  19.354 0.0000000000
45079  54.333  -17.334  18.888 0.0000000000
45080  53.770  -17.912  18.448 0.0000000000
45081  54.319  -17.893  18.351 0.0000000000
46177  42.836  -25.194  21.523 0.0000000000
46178  42.260  -25.314  21.653 0.0000000000
46179  42.268  -25.857  21.610 0.0000000000
46877  62.161  -17.124  20.137 0.0000000000
46879  61.787  -17.544  19.941 0.0000000000
46880  61.351  -17.978  19.812 0.0000000000
46881  61.572  -17.916  20.270 0.0000000000
49307  46.914  -17.348  19.469 0.0000000000
49308  46.529  -17.279  19.571 0.0000000000
49309  46.415  -17.797  19.363 0.0000000000
49310  45.798  -18.294  19.192 0.0000000000
49311  46.247  -18.280  19.111 0.0000000000
49312  50.771  -16.876  19.828 0.0000000000
49313  50.246  -16.960  19.851 0.0000000000
49314  50.193  -17.477  19.639 0.0000000000
49315  46.794  -21.173  18.393 0.0000000000
49316  46.803  -20.646  18.208 0.0000000000
49317  46.341  -21.136  18.492 0.0000000000
49318  45.862  -21.148  18.594 0.0000000000
49319  45.918  -21.601  18.903 0.0000000000
49320  45.509  -22.026  19.375 0.0000000000
49321  45.936  -22.050  19.289 0.0000000000
49322  46.544  -24.738  20.794 0.0000000000
49323  46.072  -24.801  20.825 0.0000000000
49324  46.077  -25.289  20.837 0.0000000000
49325  45.596  -25.857  20.821 0.0000000000
49326  46.077  -25.763  20.819 0.0000000000
49327  59.034  -17.078  18.624 0.0000000000
49328  58.543  -17.038  18.642 0.0000000000
49329  58.534  -17.557  18.326 0.0000000000
49330  55.238  -20.703  17.918 0.0000000000
49331  55.389  -20.455  17.410 0.0000000000
49332  54.773  -20.827  17.755 0.0000000000
49333  54.294  -20.925  17.598 0.0000000000
49334  54.120  -21.161  18.169 0.0000000000
49335  53.960  -23.356  22.488 0.0000000000
49336  54.037  -22.932  22.154 0.0000000000
49337  53.581  -23.391  22.214 0.0000000000
49338  50.658  -24.128  21.032 0.0000000000
49339  51.149  -23.612  20.957 0.0000000000
49340  50.728  -23.762  20.859 0.0000000000
49341  50.786  -23.371  20.637 0.0000000000
49342  50.292  -23.827  20.799 0.0000000000
49343  49.840  -23.870  20.764 0.0000000000
49344  49.815  -24.275  20.828 0.0000000000
49345  47.029  -27.263  22.456 0.0000000000
49346  47.015  -27.244  21.783 0.0000000000
49347  46.564  -27.552  22.268 0.0000000000
49348  46.102  -27.827  22.123 0.0000000000
49349  46.086  -27.847  22.700 0.0000000000
49351  46.011  -27.878  23.272 0.0000000000
50860  50.461  -9.952  13.891 0.0000000000
50861  50.085  -10.259  14.679 0.0000000000
50862  50.514  -10.284  14.557 0.0000000000
50863  50.599  -10.632  15.138 0.0000000000
50864  50.953  -10.349  14.409 0.0000000000
50873  54.204  -11.199  14.011 0.0000000000
54674  56.169  -12.308  17.870 0.0000000000
54675  55.744  -12.728  18.510 0.0000000000
54676  56.258  -12.693  18.500 0.0000000000
54677  56.873  -13.995  19.457 0.0000000000
54678  56.330  -14.004  19.533 0.0000000000
54679  56.389  -14.717  19.665 0.0000000000
54680  55.887  -15.419  19.654 0.0000000000
54681  56.421  -15.485  19.576 0.0000000000
55777  42.621  -27.412  21.074 0.0000000000
55778  42.121  -27.556  21.217 0.0000000000
55779  42.094  -28.122  21.096 0.0000000000
58904  48.765  -13.117  18.643 0.0000000000
58906  48.737  -13.687  18.838 0.0000000000
58907  49.123  -14.845  19.011 0.0000000000
58908  48.674  -14.839  19.125 0.0000000000
58909  48.560  -15.485  19.294 0.0000000000
58910  48.055  -16.110  19.458 0.0000000000
58911  48.502  -16.069  19.444 0.0000000000
58912  50.578  -18.963  18.298 0.0000000000
58913  50.061  -18.963  18.423 0.0000000000
58914  50.006  -19.516  17.977 0.0000000000
58915  48.801  -21.220  17.842 0.0000000000
58916  48.829  -20.662  17.788 0.0000000000
58917  48.289  -21.242  18.024 0.0000000000
58918  47.796  -21.194  18.185 0.0000000000
58919  47.798  -21.688  18.389 0.0000000000
58920  47.339  -22.079  18.832 0.0000000000
58921  47.812  -22.117  18.635 0.0000000000
58922  48.421  -22.701  19.358 0.0000000000
58923  47.919  -22.777  19.437 0.0000000000
58924  47.949  -23.132  19.864 0.0000000000
58925  47.510  -23.627  20.323 0.0000000000
58926  47.969  -23.500  20.226 0.0000000000
58927  58.874  -18.960  18.327 0.0000000000
58928  58.455  -18.972  18.055 0.0000000000
58929  58.297  -19.348  18.297 0.0000000000
58930  56.874  -20.238  19.036 0.0000000000
58931  57.102  -20.054  18.460 0.0000000000
58932  56.449  -20.372  18.736 0.0000000000
58933  56.048  -20.489  18.422 0.0000000000
58934  55.825  -20.604  19.036 0.0000000000
58935  52.169  -24.679  23.417 0.0000000000
58936  52.237  -24.533  22.706 0.0000000000
58937  51.753  -24.754  23.059 0.0000000000
58938  50.454  -25.234  22.676 0.0000000000
58939  50.907  -24.903  22.349 0.0000000000
58940  50.513  -25.036  21.980 0.0000000000
58941  50.501  -24.782  21.477 0.0000000000
58942  50.063  -25.192  21.722 0.0000000000
58943  49.627  -25.348  21.463 0.0000000000
58944  49.616  -25.620  21.997 0.0000000000
58945  48.721  -26.369  23.400 0.0000000000
58946  48.775  -26.294  22.681 0.0000000000
58947  48.334  -26.570  23.063 0.0000000000
58948  47.901  -26.785  22.829 0.0000000000
58949  47.843  -26.861  23.514 0.0000000000
58950  47.378  -27.163  23.915 0.0000000000
58951  47.808  -26.993  24.141 0.0000000000
58953  47.817  -27.529  25.265 0.0000000000
60463  50.338  -9.010  12.617 0.0000000000
66104  52.304  -13.272  17.694 0.0000000000
66105  51.835  -13.719  18.263 0.0000000000
66106  52.291  -13.599  18.311 0.0000000000
66107  52.737  -14.293  19.385 0.0000000000
66108  52.278  -14.372  19.349 0.0000000000
66109  52.247  -14.956  19.685 0.0000000000
66110  51.756  -15.621  19.861 0.0000000000
66111  52.230  -15.553  19.877 0.0000000000
66112  54.793  -13.996  19.487 0.0000000000
66113  54.269  -14.047  19.453 0.0000000000
66114  54.273  -14.707  19.746 0.0000000000
66115  53.307  -16.710  19.566 0.0000000000
66116  53.302  -16.095  19.820 0.0000000000
66117  52.814  -16.708  19.676 0.0000000000
66118  52.302  -16.755  19.730 0.0000000000
66119  52.309  -17.364  19.404 0.0000000000
66120  51.746  -17.946  19.041 0.0000000000
66121  52.280  -17.947  18.916 0.0000000000
66122  52.684  -19.003  17.639 0.0000000000
66123  52.172  -18.997  17.837 0.0000000000
66124  52.108  -19.498  17.385 0.0000000000
66125  51.528  -20.017  17.235 0.0000000000
66126  52.054  -20.004  17.090 0.0000000000
66127  56.998  -21.595  22.487 0.0000000000
66128  56.682  -21.598  22.251 0.0000000000
66129  56.441  -22.016  22.755 0.0000000000
66131  55.485  -22.845  23.121 0.0000000000
69412  42.739  -23.051  20.760 0.0000000000
69413  42.147  -23.192  20.842 0.0000000000
69414  42.199  -23.627  21.231 0.0000000000
69415  41.075  -25.616  21.881 0.0000000000
69416  41.089  -25.015  21.827 0.0000000000
69417  40.506  -25.757  21.972 0.0000000000
69418  39.914  -25.953  22.055 0.0000000000
69419  39.892  -26.577  22.042 0.0000000000
69420  41.004  -27.825  21.537 0.0000000000
69421  41.063  -27.263  21.648 0.0000000000
69422  40.507  -27.978  21.666 0.0000000000
71504  60.295  -12.150  17.947 0.0000000000
71505  59.847  -12.678  18.588 0.0000000000
71506  60.339  -12.818  18.580 0.0000000000
71507  60.811  -14.637  19.143 0.0000000000
71508  60.356  -14.461  19.202 0.0000000000
71509  60.417  -15.353  19.206 0.0000000000
71510  59.958  -15.996  19.072 0.0000000000
71511  60.439  -16.041  19.043 0.0000000000
71515  61.323  -17.218  19.214 0.0000000000
71516  61.336  -16.751  19.180 0.0000000000
71517  60.936  -17.230  18.978 0.0000000000
71518  60.489  -17.223  18.806 0.0000000000
71519  60.449  -17.698  18.774 0.0000000000
71520  59.952  -18.147  18.547 0.0000000000
71521  60.346  -18.123  18.831 0.0000000000
71522  60.278  -18.819  19.704 0.0000000000
71523  59.974  -18.842  19.333 0.0000000000
71524  59.713  -19.197  19.716 0.0000000000
71525  59.156  -19.552  19.753 0.0000000000
71526  59.481  -19.533  20.108 0.0000000000
71538  60.734  -18.783  22.300 0.0000000000
71542  61.136  -18.586  21.433 0.0000000000
71543  61.012  -18.641  20.979 0.0000000000
71544  60.677  -19.002  21.378 0.0000000000
71545  59.375  -20.093  21.939 0.0000000000
71546  59.673  -19.819  21.417 0.0000000000
71547  59.186  -20.163  21.554 0.0000000000
71548  58.925  -20.197  21.167 0.0000000000
71549  58.673  -20.514  21.722 0.0000000000
71550  58.098  -20.846  21.914 0.0000000000
71551  58.379  -20.820  22.199 0.0000000000
71553  57.779  -21.498  23.292 0.0000000000
78812  44.612  -19.246  18.730 0.0000000000
78813  44.176  -19.239  18.833 0.0000000000
78814  44.034  -19.730  18.583 0.0000000000
78815  43.455  -20.281  18.579 0.0000000000
78816  43.958  -20.252  18.437 0.0000000000
78817  50.908  -14.744  19.148 0.0000000000
78818  50.419  -14.818  19.080 0.0000000000
78819  50.439  -15.315  19.466 0.0000000000
78820  49.270  -17.077  19.742 0.0000000000
78821  49.385  -16.520  19.734 0.0000000000
78822  48.810  -17.150  19.645 0.0000000000
78823  48.353  -17.199  19.591 0.0000000000
78824  48.234  -17.755  19.473 0.0000000000
78825  49.020  -19.047  18.585 0.0000000000
78826  49.090  -18.538  18.972 0.0000000000
78827  48.486  -19.059  18.577 0.0000000000
78828  46.882  -19.547  18.359 0.0000000000
78829  47.450  -19.081  18.552 0.0000000000
78830  46.989  -19.090  18.616 0.0000000000
78831  47.096  -18.687  18.904 0.0000000000
78832  46.488  -19.123  18.632 0.0000000000
78833  46.013  -19.172  18.593 0.0000000000
78834  45.924  -19.611  18.384 0.0000000000
78835  44.927  -21.123  18.695 0.0000000000
78836  44.871  -20.683  18.450 0.0000000000
78837  44.396  -21.204  18.825 0.0000000000
78838  43.893  -21.244  18.928 0.0000000000
78839  43.947  -21.685  19.308 0.0000000000
78840  43.567  -22.103  19.812 0.0000000000
78841  44.047  -22.073  19.695 0.0000000000
78842  44.704  -22.910  20.334 0.0000000000
78843  44.225  -22.912  20.472 0.0000000000
78844  44.235  -23.434  20.803 0.0000000000
78845  43.749  -23.974  21.168 0.0000000000
78846  44.247  -23.976  21.038 0.0000000000
78847  46.486  -22.891  19.814 0.0000000000
78848  46.012  -22.903  19.957 0.0000000000
78849  46.086  -23.366  20.293 0.0000000000
78850  45.166  -24.959  21.016 0.0000000000
78851  45.202  -24.361  20.955 0.0000000000
78852  44.717  -24.993  21.099 0.0000000000
78853  44.237  -25.053  21.219 0.0000000000
78854  44.259  -25.602  21.144 0.0000000000
78855  43.741  -26.187  21.140 0.0000000000
78856  44.211  -26.127  21.027 0.0000000000
78857  44.575  -27.020  20.659 0.0000000000
78858  44.067  -27.140  20.718 0.0000000000
78859  44.082  -27.641  20.605 0.0000000000
78860  43.600  -28.303  20.745 0.0000000000
78861  44.108  -28.151  20.681 0.0000000000
78862  58.989  -14.187  19.367 0.0000000000
78863  58.450  -14.123  19.358 0.0000000000
78864  58.472  -14.968  19.432 0.0000000000
78865  57.507  -16.956  18.770 0.0000000000
78866  57.496  -16.268  19.167 0.0000000000
78867  57.004  -16.885  18.857 0.0000000000
78868  56.471  -16.865  18.920 0.0000000000
78869  56.512  -17.443  18.472 0.0000000000
78870  57.550  -19.034  17.572 0.0000000000
78871  57.535  -18.554  17.657 0.0000000000
78872  57.074  -19.063  17.361 0.0000000000
78873  55.457  -19.546  17.072 0.0000000000
78874  56.060  -18.994  17.276 0.0000000000
78875  55.528  -18.972  17.238 0.0000000000
78876  55.437  -18.506  17.536 0.0000000000
78877  54.925  -18.965  17.269 0.0000000000
78878  54.387  -18.928  17.299 0.0000000000
78879  54.355  -19.481  17.021 0.0000000000
78880  53.210  -21.097  17.369 0.0000000000
78881  53.217  -20.631  17.057 0.0000000000
78882  52.623  -21.234  17.330 0.0000000000
78883  52.074  -21.205  17.326 0.0000000000
78884  52.097  -21.585  17.749 0.0000000000
78885  55.973  -21.516  21.704 0.0000000000
78886  56.197  -21.079  21.071 0.0000000000
78887  55.601  -21.457  21.467 0.0000000000
78888  54.247  -21.911  21.243 0.0000000000
78889  54.833  -21.408  20.901 0.0000000000
78890  54.404  -21.475  20.641 0.0000000000
78891  54.593  -21.132  19.963 0.0000000000
78892  53.994  -21.529  20.422 0.0000000000
78893  52.306  -23.829  21.784 0.0000000000
78894  52.776  -23.372  21.697 0.0000000000
78895  52.354  -23.405  21.518 0.0000000000
78896  52.076  -22.649  20.689 0.0000000000
78897  52.516  -22.577  20.823 0.0000000000
78898  52.664  -22.191  20.345 0.0000000000
78899  53.248  -21.768  19.938 0.0000000000
78900  52.849  -21.879  19.739 0.0000000000
78901  52.957  -21.762  19.072 0.0000000000
78902  52.405  -22.034  19.537 0.0000000000
78903  50.978  -22.620  19.849 0.0000000000
78904  51.474  -22.301  19.397 0.0000000000
78905  50.993  -22.399  19.325 0.0000000000
78906  51.020  -22.182  18.762 0.0000000000
78907  50.481  -22.462  19.283 0.0000000000
78908  49.975  -22.495  19.242 0.0000000000
78909  49.963  -22.790  19.736 0.0000000000
78910  48.939  -24.108  20.700 0.0000000000
78911  48.940  -23.712  20.505 0.0000000000
78912  48.441  -24.236  20.700 0.0000000000
78913  47.978  -24.366  20.729 0.0000000000
78914  47.933  -24.786  20.827 0.0000000000
78915  48.766  -25.737  21.060 0.0000000000
78916  48.814  -25.328  20.942 0.0000000000
78917  48.314  -25.894  20.962 0.0000000000
78918  46.980  -26.765  20.862 0.0000000000
78919  47.410  -26.198  20.743 0.0000000000
78920  46.978  -26.351  20.713 0.0000000000
78921  46.992  -25.920  20.738 0.0000000000
78922  46.535  -26.498  20.677 0.0000000000
78923  46.064  -26.620  20.644 0.0000000000
78924  46.049  -27.079  20.715 0.0000000000
78925  45.197  -28.379  21.784 0.0000000000
78926  45.166  -28.205  21.193 0.0000000000
78927  44.718  -28.625  21.661 0.0000000000
78928  44.217  -28.857  21.559 0.0000000000
78929  44.247  -28.924  22.166 0.0000000000
78930  43.772  -29.179  22.689 0.0000000000
83463  49.343  -10.825  16.146 0.0000000000
83465  48.959  -11.162  16.941 0.0000000000
83470  50.707  -11.375  16.173 0.0000000000
83471  50.240  -11.727  16.846 0.0000000000
83472  50.647  -11.790  16.640 0.0000000000
83473  50.585  -12.261  17.056 0.0000000000
83474  51.052  -11.866  16.437 0.0000000000
83491  51.870  -10.470  14.113 0.0000000000
83492  52.310  -10.536  13.978 0.0000000000
83493  52.863  -11.365  14.881 0.0000000000
83494  52.397  -11.324  15.074 0.0000000000
83495  52.410  -11.709  15.510 0.0000000000
83496  51.960  -12.096  16.071 0.0000000000
83497  52.418  -12.116  15.944 0.0000000000
83498  52.411  -12.538  16.423 0.0000000000
83499  52.870  -12.176  15.838 0.0000000000
83500  54.256  -11.947  15.022 0.0000000000
83501  53.793  -12.220  15.735 0.0000000000
83502  54.279  -12.222  15.718 0.0000000000
83503  54.273  -12.395  16.454 0.0000000000
83504  54.762  -12.179  15.626 0.0000000000
83509  56.161  -11.623  14.319 0.0000000000
83510  56.249  -11.785  14.992 0.0000000000
83511  55.832  -11.991  15.705 0.0000000000
83512  56.264  -11.890  15.724 0.0000000000
83513  56.192  -11.967  16.484 0.0000000000
83514  56.726  -11.795  15.746 0.0000000000
83515  58.237  -11.500  15.024 0.0000000000
83516  57.742  -11.631  15.738 0.0000000000
83517  58.301  -11.548  15.750 0.0000000000
83518  58.342  -11.638  16.482 0.0000000000
83593  62.355  -11.747  16.719 0.0000000000
88740  40.963  -23.488  20.998 0.0000000000
88741  40.934  -23.057  20.555 0.0000000000
88742  40.367  -23.649  21.045 0.0000000000
88744  39.227  -24.071  21.196 0.0000000000
92708  57.231  -12.227  17.910 0.0000000000
92709  56.800  -12.670  18.510 0.0000000000
92710  57.341  -12.646  18.531 0.0000000000
92711  57.357  -13.265  19.107 0.0000000000
92712  57.402  -13.994  19.441 0.0000000000
93370  42.623  -28.576  20.866 0.0000000000
93371  42.092  -28.670  21.066 0.0000000000
93372  42.094  -29.276  21.161 0.0000000000
95246  49.588  -13.209  18.167 0.0000000000
95247  49.158  -13.716  18.588 0.0000000000
95248  49.611  -13.780  18.394 0.0000000000
95249  49.580  -14.339  18.645 0.0000000000
95250  49.527  -14.890  18.987 0.0000000000
95251  50.504  -20.035  17.470 0.0000000000
95252  49.975  -20.077  17.639 0.0000000000
95253  49.924  -20.648  17.475 0.0000000000
95254  49.327  -21.238  17.697 0.0000000000
95255  48.798  -21.745  18.057 0.0000000000
95256  48.318  -22.117  18.497 0.0000000000
95257  48.810  -22.099  18.402 0.0000000000
95258  48.870  -22.369  18.852 0.0000000000
95259  48.914  -22.634  19.298 0.0000000000
95260  58.522  -19.569  19.039 0.0000000000
95261  58.188  -19.637  18.672 0.0000000000
95262  57.894  -19.864  19.128 0.0000000000
95263  57.281  -20.152  19.347 0.0000000000
95264  56.639  -20.450  19.689 0.0000000000
95265  51.240  -25.138  24.135 0.0000000000
95266  51.282  -24.968  23.403 0.0000000000
95267  50.861  -25.204  23.733 0.0000000000
95268  50.430  -25.363  23.382 0.0000000000
95269  50.015  -25.540  23.028 0.0000000000
95270  49.605  -25.732  22.688 0.0000000000
95271  49.552  -25.813  23.411 0.0000000000
95272  49.101  -26.135  23.763 0.0000000000
95273  48.680  -26.483  24.104 0.0000000000
95274  48.241  -26.822  24.404 0.0000000000
95275  48.695  -26.674  24.728 0.0000000000
95276  48.730  -26.995  25.253 0.0000000000
97231  42.560  -20.348  18.841 0.0000000000
97235  40.840  -22.272  19.765 0.0000000000
99566  53.244  -13.050  17.765 0.0000000000
99567  52.736  -13.459  18.389 0.0000000000
99568  53.215  -13.318  18.417 0.0000000000
99569  53.218  -13.688  18.965 0.0000000000
99570  53.222  -14.212  19.440 0.0000000000
99571  54.794  -15.383  19.753 0.0000000000
99572  54.276  -15.400  19.835 0.0000000000
99573  54.295  -16.092  19.671 0.0000000000
99574  53.801  -16.710  19.440 0.0000000000
99575  53.312  -17.343  19.146 0.0000000000
99576  52.822  -17.960  18.746 0.0000000000
99577  53.266  -17.923  18.600 0.0000000000
99578  53.225  -18.456  18.032 0.0000000000
99579  53.201  -18.974  17.514 0.0000000000
99580  56.567  -22.320  23.512 0.0000000000
99581  56.258  -22.375  23.237 0.0000000000
99582  56.099  -22.756  23.706 0.0000000000
101551  42.819  -24.035  21.364 0.0000000000
101552  42.225  -24.169  21.458 0.0000000000
101553  42.242  -24.744  21.606 0.0000000000
101554  41.665  -25.461  21.779 0.0000000000
101555  41.057  -26.198  21.852 0.0000000000
102806  61.252  -12.403  17.970 0.0000000000
102807  60.805  -12.969  18.608 0.0000000000
102808  61.259  -13.118  18.614 0.0000000000
102809  61.247  -13.933  18.993 0.0000000000
102810  61.231  -14.814  19.170 0.0000000000
102814  61.668  -17.207  19.466 0.0000000000
102815  61.231  -17.641  19.283 0.0000000000
102816  60.729  -18.079  19.130 0.0000000000
102817  61.066  -18.034  19.440 0.0000000000
102818  60.833  -18.428  19.717 0.0000000000
102819  60.560  -18.762  20.100 0.0000000000
102829  60.338  -19.192  22.196 0.0000000000
102830  60.301  -19.328  21.797 0.0000000000
102831  59.923  -19.587  22.250 0.0000000000
102832  59.513  -19.939  22.336 0.0000000000
102833  59.040  -20.371  22.464 0.0000000000
102834  58.551  -20.788  22.588 0.0000000000
107185  47.120  -16.100  19.688 0.0000000000
107187  46.597  -16.706  19.745 0.0000000000
107189  45.503  -17.762  19.574 0.0000000000
107191  45.341  -18.299  19.278 0.0000000000
107192  45.184  -18.802  18.965 0.0000000000
107193  45.056  -19.235  18.612 0.0000000000
107194  50.844  -15.773  19.765 0.0000000000
107195  50.365  -15.882  19.758 0.0000000000
107196  50.290  -16.478  19.893 0.0000000000
107197  49.749  -17.032  19.788 0.0000000000
107198  49.209  -17.596  19.562 0.0000000000
107199  47.833  -20.047  18.085 0.0000000000
107200  47.871  -19.552  18.275 0.0000000000
107201  47.290  -20.121  18.140 0.0000000000
107202  46.807  -20.070  18.205 0.0000000000
107203  46.321  -20.071  18.239 0.0000000000
107204  45.844  -20.120  18.274 0.0000000000
107205  45.814  -20.656  18.335 0.0000000000
107206  45.381  -21.139  18.659 0.0000000000
107207  44.939  -21.580  19.065 0.0000000000
107208  44.551  -22.022  19.577 0.0000000000
107209  45.049  -22.010  19.470 0.0000000000
107210  45.116  -22.454  19.824 0.0000000000
107211  45.162  -22.910  20.183 0.0000000000
107212  46.574  -23.737  20.407 0.0000000000
107213  46.157  -23.833  20.533 0.0000000000
107214  46.100  -24.310  20.734 0.0000000000
107215  45.611  -24.893  20.929 0.0000000000
107216  45.163  -25.470  20.978 0.0000000000
107217  44.674  -26.038  20.947 0.0000000000
107218  45.137  -25.944  20.868 0.0000000000
107219  45.065  -26.433  20.728 0.0000000000
107220  45.078  -26.885  20.633 0.0000000000
107221  59.030  -15.855  19.218 0.0000000000
107222  58.508  -15.730  19.298 0.0000000000
107223  58.527  -16.472  19.010 0.0000000000
107224  58.011  -16.998  18.696 0.0000000000
107225  57.494  -17.569  18.327 0.0000000000
107226  56.451  -19.974  17.460 0.0000000000
107227  56.559  -19.532  17.269 0.0000000000
107228  55.990  -20.051  17.234 0.0000000000
107229  55.432  -20.061  17.118 0.0000000000
107230  54.881  -20.085  17.017 0.0000000000
107231  54.338  -20.068  16.968 0.0000000000
107232  54.350  -20.563  17.169 0.0000000000
107233  53.772  -21.038  17.410 0.0000000000
107234  53.159  -21.414  17.849 0.0000000000
107235  54.905  -22.433  22.219 0.0000000000
107236  55.065  -21.929  21.762 0.0000000000
107237  54.525  -22.435  21.992 0.0000000000
107238  54.120  -22.411  21.755 0.0000000000
107239  53.728  -22.419  21.474 0.0000000000
107240  51.484  -23.902  21.351 0.0000000000
107241  51.953  -23.454  21.305 0.0000000000
107242  51.542  -23.517  21.101 0.0000000000
107243  51.596  -23.158  20.835 0.0000000000
107244  51.691  -22.795  20.492 0.0000000000
107245  51.852  -22.398  20.023 0.0000000000
107246  51.281  -22.901  20.383 0.0000000000
107247  50.859  -22.948  20.325 0.0000000000
107248  50.435  -23.032  20.224 0.0000000000
107249  49.965  -23.127  20.169 0.0000000000
107250  49.918  -23.448  20.551 0.0000000000
107251  49.398  -23.980  20.709 0.0000000000
107252  48.857  -24.511  20.793 0.0000000000
107253  47.884  -26.674  21.543 0.0000000000
107254  47.864  -26.426  21.118 0.0000000000
107255  47.429  -26.871  21.371 0.0000000000
107256  47.000  -27.091  21.234 0.0000000000
107257  46.555  -27.282  21.088 0.0000000000
107258  46.068  -27.459  20.996 0.0000000000
107259  46.110  -27.703  21.490 0.0000000000
107260  45.648  -28.068  21.955 0.0000000000
107261  45.172  -28.366  22.417 0.0000000000
109983  49.731  -10.528  15.400 0.0000000000
109985  49.826  -11.218  16.549 0.0000000000
109986  50.225  -10.892  15.851 0.0000000000
109987  50.669  -10.993  15.672 0.0000000000
109988  51.117  -11.079  15.484 0.0000000000
109999  52.739  -10.655  13.885 0.0000000000
110000  53.205  -10.747  13.779 0.0000000000
110001  53.291  -11.064  14.233 0.0000000000
110002  53.328  -11.447  14.720 0.0000000000
110003  53.340  -11.845  15.222 0.0000000000
110004  53.787  -11.485  14.597 0.0000000000
110005  54.249  -11.565  14.513 0.0000000000
110006  54.747  -11.647  14.424 0.0000000000
110008  56.471  -10.957  13.169 0.0000000000
110009  56.978  -10.954  13.112 0.0000000000
110012  57.209  -11.628  14.998 0.0000000000
113148  39.869  -24.821  21.787 0.0000000000
113149  39.829  -24.334  21.481 0.0000000000
113150  39.272  -25.082  21.845 0.0000000000
116480  55.180  -12.515  17.850 0.0000000000
116481  54.738  -12.967  18.464 0.0000000000
116482  55.244  -12.837  18.493 0.0000000000
116483  55.264  -13.337  19.063 0.0000000000
116484  55.281  -13.980  19.496 0.0000000000
116485  56.299  -13.263  19.068 0.0000000000
116486  55.800  -13.975  19.471 0.0000000000
116487  55.292  -14.652  19.715 0.0000000000
116488  55.328  -15.374  19.738 0.0000000000
116489  55.367  -16.085  19.509 0.0000000000
116490  55.401  -16.755  19.148 0.0000000000
118024  42.812  -26.276  21.383 0.0000000000
118025  42.225  -26.401  21.536 0.0000000000
118026  42.172  -26.967  21.384 0.0000000000
118027  41.565  -27.666  21.396 0.0000000000
118028  41.014  -28.354  21.443 0.0000000000
118029  41.577  -28.798  21.244 0.0000000000
122408  48.199  -14.871  19.331 0.0000000000
122410  47.587  -16.111  19.540 0.0000000000
122411  47.495  -16.719  19.520 0.0000000000
122412  47.395  -17.283  19.458 0.0000000000
122413  50.673  -17.965  19.239 0.0000000000
122414  50.147  -18.009  19.296 0.0000000000
122415  50.135  -18.468  18.883 0.0000000000
122416  49.558  -19.011  18.525 0.0000000000
122417  48.978  -19.541  18.192 0.0000000000
122418  49.414  -20.092  17.776 0.0000000000
122419  48.897  -20.100  17.904 0.0000000000
122420  48.370  -20.045  18.021 0.0000000000
122421  47.804  -20.640  18.045 0.0000000000
122422  47.259  -21.195  18.287 0.0000000000
122423  46.826  -21.647  18.673 0.0000000000
122424  46.380  -22.100  19.131 0.0000000000
122425  46.859  -22.078  18.988 0.0000000000
122426  46.897  -22.475  19.315 0.0000000000
122427  46.953  -22.853  19.652 0.0000000000
122428  47.877  -22.458  18.989 0.0000000000
122429  47.409  -22.814  19.522 0.0000000000
122430  46.992  -23.251  20.014 0.0000000000
122431  47.018  -23.684  20.335 0.0000000000
122432  47.016  -24.149  20.586 0.0000000000
122433  47.004  -24.629  20.749 0.0000000000
122434  59.079  -18.126  18.173 0.0000000000
122435  58.561  -18.083  18.075 0.0000000000
122436  58.547  -18.557  17.975 0.0000000000
122437  58.040  -18.995  17.762 0.0000000000
122438  57.466  -19.451  17.692 0.0000000000
122439  57.721  -19.685  18.333 0.0000000000
122440  57.295  -19.786  18.004 0.0000000000
122441  56.892  -19.891  17.666 0.0000000000
122442  56.279  -20.275  17.855 0.0000000000
122443  55.642  -20.587  18.161 0.0000000000
122444  54.993  -20.842  18.537 0.0000000000
122445  53.128  -24.181  22.866 0.0000000000
122446  53.124  -23.877  22.288 0.0000000000
122447  52.696  -24.240  22.463 0.0000000000
122448  52.281  -24.283  22.139 0.0000000000
122449  51.845  -24.275  21.934 0.0000000000
122450  51.314  -24.829  22.719 0.0000000000
122451  51.394  -24.613  22.072 0.0000000000
122452  51.410  -24.287  21.628 0.0000000000
122453  50.993  -24.332  21.377 0.0000000000
122454  50.574  -24.467  21.209 0.0000000000
122455  50.156  -24.607  21.050 0.0000000000
122456  49.759  -24.684  20.908 0.0000000000
122457  49.669  -25.059  21.111 0.0000000000
122458  49.202  -25.550  21.237 0.0000000000
122459  48.753  -26.043  21.414 0.0000000000
122460  49.183  -25.977  22.331 0.0000000000
122461  48.761  -26.215  22.010 0.0000000000
122462  48.346  -26.443  21.754 0.0000000000
122463  47.941  -26.748  22.153 0.0000000000
122464  47.478  -26.980  22.657 0.0000000000
122465  46.946  -27.314  23.128 0.0000000000
122466  46.438  -27.631  23.533 0.0000000000
122467  46.904  -27.399  23.728 0.0000000000
122468  46.895  -27.532  24.285 0.0000000000
122469  46.909  -27.732  24.827 0.0000000000
122470  47.807  -27.201  24.724 0.0000000000
122471  47.367  -27.615  25.040 0.0000000000
124582  49.529  -8.987  12.662 0.0000000000
124585  50.384  -9.496  13.223 0.0000000000
124586  50.811  -9.593  13.193 0.0000000000
132116  51.376  -13.369  17.693 0.0000000000
132117  50.932  -13.832  18.199 0.0000000000
132118  51.365  -13.824  18.243 0.0000000000
132119  51.364  -14.237  18.760 0.0000000000
132120  51.367  -14.627  19.211 0.0000000000
132121  52.276  -13.939  18.893 0.0000000000
132122  51.818  -14.497  19.280 0.0000000000
132123  51.347  -15.086  19.591 0.0000000000
132124  51.316  -15.691  19.810 0.0000000000
132125  51.299  -16.260  19.870 0.0000000000
132126  51.259  -16.841  19.785 0.0000000000
132127  54.246  -13.503  19.010 0.0000000000
132128  53.733  -14.112  19.495 0.0000000000
132129  53.211  -14.834  19.753 0.0000000000
132130  53.758  -15.462  19.846 0.0000000000
132131  53.227  -15.488  19.884 0.0000000000
132132  52.728  -15.526  19.927 0.0000000000
132133  52.257  -16.148  19.895 0.0000000000
132134  51.760  -16.808  19.773 0.0000000000
132135  51.214  -17.419  19.554 0.0000000000
132136  51.197  -17.954  19.172 0.0000000000
132137  51.152  -18.465  18.666 0.0000000000
132138  51.107  -18.948  18.147 0.0000000000
132139  52.229  -18.484  18.370 0.0000000000
132140  51.665  -18.987  17.995 0.0000000000
132141  51.067  -19.466  17.682 0.0000000000
132142  51.019  -20.043  17.359 0.0000000000
132143  50.955  -20.661  17.259 0.0000000000
132144  50.878  -21.165  17.390 0.0000000000
132145  57.509  -20.803  21.320 0.0000000000
132146  57.144  -20.777  21.016 0.0000000000
132147  56.910  -21.167  21.644 0.0000000000
132148  56.343  -21.572  21.987 0.0000000000
132149  55.814  -21.967  22.241 0.0000000000
132150  55.919  -22.409  22.967 0.0000000000
132151  55.582  -22.441  22.699 0.0000000000
132152  55.283  -22.416  22.430 0.0000000000
132155  53.879  -23.818  22.950 0.0000000000
132165  53.027  -24.402  23.506 0.0000000000
132166  52.558  -24.616  23.817 0.0000000000
132167  52.118  -24.828  24.163 0.0000000000
132170  51.654  -25.062  24.495 0.0000000000
132171  51.205  -25.373  24.889 0.0000000000
132172  50.801  -25.700  25.187 0.0000000000
132173  50.414  -26.023  25.460 0.0000000000
132174  50.019  -26.426  25.659 0.0000000000
132175  50.464  -26.382  25.995 0.0000000000
136306  42.603  -22.283  19.950 0.0000000000
136307  42.048  -22.386  19.983 0.0000000000
136308  42.107  -22.779  20.408 0.0000000000
136309  41.566  -23.350  20.917 0.0000000000
136310  41.030  -23.964  21.372 0.0000000000
136311  41.642  -24.301  21.559 0.0000000000
136312  41.054  -24.433  21.651 0.0000000000
136313  40.468  -24.611  21.732 0.0000000000
136314  39.912  -25.374  21.993 0.0000000000
136315  39.327  -26.172  22.140 0.0000000000
136317  41.650  -26.561  21.646 0.0000000000
136318  41.069  -26.745  21.778 0.0000000000
136319  40.478  -26.933  21.886 0.0000000000
136321  39.934  -27.688  21.890 0.0000000000
136322  39.883  -27.177  21.983 0.0000000000
136323  39.329  -27.392  22.061 0.0000000000
138914  59.295  -12.071  17.911 0.0000000000
138915  58.853  -12.600  18.545 0.0000000000
138916  59.356  -12.627  18.559 0.0000000000
138917  59.423  -13.349  19.030 0.0000000000
138918  59.463  -14.200  19.284 0.0000000000
138919  60.357  -13.621  18.999 0.0000000000
138920  59.908  -14.341  19.251 0.0000000000
138921  59.476  -15.114  19.319 0.0000000000
138922  59.506  -15.972  19.144 0.0000000000
138923  59.466  -16.597  18.878 0.0000000000
138924  59.512  -17.156  18.607 0.0000000000
138925  62.038  -14.264  19.186 0.0000000000
138926  61.667  -14.902  19.235 0.0000000000
138927  61.272  -15.528  19.220 0.0000000000
138928  61.705  -16.253  19.350 0.0000000000
138929  61.307  -16.195  19.180 0.0000000000
138930  60.877  -16.116  19.093 0.0000000000
138931  60.463  -16.687  18.893 0.0000000000
138932  60.005  -17.203  18.665 0.0000000000
138933  59.545  -17.667  18.417 0.0000000000
138934  59.527  -18.139  18.341 0.0000000000
138935  59.435  -18.562  18.404 0.0000000000
138936  59.285  -18.916  18.630 0.0000000000
138937  60.192  -18.503  19.020 0.0000000000
138938  59.637  -18.865  18.989 0.0000000000
138939  59.085  -19.204  18.982 0.0000000000
138940  58.839  -19.569  19.371 0.0000000000
138941  58.588  -19.879  19.879 0.0000000000
138942  58.296  -20.199  20.423 0.0000000000
138960  61.747  -17.855  20.745 0.0000000000
138961  61.305  -18.274  20.604 0.0000000000
138962  60.826  -18.685  20.525 0.0000000000
138963  60.307  -19.112  20.526 0.0000000000
138964  60.170  -19.450  21.347 0.0000000000
138965  59.989  -19.487  20.950 0.0000000000
138966  59.767  -19.508  20.541 0.0000000000
138967  59.197  -19.869  20.600 0.0000000000
138968  58.599  -20.201  20.776 0.0000000000
138969  58.052  -20.515  21.011 0.0000000000
138970  57.826  -20.835  21.612 0.0000000000
138971  57.514  -21.201  22.176 0.0000000000
138972  57.293  -21.579  22.768 0.0000000000
138973  58.054  -21.151  22.755 0.0000000000
138974  57.555  -21.533  23.023 0.0000000000
138975  57.063  -21.911  23.299 0.0000000000
147805  44.340  -18.753  19.201 0.0000000000
147807  43.145  -19.783  18.879 0.0000000000
147808  42.989  -20.310  18.685 0.0000000000
147809  42.951  -20.885  18.739 0.0000000000
147810  42.984  -21.376  19.024 0.0000000000
147811  50.446  -14.325  18.649 0.0000000000
147812  49.961  -14.869  19.026 0.0000000000
147813  49.502  -15.433  19.326 0.0000000000
147814  49.926  -15.913  19.656 0.0000000000
147815  49.479  -15.966  19.590 0.0000000000
147816  48.991  -16.025  19.478 0.0000000000
147817  48.458  -16.622  19.553 0.0000000000
147818  47.876  -17.241  19.545 0.0000000000
147819  47.301  -17.798  19.335 0.0000000000
147820  49.651  -18.023  19.321 0.0000000000
147821  49.155  -18.064  19.302 0.0000000000
147822  48.658  -18.173  19.272 0.0000000000
147823  47.968  -19.070  18.601 0.0000000000
147824  48.080  -18.640  18.931 0.0000000000
147825  48.173  -18.221  19.227 0.0000000000
147826  47.709  -18.261  19.181 0.0000000000
147827  47.184  -18.285  19.150 0.0000000000
147828  46.706  -18.283  19.095 0.0000000000
147829  46.063  -18.767  18.816 0.0000000000
147830  45.518  -19.210  18.594 0.0000000000
147831  44.934  -19.666  18.410 0.0000000000
147832  45.353  -20.153  18.300 0.0000000000
147833  44.848  -20.202  18.354 0.0000000000
147834  44.408  -20.217  18.417 0.0000000000
147835  43.899  -20.758  18.610 0.0000000000
147836  43.441  -21.309  18.959 0.0000000000
147837  43.011  -21.794  19.451 0.0000000000
147838  43.077  -22.174  19.888 0.0000000000
147839  43.175  -22.557  20.289 0.0000000000
147840  43.226  -22.977  20.698 0.0000000000
147841  44.157  -22.439  20.089 0.0000000000
147842  43.712  -22.948  20.592 0.0000000000
147843  43.273  -23.479  21.019 0.0000000000
147844  43.278  -24.020  21.253 0.0000000000
147845  43.280  -24.590  21.390 0.0000000000
147846  43.299  -25.156  21.427 0.0000000000
147847  45.962  -22.473  19.633 0.0000000000
147848  45.576  -22.902  20.081 0.0000000000
147849  45.192  -23.376  20.513 0.0000000000
147850  45.674  -23.861  20.650 0.0000000000
147851  45.205  -23.856  20.776 0.0000000000
147852  44.748  -23.929  20.890 0.0000000000
147853  44.279  -24.521  21.166 0.0000000000
147854  43.774  -25.111  21.297 0.0000000000
147855  43.332  -25.678  21.361 0.0000000000
147856  43.267  -26.234  21.248 0.0000000000
147857  43.195  -26.790  21.101 0.0000000000
147858  43.128  -27.350  20.941 0.0000000000
147859  44.130  -26.637  20.878 0.0000000000
147860  43.589  -27.255  20.821 0.0000000000
147861  43.088  -27.907  20.805 0.0000000000
147862  43.112  -28.419  20.765 0.0000000000
147863  43.148  -28.964  21.022 0.0000000000
147864  43.217  -29.273  21.466 0.0000000000
147865  58.417  -13.255  19.059 0.0000000000
147866  57.945  -14.025  19.401 0.0000000000
147867  57.416  -14.821  19.538 0.0000000000
147868  57.973  -15.631  19.389 0.0000000000
147869  57.450  -15.580  19.437 0.0000000000
147870  56.937  -15.531  19.526 0.0000000000
147871  56.443  -16.216  19.306 0.0000000000
147872  55.936  -16.838  19.028 0.0000000000
147873  55.439  -17.419  18.638 0.0000000000
147874  58.025  -18.036  17.997 0.0000000000
147875  57.492  -18.050  17.938 0.0000000000
147876  56.981  -18.069  17.941 0.0000000000
147877  56.582  -19.017  17.306 0.0000000000
147878  56.541  -18.514  17.563 0.0000000000
147879  56.481  -18.051  17.946 0.0000000000
147880  55.978  -18.005  18.000 0.0000000000
147881  55.446  -18.046  18.032 0.0000000000
147882  54.871  -17.941  18.209 0.0000000000
147883  54.317  -18.417  17.804 0.0000000000
147884  53.787  -18.937  17.401 0.0000000000
147885  53.227  -19.478  17.107 0.0000000000
147886  53.808  -20.037  16.950 0.0000000000
147887  53.234  -20.046  16.958 0.0000000000
147888  52.616  -20.064  17.030 0.0000000000
147889  52.037  -20.618  17.104 0.0000000000
147890  51.488  -21.161  17.352 0.0000000000
147891  50.979  -21.586  17.683 0.0000000000
147892  56.823  -20.732  20.697 0.0000000000
147893  56.426  -20.719  20.385 0.0000000000
147894  56.015  -20.723  20.087 0.0000000000
147895  55.238  -21.433  21.170 0.0000000000
147896  55.427  -21.029  20.471 0.0000000000
147897  55.625  -20.760  19.733 0.0000000000
147898  55.216  -20.839  19.449 0.0000000000
147899  54.820  -20.914  19.231 0.0000000000
147900  54.396  -21.100  18.998 0.0000000000
147901  53.191  -23.398  21.915 0.0000000000
147902  53.251  -22.930  21.589 0.0000000000
147903  53.331  -22.449  21.247 0.0000000000
147904  52.418  -22.987  21.204 0.0000000000
147905  52.918  -22.496  21.055 0.0000000000
147906  53.443  -22.000  20.790 0.0000000000
147907  53.612  -21.631  20.173 0.0000000000
147908  53.839  -21.385  19.457 0.0000000000
147909  53.937  -21.294  18.783 0.0000000000
147910  53.517  -21.468  18.607 0.0000000000
147911  53.059  -21.612  18.439 0.0000000000
147912  52.599  -21.744  18.295 0.0000000000
147913  51.936  -22.170  19.459 0.0000000000
147914  52.031  -22.030  18.846 0.0000000000
147915  52.086  -21.837  18.274 0.0000000000
147916  51.559  -21.885  18.219 0.0000000000
147917  51.025  -21.920  18.180 0.0000000000
147918  50.478  -21.950  18.163 0.0000000000
147919  49.967  -22.247  18.715 0.0000000000
147920  49.458  -22.553  19.252 0.0000000000
147921  48.966  -22.942  19.745 0.0000000000
147922  49.457  -23.233  20.158 0.0000000000
147923  48.990  -23.309  20.163 0.0000000000
147924  48.484  -23.381  20.199 0.0000000000
147925  47.977  -23.912  20.520 0.0000000000
147926  47.478  -24.478  20.743 0.0000000000
147927  47.012  -25.091  20.814 0.0000000000
147928  49.334  -24.778  20.898 0.0000000000
147929  48.838  -24.908  20.882 0.0000000000
147930  48.321  -25.065  20.829 0.0000000000
147931  47.857  -26.057  20.882 0.0000000000
147932  47.856  -25.634  20.800 0.0000000000
147933  47.875  -25.204  20.807 0.0000000000
147934  47.466  -25.343  20.834 0.0000000000
147935  47.002  -25.497  20.808 0.0000000000
147936  46.532  -25.654  20.784 0.0000000000
147937  46.060  -26.195  20.726 0.0000000000
147938  45.582  -26.758  20.639 0.0000000000
147939  45.099  -27.343  20.547 0.0000000000
147940  45.577  -27.698  20.847 0.0000000000
147941  45.124  -27.831  20.748 0.0000000000
147942  44.623  -27.982  20.680 0.0000000000
147943  44.162  -28.597  21.029 0.0000000000
147944  43.707  -29.104  21.478 0.0000000000
147945  43.289  -29.419  22.048 0.0000000000
147946  43.326  -29.472  22.645 0.0000000000
147973  49.613  -26.853  25.850 0.0000000000
153401  48.055  -10.744  16.639 0.0000000000
153409  48.852  -12.570  18.339 0.0000000000
153410  49.268  -12.631  18.114 0.0000000000
153411  49.825  -11.666  17.058 0.0000000000
153413  49.669  -12.687  17.878 0.0000000000
153414  50.086  -12.717  17.642 0.0000000000
153415  50.517  -12.759  17.429 0.0000000000
153416  50.999  -12.840  17.265 0.0000000000
153434  51.313  -10.061  13.675 0.0000000000
153435  51.399  -10.421  14.249 0.0000000000
153436  51.480  -10.781  14.806 0.0000000000
153437  51.543  -11.148  15.324 0.0000000000
153438  52.373  -10.892  14.527 0.0000000000
153439  51.962  -11.232  15.186 0.0000000000
153440  51.530  -11.551  15.818 0.0000000000
153441  51.511  -11.991  16.245 0.0000000000
153442  51.497  -12.446  16.677 0.0000000000
153443  51.491  -12.901  17.131 0.0000000000
153444  51.930  -12.907  17.068 0.0000000000
153445  52.382  -12.922  17.070 0.0000000000
153446  52.857  -12.880  17.069 0.0000000000
153447  53.339  -12.203  15.750 0.0000000000
153448  53.333  -12.528  16.424 0.0000000000
153449  53.318  -12.787  17.093 0.0000000000
153450  53.799  -12.676  17.124 0.0000000000
153451  54.244  -12.556  17.158 0.0000000000
153452  54.700  -12.429  17.145 0.0000000000
153454  55.122  -11.301  13.832 0.0000000000
153455  55.206  -11.659  14.349 0.0000000000
153457  55.686  -11.634  14.326 0.0000000000
153458  55.247  -11.934  14.923 0.0000000000
153459  55.284  -12.074  15.634 0.0000000000
153460  55.252  -12.176  16.388 0.0000000000
153461  55.135  -12.300  17.171 0.0000000000
153462  55.663  -12.189  17.175 0.0000000000
153463  56.172  -12.072  17.197 0.0000000000
153464  56.707  -12.018  17.219 0.0000000000
153465  57.224  -11.708  15.734 0.0000000000
153466  57.223  -11.799  16.491 0.0000000000
153467  57.238  -11.956  17.225 0.0000000000
153468  57.808  -11.866  17.256 0.0000000000
153469  58.336  -11.831  17.227 0.0000000000
153470  58.847  -11.768  17.198 0.0000000000
153550  59.435  -11.480  16.377 0.0000000000
153551  59.386  -11.685  17.143 0.0000000000
153552  59.894  -11.709  17.158 0.0000000000
153553  60.397  -11.715  17.186 0.0000000000
153554  60.908  -11.804  17.223 0.0000000000
153557  61.379  -11.890  17.243 0.0000000000
153558  61.837  -12.000  17.310 0.0000000000
159739  41.472  -22.515  20.055 0.0000000000
159740  40.906  -22.671  20.121 0.0000000000
159741  40.294  -22.851  20.218 0.0000000000
159742  39.805  -23.864  21.099 0.0000000000
