#!ascii label  , from subject fsaverage vox2ras=TkReg
1164
70  40.876  -66.708  37.886 0.0000000000
71  33.287  -61.850  45.570 0.0000000000
416  37.852  -66.427  47.374 0.0000000000
561  29.608  -60.999  44.696 0.0000000000
562  29.596  -61.528  34.504 0.0000000000
932  36.340  -59.779  42.553 0.0000000000
933  38.975  -61.643  44.124 0.0000000000
934  35.339  -64.009  46.261 0.0000000000
935  35.518  -68.105  43.803 0.0000000000
936  33.922  -64.722  43.070 0.0000000000
1243  29.367  -62.000  39.993 0.0000000000
1244  26.300  -60.417  40.131 0.0000000000
1929  42.184  -63.324  40.897 0.0000000000
1930  42.076  -59.145  44.427 0.0000000000
1931  41.644  -63.551  45.660 0.0000000000
1932  39.933  -67.609  43.775 0.0000000000
1933  37.040  -71.419  43.749 0.0000000000
2323  31.312  -61.814  45.638 0.0000000000
2324  32.061  -63.614  40.527 0.0000000000
2325  32.243  -64.764  36.184 0.0000000000
2852  34.737  -60.848  43.870 0.0000000000
2853  35.862  -61.817  44.111 0.0000000000
2854  34.191  -62.893  45.695 0.0000000000
2855  34.194  -64.937  45.168 0.0000000000
2856  33.205  -63.690  45.175 0.0000000000
3187  41.572  -64.421  36.737 0.0000000000
4235  44.650  -62.400  40.334 0.0000000000
4236  44.112  -62.472  42.689 0.0000000000
4240  38.436  -63.684  46.313 0.0000000000
4241  40.146  -62.424  45.354 0.0000000000
4242  39.760  -64.686  46.918 0.0000000000
4243  40.798  -65.712  45.196 0.0000000000
4244  39.004  -67.539  46.300 0.0000000000
4245  38.673  -69.758  44.189 0.0000000000
4246  37.567  -69.010  45.601 0.0000000000
4247  35.067  -68.056  41.238 0.0000000000
5167  30.500  -61.277  45.078 0.0000000000
5168  31.822  -62.619  43.026 0.0000000000
5169  30.744  -62.127  42.308 0.0000000000
5170  29.356  -61.774  37.321 0.0000000000
5171  30.826  -63.120  37.980 0.0000000000
5172  31.030  -63.076  35.147 0.0000000000
6287  39.233  -59.454  42.563 0.0000000000
6288  37.620  -60.733  43.029 0.0000000000
6289  37.055  -62.922  45.095 0.0000000000
6290  36.565  -65.159  46.984 0.0000000000
6291  36.388  -67.785  46.076 0.0000000000
6292  35.270  -66.173  45.753 0.0000000000
6293  34.826  -66.130  43.461 0.0000000000
6294  34.393  -66.016  41.127 0.0000000000
6845  29.538  -61.840  42.224 0.0000000000
6847  27.935  -61.150  40.018 0.0000000000
6848  27.698  -60.657  37.160 0.0000000000
7798  40.500  -69.043  38.868 0.0000000000
8390  42.805  -62.990  38.454 0.0000000000
8391  40.986  -64.760  39.252 0.0000000000
8394  43.711  -60.343  45.697 0.0000000000
8395  40.581  -60.220  43.905 0.0000000000
8396  42.022  -61.232  45.342 0.0000000000
8397  43.373  -62.421  44.958 0.0000000000
8398  42.207  -63.985  43.578 0.0000000000
8399  40.800  -65.441  42.177 0.0000000000
8400  40.492  -67.116  40.776 0.0000000000
8401  39.688  -69.630  41.695 0.0000000000
8404  36.120  -70.009  44.010 0.0000000000
9520  32.087  -59.824  44.727 0.0000000000
9529  32.080  -62.156  45.957 0.0000000000
9530  32.695  -63.249  44.030 0.0000000000
9531  33.179  -64.161  41.557 0.0000000000
9532  33.514  -65.210  39.609 0.0000000000
9533  30.663  -62.940  40.136 0.0000000000
9534  32.184  -64.334  38.704 0.0000000000
9535  33.152  -66.319  37.480 0.0000000000
9558  25.714  -59.853  36.975 0.0000000000
10532  33.953  -61.299  44.657 0.0000000000
10533  34.457  -61.854  44.700 0.0000000000
10534  33.668  -62.325  45.644 0.0000000000
10535  33.572  -63.457  45.918 0.0000000000
10536  33.116  -62.895  46.021 0.0000000000
10867  40.967  -65.582  37.222 0.0000000000
10868  41.384  -65.358  35.834 0.0000000000
10869  41.283  -66.630  36.407 0.0000000000
11916  44.752  -61.772  43.527 0.0000000000
11920  38.185  -65.002  47.241 0.0000000000
11921  39.028  -64.185  46.803 0.0000000000
11922  38.845  -65.529  47.346 0.0000000000
11923  39.457  -66.072  46.972 0.0000000000
11924  38.510  -66.995  47.055 0.0000000000
11925  38.232  -68.330  45.980 0.0000000000
11926  37.693  -67.811  46.579 0.0000000000
12847  30.055  -61.036  44.816 0.0000000000
12848  30.651  -61.685  43.726 0.0000000000
12849  30.145  -61.545  43.539 0.0000000000
12850  29.416  -61.575  35.926 0.0000000000
12851  30.229  -62.310  36.145 0.0000000000
12852  30.394  -62.299  34.735 0.0000000000
12853  31.168  -63.207  33.771 0.0000000000
12854  30.573  -62.317  33.390 0.0000000000
14317  37.052  -59.232  41.998 0.0000000000
14318  37.848  -59.689  42.331 0.0000000000
14319  37.042  -60.281  42.806 0.0000000000
14320  35.595  -62.835  45.225 0.0000000000
14321  36.410  -62.433  44.537 0.0000000000
14322  36.151  -63.443  45.765 0.0000000000
14323  36.764  -63.929  46.188 0.0000000000
14324  35.922  -64.578  46.603 0.0000000000
14325  35.851  -65.840  46.644 0.0000000000
14326  35.139  -65.228  46.386 0.0000000000
14327  34.070  -64.838  44.069 0.0000000000
14328  34.525  -65.499  44.295 0.0000000000
14329  34.415  -65.368  43.206 0.0000000000
14330  34.691  -66.165  42.277 0.0000000000
14331  34.225  -65.336  42.182 0.0000000000
15252  27.089  -60.730  40.079 0.0000000000
15253  27.757  -60.911  38.648 0.0000000000
15254  26.921  -60.455  38.571 0.0000000000
17122  40.187  -70.205  39.155 0.0000000000
18467  43.398  -62.742  40.551 0.0000000000
18468  43.658  -62.647  39.296 0.0000000000
18469  42.436  -63.085  39.630 0.0000000000
18470  41.721  -63.671  38.781 0.0000000000
18471  41.445  -63.894  40.009 0.0000000000
18478  43.817  -59.274  45.548 0.0000000000
18479  42.848  -59.746  45.323 0.0000000000
18480  39.138  -60.495  43.174 0.0000000000
18481  39.914  -59.841  43.146 0.0000000000
18482  39.814  -60.968  43.859 0.0000000000
18483  40.906  -62.937  45.733 0.0000000000
18484  41.181  -61.794  45.153 0.0000000000
18485  41.940  -62.380  45.528 0.0000000000
18486  42.784  -61.883  45.488 0.0000000000
18487  42.611  -62.965  45.259 0.0000000000
18488  42.909  -63.235  44.239 0.0000000000
18489  42.098  -64.001  44.845 0.0000000000
18490  40.289  -66.747  44.670 0.0000000000
18491  40.886  -65.717  43.743 0.0000000000
18492  40.456  -66.442  43.117 0.0000000000
18493  40.501  -66.307  41.583 0.0000000000
18494  40.183  -67.375  42.250 0.0000000000
18495  40.121  -68.354  41.321 0.0000000000
18496  39.732  -68.570  42.825 0.0000000000
18497  37.914  -70.614  43.954 0.0000000000
18498  38.504  -70.803  42.946 0.0000000000
18502  35.852  -68.027  44.962 0.0000000000
18503  36.342  -68.886  45.069 0.0000000000
18504  35.796  -69.105  43.935 0.0000000000
21262  31.643  -62.098  45.824 0.0000000000
21263  32.276  -62.883  45.284 0.0000000000
21264  31.924  -62.603  44.890 0.0000000000
21265  31.977  -63.049  41.630 0.0000000000
21266  32.560  -63.321  42.145 0.0000000000
21267  32.654  -63.857  40.977 0.0000000000
21268  33.308  -64.768  40.608 0.0000000000
21269  32.717  -64.437  40.086 0.0000000000
21270  29.375  -62.020  41.122 0.0000000000
21271  30.064  -62.371  41.087 0.0000000000
21272  29.996  -62.487  40.035 0.0000000000
21273  31.604  -63.742  37.079 0.0000000000
21274  31.485  -63.708  38.356 0.0000000000
21275  32.223  -64.552  37.638 0.0000000000
21276  32.818  -65.200  38.101 0.0000000000
21277  32.754  -65.584  36.875 0.0000000000
21334  24.622  -59.882  37.077 0.0000000000
21335  25.576  -59.804  35.361 0.0000000000
21336  26.626  -60.000  35.405 0.0000000000
23566  35.582  -60.260  43.151 0.0000000000
23567  36.135  -60.796  43.271 0.0000000000
23568  35.312  -61.324  43.950 0.0000000000
23569  35.014  -62.344  44.897 0.0000000000
23570  34.765  -63.453  45.961 0.0000000000
23571  34.509  -64.760  46.249 0.0000000000
23572  34.060  -64.057  46.008 0.0000000000
23573  33.709  -64.273  45.025 0.0000000000
23574  33.570  -64.212  44.022 0.0000000000
26057  44.331  -62.501  41.554 0.0000000000
26058  43.125  -62.965  41.819 0.0000000000
26063  41.392  -58.673  43.478 0.0000000000
26064  38.707  -62.643  45.164 0.0000000000
26065  39.572  -62.059  44.734 0.0000000000
26066  39.315  -62.994  45.789 0.0000000000
26067  39.932  -63.511  46.232 0.0000000000
26068  40.682  -64.090  46.209 0.0000000000
26069  41.215  -64.672  45.541 0.0000000000
26070  40.413  -65.264  46.412 0.0000000000
26071  40.087  -66.500  46.071 0.0000000000
26072  39.613  -67.699  45.132 0.0000000000
26073  39.373  -68.620  44.108 0.0000000000
26074  38.830  -68.603  45.266 0.0000000000
26075  38.093  -69.482  45.042 0.0000000000
26076  37.322  -70.203  44.662 0.0000000000
26077  35.349  -68.072  42.485 0.0000000000
26078  35.471  -69.136  42.606 0.0000000000
27733  30.917  -61.527  45.377 0.0000000000
27734  31.577  -62.291  44.507 0.0000000000
27735  31.149  -61.983  44.111 0.0000000000
27736  31.321  -62.301  42.696 0.0000000000
27737  31.418  -62.833  41.289 0.0000000000
27738  29.390  -61.982  38.794 0.0000000000
27739  30.086  -62.552  38.930 0.0000000000
27740  30.090  -62.441  37.627 0.0000000000
27741  30.965  -63.011  36.528 0.0000000000
27742  31.663  -63.903  35.613 0.0000000000
27744  31.720  -64.132  34.276 0.0000000000
30030  38.513  -59.083  42.028 0.0000000000
30031  38.464  -60.046  42.697 0.0000000000
30032  38.308  -61.152  43.520 0.0000000000
30033  36.702  -61.339  43.471 0.0000000000
30034  37.326  -61.782  43.921 0.0000000000
30035  38.046  -62.267  44.526 0.0000000000
30036  37.739  -63.328  45.688 0.0000000000
30037  37.571  -64.368  46.815 0.0000000000
30038  37.169  -65.757  47.335 0.0000000000
30039  37.039  -67.231  46.809 0.0000000000
30040  36.429  -66.519  46.792 0.0000000000
30041  35.901  -67.020  45.918 0.0000000000
30042  35.440  -67.131  44.799 0.0000000000
30043  34.654  -65.573  45.429 0.0000000000
30044  35.062  -66.235  44.605 0.0000000000
30045  35.272  -67.082  43.605 0.0000000000
30046  35.055  -67.056  42.355 0.0000000000
30047  34.811  -66.977  41.202 0.0000000000
30048  34.435  -66.794  40.062 0.0000000000
31334  28.794  -61.639  41.177 0.0000000000
31337  28.667  -61.572  39.984 0.0000000000
31338  28.613  -61.395  38.570 0.0000000000
31339  28.526  -61.157  37.199 0.0000000000
31340  28.608  -60.931  35.733 0.0000000000
32523  36.225  -58.825  41.658 0.0000000000
32526  35.617  -59.316  42.349 0.0000000000
32527  34.882  -59.822  43.037 0.0000000000
32528  34.125  -60.285  43.708 0.0000000000
32529  33.420  -60.719  44.530 0.0000000000
33784  40.728  -67.956  38.531 0.0000000000
33785  41.255  -67.906  36.955 0.0000000000
33786  41.038  -68.902  37.400 0.0000000000
35454  43.270  -62.911  37.368 0.0000000000
35455  42.128  -63.541  37.587 0.0000000000
35456  41.257  -64.497  37.914 0.0000000000
35457  40.834  -65.739  38.544 0.0000000000
35465  44.707  -59.846  45.676 0.0000000000
35466  44.581  -60.782  45.306 0.0000000000
35468  40.671  -59.135  43.224 0.0000000000
35469  41.310  -59.631  44.100 0.0000000000
35470  40.445  -61.342  44.514 0.0000000000
35471  41.279  -60.649  44.678 0.0000000000
35472  42.081  -60.157  44.987 0.0000000000
35473  42.810  -60.746  45.513 0.0000000000
35474  43.660  -61.324  45.392 0.0000000000
35475  44.240  -61.641  44.654 0.0000000000
35476  43.765  -62.533  43.829 0.0000000000
35477  43.025  -63.159  43.013 0.0000000000
35478  42.149  -63.723  42.235 0.0000000000
35479  41.427  -64.885  44.296 0.0000000000
35480  41.394  -64.686  42.830 0.0000000000
35481  41.345  -64.265  41.403 0.0000000000
35482  40.805  -65.072  40.733 0.0000000000
35483  40.675  -66.055  40.040 0.0000000000
35484  40.624  -66.981  39.325 0.0000000000
35485  40.450  -68.078  39.881 0.0000000000
35486  40.158  -69.330  40.207 0.0000000000
35488  39.235  -69.791  43.000 0.0000000000
35494  36.966  -68.494  45.945 0.0000000000
35495  36.778  -69.617  45.000 0.0000000000
35496  36.526  -70.884  43.985 0.0000000000
35497  35.637  -70.301  42.734 0.0000000000
38799  32.728  -59.784  44.076 0.0000000000
38800  32.787  -60.892  45.092 0.0000000000
38826  32.154  -60.996  45.661 0.0000000000
38827  32.668  -62.007  45.952 0.0000000000
38828  32.665  -63.012  45.737 0.0000000000
38829  32.868  -63.507  44.605 0.0000000000
38830  33.357  -63.927  43.361 0.0000000000
38831  32.339  -62.954  43.516 0.0000000000
38832  33.047  -63.629  42.772 0.0000000000
38833  33.627  -64.434  42.334 0.0000000000
38834  33.798  -65.078  41.362 0.0000000000
38835  33.986  -65.658  40.320 0.0000000000
38836  33.989  -66.291  39.268 0.0000000000
38837  30.126  -62.005  42.211 0.0000000000
38838  30.726  -62.618  41.230 0.0000000000
38839  31.411  -63.328  40.269 0.0000000000
38840  30.721  -63.083  39.107 0.0000000000
38841  31.450  -63.600  39.337 0.0000000000
38842  32.092  -64.073  39.696 0.0000000000
38843  32.838  -64.835  39.175 0.0000000000
38844  33.452  -65.745  38.615 0.0000000000
38913  24.924  -59.919  38.614 0.0000000000
38914  25.942  -60.096  38.554 0.0000000000
38915  26.709  -60.142  37.079 0.0000000000
38916  27.684  -60.345  35.521 0.0000000000
41252  33.607  -61.502  45.065 0.0000000000
41253  33.826  -61.807  45.152 0.0000000000
41254  33.490  -62.085  45.569 0.0000000000
41255  33.397  -62.642  45.939 0.0000000000
41256  33.184  -62.362  45.897 0.0000000000
41587  40.883  -66.172  37.542 0.0000000000
41588  41.121  -66.106  36.827 0.0000000000
41589  41.083  -66.723  37.127 0.0000000000
42635  45.270  -61.482  43.390 0.0000000000
42636  45.062  -61.376  43.947 0.0000000000
42640  38.018  -65.696  47.476 0.0000000000
42641  38.500  -65.300  47.367 0.0000000000
42642  38.342  -66.022  47.439 0.0000000000
42643  38.692  -66.275  47.389 0.0000000000
42644  38.170  -66.747  47.239 0.0000000000
42645  38.042  -67.448  46.820 0.0000000000
42646  37.720  -67.173  47.018 0.0000000000
43567  29.795  -60.980  44.666 0.0000000000
43568  30.104  -61.311  44.181 0.0000000000
43569  29.856  -61.278  44.113 0.0000000000
43570  29.490  -61.559  35.187 0.0000000000
43571  29.891  -61.938  35.319 0.0000000000
43572  29.982  -61.907  34.627 0.0000000000
43573  30.468  -62.306  34.078 0.0000000000
43574  30.095  -61.903  33.941 0.0000000000
45037  36.670  -59.500  42.256 0.0000000000
45038  37.059  -59.751  42.431 0.0000000000
45039  36.656  -60.026  42.658 0.0000000000
45040  35.452  -63.410  45.817 0.0000000000
45041  35.859  -63.174  45.537 0.0000000000
45042  35.735  -63.714  46.068 0.0000000000
45043  36.034  -63.992  46.283 0.0000000000
45044  35.612  -64.288  46.485 0.0000000000
45045  35.512  -64.893  46.577 0.0000000000
45046  35.222  -64.606  46.469 0.0000000000
45047  34.002  -64.740  43.572 0.0000000000
45048  34.249  -65.057  43.641 0.0000000000
45049  34.159  -65.027  43.135 0.0000000000
45050  34.313  -65.376  42.738 0.0000000000
45051  34.065  -65.010  42.631 0.0000000000
45970  26.497  -60.574  40.855 0.0000000000
45971  26.885  -60.696  40.788 0.0000000000
45972  26.683  -60.520  40.056 0.0000000000
45973  26.995  -60.593  39.318 0.0000000000
45974  26.566  -60.402  39.355 0.0000000000
49187  42.810  -62.985  40.713 0.0000000000
49188  42.906  -62.888  40.082 0.0000000000
49189  42.296  -63.176  40.224 0.0000000000
49190  41.884  -63.422  39.765 0.0000000000
49191  41.796  -63.560  40.414 0.0000000000
49197  42.555  -58.946  44.647 0.0000000000
49198  42.928  -59.211  45.128 0.0000000000
49199  42.473  -59.410  44.909 0.0000000000
49200  39.088  -61.073  43.608 0.0000000000
49201  39.490  -60.725  43.512 0.0000000000
49202  39.369  -61.281  43.908 0.0000000000
49203  41.272  -63.273  45.791 0.0000000000
49204  41.439  -62.643  45.582 0.0000000000
49205  41.840  -62.963  45.637 0.0000000000
49206  42.337  -62.702  45.532 0.0000000000
49207  42.147  -63.255  45.469 0.0000000000
49208  42.384  -63.493  45.119 0.0000000000
49209  41.921  -63.822  45.386 0.0000000000
49210  40.089  -67.165  44.242 0.0000000000
49211  40.390  -66.590  43.891 0.0000000000
49212  40.189  -67.046  43.499 0.0000000000
49213  40.252  -66.929  42.681 0.0000000000
49214  40.028  -67.482  43.029 0.0000000000
49215  39.947  -67.972  42.589 0.0000000000
49216  39.799  -68.051  43.330 0.0000000000
49217  37.529  -71.012  43.869 0.0000000000
49218  37.822  -71.130  43.397 0.0000000000
49222  35.631  -68.106  44.424 0.0000000000
49223  35.853  -68.521  44.480 0.0000000000
49224  35.614  -68.589  43.928 0.0000000000
51978  31.005  -61.349  45.957 0.0000000000
51980  31.185  -61.450  45.946 0.0000000000
51981  31.381  -61.553  45.954 0.0000000000
51982  31.486  -61.988  45.744 0.0000000000
51983  31.757  -62.378  45.432 0.0000000000
51984  31.617  -62.230  45.277 0.0000000000
51985  32.046  -63.297  41.009 0.0000000000
51986  32.326  -63.443  41.233 0.0000000000
51987  32.321  -63.732  40.743 0.0000000000
51988  32.660  -64.166  40.528 0.0000000000
51989  32.369  -64.022  40.278 0.0000000000
51990  29.349  -62.039  40.540 0.0000000000
51991  29.666  -62.242  40.514 0.0000000000
51992  29.687  -62.267  39.978 0.0000000000
51993  31.945  -64.223  36.588 0.0000000000
51994  31.930  -64.147  37.303 0.0000000000
51995  32.230  -64.636  36.891 0.0000000000
51996  32.502  -65.018  37.213 0.0000000000
51997  32.529  -65.190  36.532 0.0000000000
51998  32.723  -65.751  36.196 0.0000000000
51999  32.504  -65.324  35.839 0.0000000000
54637  35.153  -60.581  43.497 0.0000000000
54638  35.456  -60.802  43.545 0.0000000000
54639  35.023  -61.107  43.902 0.0000000000
54640  34.319  -62.353  45.234 0.0000000000
54641  34.723  -62.114  44.782 0.0000000000
54642  34.586  -62.616  45.327 0.0000000000
54643  34.866  -62.839  45.505 0.0000000000
54644  34.455  -63.185  45.847 0.0000000000
54645  34.366  -63.811  46.130 0.0000000000
54646  34.118  -63.476  46.014 0.0000000000
54647  33.346  -63.629  45.596 0.0000000000
54648  33.581  -63.881  45.535 0.0000000000
54649  33.453  -63.980  45.040 0.0000000000
54650  33.640  -64.262  44.504 0.0000000000
54651  33.375  -63.948  44.552 0.0000000000
55642  42.026  -63.915  36.564 0.0000000000
58789  44.218  -62.482  42.114 0.0000000000
58790  43.717  -62.726  41.678 0.0000000000
58791  43.650  -62.729  42.269 0.0000000000
58800  38.582  -63.147  45.731 0.0000000000
58801  39.015  -62.821  45.474 0.0000000000
58802  38.887  -63.340  46.068 0.0000000000
58803  39.404  -64.438  46.944 0.0000000000
58804  39.467  -63.849  46.524 0.0000000000
58805  39.836  -64.070  46.655 0.0000000000
58806  40.295  -63.770  46.318 0.0000000000
58807  40.191  -64.336  46.603 0.0000000000
58808  40.579  -64.679  46.414 0.0000000000
58809  40.098  -64.961  46.781 0.0000000000
58810  39.182  -66.868  46.783 0.0000000000
58811  39.799  -66.286  46.601 0.0000000000
58812  39.540  -67.011  46.281 0.0000000000
58813  39.827  -67.110  45.685 0.0000000000
58814  39.334  -67.634  45.792 0.0000000000
58815  39.255  -68.136  45.242 0.0000000000
58816  38.890  -68.104  45.769 0.0000000000
58817  37.934  -68.618  45.821 0.0000000000
58818  38.171  -68.882  45.497 0.0000000000
58819  37.840  -69.227  45.341 0.0000000000
58820  37.715  -69.859  44.866 0.0000000000
58821  37.447  -69.639  45.136 0.0000000000
58822  35.188  -68.059  41.874 0.0000000000
58823  35.285  -68.594  41.914 0.0000000000
61582  30.716  -61.393  45.290 0.0000000000
61583  31.011  -61.761  44.801 0.0000000000
61584  30.810  -61.630  44.626 0.0000000000
61585  30.702  -61.891  42.996 0.0000000000
61586  30.996  -61.991  43.206 0.0000000000
61587  31.033  -62.219  42.469 0.0000000000
61588  31.390  -62.564  41.952 0.0000000000
61589  31.070  -62.484  41.763 0.0000000000
61590  29.378  -61.892  38.067 0.0000000000
61591  29.699  -62.204  38.193 0.0000000000
61592  29.722  -62.109  37.448 0.0000000000
61593  30.639  -62.663  35.629 0.0000000000
61594  30.596  -62.656  36.321 0.0000000000
61595  30.991  -63.042  35.821 0.0000000000
61596  31.326  -63.423  36.058 0.0000000000
61597  31.373  -63.514  35.332 0.0000000000
61598  31.706  -64.042  34.944 0.0000000000
61599  31.398  -63.586  34.690 0.0000000000
65995  37.773  -60.196  42.680 0.0000000000
65996  38.166  -59.877  42.487 0.0000000000
65997  38.073  -60.379  42.846 0.0000000000
65998  38.413  -60.586  43.096 0.0000000000
65999  37.951  -60.913  43.238 0.0000000000
66000  35.989  -61.310  43.668 0.0000000000
66001  36.414  -61.070  43.357 0.0000000000
66002  36.253  -61.591  43.753 0.0000000000
66003  36.728  -62.665  44.801 0.0000000000
66004  36.849  -62.133  44.211 0.0000000000
66005  37.200  -62.356  44.488 0.0000000000
66006  37.695  -62.029  44.185 0.0000000000
66007  37.541  -62.591  44.772 0.0000000000
66008  37.883  -62.809  45.089 0.0000000000
66009  37.398  -63.152  45.380 0.0000000000
66010  36.664  -64.517  46.660 0.0000000000
66011  37.147  -64.171  46.472 0.0000000000
66012  37.011  -64.756  46.971 0.0000000000
66013  37.349  -65.050  47.155 0.0000000000
66014  36.858  -65.451  47.162 0.0000000000
66015  36.745  -66.168  47.138 0.0000000000
66016  36.455  -65.847  47.016 0.0000000000
66017  35.561  -66.134  46.262 0.0000000000
66018  35.887  -66.474  46.310 0.0000000000
66019  35.602  -66.600  45.840 0.0000000000
66020  35.613  -67.083  45.401 0.0000000000
66021  35.374  -66.639  45.294 0.0000000000
66022  34.299  -64.903  45.757 0.0000000000
66023  34.536  -65.225  45.883 0.0000000000
66024  34.420  -65.264  45.307 0.0000000000
66025  34.682  -65.770  43.871 0.0000000000
66026  34.762  -65.905  44.455 0.0000000000
66027  34.928  -66.190  44.024 0.0000000000
66028  35.159  -66.646  44.097 0.0000000000
66029  35.069  -66.609  43.535 0.0000000000
66030  35.205  -67.069  42.999 0.0000000000
66031  34.995  -66.589  42.914 0.0000000000
66032  34.570  -66.099  41.699 0.0000000000
66033  34.778  -66.557  41.744 0.0000000000
66034  34.626  -66.503  41.180 0.0000000000
66035  34.635  -66.906  40.631 0.0000000000
66036  34.445  -66.396  40.620 0.0000000000
68788  28.886  -61.617  41.712 0.0000000000
68793  27.659  -61.060  40.699 0.0000000000
68795  28.044  -61.226  40.647 0.0000000000
68796  28.387  -61.411  40.615 0.0000000000
68797  28.327  -61.345  39.966 0.0000000000
68798  28.628  -61.497  39.311 0.0000000000
68799  28.230  -61.248  39.315 0.0000000000
68800  27.721  -60.780  37.880 0.0000000000
68801  28.105  -61.026  37.944 0.0000000000
68802  28.110  -60.901  37.178 0.0000000000
68803  28.554  -61.024  36.444 0.0000000000
68804  28.139  -60.784  36.454 0.0000000000
71428  35.520  -58.861  41.870 0.0000000000
71430  35.249  -59.559  42.682 0.0000000000
71434  33.850  -60.009  43.662 0.0000000000
71435  33.767  -60.494  44.104 0.0000000000
71436  33.454  -60.218  44.059 0.0000000000
74407  40.615  -68.526  38.720 0.0000000000
74408  40.935  -68.434  37.936 0.0000000000
74409  40.759  -68.962  38.118 0.0000000000
78444  44.819  -62.396  39.732 0.0000000000
78445  43.151  -62.794  38.866 0.0000000000
78446  43.824  -62.666  38.695 0.0000000000
78447  43.436  -62.780  38.315 0.0000000000
78449  43.045  -62.955  37.914 0.0000000000
78450  42.669  -63.196  37.494 0.0000000000
78451  42.442  -63.227  38.004 0.0000000000
78452  41.308  -64.172  39.008 0.0000000000
78453  41.477  -64.070  38.385 0.0000000000
78454  41.141  -64.619  38.595 0.0000000000
78455  41.024  -65.104  38.176 0.0000000000
78456  40.894  -65.245  38.856 0.0000000000
78475  43.740  -59.800  45.675 0.0000000000
78476  44.243  -59.553  45.650 0.0000000000
78477  44.194  -60.110  45.710 0.0000000000
78478  44.647  -60.344  45.534 0.0000000000
78479  44.148  -60.573  45.547 0.0000000000
78480  39.230  -58.983  42.237 0.0000000000
78482  39.579  -59.144  42.470 0.0000000000
78483  40.273  -59.994  43.498 0.0000000000
78484  40.285  -59.467  43.161 0.0000000000
78485  40.625  -59.671  43.580 0.0000000000
78486  40.953  -59.351  43.628 0.0000000000
78487  40.955  -59.903  43.988 0.0000000000
78488  39.875  -62.249  45.051 0.0000000000
78489  39.995  -61.741  44.573 0.0000000000
78490  40.313  -61.911  44.895 0.0000000000
78491  41.627  -61.502  45.229 0.0000000000
78492  41.229  -61.191  44.914 0.0000000000
78493  41.662  -60.915  45.016 0.0000000000
78494  41.697  -60.387  44.802 0.0000000000
78495  42.079  -60.663  45.151 0.0000000000
78496  42.442  -60.426  45.280 0.0000000000
78497  42.450  -60.960  45.378 0.0000000000
78498  43.136  -62.185  45.298 0.0000000000
78499  43.206  -61.595  45.466 0.0000000000
78500  43.526  -61.877  45.246 0.0000000000
78501  43.961  -61.501  45.119 0.0000000000
78502  43.770  -62.028  44.827 0.0000000000
78503  44.001  -62.160  44.305 0.0000000000
78504  43.585  -62.540  44.455 0.0000000000
78505  42.592  -63.625  43.895 0.0000000000
78506  42.983  -63.233  43.632 0.0000000000
78507  42.584  -63.548  43.241 0.0000000000
78508  42.594  -63.437  42.631 0.0000000000
78509  42.171  -63.865  42.879 0.0000000000
78510  40.995  -65.226  45.451 0.0000000000
78511  41.331  -64.870  45.015 0.0000000000
78512  41.068  -65.330  44.792 0.0000000000
78513  40.850  -65.594  42.952 0.0000000000
78514  41.118  -65.222  43.274 0.0000000000
78515  41.060  -65.061  42.470 0.0000000000
78516  41.360  -64.476  42.102 0.0000000000
78517  41.036  -64.858  41.758 0.0000000000
78518  41.017  -64.611  41.009 0.0000000000
78519  40.759  -65.280  41.501 0.0000000000
78520  40.498  -66.727  41.171 0.0000000000
78521  40.610  -66.204  40.824 0.0000000000
78522  40.562  -66.646  40.414 0.0000000000
78523  40.621  -66.542  39.654 0.0000000000
78524  40.564  -67.047  40.035 0.0000000000
78525  40.564  -67.516  39.670 0.0000000000
78526  40.456  -67.572  40.338 0.0000000000
78527  39.913  -69.006  41.546 0.0000000000
78528  40.144  -68.855  40.788 0.0000000000
78529  39.942  -69.499  40.939 0.0000000000
78530  39.979  -69.949  40.342 0.0000000000
78531  39.692  -70.117  41.075 0.0000000000
78532  39.004  -69.195  44.197 0.0000000000
78533  39.284  -69.224  43.562 0.0000000000
78534  38.961  -69.804  43.612 0.0000000000
78535  38.409  -71.318  42.336 0.0000000000
78536  38.816  -70.832  42.384 0.0000000000
78547  36.707  -67.553  46.472 0.0000000000
78548  37.054  -67.921  46.448 0.0000000000
78549  36.637  -68.211  46.088 0.0000000000
78550  36.259  -69.438  44.562 0.0000000000
78551  36.562  -69.272  45.057 0.0000000000
78552  36.451  -69.822  44.605 0.0000000000
78553  36.669  -70.198  44.514 0.0000000000
78554  36.317  -70.440  44.036 0.0000000000
78555  35.379  -69.714  41.951 0.0000000000
78556  35.526  -69.687  42.679 0.0000000000
78557  35.427  -70.282  42.082 0.0000000000
86757  32.400  -59.807  44.401 0.0000000000
86758  32.769  -60.338  44.554 0.0000000000
86759  32.437  -60.365  44.894 0.0000000000
86823  31.822  -61.661  45.965 0.0000000000
86825  32.116  -61.612  45.924 0.0000000000
86826  32.446  -61.543  45.825 0.0000000000
86827  32.374  -62.128  46.018 0.0000000000
86828  32.612  -62.565  46.029 0.0000000000
86829  32.358  -62.598  45.916 0.0000000000
86830  32.497  -63.144  44.704 0.0000000000
86831  32.584  -63.232  44.932 0.0000000000
86832  32.783  -63.370  44.281 0.0000000000
86833  33.129  -63.721  43.965 0.0000000000
86834  33.020  -63.554  43.637 0.0000000000
86835  31.717  -62.449  43.744 0.0000000000
86836  31.962  -62.624  43.980 0.0000000000
86837  32.084  -62.780  43.245 0.0000000000
86838  32.888  -63.720  41.827 0.0000000000
86839  32.817  -63.470  42.455 0.0000000000
86840  33.119  -63.871  42.170 0.0000000000
86841  33.337  -64.008  42.523 0.0000000000
86842  33.419  -64.282  41.977 0.0000000000
86843  33.722  -64.745  41.853 0.0000000000
86844  33.496  -64.615  41.463 0.0000000000
86845  33.437  -64.991  40.120 0.0000000000
86846  33.677  -65.231  40.465 0.0000000000
86847  33.787  -65.429  39.941 0.0000000000
86848  34.026  -65.952  39.795 0.0000000000
86849  33.829  -65.685  39.420 0.0000000000
86851  29.835  -61.731  42.788 0.0000000000
86852  29.834  -61.946  42.193 0.0000000000
86853  30.352  -62.662  40.601 0.0000000000
86854  30.397  -62.547  41.138 0.0000000000
86855  30.692  -62.826  40.666 0.0000000000
86856  31.044  -62.978  40.712 0.0000000000
86857  31.041  -63.166  40.190 0.0000000000
86858  30.427  -62.855  38.474 0.0000000000
86859  30.398  -62.805  39.006 0.0000000000
86860  30.778  -63.156  38.604 0.0000000000
86861  31.831  -64.049  38.493 0.0000000000
86862  31.434  -63.682  38.872 0.0000000000
86863  31.801  -63.967  39.031 0.0000000000
86864  31.764  -63.860  39.526 0.0000000000
86865  32.124  -64.251  39.256 0.0000000000
86866  32.476  -64.428  39.412 0.0000000000
86867  32.521  -64.603  38.933 0.0000000000
86868  33.037  -65.709  37.798 0.0000000000
86869  33.124  -65.501  38.375 0.0000000000
86870  33.317  -66.025  38.070 0.0000000000
86871  33.614  -66.306  38.370 0.0000000000
87041  25.175  -59.830  37.012 0.0000000000
87042  24.745  -59.892  37.846 0.0000000000
87043  25.283  -59.881  37.739 0.0000000000
87044  25.451  -59.980  38.555 0.0000000000
87045  25.832  -59.967  37.755 0.0000000000
87046  26.323  -60.093  37.787 0.0000000000
87047  26.231  -59.964  36.995 0.0000000000
87048  27.187  -60.121  34.602 0.0000000000
87049  27.123  -60.160  35.375 0.0000000000
87050  27.700  -60.309  34.695 0.0000000000
87051  28.212  -60.584  34.820 0.0000000000
87570  41.393  -68.381  36.463 0.0000000000
92686  34.334  -61.078  44.261 0.0000000000
92687  34.598  -61.344  44.273 0.0000000000
92688  34.208  -61.598  44.729 0.0000000000
92689  34.070  -62.107  45.225 0.0000000000
92690  33.938  -62.642  45.663 0.0000000000
92691  33.853  -63.218  46.010 0.0000000000
92692  33.617  -62.926  45.915 0.0000000000
92693  33.346  -63.180  45.929 0.0000000000
92694  33.102  -63.368  45.709 0.0000000000
93289  41.256  -64.947  36.958 0.0000000000
93290  41.442  -64.887  36.282 0.0000000000
93291  41.204  -65.461  36.528 0.0000000000
93292  41.324  -65.994  36.134 0.0000000000
95178  44.436  -62.146  43.116 0.0000000000
95184  38.313  -64.320  46.817 0.0000000000
95185  38.734  -63.930  46.600 0.0000000000
95186  38.617  -64.571  47.046 0.0000000000
95187  38.975  -64.790  47.169 0.0000000000
95188  39.319  -65.069  47.163 0.0000000000
95189  39.666  -65.315  47.073 0.0000000000
95190  39.187  -65.762  47.300 0.0000000000
95191  38.958  -66.552  47.101 0.0000000000
95192  38.779  -67.263  46.765 0.0000000000
95193  38.590  -67.965  46.197 0.0000000000
95194  38.359  -67.691  46.574 0.0000000000
95195  37.991  -68.072  46.339 0.0000000000
95196  37.660  -68.410  46.091 0.0000000000
96853  30.285  -61.149  44.935 0.0000000000
96854  30.580  -61.495  44.409 0.0000000000
96855  30.334  -61.356  44.287 0.0000000000
96856  30.387  -61.586  43.611 0.0000000000
96857  30.408  -61.750  42.910 0.0000000000
96858  29.378  -61.656  36.628 0.0000000000
96859  29.777  -62.038  36.684 0.0000000000
96860  29.835  -61.965  36.004 0.0000000000
96861  30.315  -62.284  35.444 0.0000000000
96862  30.730  -62.687  34.923 0.0000000000
96863  31.084  -63.138  34.464 0.0000000000
96864  30.815  -62.739  34.242 0.0000000000
96865  30.888  -62.770  33.577 0.0000000000
99499  37.413  -58.966  41.807 0.0000000000
99500  37.823  -59.176  42.009 0.0000000000
99501  37.480  -59.461  42.174 0.0000000000
99502  37.460  -59.988  42.571 0.0000000000
99503  37.331  -60.529  42.913 0.0000000000
99504  35.733  -62.319  44.618 0.0000000000
99505  36.132  -62.127  44.288 0.0000000000
99506  36.002  -62.636  44.873 0.0000000000
99507  36.286  -62.941  45.160 0.0000000000
99508  36.568  -63.188  45.397 0.0000000000
99509  36.902  -63.433  45.671 0.0000000000
99510  36.439  -63.696  45.976 0.0000000000
99511  36.346  -64.269  46.473 0.0000000000
99512  36.248  -64.890  46.780 0.0000000000
99513  36.181  -65.493  46.881 0.0000000000
99514  35.843  -65.182  46.732 0.0000000000
99515  35.493  -65.546  46.510 0.0000000000
99516  35.190  -65.768  46.099 0.0000000000
99517  34.126  -64.913  44.599 0.0000000000
99518  34.368  -65.230  44.718 0.0000000000
99519  34.303  -65.175  44.156 0.0000000000
99520  34.485  -65.398  43.725 0.0000000000
99521  34.656  -65.742  43.311 0.0000000000
99522  34.849  -66.118  42.875 0.0000000000
99523  34.566  -65.751  42.775 0.0000000000
99524  34.454  -65.744  42.234 0.0000000000
99525  34.330  -65.679  41.673 0.0000000000
101181  27.251  -60.868  40.741 0.0000000000
101182  27.520  -60.947  40.055 0.0000000000
101183  27.836  -61.025  39.392 0.0000000000
101184  27.412  -60.825  39.357 0.0000000000
101185  27.347  -60.691  38.602 0.0000000000
101186  27.295  -60.567  37.886 0.0000000000
104548  40.368  -69.602  39.012 0.0000000000
104550  40.448  -70.066  38.387 0.0000000000
106969  43.992  -62.561  40.425 0.0000000000
106970  44.151  -62.524  39.791 0.0000000000
106971  43.510  -62.662  39.886 0.0000000000
106972  43.031  -62.828  39.463 0.0000000000
106973  42.562  -62.990  39.042 0.0000000000
106974  42.234  -63.281  38.599 0.0000000000
106975  42.033  -63.328  39.165 0.0000000000
106976  41.552  -63.789  39.371 0.0000000000
106977  41.147  -64.318  39.643 0.0000000000
106989  43.410  -59.023  45.278 0.0000000000
106990  43.314  -59.522  45.479 0.0000000000
106991  43.265  -60.061  45.586 0.0000000000
106992  39.182  -59.957  42.872 0.0000000000
106993  39.556  -59.639  42.835 0.0000000000
106994  39.524  -60.157  43.178 0.0000000000
106995  39.896  -60.367  43.497 0.0000000000
106996  40.190  -60.573  43.854 0.0000000000
106997  40.523  -62.660  45.576 0.0000000000
106998  40.661  -62.114  45.204 0.0000000000
106999  41.047  -62.370  45.422 0.0000000000
107000  41.576  -62.058  45.347 0.0000000000
107001  42.000  -61.821  45.447 0.0000000000
107002  42.410  -61.554  45.466 0.0000000000
107003  42.390  -62.147  45.525 0.0000000000
107004  42.755  -62.442  45.364 0.0000000000
107005  43.017  -62.684  45.035 0.0000000000
107006  43.203  -62.868  44.632 0.0000000000
107007  42.815  -63.178  44.857 0.0000000000
107008  42.535  -63.605  44.546 0.0000000000
107009  42.234  -64.049  44.253 0.0000000000
107010  40.558  -66.211  44.942 0.0000000000
107011  40.849  -65.750  44.500 0.0000000000
107012  40.618  -66.169  44.233 0.0000000000
107013  40.647  -66.058  43.446 0.0000000000
107014  40.616  -65.969  42.658 0.0000000000
107015  40.579  -65.856  41.939 0.0000000000
107016  40.434  -66.394  42.317 0.0000000000
107017  40.370  -66.829  41.917 0.0000000000
107018  40.349  -67.273  41.488 0.0000000000
107019  40.313  -67.696  41.051 0.0000000000
107020  40.151  -67.868  41.795 0.0000000000
107021  39.883  -68.525  42.121 0.0000000000
107022  39.673  -69.120  42.343 0.0000000000
107023  38.254  -70.205  44.067 0.0000000000
107024  38.602  -70.303  43.577 0.0000000000
107025  38.184  -70.732  43.456 0.0000000000
107026  38.117  -71.222  42.877 0.0000000000
107032  36.112  -67.930  45.547 0.0000000000
107033  36.380  -68.333  45.591 0.0000000000
107034  36.126  -68.431  45.038 0.0000000000
107035  36.056  -68.993  44.533 0.0000000000
107036  35.975  -69.584  43.981 0.0000000000
111999  31.582  -61.642  45.975 0.0000000000
112000  31.839  -62.148  45.890 0.0000000000
112001  32.126  -62.556  45.761 0.0000000000
112002  31.913  -62.492  45.619 0.0000000000
112003  32.100  -62.755  45.095 0.0000000000
112004  32.322  -62.951  44.466 0.0000000000
112005  31.900  -62.813  42.317 0.0000000000
112006  32.160  -62.946  42.528 0.0000000000
112007  32.265  -63.178  41.870 0.0000000000
112008  32.654  -63.567  41.510 0.0000000000
112009  32.953  -64.004  41.232 0.0000000000
112010  33.241  -64.478  41.083 0.0000000000
112011  32.973  -64.315  40.761 0.0000000000
112012  33.012  -64.601  40.315 0.0000000000
112013  33.128  -64.785  39.805 0.0000000000
112014  29.458  -61.959  41.694 0.0000000000
112015  29.813  -62.127  41.609 0.0000000000
112016  29.728  -62.190  41.071 0.0000000000
112017  30.007  -62.427  40.547 0.0000000000
112018  30.313  -62.710  40.089 0.0000000000
112019  31.203  -63.405  37.530 0.0000000000
112020  31.144  -63.413  38.166 0.0000000000
112021  31.548  -63.734  37.735 0.0000000000
112022  31.878  -64.099  37.963 0.0000000000
112023  32.205  -64.460  38.212 0.0000000000
112024  32.534  -64.776  38.380 0.0000000000
112025  32.519  -64.893  37.853 0.0000000000
112026  32.775  -65.349  37.540 0.0000000000
112027  32.948  -65.961  37.198 0.0000000000
112029  32.865  -66.131  36.595 0.0000000000
112127  24.042  -60.007  36.314 0.0000000000
112129  24.556  -59.883  36.237 0.0000000000
112130  25.085  -59.830  36.210 0.0000000000
112131  25.632  -59.783  36.198 0.0000000000
112132  26.161  -59.881  36.188 0.0000000000
112133  26.105  -59.858  35.390 0.0000000000
112134  26.664  -60.000  34.566 0.0000000000
116428  36.005  -59.999  42.829 0.0000000000
116429  36.283  -60.269  42.911 0.0000000000
116430  35.883  -60.517  43.209 0.0000000000
116431  35.726  -61.044  43.595 0.0000000000
116432  35.588  -61.559  44.017 0.0000000000
116433  34.876  -61.591  44.281 0.0000000000
116434  35.164  -61.843  44.383 0.0000000000
116435  35.448  -62.074  44.477 0.0000000000
116436  35.314  -62.523  45.016 0.0000000000
116437  35.180  -63.100  45.611 0.0000000000
116438  35.086  -63.723  46.117 0.0000000000
116439  34.932  -64.360  46.330 0.0000000000
116440  34.663  -64.120  46.271 0.0000000000
116441  34.309  -64.410  46.089 0.0000000000
116442  34.057  -64.582  45.637 0.0000000000
116443  33.821  -63.713  45.912 0.0000000000
116444  33.820  -64.218  45.549 0.0000000000
116445  33.919  -64.669  45.060 0.0000000000
116446  33.903  -64.592  44.489 0.0000000000
116447  33.824  -64.531  44.004 0.0000000000
116448  33.770  -64.462  43.516 0.0000000000
117740  26.068  -60.501  40.920 0.0000000000
122241  44.487  -62.431  40.934 0.0000000000
122242  43.843  -62.633  41.047 0.0000000000
122243  43.278  -62.827  41.175 0.0000000000
122244  42.671  -63.132  41.367 0.0000000000
122255  41.718  -58.889  43.931 0.0000000000
122256  38.842  -62.178  44.653 0.0000000000
122257  39.245  -61.840  44.419 0.0000000000
122258  39.148  -62.352  44.944 0.0000000000
122259  39.457  -62.548  45.258 0.0000000000
122260  39.776  -62.724  45.571 0.0000000000
122261  39.155  -63.580  46.307 0.0000000000
122262  39.612  -63.271  46.045 0.0000000000
122263  40.059  -62.957  45.790 0.0000000000
122264  40.406  -63.204  45.945 0.0000000000
122265  40.776  -63.519  46.007 0.0000000000
122266  41.141  -63.836  45.885 0.0000000000
122267  41.490  -64.100  45.614 0.0000000000
122268  41.057  -64.400  46.000 0.0000000000
122269  40.849  -64.995  45.972 0.0000000000
122270  40.659  -65.557  45.887 0.0000000000
122271  39.979  -65.608  46.726 0.0000000000
122272  40.269  -65.887  46.296 0.0000000000
122273  40.475  -66.124  45.652 0.0000000000
122274  40.223  -66.674  45.362 0.0000000000
122275  39.934  -67.243  44.955 0.0000000000
122276  39.792  -67.677  44.465 0.0000000000
122277  39.679  -68.104  43.967 0.0000000000
122278  39.505  -68.119  44.626 0.0000000000
122279  39.109  -68.631  44.720 0.0000000000
122280  38.731  -69.165  44.718 0.0000000000
122281  38.508  -68.519  45.647 0.0000000000
122282  38.432  -69.089  45.184 0.0000000000
122283  38.359  -69.647  44.633 0.0000000000
122284  37.980  -70.060  44.493 0.0000000000
122285  37.657  -70.445  44.349 0.0000000000
122286  37.199  -70.795  44.232 0.0000000000
122287  35.447  -68.084  43.135 0.0000000000
122288  35.553  -68.590  43.221 0.0000000000
122289  35.422  -68.602  42.582 0.0000000000
122290  35.337  -69.180  41.911 0.0000000000
126150  30.855  -61.256  45.918 0.0000000000
126151  31.107  -61.660  45.487 0.0000000000
126152  31.447  -62.067  45.115 0.0000000000
126153  31.191  -61.896  44.906 0.0000000000
126154  31.351  -62.135  44.295 0.0000000000
126155  31.473  -62.312  43.580 0.0000000000
126156  30.916  -61.812  43.908 0.0000000000
126157  31.242  -62.149  43.397 0.0000000000
126158  31.560  -62.482  42.884 0.0000000000
126159  31.653  -62.688  42.128 0.0000000000
126160  31.737  -62.934  41.442 0.0000000000
126161  31.761  -63.179  40.866 0.0000000000
126162  29.376  -61.983  39.407 0.0000000000
126163  29.718  -62.261  39.435 0.0000000000
126164  29.741  -62.269  38.848 0.0000000000
126165  30.060  -62.533  38.333 0.0000000000
126166  30.493  -62.807  37.811 0.0000000000
126167  30.191  -62.327  36.845 0.0000000000
126168  30.577  -62.695  37.049 0.0000000000
126169  30.913  -63.067  37.281 0.0000000000
126170  31.278  -63.368  36.825 0.0000000000
126171  31.624  -63.794  36.353 0.0000000000
126172  31.953  -64.325  35.895 0.0000000000
126173  32.235  -64.893  35.501 0.0000000000
126174  31.971  -64.477  35.213 0.0000000000
131977  38.858  -58.834  41.982 0.0000000000
131978  38.883  -59.283  42.304 0.0000000000
131979  38.215  -59.398  42.157 0.0000000000
131980  38.528  -59.574  42.373 0.0000000000
131981  38.864  -59.753  42.624 0.0000000000
131982  38.812  -60.275  42.948 0.0000000000
131983  38.762  -60.833  43.363 0.0000000000
131984  38.684  -61.424  43.814 0.0000000000
131985  36.562  -60.564  42.999 0.0000000000
131986  36.866  -60.817  43.111 0.0000000000
131987  37.141  -61.064  43.234 0.0000000000
131988  36.545  -61.884  43.975 0.0000000000
131989  36.991  -61.579  43.682 0.0000000000
131990  37.461  -61.238  43.439 0.0000000000
131991  37.818  -61.464  43.696 0.0000000000
131992  38.216  -61.754  44.007 0.0000000000
131993  38.537  -61.961  44.328 0.0000000000
131994  38.386  -62.453  44.846 0.0000000000
131995  38.231  -62.969  45.413 0.0000000000
131996  38.087  -63.493  45.990 0.0000000000
131997  37.262  -63.665  45.946 0.0000000000
131998  37.635  -63.843  46.249 0.0000000000
131999  37.979  -64.016  46.544 0.0000000000
132000  37.851  -64.683  47.022 0.0000000000
132001  37.669  -65.373  47.358 0.0000000000
132002  37.514  -66.116  47.402 0.0000000000
132003  37.377  -66.863  47.141 0.0000000000
132004  37.056  -66.525  47.157 0.0000000000
132005  36.715  -66.883  46.823 0.0000000000
132006  36.429  -67.183  46.494 0.0000000000
132007  36.153  -66.158  46.695 0.0000000000
132008  36.165  -66.800  46.371 0.0000000000
132009  36.131  -67.398  46.014 0.0000000000
132010  35.856  -67.518  45.468 0.0000000000
132011  35.630  -67.602  44.898 0.0000000000
132012  35.476  -67.649  44.330 0.0000000000
132013  34.802  -65.004  46.305 0.0000000000
132014  34.833  -65.530  45.994 0.0000000000
132015  34.971  -65.874  45.583 0.0000000000
132016  34.565  -65.584  44.876 0.0000000000
132017  34.837  -65.903  45.029 0.0000000000
132018  35.143  -66.214  45.210 0.0000000000
132019  35.242  -66.663  44.701 0.0000000000
132020  35.332  -67.111  44.200 0.0000000000
132021  35.402  -67.589  43.697 0.0000000000
132022  35.360  -67.563  43.043 0.0000000000
132023  35.224  -67.556  42.436 0.0000000000
132024  35.093  -67.532  41.840 0.0000000000
132025  34.901  -66.577  42.316 0.0000000000
132026  34.972  -67.017  41.779 0.0000000000
132027  34.970  -67.489  41.228 0.0000000000
132029  34.552  -67.372  39.982 0.0000000000
135509  29.615  -61.256  44.103 0.0000000000
135515  29.226  -61.699  42.289 0.0000000000
135516  29.157  -61.789  41.711 0.0000000000
135517  29.112  -61.833  41.117 0.0000000000
135518  29.051  -61.826  40.585 0.0000000000
135526  28.697  -61.621  40.604 0.0000000000
135527  29.024  -61.786  40.003 0.0000000000
135528  29.021  -61.755  39.398 0.0000000000
135529  29.021  -61.696  38.710 0.0000000000
135530  28.990  -61.580  37.969 0.0000000000
135531  28.168  -61.145  38.662 0.0000000000
135532  28.563  -61.290  37.918 0.0000000000
135533  28.966  -61.458  37.285 0.0000000000
135534  28.976  -61.320  36.539 0.0000000000
135535  29.021  -61.217  35.781 0.0000000000
135536  29.112  -61.174  35.063 0.0000000000
138813  36.351  -59.303  42.155 0.0000000000
138820  35.812  -58.640  41.544 0.0000000000
138821  35.948  -59.099  42.031 0.0000000000
138822  36.022  -59.550  42.485 0.0000000000
138823  35.647  -59.776  42.794 0.0000000000
138824  35.245  -60.046  43.122 0.0000000000
138825  34.849  -60.358  43.463 0.0000000000
138827  34.498  -60.063  43.358 0.0000000000
138828  34.438  -60.600  43.794 0.0000000000
138829  34.046  -60.785  44.162 0.0000000000
138830  33.699  -60.988  44.576 0.0000000000
138831  33.379  -61.283  45.057 0.0000000000
142462  40.849  -67.254  38.224 0.0000000000
142463  41.086  -67.358  37.448 0.0000000000
142464  41.051  -67.905  37.711 0.0000000000
142465  41.207  -68.411  37.183 0.0000000000
142466  41.298  -68.896  36.689 0.0000000000
142467  40.851  -69.428  37.550 0.0000000000
142468  41.153  -69.382  36.887 0.0000000000
147361  44.325  -62.530  39.193 0.0000000000
147362  44.561  -62.540  38.631 0.0000000000
147368  42.333  -63.492  37.023 0.0000000000
147369  41.830  -63.937  37.138 0.0000000000
147370  41.910  -63.604  38.184 0.0000000000
147371  41.644  -63.975  37.718 0.0000000000
147372  41.431  -64.445  37.318 0.0000000000
147373  41.127  -65.020  37.557 0.0000000000
147374  40.915  -65.630  37.851 0.0000000000
147375  40.790  -66.250  38.231 0.0000000000
147397  44.336  -58.988  45.543 0.0000000000
147399  45.235  -59.533  45.581 0.0000000000
147400  45.142  -60.064  45.441 0.0000000000
147401  45.075  -60.535  45.241 0.0000000000
147402  44.985  -60.911  44.905 0.0000000000
147406  39.931  -59.330  42.796 0.0000000000
147407  40.310  -58.951  42.837 0.0000000000
147409  41.049  -58.873  43.322 0.0000000000
147410  41.322  -59.106  43.732 0.0000000000
147411  41.678  -59.391  44.235 0.0000000000
147412  39.678  -61.522  44.264 0.0000000000
147413  40.107  -61.178  44.209 0.0000000000
147414  40.493  -60.788  44.237 0.0000000000
147415  40.803  -61.539  44.832 0.0000000000
147416  40.860  -60.967  44.578 0.0000000000
147417  40.936  -60.433  44.296 0.0000000000
147418  41.323  -60.160  44.435 0.0000000000
147419  41.679  -59.921  44.589 0.0000000000
147420  42.054  -59.653  44.726 0.0000000000
147421  42.421  -59.890  45.104 0.0000000000
147422  42.820  -60.227  45.427 0.0000000000
147423  43.263  -60.562  45.638 0.0000000000
147424  42.818  -61.295  45.496 0.0000000000
147425  43.244  -61.055  45.529 0.0000000000
147426  43.704  -60.829  45.542 0.0000000000
147427  44.103  -61.038  45.342 0.0000000000
147428  44.446  -61.207  44.980 0.0000000000
147429  44.766  -61.300  44.503 0.0000000000
147430  44.502  -61.650  44.109 0.0000000000
147431  44.233  -62.127  43.680 0.0000000000
147432  43.961  -62.497  43.218 0.0000000000
147433  43.310  -62.887  44.027 0.0000000000
147434  43.450  -62.858  43.419 0.0000000000
147435  43.566  -62.791  42.855 0.0000000000
147436  43.081  -63.055  42.431 0.0000000000
147437  42.573  -63.289  42.040 0.0000000000
147438  42.151  -63.522  41.570 0.0000000000
147439  41.640  -64.359  45.165 0.0000000000
147440  41.776  -64.509  44.557 0.0000000000
147441  41.822  -64.427  43.888 0.0000000000
147442  41.122  -65.313  44.044 0.0000000000
147443  41.434  -64.807  43.532 0.0000000000
147444  41.791  -64.317  43.185 0.0000000000
147445  41.749  -64.160  42.460 0.0000000000
147446  41.729  -63.973  41.797 0.0000000000
147447  41.732  -63.751  41.089 0.0000000000
147448  41.373  -64.048  40.674 0.0000000000
147449  41.067  -64.443  40.304 0.0000000000
147450  40.828  -64.910  39.983 0.0000000000
147451  40.631  -65.716  41.189 0.0000000000
147452  40.676  -65.542  40.420 0.0000000000
147453  40.800  -65.411  39.636 0.0000000000
147454  40.774  -65.918  39.289 0.0000000000
147455  40.701  -66.380  38.946 0.0000000000
147456  40.754  -66.828  38.611 0.0000000000
147457  40.678  -67.431  38.949 0.0000000000
147458  40.582  -68.020  39.208 0.0000000000
147459  40.470  -68.582  39.392 0.0000000000
147460  40.293  -68.177  40.575 0.0000000000
147461  40.307  -68.696  40.068 0.0000000000
147462  40.332  -69.157  39.547 0.0000000000
147463  40.194  -69.787  39.662 0.0000000000
147464  39.960  -70.358  39.831 0.0000000000
147466  39.596  -68.607  43.468 0.0000000000
147467  39.510  -69.173  42.950 0.0000000000
147468  39.465  -69.730  42.387 0.0000000000
147469  38.911  -70.338  43.027 0.0000000000
147470  39.182  -70.299  42.396 0.0000000000
147471  39.441  -70.236  41.759 0.0000000000
147484  37.355  -67.569  46.762 0.0000000000
147485  37.345  -68.177  46.272 0.0000000000
147486  37.278  -68.785  45.785 0.0000000000
147487  36.610  -68.735  45.559 0.0000000000
147488  36.883  -69.065  45.470 0.0000000000
147489  37.164  -69.358  45.329 0.0000000000
147490  37.041  -69.928  44.869 0.0000000000
147491  36.926  -70.512  44.407 0.0000000000
147492  36.779  -71.182  43.907 0.0000000000
147493  35.611  -69.131  43.291 0.0000000000
147494  35.738  -69.715  43.324 0.0000000000
147495  35.864  -70.207  43.365 0.0000000000
147497  35.713  -70.848  42.777 0.0000000000
147498  35.990  -70.651  43.440 0.0000000000
147499  36.180  -71.098  43.513 0.0000000000
147500  36.394  -71.495  43.459 0.0000000000
157358  33.104  -60.278  44.288 0.0000000000
157359  33.109  -60.836  44.814 0.0000000000
157360  33.093  -61.391  45.357 0.0000000000
157434  31.436  -59.414  44.930 0.0000000000
157435  31.815  -59.862  45.027 0.0000000000
157438  32.147  -60.396  45.195 0.0000000000
157439  32.466  -60.949  45.387 0.0000000000
157440  32.783  -61.441  45.620 0.0000000000
157441  32.968  -61.912  45.815 0.0000000000
157442  32.880  -62.436  46.057 0.0000000000
157443  32.886  -62.977  45.935 0.0000000000
157444  32.947  -63.346  45.467 0.0000000000
157445  32.431  -62.968  45.472 0.0000000000
157446  32.752  -63.302  45.199 0.0000000000
157447  33.056  -63.607  44.888 0.0000000000
157448  33.256  -63.852  44.266 0.0000000000
157449  33.477  -64.101  43.703 0.0000000000
157450  33.659  -64.322  43.156 0.0000000000
157451  31.799  -62.445  44.695 0.0000000000
157452  32.150  -62.786  44.213 0.0000000000
157453  32.557  -63.111  43.798 0.0000000000
157454  32.457  -63.110  42.799 0.0000000000
157455  32.721  -63.282  43.112 0.0000000000
157456  32.916  -63.436  43.407 0.0000000000
157457  33.219  -63.772  43.050 0.0000000000
157458  33.522  -64.165  42.817 0.0000000000
157459  33.800  -64.586  42.693 0.0000000000
157460  33.925  -64.881  42.231 0.0000000000
157461  34.022  -65.208  41.765 0.0000000000
157462  34.092  -65.537  41.255 0.0000000000
157463  33.583  -64.957  40.953 0.0000000000
157464  33.887  -65.407  40.843 0.0000000000
157465  34.179  -65.840  40.704 0.0000000000
157466  34.228  -66.196  40.191 0.0000000000
157470  30.119  -61.720  42.846 0.0000000000
157471  30.455  -61.994  42.245 0.0000000000
157472  30.119  -62.250  41.641 0.0000000000
157473  30.451  -62.291  41.672 0.0000000000
157474  30.767  -62.364  41.709 0.0000000000
157475  31.069  -62.719  41.221 0.0000000000
157476  31.414  -63.111  40.755 0.0000000000
157477  31.754  -63.472  40.374 0.0000000000
157478  30.044  -62.524  39.479 0.0000000000
157479  30.342  -62.751  39.543 0.0000000000
157480  30.696  -63.030  39.620 0.0000000000
157481  31.062  -63.418  38.749 0.0000000000
157482  31.058  -63.363  39.230 0.0000000000
157483  31.070  -63.267  39.697 0.0000000000
157484  31.439  -63.475  39.785 0.0000000000
157485  31.775  -63.689  39.907 0.0000000000
157486  32.078  -63.881  40.063 0.0000000000
157487  32.450  -64.222  39.820 0.0000000000
157488  32.804  -64.614  39.597 0.0000000000
157489  33.191  -65.005  39.327 0.0000000000
157490  32.862  -65.023  38.677 0.0000000000
157491  33.213  -65.245  38.899 0.0000000000
157492  33.541  -65.465  39.098 0.0000000000
157493  33.738  -66.009  38.919 0.0000000000
157494  33.891  -66.624  38.661 0.0000000000
157693  25.849  -60.299  40.081 0.0000000000
157698  24.424  -59.956  38.714 0.0000000000
157700  25.143  -60.034  39.382 0.0000000000
157701  25.653  -60.125  39.274 0.0000000000
157702  26.092  -60.246  39.347 0.0000000000
157703  26.405  -60.244  38.597 0.0000000000
157704  26.816  -60.318  37.828 0.0000000000
157705  27.226  -60.375  37.051 0.0000000000
157706  26.650  -60.046  36.228 0.0000000000
157707  27.162  -60.236  36.273 0.0000000000
157708  27.678  -60.480  36.336 0.0000000000
157709  28.168  -60.642  35.629 0.0000000000
157710  28.687  -60.910  34.918 0.0000000000
157711  29.210  -61.189  34.299 0.0000000000
157737  29.338  -61.172  33.484 0.0000000000
157738  29.726  -61.534  33.696 0.0000000000
158335  41.265  -67.285  36.682 0.0000000000
