#!ascii label  , from subject fsaverage vox2ras=TkReg
975
105  44.782  -10.413  27.890 0.0000000000
234  40.907  -10.440  34.626 0.0000000000
236  36.728  -19.151  36.002 0.0000000000
491  33.717  -32.933  44.610 0.0000000000
715  37.612  -14.728  34.132 0.0000000000
716  35.710  -14.162  37.682 0.0000000000
1059  48.823  -11.563  27.081 0.0000000000
1100  47.853  -7.052  25.733 0.0000000000
1101  50.756  -8.873  23.284 0.0000000000
1572  42.117  -9.850  30.762 0.0000000000
1573  44.336  -14.457  30.624 0.0000000000
1574  40.447  -14.484  31.642 0.0000000000
1575  41.179  -19.252  35.027 0.0000000000
2108  32.904  -17.767  39.478 0.0000000000
2117  38.050  -28.976  40.850 0.0000000000
2121  30.710  -35.907  44.528 0.0000000000
2149  53.522  -5.689  20.325 0.0000000000
2979  46.576  -10.934  27.112 0.0000000000
2981  46.508  -12.768  28.769 0.0000000000
3018  45.040  -8.119  28.598 0.0000000000
3020  46.175  -8.598  26.818 0.0000000000
3021  47.692  -9.372  25.619 0.0000000000
3576  10.030  -39.223  63.881 0.0000000000
3577  10.167  -38.894  61.692 0.0000000000
3578  12.669  -39.090  61.236 0.0000000000
3579  41.293  -9.969  32.682 0.0000000000
3580  40.931  -11.989  30.932 0.0000000000
3581  39.699  -12.074  32.372 0.0000000000
3582  37.015  -17.162  34.778 0.0000000000
3583  38.767  -17.271  33.687 0.0000000000
3584  38.918  -19.468  35.285 0.0000000000
4641  35.495  -20.651  41.353 0.0000000000
4663  35.800  -30.870  42.580 0.0000000000
4664  34.008  -32.054  42.331 0.0000000000
4742  52.592  -4.568  22.221 0.0000000000
4744  52.919  -9.917  23.173 0.0000000000
5893  38.853  -12.406  34.182 0.0000000000
5895  36.543  -14.618  35.810 0.0000000000
5896  35.433  -16.747  36.181 0.0000000000
6589  50.583  -6.208  22.946 0.0000000000
6590  49.065  -7.823  24.190 0.0000000000
6591  49.651  -10.258  25.109 0.0000000000
7506  43.319  -10.047  29.079 0.0000000000
7507  44.295  -12.391  29.018 0.0000000000
7508  42.410  -12.078  29.814 0.0000000000
7509  42.288  -14.400  30.915 0.0000000000
7510  42.599  -16.748  32.691 0.0000000000
7511  38.973  -14.655  32.731 0.0000000000
7512  40.596  -17.102  32.995 0.0000000000
7566  44.361  -8.104  30.539 0.0000000000
8870  46.851  -14.430  30.877 0.0000000000
8889  33.909  -15.964  38.323 0.0000000000
8890  34.570  -18.426  37.497 0.0000000000
8891  32.797  -19.554  40.940 0.0000000000
8892  34.496  -19.736  39.219 0.0000000000
8893  36.809  -20.235  38.143 0.0000000000
8918  37.681  -29.692  43.109 0.0000000000
8929  32.091  -34.213  44.523 0.0000000000
9015  55.038  -7.262  19.197 0.0000000000
9016  52.023  -7.350  21.720 0.0000000000
9017  53.951  -8.679  21.062 0.0000000000
10659  45.634  -10.575  27.419 0.0000000000
10660  46.498  -11.907  27.876 0.0000000000
10661  45.454  -11.611  28.016 0.0000000000
10698  44.752  -9.230  28.059 0.0000000000
10699  45.558  -8.316  27.639 0.0000000000
10700  45.450  -9.441  27.354 0.0000000000
10701  46.226  -9.774  26.776 0.0000000000
11256  8.803  -39.160  61.796 0.0000000000
11258  10.170  -38.660  60.600 0.0000000000
11259  41.079  -10.158  33.661 0.0000000000
11260  40.318  -10.943  32.460 0.0000000000
11261  40.005  -11.100  33.429 0.0000000000
11262  36.824  -18.240  35.286 0.0000000000
11263  37.760  -18.373  34.789 0.0000000000
11264  37.800  -19.366  35.584 0.0000000000
11265  39.135  -20.185  36.406 0.0000000000
11266  38.002  -20.103  36.532 0.0000000000
12342  34.642  -32.424  44.699 0.0000000000
12343  34.720  -31.934  43.565 0.0000000000
12344  33.744  -32.503  43.437 0.0000000000
12346  32.988  -33.121  43.358 0.0000000000
12421  53.549  -3.324  23.256 0.0000000000
13664  36.100  -14.457  36.717 0.0000000000
13665  35.913  -15.700  35.925 0.0000000000
13666  35.315  -15.453  36.793 0.0000000000
14721  35.684  -23.656  43.656 0.0000000000
14816  47.446  -6.728  26.780 0.0000000000
14820  48.778  -6.203  25.296 0.0000000000
14821  49.226  -6.576  24.293 0.0000000000
14822  48.386  -7.423  24.866 0.0000000000
14823  48.151  -10.538  26.094 0.0000000000
14824  48.633  -9.814  25.259 0.0000000000
14825  49.251  -10.895  26.095 0.0000000000
16494  42.696  -9.899  29.911 0.0000000000
16495  42.827  -11.051  29.369 0.0000000000
16496  42.049  -10.965  30.059 0.0000000000
16497  40.611  -13.206  31.197 0.0000000000
16498  41.421  -13.204  30.693 0.0000000000
16499  41.343  -14.400  31.227 0.0000000000
16500  42.341  -15.587  31.764 0.0000000000
16501  41.343  -15.639  31.938 0.0000000000
16502  38.101  -13.552  34.091 0.0000000000
16503  38.668  -13.434  33.230 0.0000000000
16504  38.272  -14.730  33.407 0.0000000000
16505  39.846  -18.407  34.090 0.0000000000
16506  39.677  -17.211  33.287 0.0000000000
16507  40.869  -18.268  33.901 0.0000000000
16508  41.879  -18.027  33.801 0.0000000000
16623  42.799  -8.987  31.695 0.0000000000
16625  43.169  -8.901  30.705 0.0000000000
16626  43.605  -8.947  29.670 0.0000000000
19622  44.245  -13.412  29.776 0.0000000000
19623  45.358  -13.515  29.717 0.0000000000
19624  45.511  -14.451  30.678 0.0000000000
19670  32.741  -16.578  40.134 0.0000000000
19671  33.356  -15.613  39.641 0.0000000000
19672  33.266  -16.881  38.869 0.0000000000
19673  33.988  -17.195  37.779 0.0000000000
19674  33.628  -18.039  38.453 0.0000000000
19675  32.693  -20.483  42.575 0.0000000000
19676  32.255  -19.512  41.968 0.0000000000
19677  33.227  -20.402  41.645 0.0000000000
19679  34.771  -20.228  40.198 0.0000000000
19680  35.919  -20.260  39.711 0.0000000000
19681  35.563  -19.934  38.569 0.0000000000
19745  35.115  -31.032  41.227 0.0000000000
19746  35.965  -30.444  41.443 0.0000000000
19770  31.167  -35.323  45.572 0.0000000000
19771  31.952  -34.604  45.597 0.0000000000
19983  54.038  -4.061  20.964 0.0000000000
19985  54.334  -4.676  19.947 0.0000000000
19987  54.190  -6.424  19.702 0.0000000000
19988  50.485  -7.529  22.919 0.0000000000
19989  51.234  -6.716  22.263 0.0000000000
19990  51.320  -8.064  22.481 0.0000000000
19991  54.098  -10.301  23.320 0.0000000000
19992  53.398  -9.312  22.097 0.0000000000
19993  54.601  -9.868  22.141 0.0000000000
19994  55.110  -9.293  21.040 0.0000000000
23793  47.654  -11.235  26.895 0.0000000000
23795  47.690  -12.156  27.911 0.0000000000
23864  45.781  -7.247  29.407 0.0000000000
23867  46.418  -7.437  27.241 0.0000000000
23868  46.953  -7.789  26.288 0.0000000000
23869  47.543  -8.169  25.516 0.0000000000
23870  46.895  -8.962  26.126 0.0000000000
23871  47.136  -10.145  26.351 0.0000000000
24866  8.758  -39.478  64.169 0.0000000000
24867  8.804  -39.331  62.948 0.0000000000
24868  10.089  -39.049  62.768 0.0000000000
24871  11.422  -38.832  61.498 0.0000000000
24873  41.660  -9.860  31.710 0.0000000000
24874  41.373  -10.909  30.809 0.0000000000
24875  40.808  -10.938  31.561 0.0000000000
24876  40.269  -12.045  31.576 0.0000000000
24877  39.894  -13.247  31.793 0.0000000000
24878  37.227  -15.979  34.392 0.0000000000
24879  37.998  -16.008  33.742 0.0000000000
24880  37.883  -17.244  34.157 0.0000000000
24881  38.794  -18.449  34.354 0.0000000000
24882  40.049  -19.421  35.039 0.0000000000
24884  40.367  -20.111  36.293 0.0000000000
26750  44.507  -15.440  31.674 0.0000000000
26780  32.488  -16.378  41.538 0.0000000000
26781  32.365  -17.564  40.737 0.0000000000
26822  36.604  -31.424  45.113 0.0000000000
26823  36.649  -30.864  43.956 0.0000000000
26824  35.686  -31.398  43.727 0.0000000000
26825  34.870  -31.451  42.359 0.0000000000
26967  53.755  -3.641  22.078 0.0000000000
26968  52.991  -5.077  21.147 0.0000000000
26969  51.234  -10.048  24.096 0.0000000000
26970  51.754  -9.382  23.146 0.0000000000
29107  39.765  -11.342  34.368 0.0000000000
29108  39.646  -11.628  35.354 0.0000000000
29109  38.562  -12.544  35.121 0.0000000000
29110  37.668  -13.603  34.942 0.0000000000
29112  37.319  -13.579  35.774 0.0000000000
29113  37.005  -14.687  34.949 0.0000000000
29114  36.559  -15.879  35.118 0.0000000000
29115  36.193  -16.988  35.430 0.0000000000
29116  35.928  -18.013  35.890 0.0000000000
30590  32.445  -20.552  43.539 0.0000000000
30735  49.829  -6.989  23.503 0.0000000000
30736  49.839  -8.305  23.624 0.0000000000
30737  48.360  -8.618  24.913 0.0000000000
30738  49.223  -9.085  24.424 0.0000000000
30739  50.206  -9.617  24.151 0.0000000000
30740  50.781  -10.619  25.175 0.0000000000
32988  44.022  -10.151  28.431 0.0000000000
32989  44.461  -11.363  28.352 0.0000000000
32990  43.632  -11.192  28.786 0.0000000000
32991  43.326  -12.274  29.386 0.0000000000
32992  43.205  -13.270  29.980 0.0000000000
32993  41.650  -12.019  30.334 0.0000000000
32994  42.275  -13.212  30.306 0.0000000000
32995  43.245  -14.403  30.716 0.0000000000
32996  43.412  -15.521  31.628 0.0000000000
32997  43.697  -16.529  32.731 0.0000000000
32999  39.220  -12.253  33.294 0.0000000000
33000  39.257  -13.348  32.464 0.0000000000
33001  39.647  -14.521  32.175 0.0000000000
33002  38.803  -15.978  33.151 0.0000000000
33003  39.614  -15.908  32.663 0.0000000000
33004  40.480  -15.761  32.257 0.0000000000
33005  41.591  -16.929  32.805 0.0000000000
33006  42.914  -17.767  33.811 0.0000000000
33155  44.645  -8.061  29.528 0.0000000000
33156  44.175  -9.061  28.832 0.0000000000
36854  45.359  -12.550  28.805 0.0000000000
36855  46.636  -13.649  29.818 0.0000000000
36913  34.698  -15.023  37.942 0.0000000000
36914  34.576  -16.369  37.224 0.0000000000
36915  34.892  -17.601  36.777 0.0000000000
36916  35.564  -18.820  36.717 0.0000000000
36917  31.887  -18.452  42.630 0.0000000000
36918  32.191  -18.589  41.373 0.0000000000
36919  32.748  -18.664  40.200 0.0000000000
36920  33.974  -20.297  40.835 0.0000000000
36921  33.577  -19.605  39.991 0.0000000000
36922  33.522  -18.843  39.186 0.0000000000
36923  34.408  -19.064  38.291 0.0000000000
36924  35.457  -19.451  37.598 0.0000000000
36925  36.703  -19.849  37.027 0.0000000000
36999  38.613  -29.171  43.447 0.0000000000
37000  37.771  -29.261  41.959 0.0000000000
37001  36.728  -30.294  42.801 0.0000000000
37002  36.891  -29.837  41.708 0.0000000000
37003  37.192  -29.520  40.585 0.0000000000
37024  33.664  -33.351  45.752 0.0000000000
37032  32.874  -33.886  45.703 0.0000000000
37033  32.863  -33.498  44.515 0.0000000000
37034  32.220  -33.835  43.373 0.0000000000
37294  51.514  -5.392  22.550 0.0000000000
37295  52.055  -5.931  21.717 0.0000000000
37296  52.742  -6.606  20.976 0.0000000000
37297  52.319  -8.701  22.210 0.0000000000
37298  52.907  -8.011  21.337 0.0000000000
37299  53.556  -7.304  20.451 0.0000000000
37300  54.532  -8.007  20.089 0.0000000000
41379  45.192  -10.513  27.651 0.0000000000
41380  45.549  -11.129  27.708 0.0000000000
41381  45.077  -10.995  27.877 0.0000000000
41418  44.748  -9.805  27.895 0.0000000000
41419  45.083  -9.304  27.700 0.0000000000
41420  45.126  -9.932  27.583 0.0000000000
41421  45.503  -10.013  27.333 0.0000000000
41979  40.979  -10.315  34.178 0.0000000000
41980  40.481  -10.580  33.511 0.0000000000
41981  40.364  -10.715  34.000 0.0000000000
41982  36.750  -18.699  35.616 0.0000000000
41983  37.259  -18.843  35.392 0.0000000000
41984  37.252  -19.256  35.771 0.0000000000
41985  37.837  -19.748  36.045 0.0000000000
41986  37.329  -19.667  36.230 0.0000000000
42021  41.634  -9.887  34.166 0.0000000000
43062  34.158  -32.674  44.647 0.0000000000
43063  34.164  -32.435  44.089 0.0000000000
43064  33.712  -32.707  44.012 0.0000000000
43065  33.369  -32.815  43.394 0.0000000000
43066  33.342  -32.996  43.989 0.0000000000
44382  36.228  -13.765  37.720 0.0000000000
44383  36.379  -13.905  37.203 0.0000000000
44384  35.897  -14.312  37.208 0.0000000000
44385  35.693  -14.931  36.736 0.0000000000
44386  35.446  -14.772  37.210 0.0000000000
45536  47.640  -6.864  26.253 0.0000000000
45540  48.309  -6.621  25.505 0.0000000000
45541  48.545  -6.782  25.046 0.0000000000
45542  48.096  -7.232  25.284 0.0000000000
45543  48.448  -11.050  26.483 0.0000000000
45544  48.702  -10.726  26.068 0.0000000000
45545  49.054  -11.219  26.562 0.0000000000
47214  42.402  -9.868  30.332 0.0000000000
47215  42.320  -10.438  29.960 0.0000000000
47216  42.036  -10.388  30.345 0.0000000000
47217  40.513  -13.818  31.402 0.0000000000
47218  40.940  -13.770  31.142 0.0000000000
47219  40.869  -14.401  31.413 0.0000000000
47220  41.327  -15.012  31.559 0.0000000000
47221  40.871  -15.044  31.719 0.0000000000
47222  37.835  -14.122  34.089 0.0000000000
47223  38.127  -14.100  33.683 0.0000000000
47224  37.948  -14.757  33.752 0.0000000000
47225  40.476  -18.870  34.465 0.0000000000
47226  40.346  -18.357  33.972 0.0000000000
47227  41.003  -18.781  34.414 0.0000000000
47228  41.547  -18.670  34.395 0.0000000000
47229  41.719  -19.127  35.005 0.0000000000
47343  42.405  -9.361  31.222 0.0000000000
47344  42.974  -8.933  31.196 0.0000000000
47345  42.608  -9.366  30.740 0.0000000000
47346  42.839  -9.389  30.260 0.0000000000
50342  44.294  -13.932  30.180 0.0000000000
50343  44.840  -13.947  30.159 0.0000000000
50344  44.907  -14.451  30.625 0.0000000000
50390  32.750  -17.168  39.789 0.0000000000
50391  32.962  -16.701  39.479 0.0000000000
50392  33.052  -17.319  39.171 0.0000000000
50393  33.400  -17.489  38.627 0.0000000000
50394  33.236  -17.895  38.941 0.0000000000
50395  33.264  -20.929  42.397 0.0000000000
50396  32.924  -20.461  42.105 0.0000000000
50397  33.555  -20.836  42.012 0.0000000000
50399  36.158  -20.369  40.299 0.0000000000
50400  36.764  -20.354  40.153 0.0000000000
50401  36.494  -20.314  39.535 0.0000000000
50457  38.433  -28.714  40.929 0.0000000000
50465  34.898  -31.227  40.613 0.0000000000
50466  35.299  -30.877  40.663 0.0000000000
50488  30.611  -36.000  45.029 0.0000000000
50490  30.913  -35.619  45.014 0.0000000000
50491  31.251  -35.212  45.033 0.0000000000
50492  30.997  -35.488  44.525 0.0000000000
50703  53.714  -4.857  20.551 0.0000000000
50704  54.178  -4.326  20.453 0.0000000000
50705  53.925  -5.158  20.137 0.0000000000
50706  54.179  -5.553  19.747 0.0000000000
50707  53.837  -6.007  19.997 0.0000000000
50708  50.587  -8.232  23.043 0.0000000000
50709  50.881  -7.780  22.684 0.0000000000
50710  51.039  -8.464  22.865 0.0000000000
50712  54.295  -10.087  22.674 0.0000000000
50713  54.995  -10.295  22.860 0.0000000000
55014  47.086  -11.084  26.988 0.0000000000
55015  47.643  -11.704  27.411 0.0000000000
55016  47.065  -11.557  27.407 0.0000000000
55017  46.503  -12.357  28.305 0.0000000000
55018  47.093  -12.456  28.334 0.0000000000
55019  47.117  -12.867  28.837 0.0000000000
55133  45.367  -7.653  28.946 0.0000000000
55134  45.882  -7.265  28.841 0.0000000000
55135  45.515  -7.719  28.437 0.0000000000
55136  45.822  -8.442  27.239 0.0000000000
55137  45.964  -7.870  27.470 0.0000000000
55138  46.230  -7.998  27.011 0.0000000000
55139  46.664  -7.585  26.742 0.0000000000
55140  46.547  -8.178  26.541 0.0000000000
55141  46.894  -8.366  26.163 0.0000000000
55142  46.536  -8.759  26.450 0.0000000000
55143  46.359  -10.337  26.891 0.0000000000
55144  46.670  -9.950  26.543 0.0000000000
55145  46.858  -10.526  26.698 0.0000000000
55146  47.366  -10.698  26.577 0.0000000000
56801  8.187  -39.488  63.066 0.0000000000
56802  8.178  -39.408  62.450 0.0000000000
56803  9.482  -39.014  61.735 0.0000000000
56804  9.450  -39.095  62.297 0.0000000000
56805  10.127  -38.971  62.236 0.0000000000
56806  10.739  -38.979  62.669 0.0000000000
56807  10.741  -38.912  62.151 0.0000000000
56809  10.825  -38.816  61.627 0.0000000000
56814  41.477  -9.887  32.230 0.0000000000
56815  41.221  -10.365  31.656 0.0000000000
56816  40.999  -10.400  32.101 0.0000000000
56817  39.970  -11.482  32.415 0.0000000000
56818  40.198  -11.441  31.985 0.0000000000
56819  39.956  -12.066  31.939 0.0000000000
56820  40.056  -12.633  31.682 0.0000000000
56821  39.742  -12.660  32.026 0.0000000000
56822  37.121  -16.552  34.563 0.0000000000
56823  37.514  -16.606  34.246 0.0000000000
56824  37.445  -17.200  34.467 0.0000000000
56825  38.287  -18.960  34.973 0.0000000000
56826  38.269  -18.424  34.575 0.0000000000
56827  38.849  -18.983  34.811 0.0000000000
56828  39.415  -18.977  34.679 0.0000000000
56829  39.489  -19.468  35.161 0.0000000000
56830  40.216  -19.831  35.613 0.0000000000
56831  39.617  -19.855  35.685 0.0000000000
56945  41.873  -9.523  32.637 0.0000000000
56946  42.023  -9.457  32.162 0.0000000000
59993  32.356  -16.997  41.103 0.0000000000
59994  32.188  -17.492  41.425 0.0000000000
60063  36.123  -31.410  44.410 0.0000000000
60064  35.667  -31.657  44.321 0.0000000000
60065  34.313  -31.985  42.926 0.0000000000
60066  34.780  -31.684  42.975 0.0000000000
60067  34.458  -31.755  42.358 0.0000000000
60068  34.556  -31.571  41.725 0.0000000000
60069  34.135  -31.879  41.729 0.0000000000
60071  33.723  -32.211  41.700 0.0000000000
60304  53.637  -3.472  22.621 0.0000000000
60305  53.168  -4.123  22.093 0.0000000000
60306  53.334  -4.345  21.544 0.0000000000
60307  52.767  -4.800  21.689 0.0000000000
60308  51.637  -10.537  24.683 0.0000000000
60309  51.795  -10.231  24.136 0.0000000000
64018  39.019  -12.194  35.686 0.0000000000
64019  38.471  -12.606  35.565 0.0000000000
64020  38.088  -13.062  35.017 0.0000000000
64021  37.954  -13.064  35.478 0.0000000000
64025  36.717  -14.044  36.242 0.0000000000
64026  37.170  -13.552  36.283 0.0000000000
64027  36.906  -14.062  35.800 0.0000000000
64028  37.099  -14.102  35.368 0.0000000000
64029  36.768  -14.670  35.366 0.0000000000
64030  36.721  -15.289  34.987 0.0000000000
64031  36.466  -15.231  35.397 0.0000000000
64032  35.645  -16.221  36.044 0.0000000000
64033  36.012  -16.296  35.636 0.0000000000
64034  35.812  -16.880  35.794 0.0000000000
64035  35.989  -17.476  35.674 0.0000000000
64036  35.608  -17.361  36.019 0.0000000000
67198  36.048  -23.462  43.514 0.0000000000
67503  49.134  -7.193  24.164 0.0000000000
67504  49.516  -6.762  23.871 0.0000000000
67505  49.447  -7.402  23.834 0.0000000000
67506  49.819  -7.651  23.507 0.0000000000
67507  49.426  -8.058  23.899 0.0000000000
67508  47.574  -8.775  25.537 0.0000000000
67509  47.938  -8.397  25.206 0.0000000000
67510  48.018  -9.004  25.263 0.0000000000
67511  49.134  -10.040  25.162 0.0000000000
67512  48.924  -9.460  24.836 0.0000000000
67513  49.392  -9.697  24.682 0.0000000000
67514  49.703  -9.348  24.261 0.0000000000
67515  49.928  -9.955  24.619 0.0000000000
67516  50.482  -10.170  24.603 0.0000000000
67517  50.203  -10.464  25.094 0.0000000000
72483  9.388  -39.344  64.027 0.0000000000
72519  43.664  -10.094  28.740 0.0000000000
72520  43.804  -10.673  28.585 0.0000000000
72521  43.445  -10.576  28.871 0.0000000000
72522  42.591  -11.590  29.593 0.0000000000
72523  42.997  -11.639  29.315 0.0000000000
72524  42.857  -12.179  29.597 0.0000000000
72525  43.268  -12.770  29.653 0.0000000000
72526  42.794  -12.689  29.841 0.0000000000
72527  41.119  -11.466  30.850 0.0000000000
72528  41.455  -11.451  30.503 0.0000000000
72529  41.286  -11.995  30.625 0.0000000000
72530  41.797  -13.781  30.747 0.0000000000
72531  41.847  -13.197  30.484 0.0000000000
72532  42.246  -13.802  30.587 0.0000000000
72533  42.737  -13.816  30.454 0.0000000000
72534  42.746  -14.386  30.797 0.0000000000
72535  43.318  -14.942  31.140 0.0000000000
72536  42.823  -14.988  31.230 0.0000000000
72537  42.479  -16.178  32.206 0.0000000000
72538  43.048  -16.135  32.179 0.0000000000
72539  43.157  -16.643  32.711 0.0000000000
72542  39.289  -11.861  34.279 0.0000000000
72543  39.425  -11.755  33.795 0.0000000000
72544  39.024  -12.335  33.729 0.0000000000
72545  38.772  -14.038  32.914 0.0000000000
72546  38.963  -13.393  32.823 0.0000000000
72547  39.092  -13.981  32.576 0.0000000000
72548  39.407  -13.911  32.261 0.0000000000
72549  39.293  -14.589  32.448 0.0000000000
72550  38.379  -16.665  33.637 0.0000000000
72551  38.405  -16.011  33.420 0.0000000000
72552  38.804  -16.647  33.390 0.0000000000
72553  40.131  -17.156  33.127 0.0000000000
72554  39.617  -16.549  32.948 0.0000000000
72555  40.063  -16.500  32.762 0.0000000000
72556  40.034  -15.817  32.426 0.0000000000
72557  40.520  -16.450  32.607 0.0000000000
72558  40.973  -16.396  32.477 0.0000000000
72559  41.102  -17.023  32.887 0.0000000000
72560  42.645  -18.392  34.407 0.0000000000
72561  42.381  -17.905  33.783 0.0000000000
72917  44.488  -8.076  30.031 0.0000000000
72918  43.403  -9.492  29.344 0.0000000000
72919  43.852  -9.010  29.253 0.0000000000
72920  43.689  -9.568  28.967 0.0000000000
72921  44.024  -9.611  28.612 0.0000000000
81902  44.353  -11.868  28.667 0.0000000000
81903  44.875  -11.959  28.499 0.0000000000
81904  44.825  -12.467  28.889 0.0000000000
81905  46.086  -14.023  30.237 0.0000000000
81906  45.982  -13.595  29.761 0.0000000000
81907  46.722  -14.044  30.327 0.0000000000
82048  33.613  -15.791  38.952 0.0000000000
82049  33.765  -15.110  39.390 0.0000000000
82051  34.425  -14.829  38.566 0.0000000000
82052  34.280  -15.510  38.116 0.0000000000
82053  34.601  -15.696  37.548 0.0000000000
82054  34.225  -16.167  37.763 0.0000000000
82055  34.208  -17.835  37.612 0.0000000000
82056  34.415  -17.394  37.263 0.0000000000
82057  34.695  -18.048  37.129 0.0000000000
82058  35.197  -18.227  36.681 0.0000000000
82059  35.052  -18.627  37.098 0.0000000000
82063  32.497  -19.536  41.447 0.0000000000
82064  32.172  -19.057  41.694 0.0000000000
82065  32.429  -19.083  41.142 0.0000000000
82066  32.455  -18.634  40.773 0.0000000000
82067  32.748  -19.121  40.589 0.0000000000
82068  35.084  -20.800  41.566 0.0000000000
82069  34.296  -20.624  41.317 0.0000000000
82070  34.684  -20.539  41.006 0.0000000000
82071  34.585  -19.972  39.688 0.0000000000
82072  34.117  -19.944  40.031 0.0000000000
82073  34.032  -19.667  39.567 0.0000000000
82074  33.512  -19.222  39.550 0.0000000000
82075  33.964  -19.324  39.143 0.0000000000
82076  33.938  -18.944  38.734 0.0000000000
82077  34.457  -19.448  38.753 0.0000000000
82078  36.142  -20.072  38.331 0.0000000000
82079  35.497  -19.713  38.076 0.0000000000
82080  36.087  -19.897  37.800 0.0000000000
82081  36.064  -19.664  37.294 0.0000000000
82082  36.690  -20.085  37.550 0.0000000000
82083  37.336  -20.205  37.370 0.0000000000
82084  37.447  -20.362  37.993 0.0000000000
82265  38.174  -29.688  43.859 0.0000000000
82267  38.178  -29.413  43.303 0.0000000000
82268  38.147  -29.195  42.713 0.0000000000
82269  37.727  -29.475  42.531 0.0000000000
82270  36.204  -30.848  43.259 0.0000000000
82271  36.682  -30.581  43.336 0.0000000000
82272  36.257  -30.582  42.673 0.0000000000
82273  36.113  -30.256  40.884 0.0000000000
82274  36.409  -30.143  41.550 0.0000000000
82275  36.553  -29.956  41.015 0.0000000000
82276  37.014  -29.644  41.128 0.0000000000
82328  34.160  -33.350  46.434 0.0000000000
82329  33.715  -33.568  46.369 0.0000000000
82341  31.443  -35.178  46.734 0.0000000000
82342  31.389  -35.346  47.271 0.0000000000
82348  32.003  -34.414  45.036 0.0000000000
82349  32.414  -34.233  45.663 0.0000000000
82350  32.476  -34.004  45.093 0.0000000000
82351  32.813  -33.695  45.064 0.0000000000
82352  32.471  -33.814  44.505 0.0000000000
82353  32.523  -33.631  43.931 0.0000000000
82354  32.153  -34.010  43.952 0.0000000000
82998  54.862  -6.415  19.029 0.0000000000
83003  50.780  -5.540  23.161 0.0000000000
83004  51.258  -5.165  23.020 0.0000000000
83005  51.012  -5.824  22.747 0.0000000000
83006  51.625  -7.038  21.978 0.0000000000
83007  51.641  -6.331  21.988 0.0000000000
83008  51.983  -6.642  21.670 0.0000000000
83009  52.386  -6.270  21.325 0.0000000000
83010  52.362  -6.978  21.353 0.0000000000
83011  52.320  -9.657  23.143 0.0000000000
83012  52.027  -9.054  22.668 0.0000000000
83013  52.583  -9.349  22.627 0.0000000000
83014  53.657  -8.981  21.579 0.0000000000
83015  53.116  -8.667  21.639 0.0000000000
83016  53.413  -8.352  21.184 0.0000000000
83017  53.225  -7.679  20.898 0.0000000000
83018  53.723  -8.026  20.691 0.0000000000
83019  54.030  -7.651  20.248 0.0000000000
83020  54.253  -8.332  20.559 0.0000000000
83021  55.695  -9.560  21.096 0.0000000000
83022  55.338  -9.029  20.496 0.0000000000
83023  55.912  -9.258  20.505 0.0000000000
92913  46.096  -10.771  27.254 0.0000000000
92914  46.563  -11.442  27.483 0.0000000000
92915  46.052  -11.291  27.583 0.0000000000
92916  45.962  -11.760  27.924 0.0000000000
92917  45.947  -12.214  28.317 0.0000000000
92984  44.880  -8.626  28.271 0.0000000000
92985  45.287  -8.212  28.122 0.0000000000
92986  45.158  -8.748  27.862 0.0000000000
92987  45.458  -8.875  27.460 0.0000000000
92988  45.790  -9.017  27.067 0.0000000000
92989  46.187  -9.161  26.744 0.0000000000
92990  45.820  -9.593  27.055 0.0000000000
92991  45.910  -10.161  27.104 0.0000000000
93990  10.183  -38.782  61.148 0.0000000000
93993  41.174  -10.053  33.164 0.0000000000
93994  40.771  -10.464  32.550 0.0000000000
93995  40.626  -10.485  33.033 0.0000000000
93996  40.116  -11.020  32.923 0.0000000000
93997  39.769  -11.546  32.866 0.0000000000
93998  36.897  -17.731  35.012 0.0000000000
93999  37.357  -17.804  34.725 0.0000000000
94000  37.269  -18.312  35.025 0.0000000000
94001  37.762  -18.915  35.180 0.0000000000
94002  38.342  -19.440  35.425 0.0000000000
94003  38.988  -19.848  35.790 0.0000000000
94004  38.396  -19.821  35.915 0.0000000000
94005  38.562  -20.170  36.479 0.0000000000
94006  38.696  -20.389  37.084 0.0000000000
95942  35.148  -32.176  44.811 0.0000000000
95943  35.161  -31.917  44.229 0.0000000000
95944  34.683  -32.166  44.124 0.0000000000
95945  34.227  -32.216  43.491 0.0000000000
95946  33.836  -32.289  42.860 0.0000000000
95948  33.419  -32.601  42.797 0.0000000000
95949  33.069  -32.938  42.780 0.0000000000
95950  32.680  -33.270  42.748 0.0000000000
98321  36.543  -13.998  36.711 0.0000000000
98322  36.318  -14.553  36.266 0.0000000000
98323  36.197  -15.173  35.834 0.0000000000
98324  35.937  -15.068  36.285 0.0000000000
98325  35.616  -15.590  36.347 0.0000000000
98326  35.320  -16.105  36.451 0.0000000000
100396  47.264  -6.622  27.376 0.0000000000
100398  47.789  -6.285  27.204 0.0000000000
100403  49.088  -5.691  25.647 0.0000000000
100404  49.244  -5.778  25.072 0.0000000000
100405  49.414  -5.965  24.551 0.0000000000
100406  48.988  -6.355  24.798 0.0000000000
100407  48.829  -6.983  24.582 0.0000000000
100408  48.720  -7.615  24.510 0.0000000000
100409  47.868  -9.952  25.811 0.0000000000
100410  48.139  -9.583  25.421 0.0000000000
100411  48.375  -10.163  25.688 0.0000000000
100412  48.910  -10.378  25.605 0.0000000000
100413  49.412  -10.559  25.599 0.0000000000
100414  49.972  -10.728  25.648 0.0000000000
100415  49.752  -11.024  26.175 0.0000000000
103408  12.681  -39.009  60.689 0.0000000000
103416  43.003  -9.949  29.492 0.0000000000
103417  43.061  -10.513  29.206 0.0000000000
103418  42.671  -10.474  29.576 0.0000000000
103419  42.432  -11.009  29.706 0.0000000000
103420  42.209  -11.530  29.873 0.0000000000
103421  40.729  -12.610  31.068 0.0000000000
103422  41.084  -12.605  30.801 0.0000000000
103423  41.017  -13.196  30.926 0.0000000000
103424  41.360  -13.767  30.932 0.0000000000
103425  41.826  -14.420  31.065 0.0000000000
103426  42.315  -15.011  31.331 0.0000000000
103427  41.805  -14.996  31.430 0.0000000000
103428  41.802  -15.597  31.841 0.0000000000
103429  41.959  -16.222  32.255 0.0000000000
103430  38.451  -12.977  34.127 0.0000000000
103431  38.677  -12.901  33.675 0.0000000000
103432  38.377  -13.498  33.651 0.0000000000
103433  38.441  -14.066  33.276 0.0000000000
103434  38.622  -14.695  33.062 0.0000000000
103435  39.224  -17.872  33.815 0.0000000000
103436  39.215  -17.274  33.492 0.0000000000
103437  39.713  -17.862  33.688 0.0000000000
103438  40.217  -17.799  33.552 0.0000000000
103439  40.728  -17.700  33.426 0.0000000000
103440  41.240  -17.589  33.339 0.0000000000
103441  41.380  -18.152  33.843 0.0000000000
103442  42.089  -18.546  34.394 0.0000000000
103653  43.757  -8.486  30.618 0.0000000000
103654  43.933  -8.469  30.056 0.0000000000
103655  43.378  -8.910  30.160 0.0000000000
103656  43.142  -9.409  29.754 0.0000000000
109046  44.236  -12.891  29.386 0.0000000000
109047  44.769  -12.950  29.279 0.0000000000
109048  44.769  -13.438  29.705 0.0000000000
109049  45.452  -13.983  30.184 0.0000000000
109050  46.183  -14.447  30.748 0.0000000000
109135  33.271  -16.256  39.194 0.0000000000
109136  33.556  -16.437  38.594 0.0000000000
109137  33.909  -16.639  37.972 0.0000000000
109138  33.624  -17.039  38.302 0.0000000000
109139  33.799  -17.668  38.096 0.0000000000
109140  34.092  -18.222  37.951 0.0000000000
109142  32.076  -19.492  42.541 0.0000000000
109143  32.447  -19.985  42.271 0.0000000000
109144  32.704  -19.987  41.756 0.0000000000
109145  33.007  -19.991  41.251 0.0000000000
109146  35.978  -20.525  41.148 0.0000000000
109147  35.127  -20.474  40.759 0.0000000000
109148  35.642  -20.405  40.535 0.0000000000
109149  35.339  -20.232  39.911 0.0000000000
109150  35.122  -20.032  39.406 0.0000000000
109151  35.033  -19.836  38.885 0.0000000000
109152  35.704  -20.109  39.141 0.0000000000
109153  36.312  -20.201  38.924 0.0000000000
109155  37.600  -20.424  38.646 0.0000000000
109266  37.663  -29.977  43.661 0.0000000000
109267  35.424  -30.927  41.906 0.0000000000
109268  35.872  -30.621  42.014 0.0000000000
109269  35.542  -30.722  41.302 0.0000000000
109270  35.705  -30.556  40.787 0.0000000000
109312  31.521  -35.063  46.163 0.0000000000
109313  31.929  -34.733  46.190 0.0000000000
109314  31.544  -34.962  45.587 0.0000000000
109315  31.601  -34.807  45.017 0.0000000000
109317  31.759  -34.414  43.941 0.0000000000
109704  54.492  -5.984  19.376 0.0000000000
109705  54.603  -6.859  19.432 0.0000000000
109706  50.477  -6.847  22.895 0.0000000000
109707  50.889  -6.479  22.585 0.0000000000
109708  50.841  -7.105  22.591 0.0000000000
109709  51.244  -7.368  22.331 0.0000000000
109710  51.629  -7.720  22.112 0.0000000000
109711  53.507  -10.139  23.238 0.0000000000
109712  53.153  -9.627  22.656 0.0000000000
109713  53.735  -9.876  22.678 0.0000000000
109714  53.999  -9.575  22.067 0.0000000000
109715  54.234  -9.282  21.556 0.0000000000
109716  54.517  -8.963  21.010 0.0000000000
109717  54.842  -9.585  21.589 0.0000000000
109718  55.480  -9.827  21.672 0.0000000000
109719  56.119  -9.998  21.798 0.0000000000
116955  48.240  -11.406  26.969 0.0000000000
116956  48.822  -11.977  27.646 0.0000000000
116957  48.229  -11.847  27.493 0.0000000000
116960  47.100  -12.031  27.868 0.0000000000
116961  47.706  -12.545  28.422 0.0000000000
117127  45.728  -7.776  27.948 0.0000000000
117129  46.715  -6.970  27.559 0.0000000000
117130  46.932  -7.079  26.999 0.0000000000
117131  47.147  -7.239  26.482 0.0000000000
117132  47.369  -7.447  26.000 0.0000000000
117133  47.651  -7.632  25.554 0.0000000000
117134  47.245  -7.985  25.888 0.0000000000
117135  47.227  -8.567  25.830 0.0000000000
117136  47.275  -9.166  25.854 0.0000000000
117137  46.571  -9.354  26.457 0.0000000000
117138  46.966  -9.557  26.199 0.0000000000
117139  47.400  -9.750  25.972 0.0000000000
117140  47.611  -10.343  26.203 0.0000000000
117141  47.898  -10.874  26.504 0.0000000000
119456  8.104  -39.663  64.293 0.0000000000
119457  8.167  -39.581  63.677 0.0000000000
119458  8.797  -39.428  63.535 0.0000000000
119459  9.404  -39.271  63.426 0.0000000000
119460  8.808  -39.249  62.363 0.0000000000
119461  9.432  -39.169  62.846 0.0000000000
119462  10.056  -39.138  63.296 0.0000000000
119463  10.707  -39.047  63.171 0.0000000000
119469  12.028  -38.921  61.365 0.0000000000
119470  10.850  -38.700  61.071 0.0000000000
119471  11.489  -38.747  60.972 0.0000000000
119472  12.100  -38.850  60.826 0.0000000000
119475  41.871  -9.849  31.215 0.0000000000
119476  41.752  -10.355  30.757 0.0000000000
119477  41.436  -10.365  31.210 0.0000000000
119478  41.073  -10.922  31.185 0.0000000000
119479  40.806  -11.453  31.227 0.0000000000
119480  40.554  -10.919  31.999 0.0000000000
119481  40.507  -11.434  31.610 0.0000000000
119482  40.598  -12.017  31.241 0.0000000000
119483  40.389  -12.635  31.357 0.0000000000
119484  40.228  -13.226  31.487 0.0000000000
119485  40.126  -13.861  31.666 0.0000000000
119486  37.384  -15.369  34.247 0.0000000000
119487  37.748  -15.396  33.907 0.0000000000
119488  37.607  -15.998  34.062 0.0000000000
119489  37.930  -16.651  33.942 0.0000000000
119490  38.321  -17.251  33.902 0.0000000000
119491  37.826  -17.838  34.466 0.0000000000
119492  38.317  -17.879  34.222 0.0000000000
119493  38.798  -17.900  33.997 0.0000000000
119494  39.329  -18.447  34.231 0.0000000000
119495  39.963  -18.945  34.571 0.0000000000
119496  40.643  -19.349  35.041 0.0000000000
119497  41.379  -19.630  35.635 0.0000000000
119498  40.801  -19.742  35.609 0.0000000000
119499  40.981  -20.040  36.292 0.0000000000
119501  39.756  -20.163  36.320 0.0000000000
119661  42.220  -9.391  31.711 0.0000000000
123854  44.417  -14.962  31.127 0.0000000000
123855  45.006  -14.932  31.119 0.0000000000
123924  32.756  -15.865  41.289 0.0000000000
123925  32.581  -16.463  40.830 0.0000000000
123926  32.520  -17.067  40.442 0.0000000000
123927  32.610  -17.660  40.076 0.0000000000
123928  34.807  -21.515  42.433 0.0000000000
124021  38.343  -28.828  41.557 0.0000000000
124023  37.113  -30.906  44.648 0.0000000000
124024  36.609  -31.155  44.544 0.0000000000
124025  36.147  -31.133  43.836 0.0000000000
124026  35.734  -31.123  43.130 0.0000000000
124027  35.209  -31.665  43.645 0.0000000000
124028  35.243  -31.400  43.044 0.0000000000
124029  35.332  -31.159  42.457 0.0000000000
124030  34.978  -31.243  41.792 0.0000000000
124031  34.692  -31.402  41.149 0.0000000000
124364  53.891  -3.839  21.520 0.0000000000
124365  53.521  -4.590  21.018 0.0000000000
124366  53.239  -5.388  20.702 0.0000000000
124367  50.935  -9.460  23.655 0.0000000000
124368  51.228  -9.098  23.177 0.0000000000
124369  51.451  -9.702  23.630 0.0000000000
124370  52.057  -9.966  23.659 0.0000000000
124371  52.659  -10.173  23.713 0.0000000000
124374  53.258  -10.350  23.787 0.0000000000
124375  53.870  -10.506  23.888 0.0000000000
129468  40.849  -10.599  35.079 0.0000000000
129469  40.318  -10.869  34.545 0.0000000000
129470  40.254  -11.020  35.002 0.0000000000
129471  39.717  -11.473  34.891 0.0000000000
129472  39.183  -11.957  34.751 0.0000000000
129473  39.585  -11.774  35.805 0.0000000000
129474  39.109  -12.052  35.228 0.0000000000
129475  38.701  -12.475  34.647 0.0000000000
129476  38.254  -13.035  34.562 0.0000000000
129477  37.867  -13.567  34.521 0.0000000000
129478  37.572  -14.138  34.484 0.0000000000
129485  37.488  -13.617  35.351 0.0000000000
129486  37.311  -14.140  34.934 0.0000000000
129487  37.294  -14.698  34.532 0.0000000000
129488  37.030  -15.338  34.604 0.0000000000
129489  36.880  -15.950  34.759 0.0000000000
129490  36.757  -16.508  34.885 0.0000000000
129491  36.240  -15.787  35.497 0.0000000000
129492  36.383  -16.395  35.251 0.0000000000
129493  36.588  -17.092  35.098 0.0000000000
129494  36.443  -17.640  35.328 0.0000000000
129495  36.389  -18.136  35.562 0.0000000000
129496  36.266  -18.587  35.928 0.0000000000
133495  32.546  -20.528  43.056 0.0000000000
133497  33.689  -21.444  42.625 0.0000000000
133506  34.521  -21.736  42.624 0.0000000000
133598  35.111  -32.440  45.346 0.0000000000
133599  34.613  -32.677  45.273 0.0000000000
133600  34.150  -32.898  45.254 0.0000000000
133884  51.436  -4.209  24.467 0.0000000000
133885  51.484  -4.406  23.873 0.0000000000
133889  49.633  -6.152  24.051 0.0000000000
133890  49.883  -6.347  23.607 0.0000000000
133891  50.163  -6.591  23.231 0.0000000000
133892  50.158  -7.244  23.177 0.0000000000
133893  50.194  -7.931  23.245 0.0000000000
133894  50.285  -8.593  23.433 0.0000000000
133895  47.963  -7.824  25.194 0.0000000000
133896  48.316  -8.019  24.870 0.0000000000
133897  48.740  -8.204  24.527 0.0000000000
133898  48.469  -9.230  25.030 0.0000000000
133899  48.809  -8.838  24.636 0.0000000000
133900  49.096  -8.430  24.264 0.0000000000
133901  49.497  -8.671  24.033 0.0000000000
133902  49.970  -8.923  23.832 0.0000000000
133903  50.446  -9.206  23.725 0.0000000000
133904  50.697  -9.870  24.114 0.0000000000
133905  51.056  -10.355  24.624 0.0000000000
133907  50.564  -10.875  25.745 0.0000000000
140154  44.398  -10.254  28.135 0.0000000000
140155  44.611  -10.857  28.109 0.0000000000
140156  44.196  -10.750  28.344 0.0000000000
140157  44.034  -11.277  28.559 0.0000000000
140158  43.911  -11.816  28.855 0.0000000000
140159  43.231  -11.095  29.048 0.0000000000
140160  43.447  -11.725  29.072 0.0000000000
140161  43.791  -12.312  29.177 0.0000000000
140162  43.743  -12.839  29.518 0.0000000000
140163  43.724  -13.338  29.862 0.0000000000
140164  43.739  -13.888  30.252 0.0000000000
140165  41.700  -10.915  30.431 0.0000000000
140166  41.828  -11.481  30.177 0.0000000000
140167  42.019  -12.055  30.063 0.0000000000
140168  41.464  -12.604  30.542 0.0000000000
140169  41.889  -12.627  30.288 0.0000000000
140170  42.338  -12.645  30.052 0.0000000000
140171  42.716  -13.249  30.151 0.0000000000
140172  43.235  -13.852  30.346 0.0000000000
140173  43.789  -14.459  30.678 0.0000000000
140174  43.856  -14.968  31.151 0.0000000000
140175  43.942  -15.479  31.644 0.0000000000
140176  44.051  -15.982  32.176 0.0000000000
140177  42.898  -15.582  31.698 0.0000000000
140178  43.540  -16.063  32.173 0.0000000000
140183  39.880  -11.211  33.896 0.0000000000
140184  39.588  -11.637  33.318 0.0000000000
140185  39.450  -12.152  32.834 0.0000000000
140186  38.933  -12.840  33.223 0.0000000000
140187  39.195  -12.783  32.792 0.0000000000
140188  39.445  -12.719  32.393 0.0000000000
140189  39.567  -13.300  32.120 0.0000000000
140190  39.763  -13.890  31.943 0.0000000000
140191  40.038  -14.479  31.900 0.0000000000
140192  38.143  -15.381  33.552 0.0000000000
140193  38.518  -15.352  33.225 0.0000000000
140194  38.884  -15.305  32.916 0.0000000000
140195  39.212  -16.605  33.163 0.0000000000
140196  39.203  -15.948  32.904 0.0000000000
140197  39.257  -15.271  32.638 0.0000000000
140198  39.621  -15.212  32.386 0.0000000000
140199  39.989  -15.145  32.156 0.0000000000
140200  40.435  -15.093  31.915 0.0000000000
140201  40.918  -15.701  32.097 0.0000000000
140202  41.457  -16.288  32.340 0.0000000000
140203  42.086  -16.833  32.737 0.0000000000
140204  41.746  -17.485  33.273 0.0000000000
140205  42.259  -17.391  33.240 0.0000000000
140206  42.786  -17.278  33.261 0.0000000000
140639  45.678  -7.304  29.919 0.0000000000
140640  45.223  -7.631  29.453 0.0000000000
140641  44.832  -8.053  29.023 0.0000000000
140642  44.134  -8.500  29.585 0.0000000000
140643  44.362  -8.527  29.131 0.0000000000
140644  44.613  -8.563  28.690 0.0000000000
140645  44.463  -9.139  28.441 0.0000000000
140646  44.390  -9.695  28.232 0.0000000000
145271  29.520  -27.501  47.550 0.0000000000
145272  29.975  -27.635  47.504 0.0000000000
145273  30.510  -27.754  47.430 0.0000000000
151526  44.931  -11.461  28.165 0.0000000000
151527  45.408  -12.080  28.384 0.0000000000
151528  45.900  -12.645  28.756 0.0000000000
151529  45.310  -13.042  29.268 0.0000000000
151530  45.921  -13.122  29.261 0.0000000000
151531  46.555  -13.199  29.292 0.0000000000
151535  45.620  -14.905  31.218 0.0000000000
151696  35.479  -14.000  38.286 0.0000000000
151700  33.587  -14.994  40.085 0.0000000000
151703  34.725  -14.205  39.069 0.0000000000
151704  34.942  -14.382  38.411 0.0000000000
151706  34.981  -15.252  37.346 0.0000000000
151707  34.945  -15.900  36.996 0.0000000000
151708  34.993  -16.575  36.681 0.0000000000
151709  34.285  -16.801  37.454 0.0000000000
151710  34.695  -16.995  36.955 0.0000000000
151711  35.145  -17.188  36.478 0.0000000000
151712  35.398  -17.822  36.332 0.0000000000
151713  35.717  -18.412  36.292 0.0000000000
151714  36.130  -19.000  36.349 0.0000000000
151718  31.978  -19.025  42.281 0.0000000000
151719  32.007  -18.523  41.980 0.0000000000
151721  32.262  -18.063  41.083 0.0000000000
151722  32.495  -18.105  40.443 0.0000000000
151723  32.786  -18.201  39.825 0.0000000000
151724  33.906  -20.734  41.657 0.0000000000
151725  33.586  -20.339  41.214 0.0000000000
151726  33.333  -19.966  40.828 0.0000000000
151727  34.357  -20.258  40.502 0.0000000000
151728  33.696  -19.938  40.418 0.0000000000
151729  33.135  -19.569  40.457 0.0000000000
151730  33.111  -19.151  40.046 0.0000000000
151731  33.118  -18.754  39.661 0.0000000000
151732  33.150  -18.314  39.305 0.0000000000
151733  33.549  -18.431  38.798 0.0000000000
151734  33.992  -18.589  38.331 0.0000000000
151735  34.483  -18.770  37.898 0.0000000000
151736  34.934  -19.545  38.384 0.0000000000
151737  34.926  -19.266  37.932 0.0000000000
151738  34.987  -18.978  37.512 0.0000000000
151739  35.513  -19.174  37.166 0.0000000000
151740  36.075  -19.364  36.813 0.0000000000
151741  36.707  -19.538  36.500 0.0000000000
151742  37.340  -19.997  36.769 0.0000000000
151743  37.987  -20.312  37.188 0.0000000000
151964  38.658  -28.913  42.837 0.0000000000
151965  38.232  -28.986  42.116 0.0000000000
151966  37.874  -29.092  41.394 0.0000000000
151967  37.139  -30.608  44.036 0.0000000000
151968  37.180  -30.288  43.523 0.0000000000
151969  37.199  -29.994  42.944 0.0000000000
151970  36.315  -30.322  42.116 0.0000000000
151971  36.795  -30.039  42.255 0.0000000000
151972  37.269  -29.755  42.402 0.0000000000
151973  37.345  -29.539  41.807 0.0000000000
151974  37.451  -29.349  41.223 0.0000000000
151975  37.620  -29.255  40.698 0.0000000000
152037  34.199  -33.127  45.885 0.0000000000
152038  33.697  -33.157  45.214 0.0000000000
152060  32.384  -34.403  46.260 0.0000000000
152061  32.861  -34.083  46.310 0.0000000000
152062  33.305  -33.813  46.344 0.0000000000
152063  33.266  -33.627  45.731 0.0000000000
152064  33.243  -33.423  45.124 0.0000000000
152065  33.294  -33.214  44.577 0.0000000000
152066  32.930  -33.301  43.959 0.0000000000
152067  32.577  -33.448  43.336 0.0000000000
152068  32.303  -33.616  42.770 0.0000000000
152848  51.648  -4.570  23.378 0.0000000000
152849  51.844  -4.762  22.874 0.0000000000
152850  52.058  -4.989  22.363 0.0000000000
152851  51.314  -6.060  22.346 0.0000000000
152852  51.787  -5.647  22.103 0.0000000000
152853  52.273  -5.247  21.881 0.0000000000
152854  52.530  -5.539  21.412 0.0000000000
152855  52.816  -5.843  20.975 0.0000000000
152856  53.126  -6.131  20.597 0.0000000000
152857  51.519  -8.746  22.744 0.0000000000
152858  51.819  -8.412  22.317 0.0000000000
152859  52.086  -8.024  21.915 0.0000000000
152860  52.840  -9.006  22.143 0.0000000000
152861  52.586  -8.325  21.749 0.0000000000
152862  52.428  -7.650  21.494 0.0000000000
152863  52.774  -7.330  21.111 0.0000000000
152864  53.118  -6.942  20.684 0.0000000000
152865  53.483  -6.497  20.280 0.0000000000
152866  53.889  -6.874  20.019 0.0000000000
152867  54.348  -7.263  19.788 0.0000000000
152868  54.815  -7.677  19.629 0.0000000000
152869  54.788  -8.666  20.494 0.0000000000
152870  55.057  -8.379  20.006 0.0000000000
