#!ascii label  , from subject fsaverage vox2ras=TkReg
648
296  22.119  -71.116  40.593 0.0000000000
564  22.557  -62.844  35.037 0.0000000000
775  18.448  -78.153  41.870 0.0000000000
776  22.040  -79.376  42.773 0.0000000000
1248  25.884  -74.265  34.900 0.0000000000
1249  21.916  -67.229  37.562 0.0000000000
1250  26.109  -68.865  31.265 0.0000000000
1251  26.995  -64.047  28.566 0.0000000000
1685  20.938  -73.618  43.782 0.0000000000
1686  24.647  -78.087  39.106 0.0000000000
1904  18.515  -75.147  37.557 0.0000000000
2333  25.578  -60.062  33.733 0.0000000000
3169  26.065  -71.739  32.992 0.0000000000
3170  25.433  -73.662  29.887 0.0000000000
3171  26.402  -70.481  28.251 0.0000000000
3769  23.754  -79.145  41.119 0.0000000000
5186  22.100  -65.098  36.224 0.0000000000
5191  23.597  -60.108  37.256 0.0000000000
5192  23.695  -61.004  34.146 0.0000000000
5194  28.357  -62.818  27.860 0.0000000000
6003  17.639  -77.039  42.923 0.0000000000
6004  19.722  -77.190  43.973 0.0000000000
6005  19.902  -79.065  43.315 0.0000000000
6854  24.299  -72.469  37.935 0.0000000000
6855  21.884  -69.342  38.945 0.0000000000
6856  24.128  -70.355  36.069 0.0000000000
6857  23.904  -67.888  34.417 0.0000000000
6858  24.084  -65.310  33.020 0.0000000000
6859  24.654  -63.088  31.644 0.0000000000
6860  26.300  -66.083  29.873 0.0000000000
6861  26.980  -67.598  26.823 0.0000000000
7771  22.054  -72.419  42.476 0.0000000000
7772  22.126  -76.568  43.399 0.0000000000
7773  23.766  -75.449  42.026 0.0000000000
7774  24.284  -74.068  39.938 0.0000000000
7775  25.333  -76.355  36.997 0.0000000000
9559  27.763  -60.315  33.858 0.0000000000
9560  26.057  -61.469  30.706 0.0000000000
9561  28.053  -60.843  30.605 0.0000000000
9562  30.085  -61.635  31.164 0.0000000000
12863  21.140  -70.643  42.062 0.0000000000
12865  21.059  -69.886  41.283 0.0000000000
12866  22.268  -63.972  35.622 0.0000000000
12867  21.512  -64.010  37.460 0.0000000000
12868  21.757  -62.995  36.894 0.0000000000
12870  22.147  -61.974  36.416 0.0000000000
12871  22.768  -61.093  35.932 0.0000000000
12872  23.025  -61.826  34.549 0.0000000000
13845  17.974  -77.697  42.479 0.0000000000
13846  18.559  -78.044  43.362 0.0000000000
13847  19.014  -78.699  42.825 0.0000000000
15263  25.271  -73.389  36.390 0.0000000000
15264  24.194  -71.423  37.042 0.0000000000
15265  25.238  -72.252  35.411 0.0000000000
15266  26.112  -70.316  32.123 0.0000000000
15267  25.065  -69.734  33.646 0.0000000000
15268  24.992  -68.278  32.875 0.0000000000
15269  23.959  -66.610  33.691 0.0000000000
15270  25.065  -66.860  32.081 0.0000000000
15271  25.199  -65.593  31.430 0.0000000000
15272  26.189  -67.444  30.521 0.0000000000
15274  26.713  -68.879  27.521 0.0000000000
15275  26.719  -69.708  25.968 0.0000000000
17060  20.127  -72.592  43.957 0.0000000000
17061  20.623  -71.946  43.409 0.0000000000
17062  21.657  -73.065  43.223 0.0000000000
17063  21.048  -78.148  43.636 0.0000000000
17064  21.022  -77.009  43.910 0.0000000000
17065  22.251  -78.076  43.150 0.0000000000
17066  24.273  -78.621  40.158 0.0000000000
17067  23.924  -77.419  41.652 0.0000000000
17068  24.411  -76.703  40.756 0.0000000000
17069  24.097  -74.755  40.988 0.0000000000
17070  24.730  -76.006  39.614 0.0000000000
17071  24.922  -75.234  38.516 0.0000000000
17072  24.987  -77.278  38.076 0.0000000000
21316  21.861  -68.297  38.259 0.0000000000
21317  21.043  -68.070  39.886 0.0000000000
21318  21.144  -67.072  39.223 0.0000000000
21333  24.528  -59.927  35.401 0.0000000000
21337  26.660  -60.061  33.739 0.0000000000
21338  25.847  -63.374  30.119 0.0000000000
21339  25.210  -62.144  31.183 0.0000000000
21340  26.466  -62.611  29.649 0.0000000000
21342  28.216  -61.631  29.157 0.0000000000
21344  29.144  -61.090  30.793 0.0000000000
21345  30.251  -61.990  29.521 0.0000000000
23283  18.890  -78.541  41.163 0.0000000000
23284  19.291  -79.291  42.014 0.0000000000
24134  25.546  -75.414  33.417 0.0000000000
24135  26.006  -73.022  33.928 0.0000000000
24136  25.791  -74.146  32.385 0.0000000000
24137  26.176  -72.714  31.496 0.0000000000
24138  26.497  -71.262  30.584 0.0000000000
24139  26.724  -69.632  29.763 0.0000000000
24140  25.939  -72.077  29.070 0.0000000000
25213  20.101  -74.189  44.134 0.0000000000
25215  22.989  -79.331  42.008 0.0000000000
27766  21.987  -66.148  36.893 0.0000000000
27767  21.243  -66.085  38.726 0.0000000000
27768  21.374  -65.008  38.047 0.0000000000
27775  22.969  -60.331  39.097 0.0000000000
27776  22.724  -60.612  37.543 0.0000000000
27777  23.542  -60.374  35.622 0.0000000000
27778  24.560  -60.367  33.896 0.0000000000
27780  27.572  -63.305  28.135 0.0000000000
27781  28.285  -64.213  26.698 0.0000000000
29369  18.546  -77.187  43.637 0.0000000000
29370  19.743  -78.111  43.786 0.0000000000
29371  20.943  -79.237  43.220 0.0000000000
29372  19.932  -79.894  42.539 0.0000000000
29373  20.691  -80.249  42.550 0.0000000000
29374  21.546  -80.559  42.172 0.0000000000
31352  23.316  -71.584  39.271 0.0000000000
31353  22.004  -70.296  39.723 0.0000000000
31354  23.176  -70.606  38.415 0.0000000000
31355  23.053  -69.664  37.534 0.0000000000
31356  22.918  -68.647  36.695 0.0000000000
31357  25.139  -71.010  34.538 0.0000000000
31358  24.003  -69.196  35.197 0.0000000000
31359  22.847  -67.534  35.906 0.0000000000
31360  22.852  -66.392  35.214 0.0000000000
31361  23.003  -65.198  34.603 0.0000000000
31362  23.221  -63.997  33.916 0.0000000000
31363  23.527  -62.845  33.345 0.0000000000
31364  24.279  -64.129  32.314 0.0000000000
31365  25.444  -64.377  30.695 0.0000000000
31366  26.534  -64.946  29.202 0.0000000000
31367  26.828  -68.108  29.002 0.0000000000
31368  26.923  -66.776  28.340 0.0000000000
31369  27.156  -65.712  27.651 0.0000000000
33708  21.002  -71.313  42.909 0.0000000000
33709  22.215  -71.833  41.595 0.0000000000
33711  20.682  -75.612  44.065 0.0000000000
33712  21.669  -74.918  43.691 0.0000000000
33713  23.241  -77.849  42.458 0.0000000000
33714  23.092  -76.069  42.811 0.0000000000
33715  22.511  -74.356  43.099 0.0000000000
33716  23.124  -73.763  42.210 0.0000000000
33717  23.304  -73.138  41.226 0.0000000000
33718  23.333  -72.400  40.249 0.0000000000
33719  24.329  -73.287  38.923 0.0000000000
33720  25.183  -74.331  37.448 0.0000000000
33721  25.645  -75.317  35.943 0.0000000000
33724  25.336  -76.489  34.449 0.0000000000
35282  18.533  -68.229  34.126 0.0000000000
38891  20.996  -69.039  40.571 0.0000000000
38892  20.349  -67.947  41.650 0.0000000000
38912  23.883  -60.008  38.824 0.0000000000
38917  28.770  -60.876  34.126 0.0000000000
38918  24.059  -61.913  32.788 0.0000000000
38919  24.726  -61.071  32.518 0.0000000000
38920  25.719  -60.541  32.230 0.0000000000
38921  27.308  -61.987  29.278 0.0000000000
38922  27.012  -60.983  30.634 0.0000000000
38923  26.792  -60.345  32.135 0.0000000000
38924  27.880  -60.422  32.159 0.0000000000
38925  28.912  -60.854  32.494 0.0000000000
38926  29.863  -61.533  32.833 0.0000000000
43583  21.605  -70.869  41.308 0.0000000000
43584  21.111  -70.250  41.677 0.0000000000
43585  21.497  -70.464  40.911 0.0000000000
43586  22.403  -63.430  35.298 0.0000000000
43587  21.994  -63.475  36.185 0.0000000000
43588  22.126  -62.898  35.927 0.0000000000
43589  21.933  -62.458  36.608 0.0000000000
43590  22.319  -62.379  35.677 0.0000000000
43591  22.554  -61.903  35.451 0.0000000000
43592  22.743  -62.323  34.789 0.0000000000
44565  18.206  -77.920  42.216 0.0000000000
44566  18.479  -78.196  42.705 0.0000000000
44567  18.697  -78.439  42.407 0.0000000000
45983  25.651  -73.790  35.639 0.0000000000
45984  25.268  -72.822  35.900 0.0000000000
45985  25.680  -73.216  35.146 0.0000000000
45986  26.115  -69.604  31.710 0.0000000000
45987  25.570  -69.269  32.483 0.0000000000
45988  25.559  -68.558  32.070 0.0000000000
45989  25.012  -67.601  32.445 0.0000000000
45990  25.577  -67.847  31.632 0.0000000000
45991  25.640  -67.125  31.287 0.0000000000
45992  26.146  -68.142  30.878 0.0000000000
45994  26.443  -70.429  26.341 0.0000000000
47778  20.171  -73.316  44.024 0.0000000000
47780  20.553  -73.061  43.876 0.0000000000
47781  20.875  -72.780  43.648 0.0000000000
47782  21.333  -73.354  43.564 0.0000000000
47783  21.633  -78.759  43.234 0.0000000000
47784  21.737  -78.181  43.376 0.0000000000
47785  22.196  -78.749  42.950 0.0000000000
47786  24.461  -78.405  39.662 0.0000000000
47787  24.359  -77.682  40.457 0.0000000000
47788  24.551  -77.407  39.957 0.0000000000
47789  24.581  -76.371  40.196 0.0000000000
47790  24.719  -77.055  39.359 0.0000000000
47791  24.909  -76.653  38.813 0.0000000000
47792  24.822  -77.693  38.582 0.0000000000
52036  21.890  -67.754  37.915 0.0000000000
52037  21.431  -67.657  38.766 0.0000000000
52038  21.531  -67.137  38.405 0.0000000000
52053  25.038  -59.967  34.566 0.0000000000
52054  25.051  -59.849  35.354 0.0000000000
52055  25.561  -59.906  34.519 0.0000000000
52056  26.095  -59.894  34.496 0.0000000000
52057  26.112  -60.031  33.719 0.0000000000
52058  26.452  -63.669  29.336 0.0000000000
52059  26.129  -62.961  29.848 0.0000000000
52060  26.745  -63.280  29.094 0.0000000000
52062  29.250  -62.054  28.523 0.0000000000
52063  29.762  -62.149  28.600 0.0000000000
52065  30.239  -62.314  28.720 0.0000000000
52066  30.679  -62.499  28.988 0.0000000000
55583  25.114  -76.024  32.635 0.0000000000
55584  25.641  -74.809  32.877 0.0000000000
55586  25.214  -74.430  30.343 0.0000000000
55587  25.632  -73.947  31.154 0.0000000000
55588  25.833  -73.205  30.688 0.0000000000
55589  26.324  -71.995  31.033 0.0000000000
55590  26.047  -72.454  30.240 0.0000000000
55591  26.269  -71.690  29.827 0.0000000000
55592  25.697  -72.863  29.503 0.0000000000
61636  22.015  -65.624  36.557 0.0000000000
61637  21.662  -65.533  37.451 0.0000000000
61638  21.710  -65.024  37.129 0.0000000000
61639  21.293  -63.592  38.207 0.0000000000
61640  21.172  -64.067  38.470 0.0000000000
61652  22.343  -60.935  37.682 0.0000000000
61653  23.214  -61.008  35.005 0.0000000000
61654  23.128  -60.711  35.784 0.0000000000
61655  23.589  -60.659  34.854 0.0000000000
61656  24.021  -60.342  34.753 0.0000000000
61657  24.099  -60.664  34.005 0.0000000000
64575  17.636  -76.684  43.011 0.0000000000
64576  18.040  -76.758  43.369 0.0000000000
64578  19.262  -78.514  43.396 0.0000000000
64579  19.142  -78.072  43.641 0.0000000000
64580  19.820  -78.599  43.566 0.0000000000
64581  20.349  -78.642  43.618 0.0000000000
64582  20.385  -79.146  43.347 0.0000000000
64584  19.574  -79.634  42.330 0.0000000000
64587  20.521  -80.733  42.138 0.0000000000
64588  20.904  -80.939  42.055 0.0000000000
64589  21.136  -80.406  42.391 0.0000000000
68828  23.823  -71.967  38.625 0.0000000000
68829  23.232  -71.095  38.842 0.0000000000
68830  23.768  -71.476  38.178 0.0000000000
68831  24.197  -70.933  36.515 0.0000000000
68832  23.662  -70.517  37.280 0.0000000000
68833  23.616  -70.002  36.809 0.0000000000
68834  22.959  -69.136  37.112 0.0000000000
68835  23.516  -69.434  36.376 0.0000000000
68836  26.029  -72.394  33.452 0.0000000000
68837  25.681  -71.958  34.232 0.0000000000
68838  25.632  -71.357  33.753 0.0000000000
68839  24.493  -68.811  34.047 0.0000000000
68840  24.544  -69.508  34.418 0.0000000000
68841  23.957  -68.579  34.793 0.0000000000
68842  23.421  -68.341  35.548 0.0000000000
68843  23.365  -67.699  35.167 0.0000000000
68844  22.819  -66.957  35.563 0.0000000000
68845  23.371  -67.108  34.773 0.0000000000
68846  24.020  -65.942  33.352 0.0000000000
68847  23.464  -65.878  34.133 0.0000000000
68848  23.544  -65.239  33.810 0.0000000000
68849  23.104  -64.603  34.262 0.0000000000
68850  23.619  -64.620  33.481 0.0000000000
68851  23.745  -64.038  33.105 0.0000000000
68852  24.155  -64.713  32.693 0.0000000000
68853  25.778  -65.836  30.641 0.0000000000
68854  25.333  -65.000  31.058 0.0000000000
68855  25.884  -65.198  30.289 0.0000000000
68856  26.018  -64.620  29.942 0.0000000000
68857  26.387  -65.469  29.545 0.0000000000
68858  26.590  -70.069  29.004 0.0000000000
68859  26.770  -68.847  29.382 0.0000000000
68860  26.726  -69.247  28.643 0.0000000000
68861  26.834  -68.210  27.159 0.0000000000
68862  26.872  -67.803  27.913 0.0000000000
68863  26.975  -67.158  27.571 0.0000000000
68864  27.002  -66.196  27.999 0.0000000000
68865  27.073  -66.598  27.236 0.0000000000
74223  21.379  -72.170  42.987 0.0000000000
74224  20.874  -71.628  43.154 0.0000000000
74225  21.524  -71.808  42.683 0.0000000000
74226  21.620  -71.521  42.274 0.0000000000
74227  22.156  -72.115  42.069 0.0000000000
74230  19.694  -76.675  44.029 0.0000000000
74231  21.636  -76.781  43.690 0.0000000000
74232  20.892  -76.289  43.986 0.0000000000
74233  21.480  -76.014  43.770 0.0000000000
74234  21.197  -75.257  43.908 0.0000000000
74235  21.918  -75.734  43.549 0.0000000000
74236  23.387  -79.267  41.571 0.0000000000
74237  23.140  -78.620  42.260 0.0000000000
74238  23.567  -78.530  41.792 0.0000000000
74239  23.898  -76.375  41.881 0.0000000000
74240  23.609  -76.683  42.295 0.0000000000
74241  23.485  -75.784  42.425 0.0000000000
74242  22.858  -75.207  42.935 0.0000000000
74243  23.228  -74.896  42.557 0.0000000000
74244  22.914  -74.083  42.652 0.0000000000
74245  23.506  -74.585  42.136 0.0000000000
74246  24.217  -74.432  40.446 0.0000000000
74247  23.758  -73.943  41.082 0.0000000000
74248  23.838  -73.576  40.596 0.0000000000
74249  23.339  -72.711  40.777 0.0000000000
74250  23.855  -73.168  40.123 0.0000000000
74251  23.855  -72.773  39.612 0.0000000000
74252  24.281  -73.622  39.463 0.0000000000
74253  25.180  -75.800  37.740 0.0000000000
74254  25.070  -74.808  37.963 0.0000000000
74255  25.344  -75.342  37.199 0.0000000000
74256  25.504  -74.809  36.699 0.0000000000
74257  25.502  -75.856  36.472 0.0000000000
74259  24.753  -78.949  37.154 0.0000000000
74264  25.205  -77.000  35.009 0.0000000000
86986  21.943  -69.833  39.331 0.0000000000
86987  21.428  -69.661  40.089 0.0000000000
86988  21.401  -69.163  39.715 0.0000000000
86989  20.748  -67.576  40.482 0.0000000000
86990  20.686  -68.008  40.783 0.0000000000
86991  20.407  -67.517  41.364 0.0000000000
86994  20.997  -65.614  39.309 0.0000000000
86995  20.927  -66.121  39.621 0.0000000000
87038  23.241  -60.200  38.172 0.0000000000
87039  23.433  -60.142  38.956 0.0000000000
87040  23.703  -60.017  38.052 0.0000000000
87052  28.275  -60.578  33.981 0.0000000000
87053  24.075  -62.959  32.508 0.0000000000
87054  23.757  -62.376  33.073 0.0000000000
87055  24.337  -62.492  32.163 0.0000000000
87056  25.559  -61.746  30.990 0.0000000000
87057  24.928  -61.578  31.820 0.0000000000
87058  25.368  -61.252  31.599 0.0000000000
87059  25.206  -60.791  32.280 0.0000000000
87060  25.853  -60.980  31.454 0.0000000000
87061  27.935  -63.035  27.985 0.0000000000
87062  27.441  -62.647  28.688 0.0000000000
87063  27.853  -62.355  28.568 0.0000000000
87064  28.114  -61.188  29.863 0.0000000000
87065  27.640  -61.228  29.904 0.0000000000
87066  27.541  -60.871  30.596 0.0000000000
87067  26.920  -60.621  31.334 0.0000000000
87068  27.430  -60.546  31.365 0.0000000000
87069  27.329  -60.342  32.139 0.0000000000
87070  28.004  -60.601  31.348 0.0000000000
87071  29.640  -61.330  30.963 0.0000000000
87072  29.026  -60.932  31.633 0.0000000000
87073  29.517  -61.202  31.807 0.0000000000
87074  29.411  -61.180  32.655 0.0000000000
87075  29.960  -61.549  32.006 0.0000000000
87076  30.377  -61.944  32.267 0.0000000000
87077  30.469  -61.995  31.425 0.0000000000
93259  25.158  -74.054  29.094 0.0000000000
96883  20.598  -70.074  42.423 0.0000000000
96884  20.607  -69.671  42.089 0.0000000000
96885  20.597  -69.314  41.712 0.0000000000
96886  22.169  -64.520  35.941 0.0000000000
96887  21.774  -64.502  36.829 0.0000000000
96888  21.861  -63.959  36.515 0.0000000000
96889  21.624  -63.525  37.161 0.0000000000
96892  21.573  -62.591  37.631 0.0000000000
96893  21.774  -62.116  37.381 0.0000000000
96894  22.042  -61.653  37.091 0.0000000000
96895  22.352  -61.215  36.875 0.0000000000
96896  22.427  -61.519  36.102 0.0000000000
96897  22.854  -61.440  35.212 0.0000000000
96898  23.338  -61.392  34.328 0.0000000000
98652  18.798  -78.382  43.108 0.0000000000
98653  19.392  -78.905  43.151 0.0000000000
101201  24.750  -73.009  37.205 0.0000000000
101202  24.253  -71.968  37.474 0.0000000000
101203  24.716  -72.429  36.744 0.0000000000
101204  24.701  -71.866  36.238 0.0000000000
101205  24.684  -71.321  35.742 0.0000000000
101206  26.118  -71.038  32.549 0.0000000000
101207  25.645  -70.683  33.295 0.0000000000
101208  25.602  -69.987  32.880 0.0000000000
101209  24.991  -69.016  33.264 0.0000000000
101210  24.463  -68.093  33.663 0.0000000000
101211  23.928  -67.281  33.999 0.0000000000
101212  24.477  -67.396  33.278 0.0000000000
101213  24.514  -66.703  32.922 0.0000000000
101214  24.570  -66.031  32.558 0.0000000000
101215  24.618  -65.446  32.247 0.0000000000
101216  25.123  -66.197  31.762 0.0000000000
101217  25.687  -66.484  30.977 0.0000000000
101218  26.230  -66.772  30.188 0.0000000000
101219  26.222  -70.847  27.495 0.0000000000
101220  26.589  -69.630  27.906 0.0000000000
101221  26.466  -70.060  27.125 0.0000000000
101222  26.679  -69.312  26.761 0.0000000000
101223  26.872  -68.613  26.394 0.0000000000
101224  27.055  -68.008  26.038 0.0000000000
104438  20.353  -72.269  43.692 0.0000000000
104439  21.112  -72.477  43.349 0.0000000000
104440  21.894  -72.747  42.857 0.0000000000
104441  20.432  -77.658  43.877 0.0000000000
104442  20.374  -77.144  43.981 0.0000000000
104443  21.092  -77.611  43.747 0.0000000000
104444  21.697  -77.535  43.583 0.0000000000
104445  22.253  -77.410  43.326 0.0000000000
104446  24.050  -78.937  40.678 0.0000000000
104447  23.885  -78.320  41.383 0.0000000000
104448  24.141  -78.003  40.937 0.0000000000
104449  24.189  -77.048  41.236 0.0000000000
104450  24.137  -76.002  41.405 0.0000000000
104451  23.948  -75.089  41.529 0.0000000000
104452  24.337  -75.615  40.897 0.0000000000
104453  24.491  -75.325  40.345 0.0000000000
104454  24.580  -74.964  39.767 0.0000000000
104455  24.630  -74.596  39.251 0.0000000000
104456  24.870  -75.609  39.046 0.0000000000
104457  25.043  -76.240  38.280 0.0000000000
104458  25.148  -76.832  37.543 0.0000000000
106701  18.465  -72.103  35.577 0.0000000000
106702  18.644  -72.143  35.051 0.0000000000
106707  18.651  -69.826  34.420 0.0000000000
112096  21.885  -68.856  38.563 0.0000000000
112097  21.390  -68.682  39.326 0.0000000000
112098  21.395  -68.211  38.989 0.0000000000
112099  21.086  -67.588  39.558 0.0000000000
112100  20.829  -67.104  40.135 0.0000000000
112127  24.042  -60.007  36.314 0.0000000000
112128  24.095  -59.920  37.128 0.0000000000
112134  26.664  -60.000  34.566 0.0000000000
112135  27.222  -60.156  33.777 0.0000000000
112136  25.235  -63.218  30.859 0.0000000000
112137  24.920  -62.606  31.373 0.0000000000
112138  25.515  -62.724  30.609 0.0000000000
112139  25.844  -62.325  30.402 0.0000000000
112140  26.269  -61.997  30.152 0.0000000000
112142  28.309  -62.196  28.456 0.0000000000
112143  28.754  -62.060  28.478 0.0000000000
112145  28.671  -61.223  29.894 0.0000000000
112146  28.645  -60.925  30.618 0.0000000000
112147  29.227  -61.329  30.000 0.0000000000
112148  29.733  -61.510  30.150 0.0000000000
112151  30.667  -62.277  29.750 0.0000000000
115767  18.657  -78.387  41.554 0.0000000000
115768  18.882  -78.725  42.073 0.0000000000
117752  25.873  -74.804  34.170 0.0000000000
117753  25.939  -73.661  34.418 0.0000000000
117754  25.993  -74.203  33.647 0.0000000000
117755  26.100  -73.561  33.135 0.0000000000
117756  26.224  -72.934  32.697 0.0000000000
117757  25.409  -74.693  31.580 0.0000000000
117758  25.980  -73.450  31.937 0.0000000000
117759  26.403  -72.228  32.262 0.0000000000
117760  26.494  -71.498  31.847 0.0000000000
117761  26.573  -70.754  31.392 0.0000000000
117762  26.636  -69.984  30.931 0.0000000000
117763  26.666  -69.211  30.525 0.0000000000
117764  26.652  -70.446  30.154 0.0000000000
117765  26.472  -70.878  29.395 0.0000000000
117766  26.177  -71.295  28.644 0.0000000000
117768  25.668  -72.455  28.298 0.0000000000
117769  25.947  -71.655  27.881 0.0000000000
117770  25.847  -72.041  27.082 0.0000000000
120271  20.524  -73.889  43.973 0.0000000000
120272  22.316  -79.993  42.125 0.0000000000
120273  22.571  -79.377  42.390 0.0000000000
120274  22.765  -79.993  41.758 0.0000000000
120275  23.165  -79.993  41.341 0.0000000000
120276  23.579  -79.871  40.913 0.0000000000
120279  23.837  -79.792  40.442 0.0000000000
120280  24.118  -79.628  39.934 0.0000000000
120281  24.361  -79.402  39.409 0.0000000000
120282  24.553  -79.113  38.874 0.0000000000
120283  24.719  -78.745  38.357 0.0000000000
122025  18.488  -74.552  37.166 0.0000000000
126226  21.927  -66.685  37.222 0.0000000000
126227  21.547  -66.608  38.093 0.0000000000
126228  21.604  -66.056  37.792 0.0000000000
126229  21.316  -65.533  38.381 0.0000000000
126230  21.046  -65.088  39.015 0.0000000000
126231  21.422  -64.479  37.793 0.0000000000
126232  21.093  -64.567  38.741 0.0000000000
126249  22.825  -60.475  38.306 0.0000000000
126250  23.137  -60.348  37.397 0.0000000000
126251  22.714  -60.806  36.745 0.0000000000
126252  23.081  -60.490  36.593 0.0000000000
126253  23.547  -60.219  36.442 0.0000000000
126254  24.026  -60.093  35.483 0.0000000000
126255  24.516  -60.107  34.651 0.0000000000
126256  25.067  -60.156  33.790 0.0000000000
126257  27.400  -64.470  27.847 0.0000000000
126258  27.275  -63.630  28.334 0.0000000000
126259  27.680  -64.043  27.631 0.0000000000
126260  28.003  -63.713  27.408 0.0000000000
126261  28.370  -63.498  27.258 0.0000000000
126263  28.674  -63.981  26.592 0.0000000000
130180  18.192  -75.932  43.522 0.0000000000
130181  18.158  -76.343  43.407 0.0000000000
130183  19.108  -77.193  43.862 0.0000000000
130184  18.586  -77.617  43.531 0.0000000000
130185  19.082  -77.627  43.814 0.0000000000
130186  19.710  -77.680  43.988 0.0000000000
130187  20.374  -78.133  43.783 0.0000000000
130188  21.014  -78.699  43.452 0.0000000000
130189  21.521  -79.326  43.005 0.0000000000
130190  19.160  -79.024  42.531 0.0000000000
130191  19.508  -79.263  42.826 0.0000000000
130192  19.908  -79.448  43.020 0.0000000000
130194  20.242  -80.040  42.639 0.0000000000
130195  20.377  -79.597  43.072 0.0000000000
130196  20.895  -79.732  42.957 0.0000000000
130197  21.344  -79.871  42.749 0.0000000000
130198  21.829  -79.972  42.451 0.0000000000
130199  21.930  -80.690  41.909 0.0000000000
135566  22.749  -71.388  39.880 0.0000000000
135567  22.071  -70.724  40.143 0.0000000000
135568  22.632  -70.937  39.476 0.0000000000
135569  22.568  -70.465  39.048 0.0000000000
135570  22.496  -70.004  38.632 0.0000000000
135571  23.709  -71.004  37.739 0.0000000000
135572  23.116  -70.172  37.972 0.0000000000
135573  22.454  -69.512  38.248 0.0000000000
135574  22.433  -68.979  37.866 0.0000000000
135575  22.354  -68.414  37.471 0.0000000000
135576  22.360  -67.901  37.088 0.0000000000
135577  25.684  -72.603  34.684 0.0000000000
135578  25.193  -71.621  34.993 0.0000000000
135579  24.640  -70.731  35.324 0.0000000000
135580  25.101  -70.393  34.072 0.0000000000
135581  24.569  -70.099  34.832 0.0000000000
135582  24.058  -69.771  35.626 0.0000000000
135583  23.470  -68.914  35.958 0.0000000000
135584  22.892  -68.123  36.288 0.0000000000
135585  22.330  -67.358  36.739 0.0000000000
135586  22.354  -66.822  36.379 0.0000000000
135587  22.386  -66.278  36.029 0.0000000000
135588  22.440  -65.720  35.700 0.0000000000
135589  23.408  -66.521  34.430 0.0000000000
135590  22.916  -65.799  34.912 0.0000000000
135591  22.533  -65.151  35.382 0.0000000000
135592  22.592  -64.538  35.127 0.0000000000
135593  22.714  -63.995  34.751 0.0000000000
135594  22.859  -63.399  34.454 0.0000000000
135595  23.028  -62.835  34.174 0.0000000000
135596  23.355  -63.415  33.618 0.0000000000
135597  23.886  -63.476  32.807 0.0000000000
135598  24.408  -63.569  32.027 0.0000000000
135599  24.715  -64.850  31.903 0.0000000000
135600  24.832  -64.250  31.546 0.0000000000
135601  24.994  -63.693  31.191 0.0000000000
135602  25.621  -63.843  30.406 0.0000000000
135603  26.200  -64.123  29.646 0.0000000000
135604  26.738  -64.479  28.872 0.0000000000
135605  26.698  -68.437  30.138 0.0000000000
135606  26.681  -67.708  29.733 0.0000000000
135607  26.718  -67.053  29.398 0.0000000000
135608  26.803  -68.500  28.276 0.0000000000
135609  26.848  -67.437  28.658 0.0000000000
135610  26.765  -66.429  29.114 0.0000000000
135611  26.815  -65.822  28.822 0.0000000000
135612  26.949  -65.306  28.426 0.0000000000
135613  27.157  -64.926  28.080 0.0000000000
135614  27.404  -65.296  27.326 0.0000000000
142238  20.088  -71.521  43.526 0.0000000000
142241  21.095  -71.021  42.490 0.0000000000
142242  21.654  -71.227  41.790 0.0000000000
142243  22.145  -71.469  41.071 0.0000000000
142247  20.288  -76.523  44.078 0.0000000000
142250  20.372  -74.869  44.089 0.0000000000
142251  20.875  -74.552  43.974 0.0000000000
142252  21.318  -74.261  43.718 0.0000000000
142253  22.695  -78.697  42.616 0.0000000000
142254  22.753  -77.984  42.839 0.0000000000
142255  22.719  -77.193  42.925 0.0000000000
142256  23.647  -77.668  42.049 0.0000000000
142257  23.226  -76.925  42.654 0.0000000000
142258  22.609  -76.333  43.107 0.0000000000
142259  22.426  -75.500  43.273 0.0000000000
142260  22.133  -74.685  43.402 0.0000000000
142261  21.728  -73.979  43.458 0.0000000000
142262  22.121  -73.695  43.133 0.0000000000
142263  22.459  -73.394  42.716 0.0000000000
142264  22.612  -73.049  42.330 0.0000000000
142265  23.647  -74.257  41.628 0.0000000000
142266  23.233  -73.456  41.732 0.0000000000
142267  22.703  -72.784  41.865 0.0000000000
142268  22.754  -72.457  41.400 0.0000000000
142269  22.735  -72.096  40.902 0.0000000000
142270  22.711  -71.742  40.375 0.0000000000
142271  23.356  -72.018  39.732 0.0000000000
142272  23.877  -72.428  39.071 0.0000000000
142273  24.327  -72.898  38.413 0.0000000000
142274  24.689  -74.224  38.742 0.0000000000
142275  24.766  -73.842  38.209 0.0000000000
142276  24.761  -73.463  37.693 0.0000000000
142277  25.249  -73.857  36.925 0.0000000000
142278  25.583  -74.301  36.151 0.0000000000
142279  25.765  -74.774  35.417 0.0000000000
142280  24.794  -78.329  37.916 0.0000000000
142281  24.949  -77.895  37.374 0.0000000000
142282  25.152  -77.393  36.845 0.0000000000
142284  25.042  -78.077  36.101 0.0000000000
142285  25.342  -76.863  36.317 0.0000000000
142286  25.437  -76.416  35.737 0.0000000000
142287  25.597  -75.907  35.200 0.0000000000
142288  25.742  -75.360  34.678 0.0000000000
142289  25.464  -75.972  33.912 0.0000000000
146853  18.517  -68.969  34.504 0.0000000000
146856  18.728  -68.959  34.053 0.0000000000
147266  17.570  -75.520  43.066 0.0000000000
147267  17.525  -75.951  42.858 0.0000000000
147268  17.427  -76.323  42.772 0.0000000000
147275  18.129  -77.733  41.620 0.0000000000
147284  18.328  -77.939  41.294 0.0000000000
147285  18.549  -78.083  41.003 0.0000000000
157631  21.492  -70.100  40.433 0.0000000000
157632  21.024  -69.513  40.885 0.0000000000
157633  20.599  -68.941  41.370 0.0000000000
157634  20.994  -68.473  40.157 0.0000000000
157635  20.636  -68.478  41.063 0.0000000000
157640  21.196  -66.576  38.959 0.0000000000
157641  20.870  -66.575  39.905 0.0000000000
157697  24.207  -59.927  37.951 0.0000000000
157711  29.210  -61.189  34.299 0.0000000000
157712  23.248  -62.300  33.914 0.0000000000
157713  23.530  -61.822  33.670 0.0000000000
157714  23.832  -61.413  33.440 0.0000000000
157715  24.621  -62.018  31.950 0.0000000000
157716  24.372  -61.464  32.620 0.0000000000
157717  24.203  -61.023  33.305 0.0000000000
157718  24.648  -60.712  33.159 0.0000000000
157719  25.134  -60.453  33.036 0.0000000000
157720  25.637  -60.268  32.958 0.0000000000
157721  27.076  -62.949  28.871 0.0000000000
157722  26.887  -62.322  29.391 0.0000000000
157723  26.704  -61.697  29.983 0.0000000000
157724  27.756  -61.764  29.193 0.0000000000
157725  27.114  -61.417  29.954 0.0000000000
157726  26.490  -61.178  30.691 0.0000000000
157727  26.359  -60.740  31.424 0.0000000000
157728  26.251  -60.411  32.168 0.0000000000
157729  26.157  -60.188  32.919 0.0000000000
157730  26.694  -60.175  32.952 0.0000000000
157731  27.250  -60.227  32.947 0.0000000000
157732  27.803  -60.371  33.027 0.0000000000
157733  28.528  -60.731  31.451 0.0000000000
157734  28.384  -60.586  32.326 0.0000000000
157735  28.339  -60.594  33.147 0.0000000000
157736  28.854  -60.872  33.290 0.0000000000
157737  29.338  -61.172  33.484 0.0000000000
157739  30.249  -61.896  33.079 0.0000000000
157740  30.716  -62.388  32.545 0.0000000000
