#!ascii label  , from subject fsaverage vox2ras=TkReg
968
140  44.013  -77.009  18.842 0.0000000000
303  39.441  -71.220  29.087 0.0000000000
304  38.359  -81.798  26.544 0.0000000000
306  33.470  -75.471  18.336 0.0000000000
784  35.541  -77.152  27.846 0.0000000000
785  36.092  -79.196  22.956 0.0000000000
786  34.610  -73.097  23.238 0.0000000000
1270  42.357  -74.558  23.886 0.0000000000
1272  41.528  -72.038  20.270 0.0000000000
1273  40.469  -69.728  16.504 0.0000000000
1277  32.842  -83.243  14.007 0.0000000000
1699  40.074  -76.957  27.847 0.0000000000
1700  41.411  -78.790  22.505 0.0000000000
1703  35.155  -80.905  18.132 0.0000000000
1704  30.817  -78.694  14.548 0.0000000000
2337  28.336  -75.741  15.878 0.0000000000
2705  35.370  -75.016  25.482 0.0000000000
3190  43.360  -75.691  22.132 0.0000000000
3191  42.036  -73.173  22.357 0.0000000000
3192  43.507  -74.614  19.692 0.0000000000
3193  43.134  -73.300  17.824 0.0000000000
3196  42.515  -77.357  16.122 0.0000000000
3198  31.316  -85.300  13.621 0.0000000000
3790  37.319  -80.171  29.371 0.0000000000
3791  37.842  -78.098  29.989 0.0000000000
3792  39.680  -79.700  27.580 0.0000000000
3793  41.395  -78.082  25.643 0.0000000000
3794  39.859  -80.394  24.437 0.0000000000
3797  35.079  -76.962  20.623 0.0000000000
3798  35.462  -80.149  20.811 0.0000000000
3799  34.360  -78.148  18.375 0.0000000000
3800  33.419  -79.272  15.957 0.0000000000
3801  32.398  -76.923  16.304 0.0000000000
5260  42.458  -70.642  14.230 0.0000000000
6019  35.465  -78.667  30.343 0.0000000000
6020  36.610  -80.212  27.489 0.0000000000
6021  36.981  -81.131  25.039 0.0000000000
6022  36.212  -78.024  25.238 0.0000000000
6023  35.310  -75.982  22.853 0.0000000000
6024  34.099  -74.210  20.558 0.0000000000
6894  40.821  -72.962  26.243 0.0000000000
6896  41.012  -71.778  24.365 0.0000000000
6900  40.930  -70.820  18.465 0.0000000000
6901  42.533  -72.063  16.010 0.0000000000
6907  35.110  -84.089  15.089 0.0000000000
7805  39.596  -74.261  28.091 0.0000000000
7806  41.847  -75.700  25.934 0.0000000000
7808  42.887  -78.043  20.969 0.0000000000
7809  42.110  -78.635  18.444 0.0000000000
7813  36.604  -81.997  22.654 0.0000000000
7814  36.404  -82.647  20.272 0.0000000000
7815  35.906  -83.164  17.298 0.0000000000
7816  34.328  -81.687  15.360 0.0000000000
7817  31.768  -80.838  13.973 0.0000000000
9568  32.573  -73.235  18.298 0.0000000000
9570  30.248  -73.285  17.153 0.0000000000
9571  31.164  -75.056  16.343 0.0000000000
9572  29.476  -77.074  14.840 0.0000000000
10871  43.525  -75.156  20.882 0.0000000000
10872  44.064  -75.796  19.357 0.0000000000
10873  44.131  -75.140  18.314 0.0000000000
10874  44.199  -76.468  17.608 0.0000000000
10876  43.449  -77.419  17.305 0.0000000000
11470  37.961  -81.151  28.058 0.0000000000
11471  38.516  -80.172  28.619 0.0000000000
11472  39.091  -80.902  27.158 0.0000000000
11473  39.913  -80.118  26.239 0.0000000000
11474  39.185  -81.341  25.583 0.0000000000
11476  38.372  -81.943  25.123 0.0000000000
11477  34.280  -76.176  19.377 0.0000000000
11478  34.640  -77.590  19.492 0.0000000000
11479  33.800  -76.850  18.322 0.0000000000
11480  33.440  -77.460  17.254 0.0000000000
11481  32.894  -76.240  17.262 0.0000000000
12940  43.646  -70.957  13.500 0.0000000000
12942  43.704  -70.209  12.874 0.0000000000
13872  35.478  -77.973  29.189 0.0000000000
13873  36.037  -79.356  28.936 0.0000000000
13874  36.019  -78.729  27.621 0.0000000000
13875  36.440  -79.184  26.468 0.0000000000
13876  35.914  -77.619  26.390 0.0000000000
13877  35.046  -73.999  24.303 0.0000000000
13878  35.355  -75.536  24.061 0.0000000000
13879  34.845  -74.520  22.970 0.0000000000
13880  34.694  -75.052  21.747 0.0000000000
13881  34.327  -73.609  21.887 0.0000000000
15330  41.801  -73.737  24.936 0.0000000000
15331  41.121  -72.282  25.275 0.0000000000
15332  41.716  -73.231  24.013 0.0000000000
15333  41.755  -72.591  21.263 0.0000000000
15334  41.208  -72.017  22.341 0.0000000000
15335  40.884  -71.403  21.441 0.0000000000
15337  40.667  -70.751  20.584 0.0000000000
15338  40.376  -70.139  19.697 0.0000000000
15339  41.252  -71.422  19.369 0.0000000000
15340  43.965  -73.855  16.535 0.0000000000
15341  42.800  -72.656  16.922 0.0000000000
15342  43.758  -73.208  15.740 0.0000000000
15343  43.662  -72.509  14.934 0.0000000000
15352  34.036  -83.707  14.544 0.0000000000
15354  33.328  -84.537  13.990 0.0000000000
15355  31.145  -86.586  13.768 0.0000000000
15356  32.051  -86.318  13.376 0.0000000000
17133  38.896  -77.639  28.819 0.0000000000
17134  37.930  -76.666  30.150 0.0000000000
17135  38.930  -76.220  28.938 0.0000000000
17136  38.809  -74.704  29.212 0.0000000000
17137  39.918  -75.663  27.866 0.0000000000
17138  40.735  -75.020  27.020 0.0000000000
17139  41.041  -76.314  26.975 0.0000000000
17140  41.421  -78.384  24.252 0.0000000000
17141  42.178  -77.387  24.852 0.0000000000
17144  42.286  -78.512  21.808 0.0000000000
17145  42.029  -78.895  20.476 0.0000000000
17146  41.252  -79.264  21.196 0.0000000000
17152  36.553  -80.256  23.965 0.0000000000
17153  36.838  -81.567  23.813 0.0000000000
17154  36.261  -80.828  22.910 0.0000000000
17155  35.330  -80.594  19.550 0.0000000000
17156  35.863  -81.630  20.626 0.0000000000
17157  35.714  -81.875  19.309 0.0000000000
17158  36.173  -82.821  18.913 0.0000000000
17159  35.580  -82.072  17.832 0.0000000000
17160  35.254  -82.377  16.281 0.0000000000
17161  34.933  -81.176  16.632 0.0000000000
17162  32.080  -78.881  15.121 0.0000000000
17163  32.599  -79.985  14.752 0.0000000000
17164  31.259  -79.748  14.210 0.0000000000
17165  30.204  -80.768  13.714 0.0000000000
17166  29.853  -79.771  14.016 0.0000000000
21358  32.988  -72.492  19.430 0.0000000000
21359  32.025  -72.204  18.586 0.0000000000
21363  27.970  -75.225  16.755 0.0000000000
21364  28.985  -73.814  17.322 0.0000000000
21365  29.350  -74.502  16.452 0.0000000000
21366  30.638  -74.169  16.623 0.0000000000
21367  29.796  -75.213  15.867 0.0000000000
21368  30.358  -75.974  15.475 0.0000000000
21369  28.866  -76.340  15.220 0.0000000000
21540  39.697  -69.070  17.873 0.0000000000
21578  41.250  -78.707  17.289 0.0000000000
23301  35.518  -76.071  26.643 0.0000000000
24175  42.268  -73.872  23.117 0.0000000000
24176  42.908  -74.445  22.184 0.0000000000
24177  42.636  -73.901  21.074 0.0000000000
24178  42.552  -73.365  19.980 0.0000000000
24179  42.291  -72.777  19.032 0.0000000000
24180  43.371  -73.976  18.738 0.0000000000
24181  44.064  -74.507  17.435 0.0000000000
24187  31.395  -82.969  13.644 0.0000000000
24188  31.945  -84.208  13.659 0.0000000000
24191  30.150  -86.858  14.074 0.0000000000
25254  36.538  -79.279  30.703 0.0000000000
25255  36.891  -78.398  31.310 0.0000000000
25256  37.636  -79.347  29.820 0.0000000000
25257  38.769  -78.987  28.834 0.0000000000
25258  39.945  -78.353  27.806 0.0000000000
25259  40.913  -77.576  26.877 0.0000000000
25260  40.533  -78.870  26.576 0.0000000000
25261  40.634  -79.176  25.110 0.0000000000
25262  40.524  -79.355  23.427 0.0000000000
25267  35.624  -77.987  21.854 0.0000000000
25268  35.748  -79.680  21.879 0.0000000000
25269  35.253  -78.546  20.770 0.0000000000
25270  35.010  -79.108  19.593 0.0000000000
25271  34.838  -79.544  18.295 0.0000000000
25272  34.448  -79.986  16.990 0.0000000000
25273  33.983  -78.693  17.194 0.0000000000
25274  32.880  -78.113  16.148 0.0000000000
25275  31.637  -77.713  15.375 0.0000000000
27796  26.885  -76.602  16.345 0.0000000000
27797  27.294  -77.083  15.429 0.0000000000
27900  41.436  -70.338  15.220 0.0000000000
27908  44.766  -69.654  11.031 0.0000000000
29406  36.293  -79.644  29.885 0.0000000000
29407  36.922  -80.554  28.574 0.0000000000
29408  37.397  -81.411  27.229 0.0000000000
29409  37.579  -81.767  25.892 0.0000000000
29410  36.935  -80.666  26.403 0.0000000000
29411  36.642  -79.610  25.278 0.0000000000
29412  36.313  -78.519  24.075 0.0000000000
29413  35.708  -76.536  25.247 0.0000000000
29414  35.882  -76.979  24.059 0.0000000000
29415  35.859  -77.394  22.884 0.0000000000
29416  35.240  -76.426  21.714 0.0000000000
29417  34.579  -75.530  20.471 0.0000000000
29418  33.900  -74.807  19.372 0.0000000000
31446  39.706  -72.120  27.505 0.0000000000
31448  40.227  -71.565  26.658 0.0000000000
31449  40.585  -70.981  25.727 0.0000000000
31451  41.547  -72.640  23.226 0.0000000000
31452  40.810  -71.216  23.612 0.0000000000
31458  39.545  -68.833  20.037 0.0000000000
31459  40.037  -69.571  18.806 0.0000000000
31460  40.627  -70.311  17.501 0.0000000000
31461  41.928  -72.072  18.158 0.0000000000
31462  41.602  -71.460  17.230 0.0000000000
31463  41.448  -70.949  16.194 0.0000000000
31464  42.470  -71.425  15.130 0.0000000000
31465  43.652  -71.745  14.230 0.0000000000
31477  36.029  -84.291  15.583 0.0000000000
31482  32.597  -85.386  13.612 0.0000000000
31483  33.023  -86.035  12.952 0.0000000000
33802  38.734  -73.264  29.717 0.0000000000
33803  39.283  -72.710  28.524 0.0000000000
33804  40.318  -73.612  27.205 0.0000000000
33805  41.525  -74.362  26.018 0.0000000000
33806  42.278  -75.165  24.865 0.0000000000
33807  41.820  -76.891  26.016 0.0000000000
33808  42.430  -76.326  25.000 0.0000000000
33812  43.641  -77.458  19.952 0.0000000000
33813  43.183  -77.880  18.540 0.0000000000
33814  42.685  -78.362  19.645 0.0000000000
33815  41.621  -79.332  19.283 0.0000000000
33823  37.584  -82.003  24.556 0.0000000000
33824  37.470  -82.290  23.299 0.0000000000
33826  35.962  -81.222  21.869 0.0000000000
33827  36.500  -82.343  21.492 0.0000000000
33830  36.757  -83.587  18.137 0.0000000000
33831  36.429  -83.967  16.780 0.0000000000
33832  35.518  -83.568  16.069 0.0000000000
33833  34.719  -82.973  15.226 0.0000000000
33834  33.603  -82.444  14.473 0.0000000000
33835  33.883  -80.405  15.628 0.0000000000
33836  33.175  -81.132  14.559 0.0000000000
33837  32.336  -82.015  13.880 0.0000000000
38941  34.061  -72.366  21.957 0.0000000000
38942  33.772  -72.984  20.500 0.0000000000
38943  33.457  -73.585  19.312 0.0000000000
38944  33.055  -74.301  18.250 0.0000000000
38950  30.998  -72.183  18.089 0.0000000000
38951  31.473  -73.147  17.525 0.0000000000
38952  31.947  -74.132  17.271 0.0000000000
38953  32.396  -75.201  17.206 0.0000000000
38954  31.714  -75.997  16.246 0.0000000000
38955  31.046  -76.805  15.361 0.0000000000
38956  30.121  -77.861  14.709 0.0000000000
38957  27.841  -77.675  14.783 0.0000000000
38958  28.505  -78.368  14.451 0.0000000000
38959  29.172  -79.062  14.266 0.0000000000
39208  42.421  -78.020  17.351 0.0000000000
39209  41.396  -77.851  16.318 0.0000000000
41590  44.131  -76.648  19.718 0.0000000000
41591  44.126  -76.073  19.973 0.0000000000
41592  44.168  -76.399  19.144 0.0000000000
41593  44.259  -76.104  18.535 0.0000000000
41594  44.143  -76.768  18.200 0.0000000000
41595  43.932  -76.988  17.372 0.0000000000
41596  43.774  -77.231  18.028 0.0000000000
42190  38.204  -81.538  27.276 0.0000000000
42191  38.559  -81.178  27.618 0.0000000000
42192  38.742  -81.442  26.865 0.0000000000
42193  39.235  -81.169  26.408 0.0000000000
42194  38.819  -81.689  26.137 0.0000000000
42196  38.384  -81.924  25.874 0.0000000000
42197  33.875  -75.837  18.840 0.0000000000
42198  34.046  -76.531  18.852 0.0000000000
42199  33.620  -76.168  18.322 0.0000000000
42200  33.379  -76.503  17.812 0.0000000000
42201  33.172  -75.852  17.806 0.0000000000
43661  43.695  -70.591  13.158 0.0000000000
43662  44.319  -70.849  12.942 0.0000000000
43663  44.273  -70.482  12.617 0.0000000000
44590  35.274  -76.849  28.578 0.0000000000
44591  35.263  -77.279  29.225 0.0000000000
44592  35.524  -77.579  28.518 0.0000000000
44593  35.764  -78.367  28.447 0.0000000000
44594  35.771  -77.920  27.733 0.0000000000
44595  35.968  -78.178  26.986 0.0000000000
44596  35.749  -77.388  27.119 0.0000000000
44597  34.836  -73.544  23.725 0.0000000000
44598  34.946  -74.271  23.620 0.0000000000
44599  34.715  -73.782  23.080 0.0000000000
44600  34.588  -73.995  22.428 0.0000000000
44601  34.480  -73.340  22.571 0.0000000000
46050  42.092  -74.206  24.363 0.0000000000
46051  41.761  -73.463  24.451 0.0000000000
46052  42.030  -73.946  23.923 0.0000000000
46053  41.623  -72.344  20.740 0.0000000000
46054  41.325  -71.993  21.316 0.0000000000
46055  41.181  -71.705  20.864 0.0000000000
46056  40.737  -71.085  21.001 0.0000000000
46057  41.098  -71.374  20.433 0.0000000000
46058  40.961  -71.058  19.944 0.0000000000
46059  41.381  -71.707  19.828 0.0000000000
46061  43.864  -73.530  16.126 0.0000000000
46072  33.452  -83.476  14.272 0.0000000000
46073  33.696  -84.094  14.272 0.0000000000
46074  33.048  -83.909  14.024 0.0000000000
47853  39.535  -77.307  28.315 0.0000000000
47854  38.922  -76.941  28.858 0.0000000000
47855  39.550  -76.649  28.335 0.0000000000
47856  39.475  -75.943  28.375 0.0000000000
47857  40.049  -76.312  27.870 0.0000000000
47858  40.459  -75.987  27.416 0.0000000000
47859  40.542  -76.611  27.427 0.0000000000
47860  41.427  -78.547  23.402 0.0000000000
47862  41.932  -78.374  23.000 0.0000000000
47863  42.410  -78.278  22.630 0.0000000000
47864  41.874  -78.674  22.142 0.0000000000
47865  41.777  -78.877  21.499 0.0000000000
47866  41.357  -79.039  21.826 0.0000000000
47872  36.347  -79.746  23.455 0.0000000000
47873  36.446  -80.561  23.404 0.0000000000
47874  36.168  -80.037  22.949 0.0000000000
47875  35.247  -80.769  18.875 0.0000000000
47876  35.471  -81.270  19.495 0.0000000000
47877  35.425  -81.390  18.756 0.0000000000
47878  35.650  -81.980  18.596 0.0000000000
47879  35.355  -81.494  17.996 0.0000000000
47880  35.265  -81.597  17.223 0.0000000000
47881  35.072  -81.025  17.413 0.0000000000
47882  31.425  -78.769  14.819 0.0000000000
47883  31.656  -79.336  14.610 0.0000000000
47884  30.997  -79.263  14.391 0.0000000000
47885  30.547  -79.703  14.043 0.0000000000
47886  30.327  -79.240  14.245 0.0000000000
52079  31.816  -71.662  18.795 0.0000000000
52083  28.083  -75.496  16.298 0.0000000000
52085  28.834  -75.108  16.136 0.0000000000
52086  29.550  -74.850  16.147 0.0000000000
52087  29.076  -75.422  15.824 0.0000000000
52088  29.341  -75.755  15.525 0.0000000000
52089  28.590  -76.003  15.510 0.0000000000
52260  40.076  -69.414  17.168 0.0000000000
52261  39.589  -68.792  17.375 0.0000000000
52262  39.957  -69.087  16.704 0.0000000000
54195  35.131  -75.015  27.467 0.0000000000
54200  34.859  -73.084  25.113 0.0000000000
55652  43.173  -75.094  22.184 0.0000000000
55653  43.592  -74.851  20.261 0.0000000000
55654  43.159  -74.548  20.968 0.0000000000
55655  43.067  -74.244  20.404 0.0000000000
55656  42.551  -73.621  20.499 0.0000000000
55657  43.029  -73.973  19.837 0.0000000000
55658  42.952  -73.685  19.343 0.0000000000
55659  43.429  -74.280  19.199 0.0000000000
55660  44.336  -75.492  17.532 0.0000000000
55661  44.094  -74.835  17.864 0.0000000000
55669  42.529  -76.950  15.615 0.0000000000
55671  41.954  -77.295  15.645 0.0000000000
55673  30.945  -83.519  13.505 0.0000000000
57450  36.972  -79.768  29.997 0.0000000000
57451  37.083  -79.343  30.305 0.0000000000
57452  37.516  -79.811  29.649 0.0000000000
57453  39.124  -79.991  28.122 0.0000000000
57454  38.645  -79.608  28.799 0.0000000000
57455  39.283  -79.383  28.261 0.0000000000
57456  39.381  -78.707  28.336 0.0000000000
57457  39.821  -79.076  27.714 0.0000000000
57458  40.319  -78.696  27.174 0.0000000000
57459  40.122  -79.315  27.032 0.0000000000
57460  39.890  -80.299  25.360 0.0000000000
57461  40.255  -79.652  25.637 0.0000000000
57462  40.204  -79.809  24.810 0.0000000000
57463  40.596  -79.284  24.284 0.0000000000
57472  35.351  -77.444  21.242 0.0000000000
57473  35.460  -78.279  21.336 0.0000000000
57474  35.174  -77.765  20.679 0.0000000000
57475  34.482  -77.868  18.950 0.0000000000
57476  34.811  -78.326  19.563 0.0000000000
57477  34.756  -78.590  18.940 0.0000000000
57478  34.944  -79.338  18.965 0.0000000000
57479  34.658  -78.838  18.333 0.0000000000
57480  34.456  -79.089  17.744 0.0000000000
57481  34.239  -78.415  17.820 0.0000000000
57482  32.935  -77.170  16.756 0.0000000000
57483  33.176  -77.762  16.702 0.0000000000
57484  32.648  -77.535  16.230 0.0000000000
57485  32.269  -77.901  15.748 0.0000000000
57486  32.036  -77.309  15.817 0.0000000000
61682  26.517  -76.487  18.770 0.0000000000
61686  26.819  -76.398  16.798 0.0000000000
61860  41.942  -70.511  14.704 0.0000000000
61861  41.352  -69.954  14.767 0.0000000000
61862  41.863  -70.146  14.256 0.0000000000
64657  35.504  -78.829  30.878 0.0000000000
64658  35.930  -79.233  30.599 0.0000000000
64659  35.846  -79.184  30.131 0.0000000000
64660  36.351  -79.826  28.177 0.0000000000
64661  36.462  -79.985  28.733 0.0000000000
64662  36.715  -80.462  28.071 0.0000000000
64663  37.169  -80.992  27.899 0.0000000000
64664  36.959  -80.838  27.400 0.0000000000
64665  37.131  -81.121  26.878 0.0000000000
64666  36.798  -80.521  26.970 0.0000000000
64667  36.327  -78.605  25.873 0.0000000000
64668  36.585  -79.421  25.976 0.0000000000
64669  36.457  -78.804  25.347 0.0000000000
64670  36.504  -79.072  24.677 0.0000000000
64671  36.324  -78.228  24.692 0.0000000000
64672  35.463  -75.539  26.066 0.0000000000
64673  35.599  -76.302  25.918 0.0000000000
64674  35.483  -75.835  25.329 0.0000000000
64675  35.323  -75.770  23.413 0.0000000000
64676  35.588  -76.281  24.003 0.0000000000
64677  35.592  -76.472  23.430 0.0000000000
64678  35.864  -77.179  23.458 0.0000000000
64679  35.589  -76.675  22.864 0.0000000000
64680  35.566  -76.897  22.308 0.0000000000
64681  35.285  -76.198  22.289 0.0000000000
64682  34.384  -74.607  21.122 0.0000000000
64683  34.639  -75.308  21.088 0.0000000000
64684  34.335  -74.841  20.467 0.0000000000
64685  34.241  -75.149  19.898 0.0000000000
64686  34.038  -74.488  19.950 0.0000000000
69030  40.260  -72.555  26.890 0.0000000000
69031  40.006  -71.844  27.089 0.0000000000
69032  40.520  -72.255  26.378 0.0000000000
69033  41.097  -72.025  24.786 0.0000000000
69034  40.827  -71.574  25.472 0.0000000000
69036  40.577  -70.703  25.331 0.0000000000
69038  42.166  -73.539  22.724 0.0000000000
69039  41.889  -73.299  23.083 0.0000000000
69040  41.795  -72.932  22.742 0.0000000000
69041  40.855  -71.381  22.498 0.0000000000
69042  40.965  -71.683  22.975 0.0000000000
69055  40.664  -70.482  19.111 0.0000000000
69056  40.215  -69.859  19.282 0.0000000000
69057  40.485  -70.246  18.648 0.0000000000
69058  40.312  -69.957  18.160 0.0000000000
69059  40.764  -70.567  17.999 0.0000000000
69060  42.708  -73.055  18.416 0.0000000000
69061  42.123  -72.469  18.597 0.0000000000
69062  42.493  -72.688  17.997 0.0000000000
69063  42.681  -72.392  16.450 0.0000000000
69064  42.186  -72.067  17.107 0.0000000000
69065  42.056  -71.808  16.613 0.0000000000
69066  41.517  -71.270  16.696 0.0000000000
69067  41.957  -71.517  16.131 0.0000000000
69068  41.935  -71.199  15.642 0.0000000000
69069  42.436  -71.749  15.590 0.0000000000
69071  43.662  -72.151  14.574 0.0000000000
69097  35.582  -84.220  15.340 0.0000000000
69105  31.544  -84.713  13.642 0.0000000000
69106  32.252  -84.834  13.700 0.0000000000
69107  31.999  -85.330  13.617 0.0000000000
69109  32.533  -86.202  13.185 0.0000000000
69111  33.009  -85.996  12.453 0.0000000000
74438  37.340  -78.231  30.626 0.0000000000
74440  37.497  -77.547  30.677 0.0000000000
74448  39.192  -74.484  28.622 0.0000000000
74449  38.727  -73.999  29.444 0.0000000000
74450  39.090  -73.816  28.817 0.0000000000
74452  39.429  -73.502  28.289 0.0000000000
74453  39.701  -73.162  27.830 0.0000000000
74454  39.963  -73.941  27.614 0.0000000000
74455  41.351  -75.349  26.446 0.0000000000
74456  41.185  -74.694  26.514 0.0000000000
74457  41.739  -75.040  25.929 0.0000000000
74458  42.052  -74.711  25.403 0.0000000000
74459  42.141  -75.433  25.389 0.0000000000
74460  41.233  -77.872  26.269 0.0000000000
74461  41.390  -77.218  26.463 0.0000000000
74462  41.663  -77.513  25.854 0.0000000000
74463  42.528  -77.124  24.371 0.0000000000
74464  42.396  -76.861  24.961 0.0000000000
74465  42.629  -76.572  24.476 0.0000000000
74466  42.615  -76.017  24.503 0.0000000000
74473  43.621  -77.255  20.792 0.0000000000
74474  43.270  -77.754  20.498 0.0000000000
74475  43.180  -77.916  19.793 0.0000000000
74476  42.826  -78.195  20.316 0.0000000000
74477  41.506  -79.320  20.218 0.0000000000
74478  41.842  -79.111  19.851 0.0000000000
74497  37.256  -81.480  25.486 0.0000000000
74498  37.613  -81.913  25.141 0.0000000000
74499  37.238  -81.645  24.854 0.0000000000
74500  36.696  -81.767  23.224 0.0000000000
74501  37.076  -82.009  23.613 0.0000000000
74502  36.980  -82.220  22.978 0.0000000000
74504  36.917  -82.410  22.386 0.0000000000
74505  35.584  -79.897  21.342 0.0000000000
74506  35.834  -80.488  21.903 0.0000000000
74507  35.708  -80.667  21.363 0.0000000000
74508  36.130  -82.233  20.451 0.0000000000
74509  36.148  -82.065  21.112 0.0000000000
74510  36.470  -82.530  20.884 0.0000000000
74511  36.877  -82.661  21.232 0.0000000000
74512  36.848  -82.820  20.629 0.0000000000
74514  36.733  -82.892  19.954 0.0000000000
74515  36.069  -83.004  18.075 0.0000000000
74516  36.452  -83.244  18.503 0.0000000000
74517  36.335  -83.462  17.752 0.0000000000
74518  36.632  -83.772  17.398 0.0000000000
74519  36.166  -83.621  17.052 0.0000000000
74520  35.947  -83.820  16.442 0.0000000000
74521  35.697  -83.367  16.673 0.0000000000
74522  34.810  -81.994  15.834 0.0000000000
74523  34.991  -82.648  15.733 0.0000000000
74524  34.522  -82.328  15.305 0.0000000000
74525  34.175  -82.694  14.853 0.0000000000
74526  33.997  -82.044  14.863 0.0000000000
74527  33.973  -79.596  16.485 0.0000000000
74528  34.214  -80.128  16.281 0.0000000000
74529  33.663  -79.842  15.802 0.0000000000
74530  32.196  -80.389  14.325 0.0000000000
74531  32.893  -80.540  14.675 0.0000000000
74532  32.493  -80.950  14.255 0.0000000000
74533  32.768  -81.555  14.177 0.0000000000
74534  32.060  -81.404  13.925 0.0000000000
74535  31.564  -81.929  13.688 0.0000000000
74536  31.284  -81.353  13.703 0.0000000000
87112  33.764  -72.081  21.284 0.0000000000
87113  33.931  -72.684  21.224 0.0000000000
87114  33.604  -72.413  20.581 0.0000000000
87115  32.790  -72.859  18.842 0.0000000000
87116  33.227  -73.038  19.348 0.0000000000
87117  33.048  -73.388  18.753 0.0000000000
87118  33.271  -73.937  18.768 0.0000000000
87119  32.834  -73.752  18.253 0.0000000000
87131  29.600  -73.493  17.204 0.0000000000
87136  31.230  -72.652  17.779 0.0000000000
87137  30.878  -73.172  17.297 0.0000000000
87138  30.900  -74.624  16.441 0.0000000000
87139  31.335  -74.130  16.884 0.0000000000
87140  31.589  -74.613  16.772 0.0000000000
87141  32.169  -74.645  17.190 0.0000000000
87142  31.800  -75.122  16.739 0.0000000000
87143  32.067  -75.645  16.721 0.0000000000
87144  31.414  -75.525  16.276 0.0000000000
87145  29.938  -76.490  15.146 0.0000000000
87146  30.677  -76.398  15.401 0.0000000000
87147  30.270  -76.867  15.024 0.0000000000
87148  30.598  -77.304  15.010 0.0000000000
87149  29.790  -77.464  14.764 0.0000000000
87150  26.815  -77.834  15.264 0.0000000000
87151  27.552  -77.380  15.087 0.0000000000
87152  27.065  -78.120  14.930 0.0000000000
87154  27.733  -78.714  14.488 0.0000000000
87155  28.085  -79.032  14.364 0.0000000000
87156  28.829  -78.700  14.365 0.0000000000
87158  28.736  -79.695  14.065 0.0000000000
87772  42.663  -78.249  18.492 0.0000000000
87773  42.818  -78.017  17.913 0.0000000000
87774  42.292  -78.300  17.924 0.0000000000
87776  41.334  -78.281  16.833 0.0000000000
87777  40.753  -78.175  16.334 0.0000000000
93294  43.674  -76.038  21.391 0.0000000000
93295  43.442  -75.460  21.542 0.0000000000
93296  43.795  -75.766  20.763 0.0000000000
93297  43.885  -75.448  20.123 0.0000000000
93298  43.827  -75.217  19.525 0.0000000000
93299  43.830  -74.866  19.007 0.0000000000
93300  44.114  -75.480  18.810 0.0000000000
93301  44.285  -75.804  17.979 0.0000000000
93305  43.529  -77.109  16.684 0.0000000000
93306  43.008  -77.436  16.626 0.0000000000
94374  37.648  -80.628  28.763 0.0000000000
94375  37.923  -80.240  29.068 0.0000000000
94376  38.284  -80.707  28.378 0.0000000000
94377  38.868  -80.560  27.929 0.0000000000
94378  39.403  -80.267  27.411 0.0000000000
94379  39.865  -79.904  26.872 0.0000000000
94380  39.559  -80.525  26.666 0.0000000000
94381  39.592  -80.774  25.898 0.0000000000
94386  38.376  -81.973  24.451 0.0000000000
94387  34.686  -76.531  19.955 0.0000000000
94388  34.841  -77.289  20.044 0.0000000000
94389  34.458  -76.869  19.419 0.0000000000
94390  34.231  -77.200  18.893 0.0000000000
94391  34.057  -77.477  18.364 0.0000000000
94392  33.905  -77.767  17.824 0.0000000000
94393  33.630  -77.154  17.813 0.0000000000
94394  33.161  -76.850  17.278 0.0000000000
94395  32.646  -76.583  16.747 0.0000000000
97020  42.985  -70.765  13.810 0.0000000000
97021  42.393  -70.290  13.797 0.0000000000
97022  43.047  -70.392  13.407 0.0000000000
97023  43.080  -70.036  13.105 0.0000000000
97024  43.055  -69.642  12.829 0.0000000000
97026  43.597  -69.861  12.553 0.0000000000
97027  44.181  -70.134  12.299 0.0000000000
98698  35.440  -78.337  29.811 0.0000000000
98699  35.767  -78.991  29.635 0.0000000000
98700  35.716  -78.679  29.088 0.0000000000
98701  36.016  -79.114  28.329 0.0000000000
98702  36.295  -79.508  27.526 0.0000000000
98703  36.516  -79.756  26.996 0.0000000000
98704  36.249  -78.939  26.989 0.0000000000
98705  36.169  -78.393  26.409 0.0000000000
98706  36.072  -77.832  25.817 0.0000000000
98707  35.233  -74.483  24.903 0.0000000000
98708  35.350  -75.301  24.747 0.0000000000
98709  35.181  -74.759  24.178 0.0000000000
98710  35.107  -75.018  23.510 0.0000000000
98711  35.052  -75.268  22.868 0.0000000000
98712  35.014  -75.505  22.298 0.0000000000
98713  34.764  -74.778  22.354 0.0000000000
98714  34.478  -74.329  21.794 0.0000000000
98715  34.199  -73.922  21.215 0.0000000000
101322  41.375  -73.362  25.592 0.0000000000
101323  41.047  -72.640  25.707 0.0000000000
101324  41.414  -72.986  25.035 0.0000000000
101325  41.419  -72.739  24.596 0.0000000000
101326  41.345  -72.526  24.118 0.0000000000
101327  41.924  -72.867  21.810 0.0000000000
101328  41.677  -72.561  22.266 0.0000000000
101329  41.512  -72.240  21.825 0.0000000000
101330  41.067  -71.688  21.856 0.0000000000
101331  40.677  -71.096  22.080 0.0000000000
101332  40.305  -70.448  22.263 0.0000000000
101333  40.484  -70.774  21.625 0.0000000000
101334  40.354  -70.447  21.198 0.0000000000
101335  40.226  -70.121  20.740 0.0000000000
101337  40.512  -70.445  20.121 0.0000000000
101338  40.805  -70.770  19.524 0.0000000000
101339  41.085  -71.122  18.935 0.0000000000
101340  43.555  -73.565  17.203 0.0000000000
101341  42.961  -72.956  17.362 0.0000000000
101342  43.413  -73.228  16.731 0.0000000000
101343  43.307  -72.953  16.329 0.0000000000
101344  43.174  -72.620  15.877 0.0000000000
101345  43.066  -72.272  15.436 0.0000000000
101346  43.701  -72.842  15.355 0.0000000000
101362  34.615  -83.937  14.808 0.0000000000
101363  34.862  -84.420  14.665 0.0000000000
101364  34.297  -84.297  14.481 0.0000000000
101365  33.984  -84.678  14.139 0.0000000000
101366  33.612  -85.051  13.839 0.0000000000
101367  31.183  -85.910  13.674 0.0000000000
101368  31.751  -85.864  13.570 0.0000000000
101369  31.598  -86.411  13.565 0.0000000000
104567  38.346  -77.905  29.389 0.0000000000
104568  37.899  -77.391  30.059 0.0000000000
104569  38.360  -77.183  29.417 0.0000000000
104570  38.365  -76.447  29.510 0.0000000000
104573  38.866  -75.393  29.026 0.0000000000
104574  39.340  -75.206  28.464 0.0000000000
104575  39.754  -74.967  27.958 0.0000000000
104576  40.171  -74.716  27.503 0.0000000000
104577  40.322  -75.364  27.417 0.0000000000
104578  40.880  -75.668  26.938 0.0000000000
104579  41.447  -75.990  26.476 0.0000000000
104580  41.434  -78.244  24.958 0.0000000000
104581  41.830  -77.736  25.252 0.0000000000
104588  42.645  -78.307  21.410 0.0000000000
104589  42.488  -78.467  20.734 0.0000000000
104590  42.178  -78.683  21.161 0.0000000000
104591  41.652  -79.073  20.878 0.0000000000
104592  41.137  -79.501  20.629 0.0000000000
104602  36.716  -80.722  24.495 0.0000000000
104603  36.924  -81.334  24.410 0.0000000000
104604  36.655  -80.977  23.905 0.0000000000
104605  36.548  -81.234  23.351 0.0000000000
104606  36.385  -81.459  22.830 0.0000000000
104607  35.386  -80.389  20.188 0.0000000000
104608  35.639  -80.914  20.737 0.0000000000
104609  35.573  -81.119  20.109 0.0000000000
104610  35.812  -81.810  19.981 0.0000000000
104611  36.023  -82.327  19.809 0.0000000000
104612  36.301  -82.700  19.584 0.0000000000
104613  35.938  -82.397  19.130 0.0000000000
104614  35.879  -82.502  18.406 0.0000000000
104615  35.731  -82.647  17.569 0.0000000000
104616  35.574  -82.792  16.797 0.0000000000
104617  35.446  -82.193  17.021 0.0000000000
104618  35.086  -81.777  16.480 0.0000000000
104619  34.649  -81.387  15.936 0.0000000000
104620  32.749  -79.029  15.492 0.0000000000
104621  33.017  -79.606  15.341 0.0000000000
104622  32.331  -79.424  14.933 0.0000000000
104623  31.938  -79.836  14.441 0.0000000000
104624  31.519  -80.259  14.043 0.0000000000
104625  31.007  -80.774  13.779 0.0000000000
104626  30.762  -80.227  13.916 0.0000000000
104627  30.045  -80.261  13.857 0.0000000000
112172  33.222  -72.134  20.031 0.0000000000
112173  32.787  -71.903  19.559 0.0000000000
112174  32.525  -72.338  18.962 0.0000000000
112175  32.312  -72.720  18.408 0.0000000000
112184  29.177  -74.157  16.819 0.0000000000
112185  29.818  -73.869  16.809 0.0000000000
112186  30.443  -73.722  16.893 0.0000000000
112187  30.012  -74.249  16.507 0.0000000000
112188  30.217  -74.700  16.233 0.0000000000
112189  30.469  -75.110  16.001 0.0000000000
112190  30.745  -75.527  15.903 0.0000000000
112191  30.057  -75.606  15.649 0.0000000000
112192  29.625  -76.101  15.292 0.0000000000
112193  29.165  -76.684  14.995 0.0000000000
112502  39.235  -68.459  18.122 0.0000000000
112503  39.107  -68.143  17.631 0.0000000000
112567  41.553  -79.084  18.361 0.0000000000
112568  41.729  -78.689  17.870 0.0000000000
112569  41.144  -79.173  17.747 0.0000000000
115808  35.324  -76.379  27.924 0.0000000000
115809  35.552  -76.626  27.229 0.0000000000
115810  35.356  -75.831  27.368 0.0000000000
115811  35.368  -75.270  26.802 0.0000000000
115812  35.288  -74.757  26.208 0.0000000000
115814  35.075  -74.027  26.336 0.0000000000
115815  35.184  -74.261  25.613 0.0000000000
115816  35.053  -73.767  25.005 0.0000000000
115817  34.913  -73.303  24.409 0.0000000000
115818  34.695  -72.851  23.896 0.0000000000
117847  42.351  -74.218  23.492 0.0000000000
117848  42.650  -74.444  23.144 0.0000000000
117849  42.562  -74.115  22.719 0.0000000000
117850  42.457  -73.797  22.271 0.0000000000
117851  43.166  -74.859  21.563 0.0000000000
117852  42.756  -74.197  21.633 0.0000000000
117853  42.327  -73.526  21.738 0.0000000000
117854  42.184  -73.245  21.150 0.0000000000
117855  42.079  -72.981  20.604 0.0000000000
117856  42.028  -72.718  20.091 0.0000000000
117857  41.899  -72.423  19.648 0.0000000000
117858  42.428  -73.063  19.474 0.0000000000
117859  42.841  -73.364  18.847 0.0000000000
117860  43.258  -73.637  18.263 0.0000000000
117861  43.788  -74.537  18.539 0.0000000000
117862  43.723  -74.227  18.092 0.0000000000
117863  43.671  -73.901  17.675 0.0000000000
117877  32.114  -83.014  13.806 0.0000000000
117878  32.378  -83.735  13.800 0.0000000000
117879  31.664  -83.589  13.623 0.0000000000
117880  31.233  -84.109  13.543 0.0000000000
117881  30.868  -84.668  13.604 0.0000000000
117884  30.761  -85.346  13.709 0.0000000000
117885  30.699  -85.982  13.856 0.0000000000
117886  30.660  -86.715  13.929 0.0000000000
120366  36.219  -78.879  31.517 0.0000000000
120367  36.464  -78.464  31.837 0.0000000000
120368  36.699  -78.905  31.040 0.0000000000
120369  37.191  -78.846  30.527 0.0000000000
120370  37.711  -78.789  29.980 0.0000000000
120371  38.081  -79.780  29.210 0.0000000000
120372  38.184  -79.226  29.327 0.0000000000
120373  38.265  -78.598  29.393 0.0000000000
120374  38.858  -78.320  28.816 0.0000000000
120375  39.483  -78.000  28.308 0.0000000000
120376  40.033  -77.638  27.841 0.0000000000
120377  40.535  -77.258  27.389 0.0000000000
120378  40.456  -77.945  27.371 0.0000000000
120379  40.757  -78.237  26.735 0.0000000000
120380  40.967  -78.459  26.107 0.0000000000
120381  40.261  -79.442  26.363 0.0000000000
120382  40.627  -79.028  25.866 0.0000000000
120383  41.037  -78.624  25.401 0.0000000000
120384  41.035  -78.742  24.657 0.0000000000
120385  40.980  -78.829  23.836 0.0000000000
120386  40.940  -78.999  22.946 0.0000000000
120387  40.905  -79.152  22.163 0.0000000000
120388  40.507  -79.489  22.680 0.0000000000
120397  35.880  -78.580  22.429 0.0000000000
120398  35.933  -79.443  22.437 0.0000000000
120399  35.711  -78.830  21.900 0.0000000000
120400  35.502  -79.087  21.353 0.0000000000
120401  35.323  -79.324  20.820 0.0000000000
120402  34.985  -78.040  20.109 0.0000000000
120403  35.087  -78.818  20.189 0.0000000000
120404  35.231  -79.622  20.218 0.0000000000
120405  35.178  -79.867  19.606 0.0000000000
120406  35.120  -80.064  18.978 0.0000000000
120407  34.978  -80.259  18.242 0.0000000000
120408  34.857  -80.428  17.518 0.0000000000
120409  34.652  -79.767  17.631 0.0000000000
120410  34.248  -79.328  17.121 0.0000000000
120411  33.717  -78.982  16.576 0.0000000000
120412  33.696  -78.043  17.230 0.0000000000
120413  33.433  -78.343  16.621 0.0000000000
120414  33.122  -78.693  16.059 0.0000000000
120415  32.503  -78.450  15.619 0.0000000000
120416  31.851  -78.274  15.305 0.0000000000
120417  31.242  -78.186  14.970 0.0000000000
126293  26.392  -76.625  18.209 0.0000000000
126299  27.828  -76.377  15.616 0.0000000000
126300  27.070  -76.834  15.864 0.0000000000
126540  40.904  -70.025  15.856 0.0000000000
126541  40.377  -69.400  16.044 0.0000000000
126542  40.860  -69.690  15.398 0.0000000000
130284  36.034  -79.173  31.066 0.0000000000
130285  36.412  -79.528  30.311 0.0000000000
130286  36.789  -80.013  29.595 0.0000000000
130287  36.157  -79.596  29.450 0.0000000000
130288  36.613  -80.047  29.192 0.0000000000
130289  37.106  -80.424  28.993 0.0000000000
130290  37.410  -80.934  28.359 0.0000000000
130291  37.632  -81.428  27.645 0.0000000000
130292  37.870  -81.726  26.919 0.0000000000
130293  37.950  -81.957  26.294 0.0000000000
130294  37.524  -81.623  26.597 0.0000000000
130295  37.209  -81.312  26.203 0.0000000000
130296  36.999  -80.834  25.708 0.0000000000
130297  36.694  -80.013  26.526 0.0000000000
130298  36.788  -80.133  25.858 0.0000000000
130299  36.803  -80.372  25.160 0.0000000000
130300  36.641  -79.909  24.591 0.0000000000
130301  36.509  -79.431  23.999 0.0000000000
130302  36.251  -78.904  23.484 0.0000000000
130303  35.709  -76.851  26.505 0.0000000000
130304  35.826  -77.054  25.840 0.0000000000
130305  35.965  -77.248  25.225 0.0000000000
130306  35.567  -76.073  24.634 0.0000000000
130307  35.810  -76.776  24.611 0.0000000000
130308  36.071  -77.478  24.635 0.0000000000
130309  36.099  -77.693  24.060 0.0000000000
130310  36.070  -77.957  23.467 0.0000000000
130311  36.009  -78.310  22.941 0.0000000000
130312  35.765  -77.713  22.379 0.0000000000
130313  35.461  -77.164  21.783 0.0000000000
130314  35.167  -76.679  21.154 0.0000000000
130315  34.959  -75.757  21.702 0.0000000000
130316  34.922  -75.965  21.081 0.0000000000
130317  34.830  -76.232  20.513 0.0000000000
130318  34.464  -75.819  19.898 0.0000000000
130319  34.093  -75.479  19.324 0.0000000000
130320  33.726  -75.145  18.838 0.0000000000
135822  39.441  -71.669  28.259 0.0000000000
135824  39.625  -71.379  27.831 0.0000000000
135826  40.114  -70.895  26.953 0.0000000000
135827  40.734  -71.931  25.919 0.0000000000
135828  40.426  -71.284  26.208 0.0000000000
135829  40.319  -70.641  26.460 0.0000000000
135833  41.986  -73.607  23.468 0.0000000000
135834  41.627  -72.964  23.574 0.0000000000
135835  41.272  -72.280  23.804 0.0000000000
135836  41.406  -72.306  22.804 0.0000000000
135837  41.133  -71.970  23.423 0.0000000000
135838  40.933  -71.532  24.032 0.0000000000
135855  39.934  -69.509  19.856 0.0000000000
135856  39.776  -69.238  19.429 0.0000000000
135857  39.590  -69.030  18.934 0.0000000000
135858  39.854  -69.350  18.328 0.0000000000
135859  40.167  -69.707  17.670 0.0000000000
135860  40.537  -70.053  16.981 0.0000000000
135861  41.744  -72.100  19.214 0.0000000000
135862  41.584  -71.795  18.775 0.0000000000
135863  41.413  -71.431  18.304 0.0000000000
135864  42.316  -72.359  17.563 0.0000000000
135865  41.758  -71.745  17.721 0.0000000000
135866  41.231  -71.123  17.811 0.0000000000
135867  41.088  -70.881  17.323 0.0000000000
135868  41.015  -70.681  16.806 0.0000000000
135869  40.940  -70.354  16.309 0.0000000000
135870  41.417  -70.631  15.710 0.0000000000
135871  41.978  -70.910  15.183 0.0000000000
135872  42.506  -71.027  14.686 0.0000000000
135873  43.059  -71.950  15.040 0.0000000000
135874  43.054  -71.543  14.658 0.0000000000
135875  43.049  -71.137  14.254 0.0000000000
135876  43.634  -71.319  13.874 0.0000000000
135891  42.781  -74.416  13.415 0.0000000000
135907  36.454  -84.252  15.822 0.0000000000
135909  36.327  -84.342  15.129 0.0000000000
135918  32.642  -84.384  13.825 0.0000000000
135919  32.934  -84.963  13.765 0.0000000000
135921  32.306  -85.834  13.489 0.0000000000
135924  33.498  -85.823  12.732 0.0000000000
135925  33.403  -85.609  12.281 0.0000000000
142500  36.686  -77.956  32.025 0.0000000000
142517  39.229  -71.939  28.706 0.0000000000
142518  39.489  -72.398  28.005 0.0000000000
142519  39.987  -72.821  27.377 0.0000000000
142520  40.597  -73.263  26.755 0.0000000000
142521  40.567  -74.347  27.095 0.0000000000
142522  40.947  -74.008  26.639 0.0000000000
142523  41.205  -73.663  26.148 0.0000000000
142524  41.758  -74.026  25.496 0.0000000000
142525  42.088  -74.487  24.856 0.0000000000
142526  42.355  -74.886  24.325 0.0000000000
142527  40.998  -76.926  26.985 0.0000000000
142528  41.462  -76.607  26.513 0.0000000000
142529  41.849  -76.311  26.034 0.0000000000
142530  42.051  -77.175  25.431 0.0000000000
142531  42.131  -76.608  25.519 0.0000000000
142532  42.147  -76.043  25.488 0.0000000000
142533  42.384  -75.753  24.939 0.0000000000
142534  42.520  -75.449  24.435 0.0000000000
142535  42.599  -75.123  23.935 0.0000000000
142541  43.510  -76.280  21.932 0.0000000000
142544  43.871  -77.188  19.391 0.0000000000
142545  43.638  -77.461  18.610 0.0000000000
142546  43.500  -77.641  19.201 0.0000000000
142547  43.016  -78.090  19.066 0.0000000000
142548  42.455  -78.525  19.022 0.0000000000
142549  42.358  -78.645  20.084 0.0000000000
142550  42.162  -78.829  19.469 0.0000000000
142551  41.892  -78.985  18.900 0.0000000000
142552  41.314  -79.490  18.728 0.0000000000
142555  40.846  -79.488  21.558 0.0000000000
142573  37.975  -82.001  25.530 0.0000000000
142574  37.990  -82.052  24.850 0.0000000000
142575  37.973  -82.158  24.266 0.0000000000
142576  37.177  -81.822  24.247 0.0000000000
142577  37.518  -82.156  23.968 0.0000000000
142582  35.977  -80.321  22.458 0.0000000000
142583  36.094  -81.027  22.411 0.0000000000
142584  36.267  -81.662  22.292 0.0000000000
142585  35.893  -81.424  21.271 0.0000000000
142586  36.170  -81.877  21.738 0.0000000000
142587  36.519  -82.249  22.086 0.0000000000
142588  36.890  -82.496  21.793 0.0000000000
142594  36.602  -83.016  19.263 0.0000000000
142595  36.891  -83.334  18.872 0.0000000000
142597  37.102  -83.753  17.704 0.0000000000
142599  36.698  -84.057  16.402 0.0000000000
142600  36.211  -84.120  16.169 0.0000000000
142601  35.754  -84.035  15.864 0.0000000000
142602  35.282  -83.820  15.548 0.0000000000
142603  35.384  -82.993  16.176 0.0000000000
142604  35.133  -83.264  15.647 0.0000000000
142605  34.836  -83.599  15.179 0.0000000000
142606  34.363  -83.355  14.833 0.0000000000
142607  33.809  -83.092  14.535 0.0000000000
142608  33.239  -82.836  14.210 0.0000000000
142609  34.709  -80.562  16.825 0.0000000000
142610  34.429  -80.761  16.110 0.0000000000
142611  34.097  -81.005  15.443 0.0000000000
142612  33.310  -80.148  15.183 0.0000000000
142613  33.545  -80.739  15.051 0.0000000000
142614  33.773  -81.391  14.927 0.0000000000
142615  33.407  -81.785  14.478 0.0000000000
142616  32.999  -82.213  14.131 0.0000000000
142617  32.574  -82.624  13.942 0.0000000000
142618  31.857  -82.482  13.715 0.0000000000
142619  31.076  -82.441  13.529 0.0000000000
142621  30.480  -81.371  13.621 0.0000000000
157774  34.444  -72.445  23.266 0.0000000000
157782  34.182  -72.047  22.622 0.0000000000
157783  34.346  -72.696  22.620 0.0000000000
157784  34.207  -72.986  21.931 0.0000000000
157785  34.066  -73.293  21.178 0.0000000000
157786  33.939  -73.592  20.515 0.0000000000
157787  33.407  -72.705  19.935 0.0000000000
157788  33.613  -73.280  19.909 0.0000000000
157789  33.804  -73.893  19.913 0.0000000000
157790  33.664  -74.193  19.335 0.0000000000
157791  33.490  -74.525  18.791 0.0000000000
157792  33.270  -74.902  18.283 0.0000000000
157805  28.864  -73.458  17.780 0.0000000000
157811  31.513  -72.150  18.288 0.0000000000
157812  31.777  -72.649  18.036 0.0000000000
157813  32.040  -73.162  17.873 0.0000000000
157814  31.077  -73.657  17.069 0.0000000000
157815  31.716  -73.632  17.344 0.0000000000
157816  32.286  -73.651  17.785 0.0000000000
157817  32.516  -74.181  17.737 0.0000000000
157818  32.740  -74.714  17.724 0.0000000000
157819  32.947  -75.293  17.736 0.0000000000
157820  32.629  -75.719  17.199 0.0000000000
157821  32.324  -76.098  16.720 0.0000000000
157822  32.049  -76.440  16.262 0.0000000000
157823  31.047  -75.945  15.789 0.0000000000
157824  31.382  -76.388  15.776 0.0000000000
157825  31.756  -76.830  15.801 0.0000000000
157826  31.349  -77.245  15.363 0.0000000000
157827  30.938  -77.699  14.945 0.0000000000
157828  30.472  -78.278  14.656 0.0000000000
157829  28.074  -76.674  15.272 0.0000000000
157830  28.365  -76.972  14.951 0.0000000000
157831  28.653  -77.334  14.750 0.0000000000
157832  27.401  -78.391  14.689 0.0000000000
157833  28.159  -78.014  14.569 0.0000000000
157834  28.980  -77.701  14.609 0.0000000000
157835  29.307  -78.076  14.532 0.0000000000
157836  29.630  -78.445  14.478 0.0000000000
157837  29.978  -78.834  14.371 0.0000000000
157838  29.520  -79.426  14.114 0.0000000000
157839  29.057  -80.014  13.971 0.0000000000
158452  39.817  -68.782  16.258 0.0000000000
158578  43.308  -77.644  17.931 0.0000000000
158579  42.927  -77.730  17.283 0.0000000000
158580  42.487  -77.677  16.711 0.0000000000
158581  41.883  -78.326  17.399 0.0000000000
158582  41.955  -77.948  16.849 0.0000000000
158583  41.967  -77.597  16.222 0.0000000000
158584  41.376  -77.462  15.704 0.0000000000
