#!ascii label  , from subject fsaverage vox2ras=TkReg
1369
107  48.844  -16.536  49.060 0.0000000000
238  41.470  -26.417  59.316 0.0000000000
239  37.585  -33.924  63.671 0.0000000000
486  54.866  -16.391  46.071 0.0000000000
489  48.397  -21.955  57.586 0.0000000000
719  33.822  -33.064  66.901 0.0000000000
1046  20.417  -32.216  72.085 0.0000000000
1063  51.170  -16.201  42.617 0.0000000000
1064  52.804  -15.217  48.336 0.0000000000
1066  52.900  -17.365  51.699 0.0000000000
1070  44.207  -28.986  61.308 0.0000000000
1071  45.051  -23.127  60.159 0.0000000000
1072  46.271  -27.766  57.159 0.0000000000
1580  40.656  -29.743  63.719 0.0000000000
1581  40.590  -33.632  59.774 0.0000000000
2098  60.023  -12.614  32.444 0.0000000000
2100  58.203  -12.955  38.709 0.0000000000
2101  56.307  -15.571  40.345 0.0000000000
2103  55.090  -14.111  42.845 0.0000000000
2112  45.826  -19.394  55.666 0.0000000000
2113  49.237  -16.906  54.928 0.0000000000
2114  50.026  -21.517  53.036 0.0000000000
2982  48.083  -17.494  45.949 0.0000000000
2983  50.040  -16.631  45.938 0.0000000000
2984  50.955  -15.640  48.909 0.0000000000
2985  53.159  -15.893  50.316 0.0000000000
2986  51.464  -15.688  51.180 0.0000000000
2990  43.970  -31.120  58.622 0.0000000000
2991  45.619  -28.474  59.335 0.0000000000
3590  37.424  -31.841  65.539 0.0000000000
3591  38.505  -30.054  63.999 0.0000000000
3592  39.524  -32.098  64.222 0.0000000000
3593  41.290  -32.164  62.577 0.0000000000
3594  39.218  -33.938  61.764 0.0000000000
4619  57.090  -12.286  39.595 0.0000000000
4620  57.405  -14.301  39.703 0.0000000000
4621  56.709  -13.379  41.063 0.0000000000
4625  53.844  -15.034  45.295 0.0000000000
4626  53.243  -14.893  42.756 0.0000000000
4627  55.182  -15.234  44.482 0.0000000000
4628  55.665  -16.032  43.080 0.0000000000
4648  46.870  -22.395  59.239 0.0000000000
4649  45.432  -21.129  58.294 0.0000000000
4650  47.205  -19.678  58.005 0.0000000000
4651  47.285  -17.701  55.692 0.0000000000
4652  49.045  -19.130  56.895 0.0000000000
4653  50.623  -18.949  54.955 0.0000000000
4654  49.470  -21.657  55.531 0.0000000000
5287  58.994  -13.968  33.972 0.0000000000
5900  35.293  -31.412  66.529 0.0000000000
5901  35.715  -33.541  65.444 0.0000000000
6520  49.219  -17.387  42.577 0.0000000000
6521  51.855  -15.737  45.640 0.0000000000
6522  54.329  -15.528  47.444 0.0000000000
6523  53.921  -17.724  47.340 0.0000000000
6524  54.073  -16.713  49.096 0.0000000000
6525  53.301  -18.389  50.082 0.0000000000
6526  52.126  -20.151  50.498 0.0000000000
6532  42.922  -26.751  62.056 0.0000000000
6533  43.228  -24.639  59.940 0.0000000000
6534  44.812  -25.954  61.109 0.0000000000
6535  46.548  -25.350  59.562 0.0000000000
6536  47.632  -24.974  57.612 0.0000000000
6537  47.956  -24.470  55.394 0.0000000000
6538  46.234  -27.054  54.844 0.0000000000
7524  41.044  -27.620  62.020 0.0000000000
7525  42.515  -29.476  62.796 0.0000000000
7526  42.791  -31.822  60.530 0.0000000000
8809  22.020  -32.793  70.624 0.0000000000
8810  21.556  -34.406  66.879 0.0000000000
8862  60.179  -11.368  34.140 0.0000000000
8863  59.445  -12.784  35.935 0.0000000000
8865  58.841  -11.685  37.301 0.0000000000
8866  58.314  -14.107  36.843 0.0000000000
8867  56.812  -15.307  37.333 0.0000000000
8875  55.034  -13.245  41.296 0.0000000000
8876  56.312  -14.603  42.187 0.0000000000
8900  43.798  -23.109  57.593 0.0000000000
8901  44.483  -21.641  54.861 0.0000000000
8903  44.931  -18.235  51.989 0.0000000000
8904  46.885  -16.941  52.482 0.0000000000
8905  49.182  -16.182  52.140 0.0000000000
8906  51.341  -16.851  53.416 0.0000000000
8907  51.833  -19.413  52.717 0.0000000000
10662  48.526  -16.929  47.609 0.0000000000
10663  49.537  -16.463  47.631 0.0000000000
10664  49.947  -16.039  49.023 0.0000000000
10665  51.338  -15.522  50.128 0.0000000000
10666  50.260  -15.878  50.272 0.0000000000
10671  44.318  -30.702  57.474 0.0000000000
11270  37.661  -33.024  64.949 0.0000000000
11271  38.498  -31.978  64.908 0.0000000000
11272  38.636  -33.128  64.094 0.0000000000
11273  39.474  -33.166  63.152 0.0000000000
11274  38.458  -34.006  62.741 0.0000000000
11275  38.139  -34.398  61.437 0.0000000000
11276  37.330  -34.388  62.306 0.0000000000
12298  56.264  -12.028  38.594 0.0000000000
12299  56.165  -12.258  39.659 0.0000000000
12300  56.840  -12.756  40.412 0.0000000000
12301  56.074  -12.639  40.514 0.0000000000
12305  54.751  -15.353  45.935 0.0000000000
12306  54.590  -15.047  44.957 0.0000000000
12307  55.122  -15.776  45.332 0.0000000000
12308  55.240  -16.233  44.586 0.0000000000
12309  54.755  -16.937  45.243 0.0000000000
12328  47.659  -22.107  58.449 0.0000000000
12329  47.030  -20.926  58.644 0.0000000000
12330  47.906  -20.653  58.068 0.0000000000
12331  48.102  -19.296  57.592 0.0000000000
12332  48.742  -20.465  57.397 0.0000000000
12333  49.478  -20.328  56.428 0.0000000000
12334  48.995  -21.789  56.633 0.0000000000
12967  58.245  -14.679  34.433 0.0000000000
13670  33.624  -31.868  67.426 0.0000000000
13671  34.222  -31.132  66.810 0.0000000000
13672  34.642  -32.249  67.012 0.0000000000
13673  35.591  -32.444  66.516 0.0000000000
13674  34.734  -33.355  66.227 0.0000000000
13675  34.608  -34.071  65.067 0.0000000000
13676  33.802  -33.929  65.864 0.0000000000
14705  51.412  -15.722  47.346 0.0000000000
14706  50.992  -16.161  45.875 0.0000000000
14707  52.323  -15.394  47.056 0.0000000000
14708  53.196  -15.201  46.714 0.0000000000
14709  53.616  -15.242  47.929 0.0000000000
14710  54.295  -16.062  48.298 0.0000000000
14711  53.846  -15.669  48.942 0.0000000000
14712  53.116  -16.572  51.084 0.0000000000
14713  53.543  -17.025  50.431 0.0000000000
14714  53.241  -17.843  50.956 0.0000000000
14715  52.814  -19.312  50.371 0.0000000000
14716  52.813  -18.810  51.311 0.0000000000
14725  43.699  -27.735  62.061 0.0000000000
14726  43.897  -26.291  61.710 0.0000000000
14727  44.611  -27.474  61.300 0.0000000000
14728  46.058  -28.116  58.287 0.0000000000
14729  46.197  -26.913  59.473 0.0000000000
14730  46.710  -26.658  58.536 0.0000000000
14731  47.158  -25.146  58.650 0.0000000000
14732  47.033  -26.422  57.432 0.0000000000
14733  47.127  -26.095  56.312 0.0000000000
14734  46.345  -27.377  56.029 0.0000000000
16528  39.607  -29.851  63.934 0.0000000000
16529  38.864  -29.502  62.699 0.0000000000
16530  39.888  -29.011  62.808 0.0000000000
16531  40.169  -28.243  61.624 0.0000000000
16532  40.918  -28.611  62.956 0.0000000000
16533  41.880  -28.298  62.913 0.0000000000
16534  41.631  -29.651  63.328 0.0000000000
16535  41.084  -33.034  61.180 0.0000000000
16536  42.068  -32.041  61.608 0.0000000000
16537  41.762  -32.772  60.182 0.0000000000
16538  42.243  -32.472  59.091 0.0000000000
16539  41.042  -33.309  58.652 0.0000000000
16541  39.875  -33.879  58.312 0.0000000000
19471  23.933  -34.206  66.502 0.0000000000
19472  23.183  -34.056  67.252 0.0000000000
19475  21.274  -32.539  71.368 0.0000000000
19603  60.040  -10.215  33.521 0.0000000000
19604  59.846  -10.833  34.725 0.0000000000
19605  59.890  -12.082  35.107 0.0000000000
19606  59.650  -11.455  35.822 0.0000000000
19610  57.982  -12.014  38.492 0.0000000000
19611  58.175  -11.522  37.630 0.0000000000
19612  58.546  -12.332  38.083 0.0000000000
19613  58.916  -12.849  37.441 0.0000000000
19614  58.428  -13.518  37.885 0.0000000000
19615  57.628  -14.704  37.010 0.0000000000
19616  57.862  -14.177  38.202 0.0000000000
19617  56.893  -14.945  40.078 0.0000000000
19618  56.507  -15.418  38.840 0.0000000000
19630  49.825  -16.867  40.988 0.0000000000
19632  50.940  -16.131  41.149 0.0000000000
19633  54.244  -14.345  42.909 0.0000000000
19634  53.002  -14.664  41.656 0.0000000000
19635  54.054  -14.021  41.923 0.0000000000
19636  53.864  -13.702  40.913 0.0000000000
19637  55.038  -13.664  42.113 0.0000000000
19638  55.899  -13.675  42.048 0.0000000000
19639  55.837  -14.237  42.683 0.0000000000
19652  53.337  -18.469  47.796 0.0000000000
19698  44.112  -23.781  60.183 0.0000000000
19699  43.489  -23.834  58.731 0.0000000000
19700  44.321  -22.876  59.159 0.0000000000
19701  45.655  -20.234  57.015 0.0000000000
19702  44.954  -21.302  56.769 0.0000000000
19703  45.193  -20.490  55.352 0.0000000000
19704  44.524  -20.911  53.251 0.0000000000
19705  45.084  -19.749  53.648 0.0000000000
19707  45.568  -18.671  53.853 0.0000000000
19708  48.230  -17.175  55.431 0.0000000000
19709  47.085  -17.118  54.015 0.0000000000
19710  48.151  -16.624  53.982 0.0000000000
19711  48.006  -16.542  52.452 0.0000000000
19712  49.279  -16.335  53.573 0.0000000000
19713  50.415  -16.160  52.995 0.0000000000
19714  50.284  -16.811  54.215 0.0000000000
19715  50.624  -20.267  54.140 0.0000000000
19716  51.313  -19.142  53.801 0.0000000000
19717  50.996  -20.417  52.898 0.0000000000
19718  51.178  -20.723  51.720 0.0000000000
19721  47.947  -24.166  54.175 0.0000000000
23181  32.911  -32.692  67.535 0.0000000000
23182  32.944  -33.636  66.630 0.0000000000
23799  48.622  -17.614  44.175 0.0000000000
23800  49.023  -17.045  46.010 0.0000000000
23801  50.409  -16.100  47.476 0.0000000000
23802  51.870  -15.420  48.641 0.0000000000
23803  53.058  -15.448  49.371 0.0000000000
23804  52.231  -15.355  49.830 0.0000000000
23805  52.415  -15.654  50.781 0.0000000000
23806  52.462  -16.283  51.684 0.0000000000
23812  44.346  -30.197  60.050 0.0000000000
23813  45.025  -28.724  60.324 0.0000000000
23814  44.969  -29.871  59.057 0.0000000000
23815  45.424  -29.487  58.030 0.0000000000
23816  45.594  -28.974  56.920 0.0000000000
23817  45.494  -28.577  55.692 0.0000000000
24892  36.915  -30.803  65.312 0.0000000000
24893  37.344  -30.222  64.034 0.0000000000
24894  38.056  -30.829  64.998 0.0000000000
24895  39.173  -30.887  64.626 0.0000000000
24896  40.243  -30.955  64.140 0.0000000000
24897  41.157  -30.965  63.522 0.0000000000
24898  40.500  -32.210  63.441 0.0000000000
24899  40.339  -33.178  62.239 0.0000000000
24900  39.929  -33.820  60.774 0.0000000000
24901  39.407  -34.131  59.400 0.0000000000
24902  38.826  -34.312  60.404 0.0000000000
26660  23.536  -32.324  70.560 0.0000000000
26744  57.275  -11.884  38.759 0.0000000000
26745  57.772  -12.506  39.276 0.0000000000
26746  57.838  -13.608  39.244 0.0000000000
26747  57.477  -13.083  39.962 0.0000000000
26748  57.182  -13.786  40.538 0.0000000000
26749  56.894  -14.415  41.064 0.0000000000
26755  52.468  -15.474  44.089 0.0000000000
26756  52.226  -15.517  42.713 0.0000000000
26757  53.501  -14.985  44.027 0.0000000000
26758  54.363  -14.718  43.841 0.0000000000
26759  55.148  -14.668  43.625 0.0000000000
26760  55.727  -14.887  43.254 0.0000000000
26761  55.539  -15.569  43.853 0.0000000000
26796  45.995  -22.715  59.795 0.0000000000
26797  45.207  -22.091  59.335 0.0000000000
26798  46.089  -21.505  59.098 0.0000000000
26799  46.303  -20.364  58.180 0.0000000000
26800  46.455  -19.295  57.125 0.0000000000
26801  46.496  -18.450  55.746 0.0000000000
26802  47.266  -18.586  57.044 0.0000000000
26803  48.243  -18.091  56.707 0.0000000000
26804  49.171  -17.800  56.118 0.0000000000
26805  50.134  -17.762  55.200 0.0000000000
26806  49.896  -18.965  55.956 0.0000000000
26807  50.127  -20.267  55.336 0.0000000000
26808  49.804  -21.525  54.333 0.0000000000
27949  59.612  -13.321  33.296 0.0000000000
27951  58.814  -14.208  32.666 0.0000000000
29124  35.770  -30.701  65.511 0.0000000000
29125  36.334  -31.662  66.058 0.0000000000
29126  36.651  -32.814  65.702 0.0000000000
29127  36.662  -33.798  64.577 0.0000000000
29128  36.411  -34.363  63.237 0.0000000000
29129  35.531  -34.222  64.092 0.0000000000
30570  50.211  -16.792  42.631 0.0000000000
30571  49.576  -17.106  44.280 0.0000000000
30572  50.530  -16.599  44.168 0.0000000000
30573  51.472  -16.042  44.154 0.0000000000
30574  52.830  -15.318  45.451 0.0000000000
30575  54.090  -15.154  46.373 0.0000000000
30576  54.773  -15.910  46.810 0.0000000000
30577  54.496  -17.064  46.713 0.0000000000
30578  54.549  -16.583  47.564 0.0000000000
30579  54.085  -17.301  48.280 0.0000000000
30580  53.635  -18.009  48.790 0.0000000000
30581  53.722  -16.246  49.735 0.0000000000
30582  53.708  -17.538  49.664 0.0000000000
30583  53.079  -18.912  49.109 0.0000000000
30598  42.148  -26.218  61.064 0.0000000000
30599  42.351  -25.529  59.702 0.0000000000
30600  43.092  -25.590  61.122 0.0000000000
30601  43.995  -24.978  61.038 0.0000000000
30602  44.910  -24.447  60.718 0.0000000000
30603  45.488  -27.210  60.377 0.0000000000
30604  45.739  -25.660  60.350 0.0000000000
30605  45.861  -24.051  60.197 0.0000000000
30606  46.754  -23.824  59.525 0.0000000000
30607  47.449  -23.679  58.640 0.0000000000
30608  48.088  -23.486  57.613 0.0000000000
30609  48.471  -23.299  56.595 0.0000000000
30610  47.884  -24.750  56.499 0.0000000000
30611  47.173  -25.794  55.113 0.0000000000
33036  41.152  -26.903  60.731 0.0000000000
33037  41.986  -27.104  62.115 0.0000000000
33038  42.787  -27.954  62.649 0.0000000000
33039  43.379  -29.251  62.104 0.0000000000
33040  41.994  -30.917  62.754 0.0000000000
33041  42.868  -30.716  61.869 0.0000000000
33042  43.668  -30.527  60.948 0.0000000000
33043  43.368  -31.525  59.538 0.0000000000
33044  42.642  -32.123  58.109 0.0000000000
36674  22.652  -32.003  71.082 0.0000000000
36677  21.847  -33.756  68.877 0.0000000000
36678  22.516  -33.918  68.034 0.0000000000
36832  60.273  -11.976  33.334 0.0000000000
36833  59.881  -12.755  34.243 0.0000000000
36834  59.337  -13.394  34.939 0.0000000000
36835  58.606  -14.101  35.416 0.0000000000
36841  59.072  -11.131  36.311 0.0000000000
36842  59.276  -12.182  36.759 0.0000000000
36843  58.860  -13.460  36.508 0.0000000000
36844  57.962  -14.732  35.640 0.0000000000
36848  57.276  -14.799  38.595 0.0000000000
36866  51.974  -15.384  41.397 0.0000000000
36871  55.008  -12.854  40.319 0.0000000000
36872  55.930  -13.182  41.283 0.0000000000
36873  56.535  -13.974  41.679 0.0000000000
36874  56.490  -15.073  41.407 0.0000000000
36875  56.073  -15.267  42.639 0.0000000000
36934  47.722  -17.029  49.255 0.0000000000
36944  42.689  -24.892  58.327 0.0000000000
36945  42.925  -24.191  57.038 0.0000000000
36946  43.220  -23.560  55.658 0.0000000000
36947  44.623  -22.039  58.116 0.0000000000
36948  44.177  -22.405  56.358 0.0000000000
36949  43.484  -22.817  54.176 0.0000000000
36956  46.255  -17.784  53.974 0.0000000000
36957  45.799  -17.470  52.254 0.0000000000
36959  46.634  -17.069  50.963 0.0000000000
36960  47.871  -16.695  50.925 0.0000000000
36961  49.100  -16.296  50.646 0.0000000000
36962  50.407  -15.870  51.717 0.0000000000
36963  51.484  -16.084  52.368 0.0000000000
36964  52.185  -17.016  52.589 0.0000000000
36965  51.051  -17.887  54.264 0.0000000000
36966  51.856  -18.051  53.268 0.0000000000
36967  52.465  -18.400  52.363 0.0000000000
36968  52.117  -19.773  51.597 0.0000000000
36971  48.796  -23.024  55.590 0.0000000000
36972  48.884  -22.875  54.284 0.0000000000
36973  48.893  -22.675  53.049 0.0000000000
41382  48.740  -16.720  48.340 0.0000000000
41383  49.275  -16.437  48.370 0.0000000000
41384  49.422  -16.283  49.061 0.0000000000
41385  50.097  -15.951  49.641 0.0000000000
41386  49.563  -16.181  49.693 0.0000000000
41990  37.644  -33.525  64.375 0.0000000000
41991  38.131  -33.114  64.521 0.0000000000
41992  38.111  -33.596  63.891 0.0000000000
41993  38.583  -33.635  63.471 0.0000000000
41994  38.030  -33.966  63.198 0.0000000000
41995  37.922  -34.214  62.575 0.0000000000
41996  37.480  -34.183  63.002 0.0000000000
43020  56.086  -12.440  40.105 0.0000000000
43021  55.588  -12.504  39.968 0.0000000000
43025  54.942  -15.822  46.075 0.0000000000
43026  54.980  -15.539  45.657 0.0000000000
43027  55.014  -16.097  45.722 0.0000000000
43028  55.025  -16.366  45.352 0.0000000000
43029  54.842  -16.691  45.652 0.0000000000
43030  54.499  -17.221  45.486 0.0000000000
43031  54.651  -16.972  45.963 0.0000000000
43048  48.034  -22.011  58.036 0.0000000000
43049  47.779  -21.361  58.283 0.0000000000
43050  48.195  -21.288  57.896 0.0000000000
43051  48.334  -20.580  57.758 0.0000000000
43052  48.549  -21.204  57.501 0.0000000000
43053  48.897  -21.124  57.079 0.0000000000
43054  48.695  -21.865  57.136 0.0000000000
43687  57.871  -15.021  34.536 0.0000000000
43688  57.754  -15.135  34.032 0.0000000000
44390  33.785  -32.492  67.293 0.0000000000
44391  34.112  -32.083  67.216 0.0000000000
44392  34.229  -32.669  66.993 0.0000000000
44393  34.725  -32.797  66.742 0.0000000000
44394  34.285  -33.233  66.562 0.0000000000
44395  34.251  -33.655  66.057 0.0000000000
44396  33.813  -33.507  66.439 0.0000000000
45425  52.137  -15.362  47.909 0.0000000000
45426  51.850  -15.572  47.226 0.0000000000
45427  52.600  -15.248  47.748 0.0000000000
45428  52.993  -15.212  47.540 0.0000000000
45429  53.230  -15.203  48.139 0.0000000000
45430  53.791  -15.392  48.443 0.0000000000
45431  53.396  -15.334  48.674 0.0000000000
45432  53.035  -16.975  51.393 0.0000000000
45433  53.268  -17.199  51.065 0.0000000000
45434  53.101  -17.607  51.342 0.0000000000
45435  53.023  -18.271  51.175 0.0000000000
45436  52.898  -18.014  51.586 0.0000000000
45445  44.011  -28.381  61.781 0.0000000000
45446  44.133  -27.606  61.722 0.0000000000
45447  44.426  -28.258  61.320 0.0000000000
45448  46.186  -27.920  57.712 0.0000000000
45449  46.426  -27.386  58.375 0.0000000000
45450  46.560  -27.237  57.847 0.0000000000
45451  46.851  -26.530  57.966 0.0000000000
45452  46.664  -27.071  57.256 0.0000000000
45453  46.751  -26.915  56.768 0.0000000000
45454  46.304  -27.575  56.536 0.0000000000
47248  40.109  -29.758  63.828 0.0000000000
47249  39.768  -29.396  63.398 0.0000000000
47250  40.274  -29.246  63.412 0.0000000000
47251  40.401  -28.735  62.923 0.0000000000
47252  40.798  -29.179  63.371 0.0000000000
47253  41.289  -29.084  63.275 0.0000000000
47254  41.165  -29.724  63.525 0.0000000000
47255  40.897  -33.362  60.512 0.0000000000
47256  41.432  -32.907  60.704 0.0000000000
47257  41.237  -33.240  60.008 0.0000000000
47258  41.437  -33.081  59.418 0.0000000000
47259  40.819  -33.488  59.200 0.0000000000
47260  40.467  -33.621  58.521 0.0000000000
47261  40.319  -33.799  59.074 0.0000000000
50191  23.713  -33.849  67.798 0.0000000000
50192  23.347  -33.736  68.264 0.0000000000
50195  20.864  -32.376  71.751 0.0000000000
50325  59.773  -11.140  35.297 0.0000000000
50326  59.489  -10.978  35.520 0.0000000000
50330  58.142  -12.437  38.697 0.0000000000
50331  58.283  -12.133  38.359 0.0000000000
50332  58.377  -12.622  38.437 0.0000000000
50333  58.561  -12.868  38.112 0.0000000000
50334  58.337  -13.214  38.345 0.0000000000
50335  58.142  -13.859  38.032 0.0000000000
50336  58.118  -13.535  38.568 0.0000000000
50337  56.606  -15.237  40.238 0.0000000000
50338  56.414  -15.512  39.605 0.0000000000
50350  50.534  -16.525  41.856 0.0000000000
50351  50.362  -16.506  41.046 0.0000000000
50352  51.057  -16.181  41.859 0.0000000000
50353  54.675  -14.208  42.882 0.0000000000
50354  54.162  -14.218  42.388 0.0000000000
50355  54.597  -13.975  42.436 0.0000000000
50356  54.575  -13.745  42.046 0.0000000000
50357  55.053  -13.861  42.458 0.0000000000
50358  55.482  -13.855  42.448 0.0000000000
50359  55.489  -14.089  42.784 0.0000000000
50418  44.595  -23.424  60.213 0.0000000000
50419  44.240  -23.277  59.698 0.0000000000
50420  44.671  -22.907  59.755 0.0000000000
50421  45.762  -19.763  56.341 0.0000000000
50422  45.435  -20.333  56.258 0.0000000000
50423  45.503  -19.913  55.518 0.0000000000
50424  45.223  -20.081  54.571 0.0000000000
50425  45.514  -19.518  54.731 0.0000000000
50426  45.325  -19.192  53.769 0.0000000000
50427  45.786  -18.979  54.837 0.0000000000
50428  48.732  -17.010  55.209 0.0000000000
50429  48.206  -16.862  54.713 0.0000000000
50430  48.708  -16.710  54.540 0.0000000000
50431  48.695  -16.488  53.810 0.0000000000
50432  49.233  -16.596  54.301 0.0000000000
50433  49.798  -16.483  53.970 0.0000000000
50434  49.743  -16.815  54.570 0.0000000000
50435  50.402  -20.904  53.602 0.0000000000
50436  50.862  -20.323  53.525 0.0000000000
50437  50.522  -20.944  52.972 0.0000000000
50438  50.605  -21.029  52.345 0.0000000000
52342  60.316  -12.239  32.076 0.0000000000
55023  48.297  -17.544  45.109 0.0000000000
55024  48.559  -17.272  45.979 0.0000000000
55025  50.254  -16.016  48.315 0.0000000000
55026  49.970  -16.273  47.568 0.0000000000
55027  50.691  -15.816  48.198 0.0000000000
55028  51.162  -15.690  48.108 0.0000000000
55029  51.421  -15.517  48.780 0.0000000000
55030  52.068  -15.336  49.264 0.0000000000
55031  51.625  -15.409  49.422 0.0000000000
55032  51.423  -15.573  50.635 0.0000000000
55033  51.904  -15.501  50.477 0.0000000000
55034  51.955  -15.658  50.973 0.0000000000
55035  52.449  -15.993  51.263 0.0000000000
55036  52.012  -15.898  51.466 0.0000000000
55045  44.225  -30.756  59.292 0.0000000000
55046  44.692  -30.126  59.546 0.0000000000
55047  44.528  -30.564  58.781 0.0000000000
55048  44.468  -30.465  56.924 0.0000000000
55049  44.940  -30.084  57.778 0.0000000000
55050  45.070  -29.882  57.183 0.0000000000
55051  45.535  -29.199  57.556 0.0000000000
55052  45.128  -29.604  56.638 0.0000000000
56845  37.223  -31.307  65.526 0.0000000000
56846  37.497  -30.823  65.130 0.0000000000
56847  37.768  -31.328  65.308 0.0000000000
56848  39.036  -32.013  64.603 0.0000000000
56849  38.859  -31.434  64.812 0.0000000000
56850  39.385  -31.459  64.561 0.0000000000
56851  39.702  -30.918  64.413 0.0000000000
56852  39.909  -31.553  64.206 0.0000000000
56853  40.435  -31.584  63.878 0.0000000000
56854  40.009  -32.176  63.819 0.0000000000
56855  39.400  -33.590  62.512 0.0000000000
56856  39.894  -33.225  62.739 0.0000000000
56857  39.813  -33.594  61.984 0.0000000000
56858  40.188  -33.545  61.501 0.0000000000
56859  39.593  -33.888  61.275 0.0000000000
56860  39.389  -34.096  60.597 0.0000000000
56861  39.048  -34.141  61.088 0.0000000000
56863  37.942  -34.555  60.705 0.0000000000
59930  56.733  -12.073  39.214 0.0000000000
59931  56.801  -11.934  38.715 0.0000000000
59932  57.187  -12.090  39.195 0.0000000000
59933  57.568  -12.159  39.075 0.0000000000
59934  57.469  -12.371  39.472 0.0000000000
59935  57.643  -12.810  39.602 0.0000000000
59936  57.348  -12.609  39.842 0.0000000000
59937  56.765  -13.060  40.738 0.0000000000
59938  57.066  -13.220  40.549 0.0000000000
59939  56.960  -13.565  40.834 0.0000000000
59940  57.053  -14.135  40.825 0.0000000000
59941  56.867  -13.897  41.136 0.0000000000
59950  53.149  -15.179  44.737 0.0000000000
59951  52.996  -15.203  44.069 0.0000000000
59952  53.664  -14.972  44.688 0.0000000000
59953  54.913  -15.138  44.742 0.0000000000
59954  54.463  -14.884  44.423 0.0000000000
59955  54.828  -14.894  44.242 0.0000000000
59956  54.767  -14.666  43.742 0.0000000000
59957  55.170  -14.937  44.054 0.0000000000
59958  55.421  -15.055  43.803 0.0000000000
59959  55.382  -15.384  44.175 0.0000000000
59961  55.179  -16.529  44.121 0.0000000000
60018  46.432  -22.534  59.541 0.0000000000
60019  46.020  -22.070  59.484 0.0000000000
60020  46.473  -21.869  59.241 0.0000000000
60021  47.081  -20.292  58.364 0.0000000000
60022  46.664  -20.597  58.510 0.0000000000
60023  46.747  -19.998  58.119 0.0000000000
60024  46.399  -19.815  57.704 0.0000000000
60025  46.849  -19.436  57.664 0.0000000000
60026  46.843  -18.926  57.100 0.0000000000
60027  47.250  -19.134  57.567 0.0000000000
60028  48.563  -19.186  57.273 0.0000000000
60029  48.229  -18.690  57.170 0.0000000000
60030  48.699  -18.540  56.880 0.0000000000
60031  48.726  -17.931  56.417 0.0000000000
60032  49.205  -18.489  56.510 0.0000000000
60033  49.605  -18.392  56.085 0.0000000000
60034  49.490  -19.032  56.441 0.0000000000
60035  49.575  -21.007  56.040 0.0000000000
60036  49.809  -20.268  55.900 0.0000000000
60037  49.804  -20.967  55.486 0.0000000000
60038  50.029  -20.931  54.897 0.0000000000
60039  49.646  -21.588  54.957 0.0000000000
61942  59.342  -13.670  33.659 0.0000000000
61943  59.261  -13.790  32.992 0.0000000000
61944  58.918  -14.097  33.300 0.0000000000
64048  34.757  -31.258  66.702 0.0000000000
64049  34.476  -30.807  66.318 0.0000000000
64050  35.017  -30.931  66.204 0.0000000000
64051  35.210  -30.653  65.580 0.0000000000
64052  35.544  -31.011  66.063 0.0000000000
64053  36.075  -31.111  65.891 0.0000000000
64054  35.829  -31.557  66.355 0.0000000000
64055  35.708  -33.065  66.069 0.0000000000
64056  36.144  -32.636  66.075 0.0000000000
64057  36.211  -33.175  65.619 0.0000000000
64058  36.713  -33.357  65.256 0.0000000000
64059  36.192  -33.677  64.994 0.0000000000
64060  36.128  -34.001  64.385 0.0000000000
64061  35.648  -33.898  64.795 0.0000000000
64062  34.153  -34.332  64.759 0.0000000000
64063  34.520  -34.352  64.288 0.0000000000
64068  32.906  -34.005  66.008 0.0000000000
67149  49.717  -17.097  42.610 0.0000000000
67150  49.282  -17.132  45.101 0.0000000000
67151  49.083  -17.367  44.260 0.0000000000
67152  49.792  -16.891  45.098 0.0000000000
67153  51.423  -15.939  45.780 0.0000000000
67154  50.753  -16.383  45.039 0.0000000000
67155  51.170  -16.150  44.977 0.0000000000
67156  50.972  -16.329  44.152 0.0000000000
67157  51.609  -15.901  44.925 0.0000000000
67158  52.140  -15.627  44.870 0.0000000000
67159  52.348  -15.508  45.530 0.0000000000
67160  53.823  -15.186  47.117 0.0000000000
67161  53.694  -15.143  46.529 0.0000000000
67162  54.197  -15.268  46.887 0.0000000000
67163  54.512  -15.413  46.649 0.0000000000
67164  54.571  -15.692  47.144 0.0000000000
67165  54.694  -16.254  47.205 0.0000000000
67166  54.559  -15.996  47.579 0.0000000000
67167  54.216  -16.378  48.708 0.0000000000
67168  54.331  -16.684  48.358 0.0000000000
67169  54.125  -17.030  48.714 0.0000000000
67170  53.866  -17.654  48.565 0.0000000000
67171  53.908  -17.386  49.014 0.0000000000
67172  53.133  -15.628  49.861 0.0000000000
67173  53.487  -15.766  49.604 0.0000000000
67174  53.476  -16.052  50.069 0.0000000000
67175  53.494  -17.703  50.294 0.0000000000
67176  53.646  -17.271  50.034 0.0000000000
67177  53.513  -17.948  49.891 0.0000000000
67178  53.442  -18.193  49.423 0.0000000000
67179  53.202  -18.650  49.614 0.0000000000
67181  52.976  -19.133  49.767 0.0000000000
67182  52.476  -19.808  50.385 0.0000000000
67183  52.373  -20.059  49.855 0.0000000000
67210  42.507  -26.388  61.664 0.0000000000
67211  42.635  -25.923  61.140 0.0000000000
67212  43.031  -26.121  61.612 0.0000000000
67213  44.341  -26.101  61.433 0.0000000000
67214  43.946  -25.610  61.454 0.0000000000
67215  44.425  -25.409  61.167 0.0000000000
67216  44.476  -24.737  60.889 0.0000000000
67217  44.910  -25.218  60.912 0.0000000000
67218  45.349  -28.569  59.868 0.0000000000
67219  45.292  -27.977  60.410 0.0000000000
67220  45.633  -27.849  59.892 0.0000000000
67221  46.398  -26.165  59.560 0.0000000000
67222  46.036  -26.301  59.959 0.0000000000
67223  46.149  -25.515  59.976 0.0000000000
67224  45.808  -24.841  60.303 0.0000000000
67225  46.241  -24.669  59.941 0.0000000000
67226  46.315  -23.913  59.871 0.0000000000
67227  46.650  -24.531  59.561 0.0000000000
67228  47.422  -25.054  58.130 0.0000000000
67229  47.324  -24.398  58.665 0.0000000000
67230  47.611  -24.354  58.161 0.0000000000
67231  47.772  -23.597  58.135 0.0000000000
67232  47.880  -24.249  57.616 0.0000000000
67233  48.059  -24.152  57.088 0.0000000000
67234  47.765  -24.877  57.038 0.0000000000
67235  46.738  -26.605  55.570 0.0000000000
67236  47.170  -25.973  55.721 0.0000000000
67237  46.704  -26.431  54.960 0.0000000000
67238  46.628  -26.268  54.331 0.0000000000
72618  37.953  -30.127  64.085 0.0000000000
72619  37.538  -30.065  63.286 0.0000000000
72620  38.110  -29.924  63.317 0.0000000000
72621  39.000  -29.255  61.891 0.0000000000
72628  40.606  -27.952  61.822 0.0000000000
72630  40.685  -27.596  61.161 0.0000000000
72632  41.071  -27.178  61.408 0.0000000000
72633  41.529  -26.930  61.516 0.0000000000
72634  41.485  -27.340  62.099 0.0000000000
72635  42.218  -28.851  62.977 0.0000000000
72636  42.324  -28.136  62.792 0.0000000000
72637  42.676  -28.730  62.741 0.0000000000
72638  43.125  -28.611  62.455 0.0000000000
72639  42.979  -29.381  62.481 0.0000000000
72640  41.269  -31.612  63.110 0.0000000000
72641  41.570  -30.931  63.202 0.0000000000
72642  41.687  -31.562  62.733 0.0000000000
72643  42.479  -31.973  61.049 0.0000000000
72644  42.489  -31.442  61.736 0.0000000000
72645  42.902  -31.314  61.224 0.0000000000
72646  43.273  -30.641  61.387 0.0000000000
72647  43.246  -31.229  60.718 0.0000000000
72648  43.568  -31.097  60.273 0.0000000000
72649  43.092  -31.702  60.036 0.0000000000
72650  41.843  -32.702  58.358 0.0000000000
72651  42.459  -32.276  58.590 0.0000000000
72662  38.818  -34.356  59.146 0.0000000000
81456  21.939  -32.243  71.202 0.0000000000
81457  22.233  -31.819  71.292 0.0000000000
81458  22.359  -32.376  70.912 0.0000000000
81459  22.748  -32.609  70.570 0.0000000000
81464  21.256  -34.343  67.352 0.0000000000
81465  21.402  -34.010  68.348 0.0000000000
81466  21.712  -34.107  67.891 0.0000000000
81467  22.173  -33.863  68.400 0.0000000000
81468  22.076  -34.219  67.394 0.0000000000
81469  22.362  -34.217  67.048 0.0000000000
81470  21.901  -34.444  66.454 0.0000000000
81845  60.167  -10.705  33.871 0.0000000000
81846  60.315  -10.370  33.289 0.0000000000
81847  60.365  -10.970  33.569 0.0000000000
81848  60.425  -11.274  33.218 0.0000000000
81849  60.256  -11.666  33.761 0.0000000000
81850  60.109  -12.373  33.855 0.0000000000
81851  60.104  -12.094  34.241 0.0000000000
81852  59.687  -12.438  35.535 0.0000000000
81853  59.705  -12.763  35.067 0.0000000000
81854  59.419  -13.109  35.414 0.0000000000
81855  58.969  -13.764  35.241 0.0000000000
81856  59.079  -13.440  35.750 0.0000000000
81868  58.525  -11.580  37.494 0.0000000000
81869  58.250  -11.291  37.124 0.0000000000
81870  58.629  -11.319  36.993 0.0000000000
81872  58.972  -11.407  36.843 0.0000000000
81873  59.272  -11.548  36.654 0.0000000000
81874  59.105  -11.888  37.069 0.0000000000
81875  58.658  -13.475  37.266 0.0000000000
81876  58.917  -13.157  36.993 0.0000000000
81877  58.585  -13.794  36.710 0.0000000000
81878  58.464  -14.124  36.114 0.0000000000
81879  58.181  -14.415  36.216 0.0000000000
81880  57.630  -14.969  35.750 0.0000000000
81881  57.837  -14.684  36.305 0.0000000000
81882  57.232  -14.989  37.212 0.0000000000
81883  56.997  -15.236  36.588 0.0000000000
81887  57.645  -13.946  39.492 0.0000000000
81888  57.659  -14.225  38.969 0.0000000000
81889  57.374  -14.549  39.178 0.0000000000
81891  56.249  -15.661  38.208 0.0000000000
81933  52.746  -15.197  42.713 0.0000000000
81934  52.107  -15.469  42.013 0.0000000000
81935  52.614  -15.131  42.093 0.0000000000
81936  52.875  -14.537  41.069 0.0000000000
81937  52.347  -14.907  40.918 0.0000000000
81943  54.443  -13.458  41.104 0.0000000000
81945  54.432  -13.259  40.642 0.0000000000
81946  54.402  -13.073  40.125 0.0000000000
81947  55.017  -13.060  40.805 0.0000000000
81948  55.493  -12.892  40.902 0.0000000000
81949  55.496  -13.186  41.305 0.0000000000
81950  56.191  -14.081  42.216 0.0000000000
81951  56.249  -13.783  41.924 0.0000000000
81952  56.431  -14.260  41.964 0.0000000000
81953  56.607  -14.472  41.632 0.0000000000
81954  56.447  -14.839  41.882 0.0000000000
81955  55.820  -15.399  43.243 0.0000000000
81956  55.928  -15.060  42.981 0.0000000000
81957  55.901  -15.632  42.854 0.0000000000
81992  54.226  -17.392  47.053 0.0000000000
81993  54.062  -17.609  46.545 0.0000000000
82104  47.101  -17.246  49.284 0.0000000000
82128  42.808  -25.082  59.830 0.0000000000
82129  42.533  -25.218  59.038 0.0000000000
82130  42.946  -24.699  59.194 0.0000000000
82131  43.660  -23.441  58.157 0.0000000000
82132  43.227  -24.009  57.896 0.0000000000
82133  43.372  -23.625  57.323 0.0000000000
82134  43.072  -23.874  56.381 0.0000000000
82135  43.545  -23.316  56.697 0.0000000000
82136  45.338  -21.584  58.877 0.0000000000
82137  44.902  -22.007  58.812 0.0000000000
82138  45.048  -21.553  58.257 0.0000000000
82139  44.756  -21.475  55.811 0.0000000000
82140  44.569  -21.856  56.612 0.0000000000
82141  44.368  -22.022  55.656 0.0000000000
82142  43.887  -22.600  55.333 0.0000000000
82143  44.023  -22.235  54.546 0.0000000000
82144  43.575  -22.483  53.365 0.0000000000
82145  44.085  -21.876  53.731 0.0000000000
82153  44.610  -18.682  51.826 0.0000000000
82157  44.584  -18.094  51.137 0.0000000000
82158  46.870  -18.055  55.728 0.0000000000
82159  46.403  -18.093  54.877 0.0000000000
82160  46.790  -17.710  54.893 0.0000000000
82161  46.970  -16.979  53.232 0.0000000000
82162  46.437  -17.251  53.160 0.0000000000
82163  46.341  -17.183  52.389 0.0000000000
82164  45.546  -17.469  51.407 0.0000000000
82165  46.138  -17.190  51.571 0.0000000000
82166  46.003  -17.259  50.815 0.0000000000
82167  46.686  -16.993  51.668 0.0000000000
82168  48.588  -16.341  52.308 0.0000000000
82169  47.917  -16.606  51.681 0.0000000000
82170  48.508  -16.410  51.556 0.0000000000
82171  48.504  -16.499  50.827 0.0000000000
82172  49.165  -16.196  51.418 0.0000000000
82173  49.810  -16.009  51.255 0.0000000000
82174  49.784  -16.014  51.916 0.0000000000
82175  50.905  -16.418  53.281 0.0000000000
82176  50.965  -16.123  52.703 0.0000000000
82177  51.403  -16.437  52.950 0.0000000000
82178  51.867  -16.457  52.556 0.0000000000
82179  51.788  -16.896  53.040 0.0000000000
82180  50.424  -18.336  55.143 0.0000000000
82181  50.614  -17.806  54.733 0.0000000000
82182  50.868  -18.408  54.645 0.0000000000
82183  51.609  -19.259  53.236 0.0000000000
82184  51.591  -18.574  53.600 0.0000000000
82185  51.919  -18.740  53.069 0.0000000000
82186  52.198  -18.198  52.819 0.0000000000
82187  52.172  -18.942  52.573 0.0000000000
82188  52.351  -19.099  52.023 0.0000000000
82189  51.992  -19.600  52.170 0.0000000000
82195  48.306  -23.906  56.004 0.0000000000
82196  48.666  -23.170  56.091 0.0000000000
82197  48.349  -23.771  55.454 0.0000000000
82199  48.405  -23.548  54.281 0.0000000000
82200  48.393  -23.406  53.672 0.0000000000
82201  48.901  -22.766  53.704 0.0000000000
92918  48.311  -17.188  46.825 0.0000000000
92919  48.831  -16.974  46.837 0.0000000000
92920  49.063  -16.673  47.634 0.0000000000
92921  49.771  -16.223  48.349 0.0000000000
92922  50.473  -15.811  48.973 0.0000000000
92923  51.151  -15.509  49.539 0.0000000000
92924  50.599  -15.718  49.571 0.0000000000
92925  50.853  -15.662  50.253 0.0000000000
92926  50.909  -15.683  50.805 0.0000000000
92932  43.524  -31.445  57.815 0.0000000000
92933  44.164  -30.939  58.006 0.0000000000
92934  43.670  -31.221  57.215 0.0000000000
94012  37.557  -32.439  65.341 0.0000000000
94013  37.934  -31.912  65.256 0.0000000000
94014  38.065  -32.567  64.981 0.0000000000
94015  38.594  -32.564  64.584 0.0000000000
94016  39.086  -32.592  64.209 0.0000000000
94017  39.535  -32.648  63.746 0.0000000000
94018  39.078  -33.189  63.632 0.0000000000
94019  38.994  -33.620  62.965 0.0000000000
94020  38.840  -33.960  62.219 0.0000000000
94021  38.700  -34.175  61.569 0.0000000000
94022  38.319  -34.212  62.099 0.0000000000
94023  37.755  -34.395  61.884 0.0000000000
94024  37.150  -34.549  61.605 0.0000000000
95864  56.210  -12.124  39.140 0.0000000000
95865  56.646  -12.242  39.661 0.0000000000
95866  56.960  -12.476  40.011 0.0000000000
95867  56.533  -12.414  40.109 0.0000000000
95868  56.463  -12.675  40.498 0.0000000000
95869  56.399  -12.954  40.831 0.0000000000
95875  54.341  -15.102  45.672 0.0000000000
95876  54.244  -15.002  45.145 0.0000000000
95877  54.686  -15.182  45.455 0.0000000000
95878  54.967  -15.333  45.208 0.0000000000
95879  55.183  -15.535  44.915 0.0000000000
95880  55.330  -15.731  44.590 0.0000000000
95881  55.217  -16.004  44.981 0.0000000000
95882  55.007  -16.620  44.958 0.0000000000
95916  47.263  -22.229  58.857 0.0000000000
95917  46.935  -21.664  58.983 0.0000000000
95918  47.342  -21.495  58.648 0.0000000000
95919  47.451  -20.759  58.389 0.0000000000
95920  47.538  -20.092  58.134 0.0000000000
95921  47.653  -19.432  57.845 0.0000000000
95922  47.991  -19.966  57.889 0.0000000000
95923  48.439  -19.864  57.608 0.0000000000
95924  48.893  -19.804  57.166 0.0000000000
95925  49.292  -19.668  56.740 0.0000000000
95926  49.123  -20.422  56.914 0.0000000000
95927  49.233  -21.067  56.596 0.0000000000
95928  49.286  -21.711  56.123 0.0000000000
97069  58.633  -14.304  34.278 0.0000000000
97070  58.541  -14.419  33.615 0.0000000000
97071  58.161  -14.770  33.880 0.0000000000
98334  33.946  -31.530  67.187 0.0000000000
98335  34.463  -31.639  67.031 0.0000000000
98336  34.957  -31.793  66.845 0.0000000000
98337  35.463  -31.936  66.605 0.0000000000
98338  35.114  -32.382  66.739 0.0000000000
98339  35.204  -32.937  66.391 0.0000000000
98340  35.218  -33.445  65.842 0.0000000000
98341  35.159  -33.810  65.261 0.0000000000
98342  34.683  -33.750  65.680 0.0000000000
98343  34.196  -34.022  65.426 0.0000000000
98344  33.774  -34.222  65.150 0.0000000000
100195  50.747  -16.139  46.711 0.0000000000
100196  50.530  -16.413  45.915 0.0000000000
100197  51.209  -15.948  46.632 0.0000000000
100198  51.664  -15.739  46.509 0.0000000000
100199  52.090  -15.537  46.346 0.0000000000
100200  52.539  -15.378  46.213 0.0000000000
100201  52.747  -15.292  46.888 0.0000000000
100202  53.393  -15.206  47.335 0.0000000000
100203  54.012  -15.388  47.706 0.0000000000
100204  54.328  -15.768  47.891 0.0000000000
100205  54.070  -15.550  48.176 0.0000000000
100206  54.097  -15.838  48.627 0.0000000000
100207  54.042  -16.131  49.044 0.0000000000
100208  53.142  -16.210  50.737 0.0000000000
100209  53.452  -16.401  50.476 0.0000000000
100210  53.381  -16.788  50.801 0.0000000000
100211  53.414  -17.447  50.697 0.0000000000
100212  53.309  -18.107  50.537 0.0000000000
100213  53.071  -18.864  50.256 0.0000000000
100214  53.108  -18.556  50.735 0.0000000000
100215  52.855  -19.064  50.834 0.0000000000
100216  52.530  -19.499  50.927 0.0000000000
100231  43.336  -27.196  62.153 0.0000000000
100232  43.432  -26.516  61.897 0.0000000000
100233  43.823  -27.032  61.915 0.0000000000
100234  44.271  -26.865  61.622 0.0000000000
100235  44.737  -26.697  61.254 0.0000000000
100236  45.898  -28.249  58.857 0.0000000000
100237  45.949  -27.663  59.413 0.0000000000
100238  46.182  -27.515  58.883 0.0000000000
100239  46.498  -26.785  59.002 0.0000000000
100240  46.703  -26.014  59.104 0.0000000000
100241  46.871  -25.255  59.113 0.0000000000
100242  46.919  -25.909  58.590 0.0000000000
100243  47.172  -25.817  58.085 0.0000000000
100244  47.356  -25.675  57.545 0.0000000000
100245  47.426  -25.545  56.970 0.0000000000
100246  47.111  -26.255  56.892 0.0000000000
100247  46.769  -26.761  56.190 0.0000000000
100248  46.356  -27.235  55.472 0.0000000000
103476  39.063  -29.925  64.015 0.0000000000
103477  38.683  -29.752  63.363 0.0000000000
103478  39.265  -29.550  63.437 0.0000000000
103479  39.377  -29.225  62.737 0.0000000000
103480  39.532  -28.954  62.027 0.0000000000
103482  40.026  -28.596  62.246 0.0000000000
103483  40.539  -28.327  62.404 0.0000000000
103484  40.989  -28.113  62.500 0.0000000000
103485  41.477  -27.852  62.640 0.0000000000
103486  41.395  -28.462  62.967 0.0000000000
103487  41.768  -29.015  63.145 0.0000000000
103488  42.083  -29.600  63.045 0.0000000000
103489  41.239  -32.658  61.920 0.0000000000
103490  41.686  -32.119  62.105 0.0000000000
103491  41.593  -32.549  61.451 0.0000000000
103492  41.941  -32.430  60.945 0.0000000000
103493  42.274  -32.326  60.373 0.0000000000
103494  42.552  -32.192  59.841 0.0000000000
103495  41.990  -32.616  59.627 0.0000000000
103496  41.616  -32.871  58.861 0.0000000000
103497  41.214  -33.128  58.094 0.0000000000
103499  40.654  -33.435  57.987 0.0000000000
108768  24.761  -32.308  70.208 0.0000000000
108769  25.217  -32.444  70.059 0.0000000000
108770  24.778  -32.787  69.733 0.0000000000
108775  23.544  -34.148  66.803 0.0000000000
108776  23.014  -34.340  66.262 0.0000000000
108780  21.530  -32.042  71.604 0.0000000000
108781  21.631  -32.625  71.072 0.0000000000
108786  21.112  -34.627  66.409 0.0000000000
109013  59.924  -10.532  34.114 0.0000000000
109014  60.049  -11.057  34.445 0.0000000000
109015  60.060  -11.756  34.628 0.0000000000
109016  59.967  -11.403  35.003 0.0000000000
109017  59.799  -11.754  35.485 0.0000000000
109018  59.607  -12.122  35.964 0.0000000000
109026  58.083  -11.757  38.079 0.0000000000
109027  58.409  -11.853  37.948 0.0000000000
109028  58.696  -11.988  37.725 0.0000000000
109029  58.929  -12.234  37.425 0.0000000000
109030  58.765  -12.578  37.784 0.0000000000
109031  58.691  -13.181  37.717 0.0000000000
109032  58.403  -13.809  37.386 0.0000000000
109033  58.006  -14.415  36.908 0.0000000000
109034  58.108  -14.142  37.481 0.0000000000
109035  57.774  -14.480  37.601 0.0000000000
109036  57.458  -14.746  37.801 0.0000000000
109037  57.167  -14.637  39.936 0.0000000000
109038  57.057  -14.878  39.373 0.0000000000
109039  56.747  -15.206  39.491 0.0000000000
109040  56.166  -15.712  38.947 0.0000000000
109065  53.759  -14.594  42.832 0.0000000000
109066  53.114  -14.793  42.205 0.0000000000
109067  53.624  -14.493  42.304 0.0000000000
109068  53.539  -14.329  41.792 0.0000000000
109069  53.391  -14.171  41.230 0.0000000000
109071  53.932  -13.849  41.408 0.0000000000
109072  54.484  -13.601  41.584 0.0000000000
109073  55.033  -13.461  41.704 0.0000000000
109074  55.486  -13.417  41.725 0.0000000000
109075  55.491  -13.640  42.108 0.0000000000
109076  55.887  -13.933  42.383 0.0000000000
109077  56.102  -14.399  42.456 0.0000000000
109100  53.620  -18.078  47.589 0.0000000000
109101  53.407  -18.258  47.070 0.0000000000
109182  43.651  -24.217  60.069 0.0000000000
109183  43.371  -24.186  59.395 0.0000000000
109184  43.774  -23.692  59.557 0.0000000000
109185  43.911  -23.342  58.933 0.0000000000
109186  44.051  -22.937  58.429 0.0000000000
109187  45.576  -20.652  57.649 0.0000000000
109188  45.182  -21.165  57.587 0.0000000000
109189  45.299  -20.765  56.892 0.0000000000
109190  45.087  -20.908  56.064 0.0000000000
109191  44.856  -21.066  55.125 0.0000000000
109192  44.557  -21.277  54.069 0.0000000000
109193  44.934  -20.684  54.392 0.0000000000
109194  44.864  -20.306  53.486 0.0000000000
109195  44.541  -19.996  52.497 0.0000000000
109197  44.815  -19.433  52.666 0.0000000000
109198  45.025  -18.909  52.794 0.0000000000
109199  45.331  -18.403  52.910 0.0000000000
109200  47.712  -17.366  55.617 0.0000000000
109201  47.215  -17.353  54.899 0.0000000000
109202  47.694  -17.066  54.819 0.0000000000
109203  47.622  -16.857  54.047 0.0000000000
109204  47.556  -16.767  53.260 0.0000000000
109205  47.444  -16.712  52.542 0.0000000000
109206  48.099  -16.556  53.218 0.0000000000
109207  48.614  -16.388  53.041 0.0000000000
109208  49.188  -16.235  52.838 0.0000000000
109209  49.808  -16.099  52.623 0.0000000000
109210  49.797  -16.242  53.305 0.0000000000
109211  50.341  -16.409  53.631 0.0000000000
109212  50.810  -16.801  53.822 0.0000000000
109213  50.706  -19.606  54.582 0.0000000000
109214  50.980  -19.040  54.379 0.0000000000
109215  50.995  -19.678  53.998 0.0000000000
109216  51.253  -19.746  53.411 0.0000000000
109217  51.452  -19.919  52.812 0.0000000000
109218  51.586  -20.074  52.255 0.0000000000
109219  51.124  -20.577  52.300 0.0000000000
109220  50.698  -21.172  51.793 0.0000000000
109222  47.517  -25.018  54.672 0.0000000000
109223  47.941  -24.327  54.790 0.0000000000
109224  47.458  -24.881  54.047 0.0000000000
109225  47.384  -24.714  53.426 0.0000000000
115526  33.292  -32.309  67.487 0.0000000000
115527  33.373  -32.886  67.238 0.0000000000
115528  33.400  -33.354  66.882 0.0000000000
115529  32.944  -33.177  67.141 0.0000000000
116968  48.123  -17.821  44.191 0.0000000000
116969  48.791  -17.349  45.131 0.0000000000
116970  49.538  -16.835  45.990 0.0000000000
116971  49.285  -16.765  46.810 0.0000000000
116972  49.732  -16.564  46.772 0.0000000000
116973  50.217  -16.359  46.731 0.0000000000
116974  50.936  -15.891  47.429 0.0000000000
116975  51.645  -15.528  48.014 0.0000000000
116976  52.330  -15.294  48.486 0.0000000000
116977  52.965  -15.301  48.883 0.0000000000
116978  52.503  -15.285  49.088 0.0000000000
116979  52.638  -15.385  49.600 0.0000000000
116980  52.777  -15.507  50.102 0.0000000000
116981  51.788  -15.411  49.992 0.0000000000
116982  52.342  -15.461  50.315 0.0000000000
116983  52.801  -15.759  50.549 0.0000000000
116984  52.810  -16.072  51.009 0.0000000000
116985  52.819  -16.434  51.391 0.0000000000
116986  52.724  -16.743  51.733 0.0000000000
116998  44.328  -29.611  60.718 0.0000000000
116999  44.623  -28.868  60.803 0.0000000000
117000  44.721  -29.511  60.206 0.0000000000
117001  45.025  -29.340  59.718 0.0000000000
117002  45.332  -29.142  59.246 0.0000000000
117003  44.725  -30.316  58.298 0.0000000000
117004  45.219  -29.667  58.548 0.0000000000
117005  45.549  -29.002  58.721 0.0000000000
117006  45.754  -28.794  58.232 0.0000000000
117007  45.898  -28.566  57.655 0.0000000000
117008  45.924  -28.364  57.020 0.0000000000
117009  45.954  -28.201  56.453 0.0000000000
117010  45.583  -28.795  56.327 0.0000000000
119518  36.544  -30.469  64.816 0.0000000000
119519  36.751  -30.297  64.071 0.0000000000
119520  37.150  -30.467  64.733 0.0000000000
119521  37.726  -30.437  64.674 0.0000000000
119522  38.306  -30.418  64.581 0.0000000000
119523  38.322  -31.407  65.058 0.0000000000
119524  38.614  -30.867  64.802 0.0000000000
119525  38.862  -30.392  64.450 0.0000000000
119526  39.408  -30.345  64.367 0.0000000000
119527  39.940  -30.354  64.175 0.0000000000
119528  40.441  -30.321  64.003 0.0000000000
119529  40.958  -30.315  63.732 0.0000000000
119530  40.753  -30.980  63.861 0.0000000000
119531  40.868  -31.640  63.504 0.0000000000
119532  40.880  -32.200  63.021 0.0000000000
119533  40.003  -32.713  63.334 0.0000000000
119534  40.431  -32.742  62.875 0.0000000000
119535  40.831  -32.731  62.387 0.0000000000
119536  40.727  -33.159  61.689 0.0000000000
119537  40.583  -33.478  61.012 0.0000000000
119538  40.264  -33.745  60.267 0.0000000000
119539  40.011  -33.909  59.563 0.0000000000
119540  39.713  -33.990  60.104 0.0000000000
119541  39.144  -34.271  59.903 0.0000000000
119543  38.469  -34.379  60.898 0.0000000000
123643  23.969  -32.433  70.381 0.0000000000
123838  56.301  -11.952  38.029 0.0000000000
123839  56.838  -11.797  38.187 0.0000000000
123841  57.649  -11.928  38.626 0.0000000000
123842  57.891  -12.270  38.898 0.0000000000
123843  58.023  -12.720  39.024 0.0000000000
123844  58.015  -13.275  38.979 0.0000000000
123845  57.857  -13.037  39.313 0.0000000000
123846  57.687  -13.330  39.625 0.0000000000
123847  57.518  -13.650  39.929 0.0000000000
123848  57.219  -12.900  40.247 0.0000000000
123849  57.324  -13.421  40.275 0.0000000000
123850  57.377  -14.050  40.181 0.0000000000
123851  57.177  -14.385  40.400 0.0000000000
123852  56.957  -14.671  40.618 0.0000000000
123853  56.696  -14.979  40.783 0.0000000000
123865  51.846  -15.826  43.365 0.0000000000
123866  51.687  -15.869  42.663 0.0000000000
123867  52.339  -15.508  43.415 0.0000000000
123868  52.886  -15.212  43.399 0.0000000000
123869  53.386  -14.959  43.375 0.0000000000
123870  54.057  -14.887  44.585 0.0000000000
123871  53.961  -14.832  43.932 0.0000000000
123872  53.829  -14.744  43.360 0.0000000000
123873  54.311  -14.550  43.334 0.0000000000
123874  54.735  -14.441  43.297 0.0000000000
123875  55.130  -14.396  43.234 0.0000000000
123876  55.506  -14.393  43.142 0.0000000000
123877  55.473  -14.752  43.468 0.0000000000
123878  55.644  -15.202  43.538 0.0000000000
123879  55.644  -15.763  43.520 0.0000000000
123880  55.419  -15.922  44.218 0.0000000000
123881  55.459  -16.131  43.802 0.0000000000
123882  55.406  -16.398  43.340 0.0000000000
123960  45.499  -22.852  60.006 0.0000000000
123961  45.109  -22.575  59.713 0.0000000000
123962  45.574  -22.310  59.645 0.0000000000
123963  45.648  -21.774  59.271 0.0000000000
123964  45.768  -21.215  58.803 0.0000000000
123965  46.534  -21.260  58.903 0.0000000000
123966  46.204  -20.920  58.674 0.0000000000
123967  45.861  -20.725  58.255 0.0000000000
123968  45.977  -20.218  57.706 0.0000000000
123969  46.042  -19.754  57.110 0.0000000000
123970  46.149  -19.277  56.478 0.0000000000
123971  46.175  -18.886  55.772 0.0000000000
123972  46.504  -18.844  56.505 0.0000000000
123973  46.883  -18.467  56.472 0.0000000000
123974  47.318  -18.131  56.429 0.0000000000
123975  47.732  -18.876  57.398 0.0000000000
123976  47.776  -18.334  56.905 0.0000000000
123977  47.814  -17.835  56.321 0.0000000000
123978  48.272  -17.587  56.107 0.0000000000
123979  48.749  -17.412  55.842 0.0000000000
123980  49.233  -17.312  55.505 0.0000000000
123981  49.746  -17.249  55.122 0.0000000000
123982  49.685  -17.788  55.630 0.0000000000
123983  50.019  -18.341  55.613 0.0000000000
123984  50.281  -18.930  55.441 0.0000000000
123985  49.697  -19.613  56.247 0.0000000000
123986  50.072  -19.572  55.754 0.0000000000
123987  50.432  -19.576  55.141 0.0000000000
123988  50.398  -20.245  54.739 0.0000000000
123989  50.233  -20.889  54.285 0.0000000000
123990  49.934  -21.523  53.724 0.0000000000
126655  59.810  -12.956  32.889 0.0000000000
126656  59.680  -13.099  32.236 0.0000000000
126657  59.458  -13.438  32.619 0.0000000000
126658  59.086  -13.910  32.365 0.0000000000
129515  35.359  -30.454  64.865 0.0000000000
129516  35.944  -30.504  64.834 0.0000000000
129517  36.324  -30.767  65.415 0.0000000000
129518  36.623  -31.198  65.734 0.0000000000
129519  36.907  -31.761  65.810 0.0000000000
129520  36.010  -32.114  66.318 0.0000000000
129521  36.535  -32.253  65.985 0.0000000000
129522  37.055  -32.332  65.670 0.0000000000
129523  37.169  -32.926  65.315 0.0000000000
129524  37.164  -33.444  64.786 0.0000000000
129525  37.105  -33.868  64.110 0.0000000000
129526  37.028  -34.185  63.446 0.0000000000
129527  36.561  -34.107  63.921 0.0000000000
129528  35.976  -34.278  63.660 0.0000000000
129529  35.436  -34.465  63.432 0.0000000000
129530  35.082  -34.109  64.622 0.0000000000
129531  34.982  -34.381  63.939 0.0000000000
129536  33.367  -33.727  66.281 0.0000000000
129537  33.321  -34.081  65.602 0.0000000000
133439  50.035  -16.857  41.847 0.0000000000
133440  50.697  -16.486  42.603 0.0000000000
133442  48.916  -17.545  43.395 0.0000000000
133443  49.404  -17.279  43.437 0.0000000000
133444  50.295  -16.639  45.091 0.0000000000
133445  50.072  -16.846  44.263 0.0000000000
133446  49.888  -17.005  43.424 0.0000000000
133447  50.358  -16.714  43.384 0.0000000000
133448  50.831  -16.414  43.381 0.0000000000
133449  51.341  -16.122  43.363 0.0000000000
133450  51.982  -15.764  44.122 0.0000000000
133451  52.650  -15.392  44.811 0.0000000000
133452  53.330  -15.153  45.390 0.0000000000
133453  53.021  -15.255  46.066 0.0000000000
133454  53.473  -15.160  45.930 0.0000000000
133455  53.917  -15.081  45.846 0.0000000000
133456  54.435  -15.227  46.170 0.0000000000
133457  54.782  -15.587  46.384 0.0000000000
133458  54.839  -16.133  46.458 0.0000000000
133459  54.712  -16.738  46.399 0.0000000000
133460  54.729  -16.507  46.811 0.0000000000
133461  54.558  -16.822  47.152 0.0000000000
133462  54.318  -17.174  47.482 0.0000000000
133463  54.481  -16.323  47.967 0.0000000000
133464  54.352  -16.935  47.918 0.0000000000
133465  54.019  -17.523  47.816 0.0000000000
133466  53.769  -17.892  48.085 0.0000000000
133467  53.519  -18.268  48.275 0.0000000000
133468  53.251  -18.652  48.466 0.0000000000
133469  53.476  -15.532  49.155 0.0000000000
133470  53.794  -15.938  49.344 0.0000000000
133471  53.921  -16.466  49.423 0.0000000000
133472  53.645  -16.606  50.107 0.0000000000
133473  53.789  -16.848  49.745 0.0000000000
133474  53.892  -17.105  49.412 0.0000000000
133475  53.692  -17.760  49.253 0.0000000000
133476  53.358  -18.415  48.954 0.0000000000
133516  41.799  -26.264  60.262 0.0000000000
133517  41.934  -25.976  59.534 0.0000000000
133518  42.258  -25.848  60.419 0.0000000000
133519  42.715  -25.475  60.514 0.0000000000
133520  43.143  -25.097  60.558 0.0000000000
133521  43.499  -25.849  61.505 0.0000000000
133522  43.522  -25.269  61.092 0.0000000000
133523  43.579  -24.717  60.607 0.0000000000
133524  44.048  -24.355  60.604 0.0000000000
133525  44.484  -24.025  60.556 0.0000000000
133526  44.970  -23.716  60.470 0.0000000000
133527  44.884  -28.109  60.864 0.0000000000
133528  45.073  -27.346  60.866 0.0000000000
133529  45.203  -26.567  60.846 0.0000000000
133530  45.883  -27.071  59.921 0.0000000000
133531  45.643  -26.463  60.382 0.0000000000
133532  45.309  -25.824  60.750 0.0000000000
133533  45.374  -24.977  60.655 0.0000000000
133534  45.405  -24.223  60.488 0.0000000000
133535  45.463  -23.506  60.279 0.0000000000
133536  45.933  -23.357  60.020 0.0000000000
133537  46.405  -23.234  59.740 0.0000000000
133538  46.822  -23.078  59.407 0.0000000000
133539  46.992  -24.444  59.184 0.0000000000
133540  47.113  -23.720  59.094 0.0000000000
133541  47.200  -23.009  59.000 0.0000000000
133542  47.565  -22.903  58.555 0.0000000000
133543  47.945  -22.756  58.090 0.0000000000
133544  48.236  -22.709  57.614 0.0000000000
133545  48.481  -22.633  57.141 0.0000000000
133546  48.296  -23.394  57.097 0.0000000000
133547  48.197  -24.036  56.557 0.0000000000
133548  47.949  -24.618  55.956 0.0000000000
133549  47.520  -25.447  56.371 0.0000000000
133550  47.579  -25.282  55.821 0.0000000000
133551  47.541  -25.150  55.211 0.0000000000
133552  47.070  -25.666  54.469 0.0000000000
133555  45.929  -27.987  55.893 0.0000000000
133556  45.886  -27.780  55.330 0.0000000000
140234  47.833  -17.411  46.853 0.0000000000
140235  48.057  -17.175  47.636 0.0000000000
140236  48.257  -16.969  48.356 0.0000000000
140278  38.310  -29.742  62.568 0.0000000000
140292  41.354  -26.654  60.110 0.0000000000
140293  41.673  -26.541  60.946 0.0000000000
140294  42.025  -26.636  61.613 0.0000000000
140295  42.473  -26.868  62.129 0.0000000000
140296  41.898  -27.650  62.591 0.0000000000
140297  42.396  -27.437  62.504 0.0000000000
140298  42.857  -27.295  62.368 0.0000000000
140299  43.244  -27.817  62.380 0.0000000000
140300  43.569  -28.481  62.131 0.0000000000
140301  43.795  -29.110  61.728 0.0000000000
140302  41.414  -30.306  63.459 0.0000000000
140303  41.857  -30.312  63.140 0.0000000000
140304  42.311  -30.247  62.747 0.0000000000
140305  42.073  -31.515  62.232 0.0000000000
140306  42.448  -30.849  62.304 0.0000000000
140307  42.737  -30.127  62.427 0.0000000000
140308  43.180  -30.021  61.998 0.0000000000
140309  43.573  -29.916  61.575 0.0000000000
140310  43.971  -29.758  61.162 0.0000000000
140311  44.032  -30.389  60.474 0.0000000000
140312  43.914  -30.934  59.751 0.0000000000
140313  43.682  -31.335  59.065 0.0000000000
140314  42.838  -32.030  59.347 0.0000000000
140315  43.054  -31.864  58.844 0.0000000000
140316  43.363  -31.647  58.357 0.0000000000
140317  42.843  -31.925  57.561 0.0000000000
140330  39.702  -34.030  58.840 0.0000000000
140348  36.887  -34.381  62.751 0.0000000000
150990  22.929  -31.637  71.019 0.0000000000
150994  20.897  -32.946  71.007 0.0000000000
150997  21.047  -33.904  68.771 0.0000000000
151003  22.846  -33.985  67.635 0.0000000000
151004  22.672  -34.283  66.657 0.0000000000
151460  60.597  -10.890  32.726 0.0000000000
151461  60.448  -11.592  32.848 0.0000000000
151462  60.186  -12.328  32.918 0.0000000000
151463  59.987  -12.673  33.383 0.0000000000
151464  59.773  -13.049  33.782 0.0000000000
151465  59.508  -13.369  34.154 0.0000000000
151466  59.927  -12.432  34.690 0.0000000000
151467  59.631  -13.065  34.621 0.0000000000
151468  59.200  -13.651  34.503 0.0000000000
151469  58.834  -14.016  34.746 0.0000000000
151470  58.460  -14.414  34.917 0.0000000000
151471  58.074  -14.746  35.016 0.0000000000
151490  59.388  -11.261  36.095 0.0000000000
151491  59.470  -11.826  36.350 0.0000000000
151492  59.384  -12.490  36.390 0.0000000000
151493  59.077  -12.526  37.086 0.0000000000
151494  59.153  -12.842  36.705 0.0000000000
151495  59.153  -13.111  36.254 0.0000000000
151496  58.755  -13.773  35.980 0.0000000000
151497  58.271  -14.443  35.533 0.0000000000
151498  57.720  -15.032  35.107 0.0000000000
151502  57.412  -14.964  36.418 0.0000000000
151508  57.891  -13.877  38.767 0.0000000000
151509  57.597  -14.488  38.403 0.0000000000
151510  57.065  -15.050  37.948 0.0000000000
151511  56.866  -15.121  38.731 0.0000000000
151512  56.632  -15.380  38.107 0.0000000000
151513  56.389  -15.618  37.461 0.0000000000
151562  51.590  -15.824  41.928 0.0000000000
151563  51.455  -15.752  41.271 0.0000000000
151564  51.269  -15.676  40.610 0.0000000000
151565  52.504  -15.028  41.535 0.0000000000
151566  51.805  -15.295  40.763 0.0000000000
151580  55.579  -12.689  40.468 0.0000000000
151581  55.969  -12.898  40.885 0.0000000000
151582  56.341  -13.242  41.205 0.0000000000
151583  55.904  -13.434  41.676 0.0000000000
151584  56.296  -13.511  41.583 0.0000000000
151585  56.625  -13.691  41.382 0.0000000000
151586  56.755  -14.191  41.392 0.0000000000
151587  56.688  -14.740  41.254 0.0000000000
151588  56.425  -15.331  40.898 0.0000000000
151589  55.792  -14.554  42.974 0.0000000000
151590  56.015  -14.717  42.724 0.0000000000
151591  56.187  -14.894  42.400 0.0000000000
151593  56.103  -15.512  42.179 0.0000000000
151594  56.324  -15.164  42.047 0.0000000000
151595  56.281  -15.428  41.561 0.0000000000
151596  56.170  -15.682  41.015 0.0000000000
151634  54.380  -17.272  46.233 0.0000000000
151635  53.897  -17.803  46.044 0.0000000000
151767  47.687  -17.238  48.424 0.0000000000
151768  48.314  -16.811  49.197 0.0000000000
151796  42.113  -25.699  58.863 0.0000000000
151798  42.400  -25.084  57.440 0.0000000000
151799  43.087  -24.366  58.554 0.0000000000
151800  42.795  -24.605  57.669 0.0000000000
151801  42.487  -24.751  56.717 0.0000000000
151802  42.607  -24.415  56.024 0.0000000000
151803  42.710  -24.109  55.293 0.0000000000
151805  44.762  -22.463  59.253 0.0000000000
151806  44.473  -22.458  58.614 0.0000000000
151807  44.196  -22.542  57.889 0.0000000000
151808  44.793  -21.672  57.478 0.0000000000
151809  44.400  -22.197  57.254 0.0000000000
151810  43.989  -22.746  57.022 0.0000000000
151811  43.707  -22.997  56.030 0.0000000000
151812  43.363  -23.183  54.971 0.0000000000
151813  42.918  -23.368  53.813 0.0000000000
151817  44.115  -21.536  52.955 0.0000000000
151832  46.089  -18.474  54.897 0.0000000000
151833  45.879  -18.199  53.921 0.0000000000
151834  45.645  -17.955  53.020 0.0000000000
151835  46.631  -17.429  54.028 0.0000000000
151836  45.979  -17.586  53.101 0.0000000000
151837  45.311  -17.812  52.118 0.0000000000
151838  45.064  -17.752  51.282 0.0000000000
151843  46.480  -17.186  50.105 0.0000000000
151844  47.294  -16.799  51.717 0.0000000000
151845  47.229  -16.889  50.959 0.0000000000
151846  47.119  -17.022  50.149 0.0000000000
151847  47.778  -16.847  50.134 0.0000000000
151848  48.399  -16.635  50.023 0.0000000000
151849  49.016  -16.406  49.878 0.0000000000
151850  49.661  -16.086  50.445 0.0000000000
151851  50.369  -15.838  51.024 0.0000000000
151852  50.949  -15.753  51.464 0.0000000000
151853  50.471  -15.978  52.399 0.0000000000
151854  50.982  -15.889  52.090 0.0000000000
151855  51.529  -15.867  51.771 0.0000000000
151856  51.999  -16.139  52.006 0.0000000000
151857  52.329  -16.560  52.130 0.0000000000
151858  52.574  -17.148  52.138 0.0000000000
151859  50.230  -17.265  54.710 0.0000000000
151860  50.712  -17.297  54.301 0.0000000000
151861  51.218  -17.341  53.821 0.0000000000
151862  51.229  -18.487  54.122 0.0000000000
151863  51.474  -17.945  53.743 0.0000000000
151864  51.699  -17.414  53.375 0.0000000000
151865  52.068  -17.527  52.958 0.0000000000
151866  52.397  -17.690  52.533 0.0000000000
151867  52.690  -17.857  52.063 0.0000000000
151868  52.663  -18.602  51.831 0.0000000000
151869  52.469  -19.264  51.472 0.0000000000
151870  52.129  -19.924  51.048 0.0000000000
151871  51.680  -20.245  51.697 0.0000000000
151872  51.707  -20.419  51.139 0.0000000000
151877  48.749  -22.516  56.665 0.0000000000
151878  49.002  -22.417  56.130 0.0000000000
151879  49.121  -22.346  55.551 0.0000000000
151880  48.400  -23.632  54.880 0.0000000000
151881  48.851  -22.944  54.973 0.0000000000
151882  49.248  -22.270  54.940 0.0000000000
151883  49.374  -22.179  54.367 0.0000000000
151884  49.426  -22.118  53.756 0.0000000000
151885  49.465  -22.101  53.081 0.0000000000
