#!ascii label  , from subject fsaverage vox2ras=TkReg
972
12  11.028  14.638  62.225 0.0000000000
42  22.497  0.625  63.941 0.0000000000
223  9.951  2.903  66.210 0.0000000000
362  17.434  7.581  60.575 0.0000000000
370  15.377  -2.488  67.570 0.0000000000
692  7.877  17.394  61.450 0.0000000000
703  10.492  8.949  63.915 0.0000000000
705  7.457  11.986  62.807 0.0000000000
842  20.336  4.668  63.433 0.0000000000
853  18.198  -4.893  63.397 0.0000000000
855  18.928  -0.688  65.448 0.0000000000
856  16.657  2.016  63.149 0.0000000000
1551  9.491  -2.257  66.783 0.0000000000
1802  13.824  11.088  59.938 0.0000000000
1803  15.136  15.670  58.978 0.0000000000
1821  13.085  0.494  66.186 0.0000000000
1822  13.497  5.128  62.364 0.0000000000
2623  10.613  11.836  63.117 0.0000000000
2624  8.558  10.873  64.651 0.0000000000
2625  8.854  13.750  63.530 0.0000000000
2626  8.006  14.682  62.050 0.0000000000
2762  21.841  2.857  64.296 0.0000000000
2763  22.377  5.273  63.284 0.0000000000
2764  23.141  2.504  62.833 0.0000000000
2773  20.446  -2.059  63.706 0.0000000000
2774  18.948  -2.914  65.102 0.0000000000
2775  20.838  0.074  64.868 0.0000000000
2776  19.901  1.982  64.324 0.0000000000
3543  9.571  0.391  67.022 0.0000000000
3545  7.800  1.265  66.587 0.0000000000
3962  15.580  9.303  59.630 0.0000000000
3963  16.130  12.007  59.863 0.0000000000
3964  17.789  10.522  60.372 0.0000000000
4000  13.328  -3.756  68.615 0.0000000000
4001  12.441  -2.247  68.045 0.0000000000
4002  14.431  -0.888  66.972 0.0000000000
4003  17.178  4.511  61.654 0.0000000000
4004  15.097  3.405  62.327 0.0000000000
4005  15.444  6.120  60.738 0.0000000000
4006  13.569  8.053  60.703 0.0000000000
5871  10.417  5.876  65.483 0.0000000000
5872  8.103  4.368  66.327 0.0000000000
5873  8.424  7.538  65.782 0.0000000000
6122  18.951  6.125  62.047 0.0000000000
6123  19.266  8.821  61.333 0.0000000000
6144  17.145  -3.569  65.939 0.0000000000
6145  17.215  -1.406  66.476 0.0000000000
6146  16.194  -0.115  65.441 0.0000000000
6147  17.809  0.879  64.322 0.0000000000
6148  18.610  3.324  63.093 0.0000000000
7222  19.409  -4.011  62.026 0.0000000000
8042  12.381  12.865  61.219 0.0000000000
8043  13.014  15.161  60.411 0.0000000000
8044  14.469  13.527  60.040 0.0000000000
8045  16.536  14.547  59.736 0.0000000000
8092  11.094  -0.708  67.445 0.0000000000
8093  11.557  1.671  65.958 0.0000000000
8094  14.827  1.142  64.578 0.0000000000
8095  13.352  2.597  64.202 0.0000000000
8096  11.802  4.141  64.743 0.0000000000
8097  12.023  7.023  62.927 0.0000000000
8098  12.041  10.028  61.727 0.0000000000
10303  10.847  13.191  62.644 0.0000000000
10304  9.731  12.844  63.544 0.0000000000
10306  9.258  14.995  63.002 0.0000000000
10442  22.380  1.837  64.371 0.0000000000
10443  22.590  2.883  63.820 0.0000000000
10444  22.971  1.523  63.481 0.0000000000
10453  21.635  -0.734  63.955 0.0000000000
10454  20.824  -1.049  64.515 0.0000000000
10455  21.762  0.298  64.554 0.0000000000
10456  21.454  1.451  64.653 0.0000000000
11223  9.743  1.578  66.674 0.0000000000
11224  8.657  0.880  66.899 0.0000000000
11225  8.806  2.139  66.686 0.0000000000
11642  16.524  8.445  59.978 0.0000000000
11643  16.724  9.863  59.872 0.0000000000
11644  17.544  9.107  60.359 0.0000000000
11676  15.475  -3.537  67.457 0.0000000000
11678  14.564  -4.089  67.980 0.0000000000
11680  14.342  -3.100  68.047 0.0000000000
11681  13.982  -2.190  67.933 0.0000000000
11682  14.970  -1.622  67.305 0.0000000000
11683  17.369  5.961  61.136 0.0000000000
11684  16.360  5.298  61.038 0.0000000000
11685  16.525  6.761  60.550 0.0000000000
11686  15.527  7.722  60.110 0.0000000000
13623  10.472  7.377  64.642 0.0000000000
13624  9.424  6.797  65.747 0.0000000000
13625  9.529  8.400  65.078 0.0000000000
13626  7.719  11.590  64.017 0.0000000000
13627  7.686  9.947  64.604 0.0000000000
13631  7.602  10.953  60.957 0.0000000000
13633  7.987  16.089  61.854 0.0000000000
14042  19.634  5.419  62.762 0.0000000000
14043  19.833  6.628  62.345 0.0000000000
14044  20.636  5.885  63.060 0.0000000000
14076  19.126  -1.831  65.514 0.0000000000
14077  18.096  -3.270  65.552 0.0000000000
14078  18.231  -2.273  66.000 0.0000000000
14079  17.292  -2.537  66.482 0.0000000000
14080  18.007  -1.056  65.906 0.0000000000
14081  17.573  -0.275  65.408 0.0000000000
14082  18.454  0.129  64.986 0.0000000000
14083  20.164  3.332  63.921 0.0000000000
14084  19.214  2.707  63.688 0.0000000000
14085  19.505  4.015  63.345 0.0000000000
14086  18.833  4.658  62.609 0.0000000000
16385  9.036  -2.979  65.724 0.0000000000
16391  7.318  4.895  65.805 0.0000000000
16392  7.136  3.295  66.028 0.0000000000
17642  13.034  11.986  60.531 0.0000000000
17643  13.362  13.159  60.473 0.0000000000
17644  14.114  12.360  60.014 0.0000000000
17645  17.147  12.630  60.280 0.0000000000
17646  16.312  13.290  60.066 0.0000000000
17651  19.472  10.229  61.320 0.0000000000
17757  10.924  -4.480  68.108 0.0000000000
17758  12.868  -0.771  67.182 0.0000000000
17759  11.854  -1.443  67.723 0.0000000000
17760  12.181  -0.069  66.879 0.0000000000
17761  11.386  0.516  66.709 0.0000000000
17762  12.381  1.108  65.955 0.0000000000
17763  16.347  0.871  64.221 0.0000000000
17764  15.428  0.566  64.914 0.0000000000
17765  15.617  1.527  63.730 0.0000000000
17766  14.278  4.147  62.243 0.0000000000
17767  14.142  2.993  63.200 0.0000000000
17768  13.337  3.772  63.334 0.0000000000
17769  12.515  3.365  64.402 0.0000000000
17770  12.627  4.642  63.580 0.0000000000
17771  11.956  5.603  63.930 0.0000000000
17772  12.728  6.126  62.651 0.0000000000
17773  13.684  9.627  60.246 0.0000000000
17774  12.792  8.977  61.098 0.0000000000
17775  12.933  10.527  60.705 0.0000000000
17776  12.174  11.482  61.372 0.0000000000
19060  14.030  15.370  59.533 0.0000000000
23151  10.537  10.439  63.510 0.0000000000
23152  9.581  9.980  64.563 0.0000000000
23153  9.595  11.431  64.075 0.0000000000
23154  8.649  12.388  64.142 0.0000000000
23155  7.937  13.002  63.407 0.0000000000
23156  7.763  13.310  62.435 0.0000000000
23157  8.287  14.286  62.971 0.0000000000
23158  8.530  15.624  62.606 0.0000000000
23402  21.025  3.893  63.994 0.0000000000
23403  21.327  5.024  63.578 0.0000000000
23404  22.021  4.094  63.909 0.0000000000
23405  22.814  4.037  63.183 0.0000000000
23406  23.084  3.574  61.958 0.0000000000
23421  19.320  -3.440  63.644 0.0000000000
23422  18.618  -3.869  64.307 0.0000000000
23423  19.711  -2.517  64.440 0.0000000000
23424  20.014  -1.479  65.056 0.0000000000
23425  19.843  -0.217  65.173 0.0000000000
23426  19.451  0.655  64.817 0.0000000000
23427  20.474  1.104  64.742 0.0000000000
23428  20.945  2.442  64.480 0.0000000000
24807  9.445  -0.938  67.168 0.0000000000
24808  8.674  -1.650  66.344 0.0000000000
24809  8.564  -0.416  66.796 0.0000000000
24810  7.777  -0.019  66.349 0.0000000000
25562  14.679  10.175  59.614 0.0000000000
25563  14.954  11.533  59.667 0.0000000000
25564  15.896  10.717  59.603 0.0000000000
25565  16.977  11.242  60.039 0.0000000000
25566  17.983  11.844  60.603 0.0000000000
25630  12.245  -4.403  68.841 0.0000000000
25631  11.901  -3.755  68.480 0.0000000000
25632  12.947  -2.984  68.397 0.0000000000
25633  13.473  -1.486  67.541 0.0000000000
25634  13.746  -0.160  66.515 0.0000000000
25635  16.911  3.257  62.333 0.0000000000
25636  15.808  2.711  62.639 0.0000000000
25637  16.033  3.916  61.792 0.0000000000
25638  15.230  4.683  61.501 0.0000000000
25639  14.407  5.592  61.368 0.0000000000
25640  13.597  6.529  61.385 0.0000000000
25641  14.483  7.055  60.629 0.0000000000
25642  14.579  8.645  60.006 0.0000000000
29055  10.146  4.359  65.823 0.0000000000
29056  9.034  3.655  66.338 0.0000000000
29057  9.204  5.238  66.072 0.0000000000
29058  8.312  5.929  65.995 0.0000000000
29059  7.482  6.564  65.555 0.0000000000
29060  8.561  9.219  65.168 0.0000000000
29061  7.559  8.194  65.191 0.0000000000
29642  18.201  6.801  61.258 0.0000000000
29643  18.360  8.232  60.904 0.0000000000
29644  19.125  7.429  61.591 0.0000000000
29645  20.081  7.981  61.956 0.0000000000
29689  15.998  -5.930  64.582 0.0000000000
29691  16.946  -4.538  65.081 0.0000000000
29692  16.150  -4.971  65.516 0.0000000000
29693  16.296  -4.036  66.396 0.0000000000
29694  16.387  -2.980  66.935 0.0000000000
29695  16.355  -1.869  67.012 0.0000000000
29696  15.947  -1.069  66.662 0.0000000000
29697  16.789  -0.698  66.015 0.0000000000
29698  17.010  0.292  64.831 0.0000000000
29699  17.289  1.403  63.717 0.0000000000
29700  18.943  1.408  64.253 0.0000000000
29701  18.304  2.031  63.606 0.0000000000
29702  17.640  2.618  62.958 0.0000000000
29703  17.950  3.955  62.433 0.0000000000
29704  18.134  5.304  61.857 0.0000000000
32163  22.925  0.217  63.000 0.0000000000
32217  19.865  -3.001  62.891 0.0000000000
32218  21.185  -1.684  63.087 0.0000000000
32858  7.857  2.759  66.449 0.0000000000
34442  11.730  13.767  61.778 0.0000000000
34443  12.042  14.872  61.322 0.0000000000
34444  12.686  14.053  60.988 0.0000000000
34445  13.718  14.347  60.205 0.0000000000
34446  14.745  14.683  59.647 0.0000000000
34447  15.284  12.739  59.920 0.0000000000
34448  15.512  14.038  59.835 0.0000000000
34453  18.538  9.725  60.842 0.0000000000
34583  10.100  -2.950  67.143 0.0000000000
34584  11.430  -3.030  68.064 0.0000000000
34585  10.830  -2.166  67.713 0.0000000000
34586  10.177  -1.480  67.441 0.0000000000
34587  10.330  -0.133  67.178 0.0000000000
34588  10.574  1.105  66.617 0.0000000000
34589  10.711  2.291  66.092 0.0000000000
34590  15.280  -0.455  66.194 0.0000000000
34591  14.595  0.176  65.714 0.0000000000
34592  13.963  0.865  65.366 0.0000000000
34593  14.836  2.213  63.339 0.0000000000
34594  14.071  1.825  64.279 0.0000000000
34595  13.170  1.579  65.104 0.0000000000
34596  12.434  2.210  65.060 0.0000000000
34597  11.622  2.900  65.266 0.0000000000
34598  10.831  3.608  65.574 0.0000000000
34599  11.085  5.031  65.135 0.0000000000
34600  11.298  6.490  64.275 0.0000000000
34601  11.237  7.977  63.347 0.0000000000
34602  12.738  7.530  61.648 0.0000000000
34603  11.996  8.453  62.080 0.0000000000
34604  11.258  9.485  62.830 0.0000000000
34605  11.340  10.935  62.422 0.0000000000
34606  11.555  12.307  62.037 0.0000000000
41023  10.966  13.900  62.459 0.0000000000
41024  10.415  13.703  62.880 0.0000000000
41025  10.514  14.425  62.667 0.0000000000
41162  22.483  1.257  64.202 0.0000000000
41163  22.737  1.746  63.983 0.0000000000
41164  22.881  1.142  63.766 0.0000000000
41173  22.124  -0.104  63.977 0.0000000000
41174  21.731  -0.237  64.295 0.0000000000
41175  22.172  0.477  64.289 0.0000000000
41176  22.079  1.087  64.453 0.0000000000
41943  9.820  2.211  66.487 0.0000000000
41944  9.266  1.879  66.736 0.0000000000
41945  9.377  2.570  66.513 0.0000000000
42362  16.997  8.002  60.264 0.0000000000
42363  17.107  8.753  60.145 0.0000000000
42364  17.556  8.277  60.441 0.0000000000
42396  15.451  -3.003  67.556 0.0000000000
42397  15.019  -3.773  67.692 0.0000000000
42398  14.951  -3.289  67.833 0.0000000000
42399  14.490  -3.593  68.029 0.0000000000
42400  14.843  -2.765  67.812 0.0000000000
42401  14.720  -2.319  67.760 0.0000000000
42402  15.189  -2.044  67.476 0.0000000000
42403  17.429  6.725  60.882 0.0000000000
42404  16.973  6.338  60.817 0.0000000000
42405  16.990  7.153  60.541 0.0000000000
42406  16.509  7.648  60.259 0.0000000000
44312  7.663  17.595  60.976 0.0000000000
44343  10.512  8.158  64.249 0.0000000000
44344  9.991  7.896  64.856 0.0000000000
44345  10.054  8.702  64.557 0.0000000000
44346  7.506  11.790  63.468 0.0000000000
44347  7.473  11.065  63.798 0.0000000000
44348  7.350  11.251  63.179 0.0000000000
44353  7.954  16.777  61.690 0.0000000000
44354  7.806  16.289  61.346 0.0000000000
44355  7.761  16.988  61.170 0.0000000000
44762  19.989  5.042  63.109 0.0000000000
44763  20.140  5.658  62.963 0.0000000000
44764  20.487  5.277  63.293 0.0000000000
44795  17.823  -5.037  63.551 0.0000000000
44796  19.057  -1.215  65.544 0.0000000000
44797  18.639  -1.932  65.759 0.0000000000
44798  18.609  -1.357  65.833 0.0000000000
44799  18.129  -1.619  66.001 0.0000000000
44800  18.494  -0.900  65.675 0.0000000000
44801  18.295  -0.436  65.455 0.0000000000
44802  18.728  -0.294  65.268 0.0000000000
44803  20.243  3.958  63.716 0.0000000000
44804  19.808  3.715  63.669 0.0000000000
44805  19.942  4.336  63.430 0.0000000000
44806  19.615  4.720  63.114 0.0000000000
47103  9.546  -2.959  66.487 0.0000000000
47105  9.186  -2.585  66.280 0.0000000000
47111  7.062  5.168  65.399 0.0000000000
47112  6.891  4.341  65.569 0.0000000000
48362  13.398  11.558  60.228 0.0000000000
48363  13.584  12.153  60.240 0.0000000000
48364  13.979  11.714  59.976 0.0000000000
48478  12.977  -0.108  66.652 0.0000000000
48479  12.528  -0.392  67.018 0.0000000000
48480  12.632  0.193  66.533 0.0000000000
48481  12.269  0.503  66.440 0.0000000000
48482  12.716  0.816  66.052 0.0000000000
48483  16.486  1.408  63.668 0.0000000000
48484  16.020  1.192  63.984 0.0000000000
48485  16.163  1.737  63.412 0.0000000000
48486  13.887  4.628  62.263 0.0000000000
48487  13.797  3.985  62.802 0.0000000000
48488  13.392  4.446  62.882 0.0000000000
48489  12.982  4.194  63.456 0.0000000000
48490  13.056  4.918  62.992 0.0000000000
48491  12.702  5.396  63.143 0.0000000000
48492  13.103  5.641  62.490 0.0000000000
48493  13.747  10.413  60.037 0.0000000000
48494  13.301  10.082  60.456 0.0000000000
48495  13.349  10.834  60.290 0.0000000000
48496  12.985  11.272  60.600 0.0000000000
49780  14.567  15.551  59.240 0.0000000000
53943  10.529  11.143  63.340 0.0000000000
53944  10.092  10.918  63.834 0.0000000000
53945  10.082  11.676  63.661 0.0000000000
53946  9.252  13.333  63.622 0.0000000000
53947  9.138  12.660  63.925 0.0000000000
53948  8.721  13.069  63.793 0.0000000000
53949  8.233  12.759  63.907 0.0000000000
53950  8.382  13.405  63.495 0.0000000000
53951  8.147  13.629  63.155 0.0000000000
53952  8.550  14.031  63.296 0.0000000000
53953  9.342  15.628  62.784 0.0000000000
53954  8.868  15.326  62.854 0.0000000000
53956  8.563  16.293  62.463 0.0000000000
54362  21.420  3.409  64.164 0.0000000000
54363  21.630  3.865  63.951 0.0000000000
54364  21.953  3.392  64.094 0.0000000000
54365  22.977  2.808  63.436 0.0000000000
54366  22.782  3.392  63.559 0.0000000000
54367  22.990  3.252  63.018 0.0000000000
54368  23.020  3.890  62.567 0.0000000000
54369  23.111  3.071  62.455 0.0000000000
54393  19.923  -2.715  63.709 0.0000000000
54394  19.521  -2.973  64.037 0.0000000000
54395  20.182  -2.216  64.139 0.0000000000
54396  20.866  -0.537  64.771 0.0000000000
54397  20.425  -1.256  64.783 0.0000000000
54398  20.429  -0.651  64.959 0.0000000000
54399  19.977  -0.784  65.211 0.0000000000
54400  20.372  -0.075  65.010 0.0000000000
54401  20.229  0.406  64.930 0.0000000000
54402  20.697  0.598  64.839 0.0000000000
54403  21.702  2.125  64.537 0.0000000000
54404  21.196  2.013  64.618 0.0000000000
54405  21.373  2.605  64.429 0.0000000000
54406  20.973  3.100  64.243 0.0000000000
56703  9.490  -0.253  67.153 0.0000000000
56704  9.047  -0.660  66.983 0.0000000000
56705  9.049  -0.000  66.977 0.0000000000
56706  8.242  1.082  66.765 0.0000000000
56707  8.124  0.408  66.751 0.0000000000
56708  7.760  0.623  66.532 0.0000000000
56710  7.418  0.809  66.218 0.0000000000
57962  15.132  9.735  59.587 0.0000000000
57963  15.270  10.446  59.562 0.0000000000
57964  15.720  10.063  59.582 0.0000000000
57965  17.248  10.180  60.053 0.0000000000
57966  16.872  10.567  59.851 0.0000000000
57967  17.393  10.843  60.192 0.0000000000
57968  17.479  11.608  60.292 0.0000000000
57969  17.843  11.196  60.467 0.0000000000
58061  15.490  -5.012  66.500 0.0000000000
58071  13.515  -4.190  68.630 0.0000000000
58075  12.833  -4.094  68.765 0.0000000000
58076  12.629  -3.741  68.677 0.0000000000
58077  13.162  -3.386  68.530 0.0000000000
58078  14.237  -1.526  67.438 0.0000000000
58079  13.726  -1.871  67.753 0.0000000000
58080  13.931  -1.166  67.228 0.0000000000
58081  13.569  -0.818  67.070 0.0000000000
58082  14.085  -0.521  66.712 0.0000000000
58083  17.039  3.884  62.007 0.0000000000
58084  16.480  3.575  62.031 0.0000000000
58085  16.662  4.198  61.722 0.0000000000
58086  15.896  5.713  60.840 0.0000000000
58087  15.779  4.973  61.213 0.0000000000
58088  15.333  5.395  61.099 0.0000000000
58089  14.828  5.133  61.357 0.0000000000
58090  14.883  5.844  61.015 0.0000000000
58091  14.418  6.328  60.953 0.0000000000
58092  14.983  6.571  60.668 0.0000000000
58093  15.598  8.524  59.819 0.0000000000
58094  15.054  8.176  60.017 0.0000000000
58095  15.100  8.952  59.708 0.0000000000
58096  14.618  9.443  59.764 0.0000000000
63903  10.240  5.123  65.689 0.0000000000
63904  9.696  4.808  65.937 0.0000000000
63905  9.801  5.593  65.873 0.0000000000
63906  8.917  7.168  65.803 0.0000000000
63907  8.819  6.399  66.006 0.0000000000
63908  8.369  6.701  65.954 0.0000000000
63909  7.885  6.232  65.814 0.0000000000
63910  7.931  7.063  65.778 0.0000000000
63911  9.068  10.449  64.687 0.0000000000
63912  9.102  9.669  64.915 0.0000000000
63913  8.547  10.108  64.935 0.0000000000
63915  7.623  9.124  64.932 0.0000000000
63933  7.903  13.996  62.210 0.0000000000
63934  7.801  13.454  61.900 0.0000000000
65162  18.585  6.451  61.653 0.0000000000
65163  18.718  7.078  61.462 0.0000000000
65164  19.062  6.760  61.800 0.0000000000
65165  20.363  6.910  62.476 0.0000000000
65166  19.961  7.311  62.111 0.0000000000
65170  21.841  5.207  63.515 0.0000000000
65171  21.485  5.686  63.336 0.0000000000
65172  22.019  5.812  63.241 0.0000000000
65260  16.340  -5.680  64.379 0.0000000000
65261  18.799  -3.381  64.747 0.0000000000
65262  18.179  -4.081  64.487 0.0000000000
65263  18.389  -3.544  64.968 0.0000000000
65264  17.624  -3.419  65.748 0.0000000000
65265  17.490  -3.930  65.349 0.0000000000
65266  17.043  -4.050  65.499 0.0000000000
65267  16.499  -4.730  65.290 0.0000000000
65268  16.551  -4.275  65.730 0.0000000000
65269  16.203  -4.514  65.981 0.0000000000
65270  16.682  -3.774  66.129 0.0000000000
65271  17.306  -1.964  66.537 0.0000000000
65272  16.894  -2.744  66.752 0.0000000000
65273  16.904  -2.188  66.826 0.0000000000
65274  16.423  -2.424  67.038 0.0000000000
65275  16.786  -1.671  66.740 0.0000000000
65276  16.612  -1.254  66.559 0.0000000000
65277  17.034  -1.041  66.251 0.0000000000
65278  17.692  0.232  64.854 0.0000000000
65279  17.298  0.033  65.137 0.0000000000
65280  17.390  0.514  64.545 0.0000000000
65281  17.127  0.787  64.252 0.0000000000
65282  17.570  1.117  64.019 0.0000000000
65283  19.754  1.313  64.532 0.0000000000
65284  19.212  1.040  64.543 0.0000000000
65285  19.466  1.679  64.224 0.0000000000
65286  18.909  3.017  63.380 0.0000000000
65287  18.791  2.351  63.624 0.0000000000
65288  18.452  2.684  63.296 0.0000000000
65289  18.011  2.315  63.289 0.0000000000
65290  18.143  2.949  62.997 0.0000000000
65291  17.799  3.248  62.686 0.0000000000
65292  18.313  3.631  62.798 0.0000000000
65293  18.926  5.382  62.385 0.0000000000
65294  18.498  4.970  62.232 0.0000000000
65295  18.608  5.696  61.998 0.0000000000
65296  18.255  6.025  61.606 0.0000000000
70691  19.397  -3.702  62.835 0.0000000000
70694  20.885  -2.154  62.628 0.0000000000
72191  8.321  -1.418  66.083 0.0000000000
72192  8.466  -2.040  65.813 0.0000000000
72206  8.528  4.034  66.362 0.0000000000
72207  8.447  3.267  66.487 0.0000000000
72208  7.997  3.594  66.420 0.0000000000
72210  7.024  2.516  66.038 0.0000000000
75962  12.066  13.336  61.559 0.0000000000
75963  12.254  13.881  61.365 0.0000000000
75964  12.566  13.449  61.117 0.0000000000
75965  13.904  13.335  60.230 0.0000000000
75966  13.543  13.754  60.442 0.0000000000
75967  14.095  13.932  60.115 0.0000000000
75968  14.216  14.503  59.881 0.0000000000
75969  14.600  14.099  59.897 0.0000000000
75970  15.581  11.722  59.700 0.0000000000
75971  15.134  12.159  59.787 0.0000000000
75972  15.712  12.356  59.874 0.0000000000
75973  16.434  13.888  59.967 0.0000000000
75974  15.893  13.641  59.976 0.0000000000
75975  16.039  14.235  59.796 0.0000000000
75976  15.665  14.575  59.623 0.0000000000
75977  16.150  14.830  59.518 0.0000000000
75985  18.862  8.500  61.158 0.0000000000
75986  18.466  8.944  60.851 0.0000000000
75987  18.935  9.201  61.089 0.0000000000
75989  19.105  10.607  61.097 0.0000000000
76031  23.131  0.694  62.841 0.0000000000
76306  10.039  -3.742  66.970 0.0000000000
76308  12.161  -3.023  68.335 0.0000000000
76309  11.661  -3.378  68.257 0.0000000000
76310  11.913  -2.643  68.195 0.0000000000
76311  11.511  -1.076  67.568 0.0000000000
76312  11.338  -1.849  67.821 0.0000000000
76313  10.996  -1.479  67.631 0.0000000000
76314  10.489  -1.839  67.576 0.0000000000
76315  10.669  -1.143  67.523 0.0000000000
76316  10.261  -0.850  67.416 0.0000000000
76317  10.726  -0.434  67.316 0.0000000000
76318  11.534  1.106  66.313 0.0000000000
76319  11.032  0.781  66.648 0.0000000000
76320  11.126  1.347  66.283 0.0000000000
76321  10.701  1.582  66.341 0.0000000000
76322  11.153  1.955  66.034 0.0000000000
76323  16.069  -0.573  66.069 0.0000000000
76324  15.658  -0.739  66.460 0.0000000000
76325  15.742  -0.252  65.780 0.0000000000
76326  15.139  0.827  64.732 0.0000000000
76327  15.073  0.324  65.289 0.0000000000
76328  14.748  0.630  65.079 0.0000000000
76329  14.288  0.531  65.530 0.0000000000
76330  14.407  1.004  64.921 0.0000000000
76331  15.440  3.066  62.491 0.0000000000
76332  15.369  2.427  62.974 0.0000000000
76333  14.968  2.803  62.843 0.0000000000
76334  13.723  2.768  63.699 0.0000000000
76335  14.146  2.403  63.718 0.0000000000
76336  13.735  2.202  64.208 0.0000000000
76337  13.644  1.713  64.702 0.0000000000
76338  13.220  2.043  64.629 0.0000000000
76339  12.790  1.897  65.070 0.0000000000
76340  12.864  2.413  64.586 0.0000000000
76341  12.151  3.742  64.569 0.0000000000
76342  12.118  3.168  64.811 0.0000000000
76343  11.711  3.530  65.000 0.0000000000
76344  11.213  3.271  65.430 0.0000000000
76345  11.307  3.907  65.184 0.0000000000
76346  10.896  4.332  65.387 0.0000000000
76347  11.417  4.595  64.935 0.0000000000
76348  11.989  6.373  63.453 0.0000000000
76349  11.648  6.066  64.102 0.0000000000
76350  11.670  6.766  63.606 0.0000000000
76351  11.315  7.193  63.792 0.0000000000
76352  11.629  7.471  63.101 0.0000000000
76353  13.578  7.268  61.005 0.0000000000
76354  13.152  7.038  61.512 0.0000000000
76355  13.177  7.756  61.094 0.0000000000
76356  12.419  9.480  61.372 0.0000000000
76357  12.415  8.691  61.553 0.0000000000
76358  12.054  9.185  61.875 0.0000000000
76359  11.629  8.977  62.459 0.0000000000
76360  11.681  9.709  62.226 0.0000000000
76361  11.292  10.240  62.654 0.0000000000
76362  11.685  10.512  62.077 0.0000000000
76363  12.250  12.147  61.202 0.0000000000
76364  11.826  11.910  61.726 0.0000000000
76365  11.957  12.556  61.552 0.0000000000
76366  11.659  12.978  61.901 0.0000000000
80215  12.513  15.058  60.845 0.0000000000
80216  12.047  15.619  60.956 0.0000000000
80217  12.574  15.669  60.520 0.0000000000
92271  10.716  12.520  62.912 0.0000000000
92272  10.175  12.332  63.397 0.0000000000
92273  10.288  13.026  63.133 0.0000000000
92274  9.864  13.524  63.274 0.0000000000
92275  9.446  14.010  63.315 0.0000000000
92276  9.092  14.371  63.264 0.0000000000
92522  22.164  2.336  64.371 0.0000000000
92523  22.218  2.927  64.191 0.0000000000
92524  22.503  2.356  64.140 0.0000000000
92525  22.820  2.131  63.643 0.0000000000
92526  23.049  2.119  63.265 0.0000000000
92541  21.087  -1.401  63.843 0.0000000000
92542  20.685  -1.546  64.143 0.0000000000
92543  21.276  -0.954  64.222 0.0000000000
92544  21.307  -0.423  64.533 0.0000000000
92545  21.258  0.174  64.703 0.0000000000
92546  21.169  0.762  64.761 0.0000000000
92547  21.666  0.841  64.630 0.0000000000
92548  21.915  1.669  64.545 0.0000000000
93927  9.691  1.000  66.885 0.0000000000
93928  9.107  0.653  66.970 0.0000000000
93929  9.236  1.234  66.897 0.0000000000
93930  8.723  1.474  66.865 0.0000000000
93931  8.252  1.714  66.738 0.0000000000
94682  16.030  8.884  59.754 0.0000000000
94683  16.194  9.664  59.727 0.0000000000
94684  16.654  9.218  59.915 0.0000000000
94685  17.135  9.483  60.095 0.0000000000
94686  17.643  9.778  60.301 0.0000000000
94742  15.510  -4.051  67.251 0.0000000000
94744  15.042  -4.302  67.481 0.0000000000
94748  14.102  -4.361  68.305 0.0000000000
94749  14.011  -3.899  68.370 0.0000000000
94750  13.828  -3.458  68.368 0.0000000000
94751  13.677  -3.027  68.296 0.0000000000
94752  14.169  -2.644  68.008 0.0000000000
94753  14.483  -1.895  67.639 0.0000000000
94754  14.718  -1.242  67.121 0.0000000000
94755  17.352  5.216  61.445 0.0000000000
94756  16.829  4.854  61.317 0.0000000000
94757  16.941  5.600  61.070 0.0000000000
94758  16.496  6.020  60.739 0.0000000000
94759  16.004  6.446  60.550 0.0000000000
94760  15.499  6.900  60.390 0.0000000000
94761  16.047  7.228  60.322 0.0000000000
94762  16.056  8.093  60.013 0.0000000000
98247  10.491  6.659  65.120 0.0000000000
98248  9.922  6.360  65.643 0.0000000000
98249  9.962  7.156  65.309 0.0000000000
98250  9.465  7.563  65.400 0.0000000000
98251  9.007  7.962  65.460 0.0000000000
98252  8.073  11.266  64.443 0.0000000000
98253  8.069  10.433  64.710 0.0000000000
98254  7.725  10.797  64.316 0.0000000000
98255  7.410  10.267  64.091 0.0000000000
98265  8.004  15.409  61.954 0.0000000000
98267  7.904  15.597  61.459 0.0000000000
99002  19.292  5.776  62.412 0.0000000000
99003  19.422  6.433  62.166 0.0000000000
99004  19.784  6.081  62.552 0.0000000000
99005  20.238  6.247  62.721 0.0000000000
99007  22.648  5.222  62.764 0.0000000000
99008  22.435  5.830  62.760 0.0000000000
99062  19.085  -2.438  65.359 0.0000000000
99063  18.503  -3.115  65.325 0.0000000000
99064  18.618  -2.534  65.607 0.0000000000
99065  18.201  -2.808  65.814 0.0000000000
99066  17.719  -2.888  66.043 0.0000000000
99067  17.220  -3.072  66.280 0.0000000000
99068  17.747  -2.345  66.266 0.0000000000
99069  17.737  -1.778  66.238 0.0000000000
99070  17.584  -1.262  66.151 0.0000000000
99071  17.394  -0.846  65.964 0.0000000000
99072  17.806  -0.644  65.652 0.0000000000
99073  18.028  -0.064  65.170 0.0000000000
99074  18.123  0.531  64.657 0.0000000000
99075  20.122  2.682  64.188 0.0000000000
99076  19.553  2.365  64.010 0.0000000000
99077  19.740  3.059  63.841 0.0000000000
99078  19.382  3.380  63.539 0.0000000000
99079  19.058  3.672  63.250 0.0000000000
99080  18.759  3.986  62.882 0.0000000000
99081  19.177  4.335  62.985 0.0000000000
99082  19.226  5.071  62.758 0.0000000000
102321  20.340  -3.012  61.786 0.0000000000
103229  7.657  4.645  66.139 0.0000000000
103230  7.578  3.842  66.218 0.0000000000
103231  7.207  4.081  65.945 0.0000000000
103232  6.833  3.518  65.675 0.0000000000
105482  12.704  12.415  60.871 0.0000000000
105483  12.865  13.024  60.838 0.0000000000
105484  13.220  12.595  60.525 0.0000000000
105485  13.717  12.744  60.226 0.0000000000
105486  14.284  12.940  60.059 0.0000000000
105487  16.640  12.291  60.086 0.0000000000
105488  16.218  12.651  60.019 0.0000000000
105489  16.742  12.953  60.150 0.0000000000
105497  19.359  9.508  61.374 0.0000000000
105689  10.734  -4.157  67.846 0.0000000000
105690  12.710  -1.467  67.657 0.0000000000
105691  12.161  -1.846  67.900 0.0000000000
105692  12.415  -1.104  67.519 0.0000000000
105693  12.072  -0.741  67.335 0.0000000000
105694  11.626  -0.382  67.201 0.0000000000
105695  11.231  -0.064  67.089 0.0000000000
105696  11.769  0.231  66.768 0.0000000000
105697  11.893  0.822  66.351 0.0000000000
105698  11.987  1.389  65.940 0.0000000000
105699  16.279  0.410  64.794 0.0000000000
105700  15.807  0.223  65.157 0.0000000000
105701  15.961  0.688  64.559 0.0000000000
105702  15.627  0.993  64.316 0.0000000000
105703  15.248  1.324  64.131 0.0000000000
105704  14.724  3.769  62.243 0.0000000000
105705  14.541  3.196  62.752 0.0000000000
105706  14.177  3.570  62.748 0.0000000000
105707  13.753  3.366  63.205 0.0000000000
105708  13.335  3.182  63.774 0.0000000000
105709  12.928  2.991  64.234 0.0000000000
105710  12.943  3.583  63.899 0.0000000000
105711  12.565  3.992  64.009 0.0000000000
105712  12.203  4.443  64.158 0.0000000000
105713  11.872  4.880  64.346 0.0000000000
105714  12.243  5.114  63.777 0.0000000000
105715  12.343  5.882  63.310 0.0000000000
105716  12.392  6.578  62.776 0.0000000000
105717  13.627  8.810  60.432 0.0000000000
105718  13.180  8.509  60.871 0.0000000000
105719  13.236  9.255  60.607 0.0000000000
105720  12.861  9.754  60.867 0.0000000000
105721  12.480  10.256  61.170 0.0000000000
105722  12.091  10.746  61.510 0.0000000000
105723  12.546  11.022  61.025 0.0000000000
105724  12.639  11.710  60.917 0.0000000000
108034  13.523  15.274  60.014 0.0000000000
108035  13.068  15.765  60.060 0.0000000000
108036  13.579  15.810  59.588 0.0000000000
115455  10.492  9.706  63.720 0.0000000000
115456  10.059  9.459  64.281 0.0000000000
115457  10.033  10.218  64.068 0.0000000000
115458  9.511  10.749  64.333 0.0000000000
115459  9.014  11.172  64.481 0.0000000000
115460  9.611  12.197  63.868 0.0000000000
115461  9.104  11.951  64.185 0.0000000000
115462  8.566  11.655  64.402 0.0000000000
115463  8.162  12.024  64.147 0.0000000000
115464  7.833  12.307  63.723 0.0000000000
115465  7.659  12.529  63.165 0.0000000000
115466  7.638  12.692  62.643 0.0000000000
115467  7.811  13.168  62.936 0.0000000000
115468  7.980  13.830  62.720 0.0000000000
115469  8.088  14.491  62.570 0.0000000000
115470  8.718  14.668  63.059 0.0000000000
115471  8.436  14.940  62.773 0.0000000000
115472  8.205  15.200  62.413 0.0000000000
115473  8.236  15.873  62.267 0.0000000000
115474  8.200  16.550  62.134 0.0000000000
116042  20.667  4.303  63.735 0.0000000000
116043  20.846  4.870  63.567 0.0000000000
116044  21.242  4.353  63.783 0.0000000000
116045  21.679  4.556  63.768 0.0000000000
116046  22.178  4.687  63.600 0.0000000000
116047  22.318  3.567  63.922 0.0000000000
116048  22.500  4.067  63.620 0.0000000000
116049  22.674  4.692  63.262 0.0000000000
116050  22.831  4.625  62.681 0.0000000000
116086  18.423  -4.378  63.878 0.0000000000
116087  19.024  -3.673  63.977 0.0000000000
116088  19.179  -3.240  64.375 0.0000000000
116089  19.339  -2.748  64.775 0.0000000000
116090  20.363  -1.750  64.528 0.0000000000
116091  19.893  -2.015  64.793 0.0000000000
116092  19.498  -2.150  65.100 0.0000000000
116093  19.568  -1.584  65.322 0.0000000000
116094  19.553  -1.006  65.401 0.0000000000
116095  19.424  -0.519  65.307 0.0000000000
116096  19.237  -0.042  65.098 0.0000000000
116097  19.649  0.291  65.047 0.0000000000
116098  20.004  0.888  64.752 0.0000000000
116099  20.205  1.581  64.603 0.0000000000
116100  21.002  1.307  64.729 0.0000000000
116101  20.715  1.790  64.574 0.0000000000
116102  20.411  2.232  64.383 0.0000000000
116103  20.550  2.901  64.190 0.0000000000
116104  20.536  3.583  63.992 0.0000000000
119319  9.387  -1.529  67.011 0.0000000000
119320  9.073  -1.937  66.627 0.0000000000
119321  9.000  -1.286  66.790 0.0000000000
119322  8.662  -1.033  66.556 0.0000000000
119323  8.238  -0.830  66.369 0.0000000000
119324  8.592  0.233  66.847 0.0000000000
119325  8.105  -0.213  66.549 0.0000000000
119326  7.861  -0.634  66.153 0.0000000000
121082  14.260  10.621  59.718 0.0000000000
121083  14.395  11.290  59.766 0.0000000000
121084  14.829  10.852  59.625 0.0000000000
121085  15.448  11.069  59.561 0.0000000000
121086  16.028  11.342  59.699 0.0000000000
121087  16.321  10.293  59.712 0.0000000000
121088  16.456  10.980  59.754 0.0000000000
121089  16.539  11.658  59.920 0.0000000000
121090  17.070  11.939  60.167 0.0000000000
121091  17.571  12.248  60.434 0.0000000000
121092  18.079  12.512  60.606 0.0000000000
121240  11.758  -4.828  68.829 0.0000000000
121241  11.592  -4.467  68.594 0.0000000000
121242  12.098  -4.076  68.675 0.0000000000
121243  12.413  -3.391  68.512 0.0000000000
121244  12.698  -2.643  68.217 0.0000000000
121245  13.481  -2.616  68.134 0.0000000000
121246  13.251  -2.182  67.981 0.0000000000
121247  12.986  -1.855  67.821 0.0000000000
121248  13.168  -1.142  67.365 0.0000000000
121249  13.281  -0.446  66.843 0.0000000000
121250  13.397  0.162  66.321 0.0000000000
121251  16.792  2.673  62.712 0.0000000000
121252  16.258  2.358  62.873 0.0000000000
121253  16.387  2.999  62.432 0.0000000000
121254  15.982  3.309  62.219 0.0000000000
121255  15.552  3.634  62.017 0.0000000000
121256  16.268  4.558  61.463 0.0000000000
121257  15.624  4.278  61.645 0.0000000000
121258  15.151  3.976  61.830 0.0000000000
121259  14.773  4.403  61.750 0.0000000000
121260  14.371  4.856  61.741 0.0000000000
121261  13.959  5.333  61.797 0.0000000000
121262  13.508  5.860  61.887 0.0000000000
121263  13.999  6.057  61.370 0.0000000000
121264  13.989  6.793  60.955 0.0000000000
121265  13.976  7.567  60.631 0.0000000000
121266  15.005  7.370  60.259 0.0000000000
121267  14.547  7.847  60.246 0.0000000000
121268  14.082  8.330  60.309 0.0000000000
121269  14.095  9.153  60.081 0.0000000000
121270  14.165  9.931  59.878 0.0000000000
129327  10.073  3.556  65.960 0.0000000000
129328  9.501  3.265  66.297 0.0000000000
129329  9.608  4.040  66.115 0.0000000000
129330  9.110  4.459  66.246 0.0000000000
129331  8.647  4.796  66.237 0.0000000000
129332  9.303  6.006  65.960 0.0000000000
129333  8.750  5.615  66.098 0.0000000000
129334  8.195  5.123  66.170 0.0000000000
129335  7.778  5.474  65.985 0.0000000000
129336  7.440  5.733  65.720 0.0000000000
129338  9.592  9.200  64.788 0.0000000000
129339  9.061  8.839  65.231 0.0000000000
129340  8.541  8.366  65.448 0.0000000000
129341  8.088  9.591  64.964 0.0000000000
129342  8.080  8.754  65.298 0.0000000000
129343  7.950  7.857  65.613 0.0000000000
129344  7.535  7.390  65.442 0.0000000000
129366  7.674  12.794  62.051 0.0000000000
130922  17.815  7.186  60.879 0.0000000000
130923  17.945  7.858  60.762 0.0000000000
130924  18.336  7.457  61.110 0.0000000000
130925  18.750  7.815  61.238 0.0000000000
130926  19.233  8.069  61.463 0.0000000000
130927  19.492  7.057  61.966 0.0000000000
130928  19.568  7.715  61.761 0.0000000000
130929  19.667  8.400  61.632 0.0000000000
130933  20.985  5.489  63.331 0.0000000000
130934  21.114  6.130  63.100 0.0000000000
131048  17.997  -4.597  63.987 0.0000000000
131049  17.642  -4.680  64.258 0.0000000000
131050  17.207  -4.812  64.443 0.0000000000
131051  17.958  -3.782  65.106 0.0000000000
131052  17.333  -4.335  64.939 0.0000000000
131053  16.825  -5.054  64.567 0.0000000000
131058  15.842  -4.764  66.242 0.0000000000
131059  15.874  -4.270  66.688 0.0000000000
131060  16.804  -3.277  66.501 0.0000000000
131061  16.374  -3.483  66.736 0.0000000000
131062  15.906  -3.779  67.029 0.0000000000
131063  15.951  -3.267  67.286 0.0000000000
131064  15.953  -2.741  67.407 0.0000000000
131065  15.846  -2.214  67.306 0.0000000000
131066  15.689  -1.737  67.149 0.0000000000
131067  16.187  -1.447  66.880 0.0000000000
131068  16.348  -0.895  66.338 0.0000000000
131069  16.481  -0.388  65.730 0.0000000000
131070  17.172  -0.500  65.724 0.0000000000
131071  16.878  -0.171  65.414 0.0000000000
131072  16.547  0.149  65.109 0.0000000000
131073  16.672  0.566  64.510 0.0000000000
131074  16.795  1.096  63.933 0.0000000000
131075  16.973  1.707  63.414 0.0000000000
131076  18.954  0.414  64.827 0.0000000000
131077  18.651  0.826  64.539 0.0000000000
131078  18.420  1.077  64.270 0.0000000000
131079  19.132  2.018  63.936 0.0000000000
131080  18.621  1.733  63.926 0.0000000000
131081  18.138  1.383  63.966 0.0000000000
131082  17.787  1.708  63.614 0.0000000000
131083  17.489  1.999  63.307 0.0000000000
131084  17.151  2.330  63.003 0.0000000000
131085  17.310  2.940  62.654 0.0000000000
131086  17.417  3.568  62.353 0.0000000000
131087  17.560  4.229  62.038 0.0000000000
131088  18.425  4.307  62.525 0.0000000000
131089  18.073  4.626  62.167 0.0000000000
131090  17.709  4.889  61.819 0.0000000000
131091  17.763  5.633  61.500 0.0000000000
131092  17.857  6.346  61.246 0.0000000000
137762  22.422  -0.026  63.603 0.0000000000
137763  22.825  0.532  63.483 0.0000000000
137919  19.128  -3.978  63.257 0.0000000000
137920  19.660  -3.176  63.296 0.0000000000
137921  20.174  -2.536  63.341 0.0000000000
137922  20.321  -2.763  62.532 0.0000000000
137923  20.615  -2.259  63.045 0.0000000000
137924  20.873  -1.814  63.463 0.0000000000
137925  21.494  -1.184  63.572 0.0000000000
137926  21.995  -0.559  63.630 0.0000000000
139754  8.856  -2.320  66.045 0.0000000000
139755  8.709  -2.675  65.500 0.0000000000
139772  8.969  2.962  66.482 0.0000000000
139773  8.277  2.483  66.595 0.0000000000
139774  7.791  1.977  66.521 0.0000000000
139775  7.471  3.009  66.288 0.0000000000
139776  7.342  2.246  66.283 0.0000000000
139777  7.389  1.523  66.318 0.0000000000
144362  11.388  14.199  62.001 0.0000000000
144363  11.547  14.803  61.768 0.0000000000
144364  11.909  14.309  61.578 0.0000000000
144365  12.377  14.458  61.172 0.0000000000
144366  12.868  14.601  60.737 0.0000000000
144367  13.025  13.601  60.738 0.0000000000
144368  13.209  14.166  60.604 0.0000000000
144369  13.372  14.743  60.310 0.0000000000
144370  13.859  14.893  59.932 0.0000000000
144371  14.371  15.054  59.575 0.0000000000
144372  14.961  15.210  59.353 0.0000000000
144373  14.509  11.969  59.824 0.0000000000
144374  14.695  12.551  59.912 0.0000000000
144375  14.817  13.148  59.981 0.0000000000
144376  15.823  12.985  59.958 0.0000000000
144377  15.412  13.369  59.942 0.0000000000
144378  15.002  13.743  59.927 0.0000000000
144379  15.120  14.350  59.727 0.0000000000
144380  15.301  14.918  59.437 0.0000000000
144381  15.457  15.401  59.132 0.0000000000
144391  17.953  8.691  60.632 0.0000000000
144392  18.065  9.359  60.578 0.0000000000
144393  18.156  10.166  60.602 0.0000000000
144394  18.963  9.944  61.091 0.0000000000
144395  18.574  10.402  60.813 0.0000000000
144396  18.213  10.804  60.643 0.0000000000
144397  18.361  11.419  60.754 0.0000000000
144445  22.989  0.880  63.250 0.0000000000
144446  23.095  1.415  63.058 0.0000000000
144447  23.204  1.758  62.686 0.0000000000
144450  23.181  2.267  62.274 0.0000000000
144451  23.198  2.826  61.819 0.0000000000
144778  9.814  -3.312  66.717 0.0000000000
144779  9.812  -2.603  66.921 0.0000000000
144783  11.639  -2.243  67.986 0.0000000000
144784  11.160  -2.613  67.880 0.0000000000
144785  10.731  -3.038  67.638 0.0000000000
144786  10.455  -2.618  67.443 0.0000000000
144787  10.129  -2.201  67.284 0.0000000000
144788  9.759  -1.848  67.160 0.0000000000
144789  9.808  -1.195  67.323 0.0000000000
144790  9.824  -0.537  67.321 0.0000000000
144791  9.969  0.121  67.091 0.0000000000
144792  10.860  0.214  67.017 0.0000000000
144793  10.477  0.503  66.931 0.0000000000
144794  10.080  0.753  66.877 0.0000000000
144795  10.118  1.361  66.658 0.0000000000
144796  10.254  1.899  66.403 0.0000000000
144797  10.298  2.617  66.141 0.0000000000
144798  15.439  -1.294  67.000 0.0000000000
144799  15.180  -0.961  66.791 0.0000000000
144800  14.838  -0.629  66.550 0.0000000000
144801  15.433  0.043  65.491 0.0000000000
144802  14.949  -0.157  65.937 0.0000000000
144803  14.511  -0.318  66.351 0.0000000000
144804  14.166  0.025  66.133 0.0000000000
144805  13.828  0.407  65.942 0.0000000000
144806  13.519  0.717  65.784 0.0000000000
144807  15.745  2.090  63.184 0.0000000000
144808  15.243  1.869  63.521 0.0000000000
144809  14.875  1.712  63.979 0.0000000000
144810  14.523  2.593  63.245 0.0000000000
144811  14.500  2.069  63.827 0.0000000000
144812  14.468  1.494  64.413 0.0000000000
144813  14.040  1.360  64.788 0.0000000000
144814  13.577  1.225  65.218 0.0000000000
144815  13.181  1.046  65.647 0.0000000000
144816  12.797  1.368  65.555 0.0000000000
144817  12.395  1.662  65.493 0.0000000000
144818  12.008  1.964  65.519 0.0000000000
144819  12.501  2.782  64.682 0.0000000000
144820  12.023  2.539  65.116 0.0000000000
144821  11.617  2.278  65.570 0.0000000000
144822  11.172  2.646  65.670 0.0000000000
144823  10.788  2.956  65.763 0.0000000000
144824  10.423  3.268  65.850 0.0000000000
144825  10.500  3.970  65.696 0.0000000000
144826  10.573  4.725  65.532 0.0000000000
144827  10.771  5.460  65.342 0.0000000000
144828  11.532  5.319  64.589 0.0000000000
144829  11.238  5.807  64.742 0.0000000000
144830  10.886  6.231  64.924 0.0000000000
144831  10.882  6.938  64.460 0.0000000000
144832  10.931  7.638  64.008 0.0000000000
144833  10.855  8.493  63.613 0.0000000000
144834  13.156  6.316  61.968 0.0000000000
144835  12.809  6.754  62.064 0.0000000000
144836  12.376  7.247  62.218 0.0000000000
144837  12.781  8.231  61.265 0.0000000000
144838  12.363  7.995  61.815 0.0000000000
144839  11.968  7.683  62.405 0.0000000000
144840  11.587  8.160  62.672 0.0000000000
144841  11.236  8.682  63.006 0.0000000000
144842  10.867  9.217  63.376 0.0000000000
144843  10.888  9.974  63.168 0.0000000000
144844  10.903  10.716  63.023 0.0000000000
144845  10.987  11.393  62.792 0.0000000000
144846  11.750  11.189  61.844 0.0000000000
144847  11.427  11.633  62.235 0.0000000000
144848  11.089  12.085  62.625 0.0000000000
144849  11.212  12.743  62.359 0.0000000000
144850  11.329  13.424  62.207 0.0000000000
149497  11.599  15.380  61.465 0.0000000000
