#!ascii label  , from subject fsaverage vox2ras=TkReg
1390
104  11.707  -47.103  71.540 0.0000000000
231  11.596  -37.356  76.142 0.0000000000
477  21.360  -50.583  59.267 0.0000000000
478  17.351  -35.454  68.915 0.0000000000
479  17.013  -45.329  66.680 0.0000000000
480  13.661  -51.534  61.925 0.0000000000
481  8.610  -52.915  63.199 0.0000000000
1048  12.969  -42.354  74.778 0.0000000000
1049  15.561  -41.438  72.577 0.0000000000
1050  14.977  -46.782  71.079 0.0000000000
1051  16.321  -49.266  66.188 0.0000000000
1052  12.773  -50.700  68.517 0.0000000000
1053  10.950  -52.939  63.707 0.0000000000
1054  9.296  -50.864  68.015 0.0000000000
1568  12.448  -41.100  71.320 0.0000000000
2079  19.505  -54.923  60.712 0.0000000000
2084  16.779  -40.689  67.724 0.0000000000
2085  18.662  -44.623  62.261 0.0000000000
2086  18.458  -47.760  62.069 0.0000000000
2087  16.639  -50.735  59.679 0.0000000000
2088  15.491  -55.850  59.992 0.0000000000
2968  12.556  -44.729  73.229 0.0000000000
2969  14.043  -44.702  73.453 0.0000000000
2970  13.314  -47.267  71.993 0.0000000000
2971  13.994  -49.041  69.974 0.0000000000
2972  12.044  -49.256  70.505 0.0000000000
2973  10.994  -50.964  68.579 0.0000000000
2974  10.604  -49.069  69.877 0.0000000000
4568  21.454  -54.212  61.274 0.0000000000
4569  20.504  -52.601  59.542 0.0000000000
4573  19.002  -33.716  70.764 0.0000000000
4575  18.513  -35.480  67.031 0.0000000000
4577  17.610  -37.754  65.943 0.0000000000
4580  13.146  -36.245  75.318 0.0000000000
4581  16.146  -43.395  69.544 0.0000000000
4582  16.017  -40.793  69.882 0.0000000000
4583  17.231  -43.134  67.025 0.0000000000
4584  17.890  -42.818  64.931 0.0000000000
4585  17.885  -44.690  64.387 0.0000000000
4587  17.994  -46.580  64.659 0.0000000000
4588  14.831  -50.401  64.638 0.0000000000
4589  16.047  -49.800  63.070 0.0000000000
4590  15.151  -51.147  60.713 0.0000000000
4591  16.165  -53.271  58.880 0.0000000000
4592  14.638  -53.475  58.917 0.0000000000
4594  13.290  -53.552  59.337 0.0000000000
4595  9.534  -53.347  63.800 0.0000000000
4596  10.645  -54.092  60.971 0.0000000000
4597  9.544  -54.239  61.227 0.0000000000
4599  8.947  -53.731  60.614 0.0000000000
4606  7.973  -52.246  58.990 0.0000000000
6493  14.097  -39.232  75.044 0.0000000000
6494  14.495  -42.042  74.456 0.0000000000
6495  15.466  -44.072  71.992 0.0000000000
6496  16.057  -46.098  68.963 0.0000000000
6497  17.174  -47.547  66.757 0.0000000000
6498  15.739  -48.457  68.452 0.0000000000
6499  14.720  -50.010  67.541 0.0000000000
6500  13.301  -51.085  65.494 0.0000000000
6501  12.363  -52.215  63.052 0.0000000000
6502  11.812  -51.811  66.066 0.0000000000
6503  10.121  -52.277  66.299 0.0000000000
6504  8.675  -52.126  65.797 0.0000000000
7495  12.200  -41.807  73.396 0.0000000000
7496  12.346  -44.292  71.491 0.0000000000
7497  11.440  -46.529  70.063 0.0000000000
8803  22.354  -55.919  63.028 0.0000000000
8804  20.268  -56.537  62.609 0.0000000000
8805  18.381  -57.213  62.314 0.0000000000
8817  15.872  -35.312  71.271 0.0000000000
8818  14.879  -38.544  72.870 0.0000000000
8819  15.526  -38.138  70.515 0.0000000000
8820  16.455  -37.838  67.944 0.0000000000
8821  17.740  -40.464  65.482 0.0000000000
8822  18.673  -42.406  62.779 0.0000000000
8826  19.399  -49.056  59.553 0.0000000000
8827  17.455  -48.279  64.362 0.0000000000
8828  17.408  -49.267  61.155 0.0000000000
8829  18.619  -50.616  59.120 0.0000000000
8830  18.106  -53.044  58.997 0.0000000000
8831  17.281  -55.475  60.178 0.0000000000
8836  11.891  -53.568  60.236 0.0000000000
8842  9.789  -48.690  68.492 0.0000000000
8847  7.844  -52.293  62.224 0.0000000000
8848  8.620  -52.945  59.803 0.0000000000
10648  12.172  -45.928  72.385 0.0000000000
10649  12.839  -46.084  72.757 0.0000000000
10650  12.398  -47.242  71.951 0.0000000000
10651  12.741  -48.300  71.297 0.0000000000
10652  11.801  -48.217  71.120 0.0000000000
10653  11.244  -49.211  70.315 0.0000000000
10654  11.201  -48.149  70.694 0.0000000000
12248  21.595  -52.398  60.001 0.0000000000
12249  20.917  -51.529  59.290 0.0000000000
12253  18.134  -34.576  69.711 0.0000000000
12254  18.731  -34.678  68.721 0.0000000000
12255  17.970  -35.451  67.970 0.0000000000
12256  17.957  -36.464  66.424 0.0000000000
12257  17.362  -36.515  67.367 0.0000000000
12258  11.188  -35.906  76.189 0.0000000000
12259  12.106  -35.273  75.953 0.0000000000
12260  12.416  -36.792  75.848 0.0000000000
12261  16.581  -44.461  68.077 0.0000000000
12262  16.612  -43.161  68.247 0.0000000000
12263  17.110  -44.224  66.797 0.0000000000
12264  17.592  -43.966  65.687 0.0000000000
12265  17.487  -44.994  65.462 0.0000000000
12266  17.842  -45.667  64.402 0.0000000000
12267  17.408  -46.004  65.579 0.0000000000
12268  14.204  -50.972  63.303 0.0000000000
12269  14.876  -50.700  62.723 0.0000000000
12270  14.372  -51.319  61.273 0.0000000000
12271  14.852  -52.184  59.604 0.0000000000
12272  14.065  -52.245  60.135 0.0000000000
12273  13.945  -53.573  59.054 0.0000000000
12274  13.405  -52.378  60.481 0.0000000000
12275  9.019  -53.215  63.567 0.0000000000
12276  9.436  -53.764  62.453 0.0000000000
12277  9.011  -53.553  62.277 0.0000000000
12278  9.153  -54.035  60.973 0.0000000000
12279  8.768  -53.259  61.876 0.0000000000
14658  12.908  -41.108  75.370 0.0000000000
14659  13.692  -40.949  75.281 0.0000000000
14660  13.731  -42.265  74.839 0.0000000000
14661  14.555  -45.727  72.336 0.0000000000
14662  14.843  -44.399  72.925 0.0000000000
14663  15.244  -45.462  71.559 0.0000000000
14664  15.740  -45.097  70.525 0.0000000000
14665  15.553  -46.420  70.174 0.0000000000
14666  16.012  -47.282  68.767 0.0000000000
14667  15.288  -47.636  69.713 0.0000000000
14668  13.428  -49.949  69.319 0.0000000000
14669  14.391  -49.680  68.823 0.0000000000
14670  13.716  -50.438  68.126 0.0000000000
14671  14.049  -50.532  66.695 0.0000000000
14672  13.096  -50.988  67.066 0.0000000000
14673  12.544  -51.507  65.824 0.0000000000
14674  12.285  -51.284  67.339 0.0000000000
14675  10.075  -50.989  68.338 0.0000000000
14676  10.501  -51.598  67.435 0.0000000000
14677  9.618  -51.709  67.266 0.0000000000
14678  9.365  -52.206  66.088 0.0000000000
14679  8.885  -51.632  67.027 0.0000000000
16468  11.603  -40.147  72.262 0.0000000000
16470  12.301  -41.471  72.373 0.0000000000
19460  20.479  -54.560  60.950 0.0000000000
19461  20.916  -55.368  61.853 0.0000000000
19462  19.903  -55.749  61.652 0.0000000000
19463  19.348  -56.816  62.454 0.0000000000
19464  18.975  -56.042  61.459 0.0000000000
19496  14.954  -40.324  73.946 0.0000000000
19497  14.492  -38.795  74.114 0.0000000000
19498  15.242  -39.993  72.788 0.0000000000
19499  16.332  -40.797  68.763 0.0000000000
19500  15.771  -39.653  70.168 0.0000000000
19501  16.020  -39.473  68.991 0.0000000000
19502  15.932  -37.964  69.187 0.0000000000
19503  16.432  -39.235  67.763 0.0000000000
19504  16.902  -39.110  66.656 0.0000000000
19505  17.235  -40.559  66.595 0.0000000000
19507  18.267  -42.647  63.831 0.0000000000
19508  18.664  -43.535  62.493 0.0000000000
19509  19.101  -43.383  61.520 0.0000000000
19510  19.170  -44.549  61.350 0.0000000000
19515  19.152  -47.636  61.007 0.0000000000
19517  18.758  -48.348  60.588 0.0000000000
19518  16.996  -48.465  66.683 0.0000000000
19519  17.504  -47.917  65.717 0.0000000000
19520  16.951  -48.762  65.336 0.0000000000
19521  16.190  -50.139  61.188 0.0000000000
19522  16.690  -49.506  62.139 0.0000000000
19523  16.995  -49.937  60.468 0.0000000000
19524  17.863  -49.785  59.802 0.0000000000
19525  17.547  -50.627  59.296 0.0000000000
19526  18.412  -51.740  58.893 0.0000000000
19527  17.333  -51.774  58.896 0.0000000000
19528  15.848  -54.613  59.251 0.0000000000
19529  16.726  -54.461  59.359 0.0000000000
19530  16.311  -55.675  60.040 0.0000000000
19540  11.671  -52.576  63.485 0.0000000000
19541  12.014  -52.775  61.655 0.0000000000
19542  11.318  -53.076  61.973 0.0000000000
19544  11.258  -54.887  59.620 0.0000000000
19555  11.599  -46.423  69.104 0.0000000000
19556  10.642  -47.645  69.337 0.0000000000
19557  10.733  -47.505  68.425 0.0000000000
19569  7.286  -51.772  62.975 0.0000000000
19570  7.360  -52.043  61.673 0.0000000000
19571  8.141  -52.573  60.979 0.0000000000
19572  7.708  -52.296  60.513 0.0000000000
19573  8.632  -52.705  58.010 0.0000000000
19574  8.891  -53.089  58.416 0.0000000000
23772  12.870  -43.579  74.043 0.0000000000
23773  13.572  -43.519  74.319 0.0000000000
23774  13.235  -44.860  73.567 0.0000000000
23775  13.691  -45.938  72.738 0.0000000000
23776  14.234  -47.112  71.670 0.0000000000
23777  14.557  -47.941  70.515 0.0000000000
23778  13.672  -48.223  71.084 0.0000000000
23779  13.049  -49.160  70.445 0.0000000000
23780  12.382  -50.055  69.606 0.0000000000
23781  11.920  -50.867  68.620 0.0000000000
23782  11.484  -50.103  69.603 0.0000000000
23783  10.675  -50.069  69.419 0.0000000000
23784  9.965  -49.959  68.989 0.0000000000
23786  14.475  -44.622  60.800 0.0000000000
24861  12.461  -40.752  70.406 0.0000000000
26652  22.506  -53.847  61.763 0.0000000000
26653  22.071  -53.111  60.822 0.0000000000
26654  21.035  -53.393  60.377 0.0000000000
26655  20.002  -53.751  60.026 0.0000000000
26663  19.629  -33.903  69.747 0.0000000000
26669  17.927  -38.983  64.554 0.0000000000
26672  12.191  -34.023  75.867 0.0000000000
26673  13.047  -34.802  75.493 0.0000000000
26674  13.919  -35.943  74.482 0.0000000000
26675  15.844  -42.382  71.080 0.0000000000
26676  15.745  -41.040  71.224 0.0000000000
26677  16.058  -42.073  69.659 0.0000000000
26678  16.494  -41.926  68.436 0.0000000000
26679  16.981  -41.920  67.419 0.0000000000
26680  17.406  -41.853  66.358 0.0000000000
26681  17.578  -42.952  66.060 0.0000000000
26682  17.924  -43.783  64.618 0.0000000000
26688  15.548  -49.824  65.533 0.0000000000
26689  16.212  -49.472  64.784 0.0000000000
26690  15.446  -50.054  63.886 0.0000000000
26691  15.519  -50.374  61.990 0.0000000000
26692  15.797  -50.910  60.165 0.0000000000
26693  16.359  -51.901  59.072 0.0000000000
26694  15.549  -52.025  59.245 0.0000000000
26695  15.349  -53.424  58.843 0.0000000000
26696  15.096  -54.800  59.216 0.0000000000
26698  14.497  -54.894  59.082 0.0000000000
26699  13.867  -54.985  59.076 0.0000000000
26700  13.210  -55.066  59.087 0.0000000000
26701  10.219  -53.199  63.835 0.0000000000
26702  10.689  -53.417  62.274 0.0000000000
26703  9.998  -53.754  62.539 0.0000000000
26704  10.064  -54.267  61.165 0.0000000000
26707  9.727  -54.766  60.039 0.0000000000
26709  9.276  -54.228  59.570 0.0000000000
26711  10.998  -47.332  67.524 0.0000000000
26720  7.337  -51.912  60.026 0.0000000000
26722  7.658  -51.889  58.420 0.0000000000
26723  8.302  -52.351  57.468 0.0000000000
26724  8.916  -52.911  56.618 0.0000000000
26725  8.045  -51.968  56.920 0.0000000000
26726  7.667  -51.563  56.351 0.0000000000
30503  17.463  -34.387  70.721 0.0000000000
30504  12.196  -38.634  76.040 0.0000000000
30505  12.923  -38.214  75.791 0.0000000000
30506  13.434  -39.606  75.584 0.0000000000
30507  14.418  -40.647  74.805 0.0000000000
30508  15.174  -41.749  73.721 0.0000000000
30509  14.345  -43.343  74.049 0.0000000000
30510  15.060  -43.112  73.389 0.0000000000
30511  15.633  -42.700  72.374 0.0000000000
30512  15.855  -43.732  70.816 0.0000000000
30513  16.114  -44.786  69.307 0.0000000000
30514  16.559  -45.702  67.762 0.0000000000
30515  17.087  -46.463  66.723 0.0000000000
30516  16.561  -46.822  67.768 0.0000000000
30517  16.556  -47.947  67.662 0.0000000000
30518  16.235  -48.919  67.436 0.0000000000
30519  14.911  -48.742  69.282 0.0000000000
30520  15.340  -49.351  68.087 0.0000000000
30521  15.599  -49.614  66.914 0.0000000000
30522  14.804  -50.178  66.139 0.0000000000
30523  14.129  -50.708  65.146 0.0000000000
30524  13.465  -51.302  63.916 0.0000000000
30525  13.036  -51.814  62.533 0.0000000000
30526  12.779  -51.681  64.301 0.0000000000
30527  12.142  -52.055  64.646 0.0000000000
30528  11.399  -52.367  64.991 0.0000000000
30529  11.447  -51.483  67.450 0.0000000000
30530  11.038  -52.026  66.231 0.0000000000
30531  10.577  -52.698  65.082 0.0000000000
30532  9.830  -52.849  65.073 0.0000000000
30533  9.152  -52.776  64.815 0.0000000000
30534  8.577  -52.610  64.499 0.0000000000
32953  11.846  -40.120  75.586 0.0000000000
32954  12.182  -41.107  75.044 0.0000000000
32956  11.778  -40.872  74.303 0.0000000000
32957  12.390  -42.141  74.281 0.0000000000
32958  12.440  -43.370  73.422 0.0000000000
32959  12.250  -44.520  72.484 0.0000000000
32960  11.870  -45.799  71.599 0.0000000000
32961  11.478  -46.807  70.878 0.0000000000
32962  12.021  -45.440  70.742 0.0000000000
32963  12.281  -45.232  69.786 0.0000000000
36657  21.763  -57.111  63.682 0.0000000000
36658  21.923  -54.979  62.176 0.0000000000
36659  21.303  -56.166  62.809 0.0000000000
36660  20.672  -57.393  63.595 0.0000000000
36699  16.577  -35.339  70.009 0.0000000000
36700  13.554  -37.828  75.155 0.0000000000
36701  14.077  -37.364  74.246 0.0000000000
36702  14.587  -37.148  73.176 0.0000000000
36703  15.499  -39.733  71.378 0.0000000000
36704  15.197  -38.369  71.710 0.0000000000
36705  14.978  -36.870  72.126 0.0000000000
36706  15.428  -36.630  70.846 0.0000000000
36707  16.032  -36.478  69.517 0.0000000000
36708  16.703  -36.451  68.335 0.0000000000
36709  16.995  -37.769  66.928 0.0000000000
36710  17.431  -39.143  65.639 0.0000000000
36711  18.010  -40.265  64.423 0.0000000000
36712  17.893  -41.723  65.258 0.0000000000
36713  18.315  -41.538  64.182 0.0000000000
36714  18.658  -41.319  63.162 0.0000000000
36715  19.153  -42.319  61.762 0.0000000000
36727  17.623  -47.020  65.771 0.0000000000
36728  17.963  -47.443  64.624 0.0000000000
36729  17.953  -47.925  63.250 0.0000000000
36730  16.748  -49.092  63.824 0.0000000000
36731  17.310  -48.784  62.827 0.0000000000
36732  17.957  -48.554  61.615 0.0000000000
36733  18.247  -49.065  60.176 0.0000000000
36734  18.964  -49.775  59.374 0.0000000000
36735  19.967  -50.678  58.932 0.0000000000
36736  19.640  -51.701  58.975 0.0000000000
36737  19.264  -52.824  59.203 0.0000000000
36738  18.849  -54.048  59.704 0.0000000000
36739  17.072  -53.160  58.914 0.0000000000
36740  17.753  -54.300  59.481 0.0000000000
36741  18.362  -55.204  60.412 0.0000000000
36754  12.726  -52.535  61.090 0.0000000000
36755  12.588  -53.524  59.781 0.0000000000
36757  11.274  -53.834  60.609 0.0000000000
36772  10.805  -47.922  70.094 0.0000000000
36773  10.115  -48.839  69.348 0.0000000000
36774  9.360  -49.839  68.496 0.0000000000
36775  9.805  -48.478  67.730 0.0000000000
36776  9.033  -49.594  67.734 0.0000000000
36777  8.617  -50.714  67.572 0.0000000000
36778  8.303  -51.407  66.524 0.0000000000
36779  8.149  -51.845  65.297 0.0000000000
36780  8.123  -52.315  64.071 0.0000000000
36788  7.683  -52.035  63.547 0.0000000000
36789  8.250  -52.614  62.782 0.0000000000
36790  8.440  -52.930  61.395 0.0000000000
36791  8.788  -53.308  60.227 0.0000000000
36792  9.206  -53.876  59.105 0.0000000000
36793  8.335  -52.656  59.429 0.0000000000
36794  9.047  -53.516  58.774 0.0000000000
41368  11.963  -46.533  71.985 0.0000000000
41369  12.270  -46.636  72.217 0.0000000000
41370  12.021  -47.159  71.843 0.0000000000
41371  12.097  -47.706  71.573 0.0000000000
41372  11.744  -47.662  71.389 0.0000000000
41373  11.472  -48.185  70.952 0.0000000000
41374  11.467  -47.630  71.132 0.0000000000
42967  21.751  -51.020  59.427 0.0000000000
42968  21.511  -51.510  59.501 0.0000000000
42969  21.142  -51.054  59.225 0.0000000000
42973  17.733  -34.934  69.357 0.0000000000
42974  18.008  -35.022  68.800 0.0000000000
42975  17.653  -35.441  68.468 0.0000000000
42976  17.636  -35.976  67.658 0.0000000000
42977  17.324  -35.956  68.131 0.0000000000
42978  11.356  -36.659  76.176 0.0000000000
42979  11.794  -36.305  76.082 0.0000000000
42980  12.023  -37.052  76.022 0.0000000000
42981  16.808  -44.910  67.395 0.0000000000
42982  16.837  -44.329  67.433 0.0000000000
42983  17.067  -44.819  66.718 0.0000000000
42984  17.304  -44.640  66.122 0.0000000000
42985  17.242  -45.141  66.104 0.0000000000
42986  17.417  -45.477  65.535 0.0000000000
42987  17.186  -45.671  66.092 0.0000000000
42988  13.934  -51.229  62.581 0.0000000000
42989  14.309  -51.120  62.292 0.0000000000
42990  14.110  -51.410  61.602 0.0000000000
42991  14.244  -51.727  60.662 0.0000000000
42992  13.851  -51.815  60.931 0.0000000000
42993  13.722  -52.344  60.246 0.0000000000
42994  13.519  -51.889  61.187 0.0000000000
42995  8.793  -53.050  63.380 0.0000000000
42996  8.981  -53.376  62.923 0.0000000000
42997  8.832  -53.175  62.706 0.0000000000
42998  8.870  -53.396  62.081 0.0000000000
42999  8.649  -53.045  62.533 0.0000000000
45378  12.967  -41.696  75.112 0.0000000000
45379  13.342  -41.688  75.156 0.0000000000
45380  13.339  -42.315  74.897 0.0000000000
45381  14.786  -46.272  71.755 0.0000000000
45382  14.925  -45.620  71.977 0.0000000000
45383  15.131  -46.143  71.305 0.0000000000
45384  15.406  -45.971  70.891 0.0000000000
45385  15.299  -46.630  70.679 0.0000000000
45386  15.451  -47.054  69.933 0.0000000000
45387  15.130  -47.259  70.372 0.0000000000
45388  13.110  -50.338  68.918 0.0000000000
45389  13.574  -50.274  68.725 0.0000000000
45390  13.218  -50.652  68.277 0.0000000000
45391  13.415  -50.733  67.610 0.0000000000
45392  12.947  -50.905  67.786 0.0000000000
45393  12.700  -51.164  67.197 0.0000000000
45394  12.545  -50.999  67.945 0.0000000000
45395  9.698  -50.929  68.161 0.0000000000
45396  9.830  -51.390  67.800 0.0000000000
45397  9.434  -51.348  67.639 0.0000000000
45398  9.221  -51.663  67.147 0.0000000000
45399  9.070  -51.268  67.531 0.0000000000
47188  12.081  -40.566  71.812 0.0000000000
47189  12.001  -40.692  72.363 0.0000000000
47190  12.367  -41.174  71.917 0.0000000000
47191  12.521  -42.013  71.872 0.0000000000
47192  12.660  -41.867  71.354 0.0000000000
50180  19.985  -54.747  60.843 0.0000000000
50181  20.219  -55.165  61.308 0.0000000000
50182  19.723  -55.351  61.196 0.0000000000
50183  19.458  -55.887  61.540 0.0000000000
50184  19.248  -55.489  61.029 0.0000000000
50215  14.846  -35.579  73.136 0.0000000000
50216  15.281  -40.894  73.296 0.0000000000
50217  15.102  -40.147  73.404 0.0000000000
50218  15.410  -40.706  72.710 0.0000000000
50219  16.514  -40.730  68.251 0.0000000000
50220  16.158  -40.160  68.911 0.0000000000
50221  16.362  -40.075  68.325 0.0000000000
50222  16.235  -39.386  68.410 0.0000000000
50223  16.612  -40.001  67.759 0.0000000000
50224  16.845  -39.933  67.181 0.0000000000
50225  17.047  -40.651  67.136 0.0000000000
50227  18.463  -43.631  62.984 0.0000000000
50228  18.644  -44.104  62.347 0.0000000000
50229  18.874  -44.024  61.890 0.0000000000
50230  18.861  -44.568  61.782 0.0000000000
50232  18.885  -45.049  61.740 0.0000000000
50233  18.660  -47.359  62.249 0.0000000000
50234  18.960  -47.325  61.714 0.0000000000
50235  18.794  -47.687  61.545 0.0000000000
50236  18.953  -48.004  60.822 0.0000000000
50237  18.585  -48.079  61.338 0.0000000000
50238  16.708  -48.895  66.469 0.0000000000
50239  17.027  -48.615  66.040 0.0000000000
50240  16.707  -49.007  65.828 0.0000000000
50241  16.380  -50.392  60.416 0.0000000000
50242  16.582  -50.014  60.867 0.0000000000
50243  16.827  -50.330  60.050 0.0000000000
50244  17.259  -50.248  59.801 0.0000000000
50245  17.111  -50.663  59.458 0.0000000000
50246  17.426  -51.140  59.073 0.0000000000
50247  16.995  -51.211  59.163 0.0000000000
50248  15.673  -55.232  59.596 0.0000000000
50249  16.079  -55.125  59.646 0.0000000000
50250  15.872  -55.797  60.025 0.0000000000
50260  11.315  -52.756  63.610 0.0000000000
50261  11.443  -52.814  62.795 0.0000000000
50262  11.122  -53.004  62.876 0.0000000000
50275  11.754  -46.269  68.688 0.0000000000
50276  11.173  -46.977  68.783 0.0000000000
50277  11.333  -46.853  68.338 0.0000000000
50290  7.160  -51.838  61.393 0.0000000000
50291  7.478  -52.170  61.079 0.0000000000
50292  7.235  -51.977  60.819 0.0000000000
50293  8.894  -52.982  57.525 0.0000000000
50294  8.987  -53.197  57.699 0.0000000000
50295  9.197  -53.560  57.266 0.0000000000
54978  12.738  -44.154  73.672 0.0000000000
54979  13.045  -44.266  73.823 0.0000000000
54980  12.856  -44.857  73.433 0.0000000000
54981  13.107  -46.677  72.411 0.0000000000
54982  13.247  -46.071  72.813 0.0000000000
54983  13.556  -46.664  72.356 0.0000000000
54984  13.991  -46.558  72.186 0.0000000000
54985  13.770  -47.194  71.871 0.0000000000
54986  13.983  -47.684  71.423 0.0000000000
54987  13.488  -47.763  71.561 0.0000000000
54988  12.405  -48.779  70.878 0.0000000000
54989  12.890  -48.744  70.885 0.0000000000
54990  12.553  -49.231  70.497 0.0000000000
54991  12.731  -49.635  70.063 0.0000000000
54992  12.204  -49.700  70.102 0.0000000000
54993  11.944  -50.095  69.625 0.0000000000
54994  11.756  -49.690  70.096 0.0000000000
54995  10.898  -49.148  70.097 0.0000000000
54996  10.966  -49.642  69.882 0.0000000000
54997  10.614  -49.577  69.678 0.0000000000
54998  10.301  -50.027  69.226 0.0000000000
54999  10.286  -49.534  69.449 0.0000000000
59778  22.606  -52.929  61.104 0.0000000000
59779  22.375  -52.581  60.659 0.0000000000
59780  21.076  -52.497  59.785 0.0000000000
59781  21.327  -52.882  60.162 0.0000000000
59782  20.789  -53.004  59.960 0.0000000000
59783  20.511  -53.570  60.183 0.0000000000
59784  20.238  -53.175  59.752 0.0000000000
59794  19.706  -33.478  70.717 0.0000000000
59795  19.303  -33.840  70.208 0.0000000000
59796  18.620  -35.088  67.847 0.0000000000
59798  18.870  -35.044  67.420 0.0000000000
59803  17.751  -37.132  66.155 0.0000000000
59804  17.994  -37.064  65.645 0.0000000000
59805  17.835  -37.742  65.423 0.0000000000
59806  17.967  -38.347  64.695 0.0000000000
59807  17.766  -38.411  65.199 0.0000000000
59811  12.630  -35.757  75.691 0.0000000000
59812  12.611  -35.004  75.738 0.0000000000
59813  13.067  -35.484  75.391 0.0000000000
59814  13.503  -35.344  75.040 0.0000000000
59815  13.514  -36.070  74.928 0.0000000000
59816  15.960  -42.868  70.311 0.0000000000
59817  15.914  -42.192  70.376 0.0000000000
59818  16.101  -42.734  69.610 0.0000000000
59819  16.885  -43.131  67.646 0.0000000000
59820  16.522  -42.487  68.319 0.0000000000
59821  16.810  -42.533  67.752 0.0000000000
59822  16.720  -41.989  67.887 0.0000000000
59823  17.073  -42.509  67.206 0.0000000000
59824  17.273  -42.467  66.685 0.0000000000
59825  17.346  -43.047  66.480 0.0000000000
59826  17.720  -44.335  64.989 0.0000000000
59827  17.771  -43.870  65.173 0.0000000000
59828  17.906  -44.225  64.536 0.0000000000
59829  18.088  -44.241  63.894 0.0000000000
59830  18.085  -44.696  63.809 0.0000000000
59832  18.073  -45.143  63.786 0.0000000000
59833  17.900  -46.134  64.562 0.0000000000
59838  15.185  -50.124  65.138 0.0000000000
59839  15.498  -49.922  64.746 0.0000000000
59840  15.141  -50.240  64.289 0.0000000000
59841  14.977  -50.883  61.708 0.0000000000
59842  15.182  -50.570  62.327 0.0000000000
59843  15.295  -50.738  61.376 0.0000000000
59844  15.641  -50.595  61.004 0.0000000000
59845  15.448  -50.981  60.435 0.0000000000
59846  15.657  -51.422  59.684 0.0000000000
59847  15.309  -51.515  59.874 0.0000000000
59848  14.727  -52.795  59.158 0.0000000000
59849  15.082  -52.766  59.071 0.0000000000
59850  15.014  -53.486  58.896 0.0000000000
59851  15.237  -54.114  58.943 0.0000000000
59852  14.888  -54.163  58.962 0.0000000000
59853  14.786  -54.852  59.131 0.0000000000
59854  14.572  -54.181  58.921 0.0000000000
59855  13.634  -53.575  59.156 0.0000000000
59856  13.920  -54.317  58.964 0.0000000000
59857  13.597  -54.251  59.066 0.0000000000
59858  13.542  -54.983  59.093 0.0000000000
59859  13.251  -54.313  59.132 0.0000000000
59860  9.867  -53.315  63.831 0.0000000000
59861  10.082  -53.476  63.191 0.0000000000
59862  9.761  -53.552  63.162 0.0000000000
59863  9.441  -53.991  61.877 0.0000000000
59864  9.729  -54.078  61.773 0.0000000000
59865  9.797  -54.289  61.202 0.0000000000
59866  10.121  -54.541  60.572 0.0000000000
59867  9.877  -54.545  60.605 0.0000000000
59869  9.633  -54.497  60.611 0.0000000000
59870  9.027  -53.942  60.804 0.0000000000
59871  9.296  -54.265  60.416 0.0000000000
59872  9.169  -54.142  60.256 0.0000000000
59874  9.087  -53.937  60.089 0.0000000000
59895  7.532  -51.681  58.125 0.0000000000
59896  7.975  -52.113  57.952 0.0000000000
59897  7.840  -51.930  57.652 0.0000000000
59898  8.169  -52.176  57.211 0.0000000000
59899  7.743  -51.712  57.370 0.0000000000
67006  17.918  -33.985  71.194 0.0000000000
67007  17.525  -33.885  71.662 0.0000000000
67009  12.849  -39.098  75.886 0.0000000000
67010  13.040  -39.728  75.746 0.0000000000
67011  14.153  -41.483  74.913 0.0000000000
67012  14.082  -40.842  75.062 0.0000000000
67013  14.481  -41.393  74.631 0.0000000000
67014  14.838  -41.244  74.269 0.0000000000
67015  14.843  -41.939  74.140 0.0000000000
67016  13.826  -44.169  73.904 0.0000000000
67017  13.957  -43.488  74.187 0.0000000000
67018  14.213  -44.054  73.747 0.0000000000
67019  15.180  -44.238  72.515 0.0000000000
67020  14.983  -43.760  73.171 0.0000000000
67021  15.288  -43.588  72.730 0.0000000000
67022  15.379  -42.881  72.940 0.0000000000
67023  15.562  -43.365  72.213 0.0000000000
67024  15.738  -43.217  71.600 0.0000000000
67025  15.704  -43.904  71.459 0.0000000000
67026  15.881  -45.591  69.785 0.0000000000
67027  15.919  -44.925  69.962 0.0000000000
67028  16.060  -45.457  69.172 0.0000000000
67029  16.287  -45.249  68.515 0.0000000000
67030  16.280  -45.912  68.379 0.0000000000
67031  16.545  -46.251  67.782 0.0000000000
67032  16.282  -46.452  68.338 0.0000000000
67033  15.918  -47.876  68.608 0.0000000000
67034  16.255  -47.649  68.148 0.0000000000
67035  16.164  -48.199  68.063 0.0000000000
67036  16.447  -48.453  67.577 0.0000000000
67037  15.988  -48.692  67.947 0.0000000000
67038  14.276  -48.455  70.251 0.0000000000
67039  14.737  -48.356  69.884 0.0000000000
67040  14.467  -48.922  69.622 0.0000000000
67041  14.560  -49.922  68.203 0.0000000000
67042  14.840  -49.553  68.387 0.0000000000
67043  15.090  -49.702  67.875 0.0000000000
67044  15.502  -49.529  67.469 0.0000000000
67045  15.148  -49.830  67.172 0.0000000000
67046  15.212  -49.891  66.587 0.0000000000
67047  14.765  -50.121  66.773 0.0000000000
67048  13.649  -50.783  66.113 0.0000000000
67049  14.108  -50.588  66.012 0.0000000000
67050  13.721  -50.869  65.341 0.0000000000
67051  13.793  -50.966  64.573 0.0000000000
67052  13.370  -51.191  64.685 0.0000000000
67053  13.104  -51.513  64.118 0.0000000000
67054  13.034  -51.373  64.898 0.0000000000
67055  12.160  -51.660  65.954 0.0000000000
67056  12.313  -51.786  65.219 0.0000000000
67057  11.949  -51.914  65.386 0.0000000000
67058  11.738  -52.184  64.853 0.0000000000
67059  11.603  -52.078  65.523 0.0000000000
67060  11.469  -50.924  68.645 0.0000000000
67061  11.711  -51.168  68.074 0.0000000000
67062  11.249  -51.263  68.070 0.0000000000
67063  10.300  -51.959  66.862 0.0000000000
67064  10.790  -51.817  66.888 0.0000000000
67065  10.607  -52.137  66.281 0.0000000000
67066  10.809  -52.363  65.697 0.0000000000
67067  10.373  -52.455  65.698 0.0000000000
67068  10.197  -52.766  65.100 0.0000000000
67069  9.937  -52.515  65.711 0.0000000000
67070  8.941  -52.221  65.956 0.0000000000
67071  9.248  -52.517  65.476 0.0000000000
67072  8.861  -52.454  65.265 0.0000000000
67073  8.852  -52.685  64.635 0.0000000000
67074  8.621  -52.347  65.151 0.0000000000
72433  10.880  -39.712  75.297 0.0000000000
72435  11.475  -40.103  75.358 0.0000000000
72436  12.056  -40.613  75.341 0.0000000000
72437  11.718  -40.576  75.048 0.0000000000
72441  11.929  -41.032  73.389 0.0000000000
72442  11.655  -40.628  73.817 0.0000000000
72443  11.994  -41.330  73.856 0.0000000000
72444  12.127  -41.505  74.302 0.0000000000
72445  12.279  -42.033  73.865 0.0000000000
72446  12.474  -42.739  73.831 0.0000000000
72447  12.375  -42.571  73.406 0.0000000000
72450  12.234  -44.388  71.974 0.0000000000
72451  12.085  -45.150  72.046 0.0000000000
72452  12.089  -45.037  71.515 0.0000000000
72453  11.907  -45.617  71.152 0.0000000000
72458  12.420  -45.060  69.321 0.0000000000
81414  22.059  -56.486  63.318 0.0000000000
81415  21.996  -54.041  61.478 0.0000000000
81416  22.215  -54.416  61.953 0.0000000000
81417  21.697  -54.604  61.722 0.0000000000
81418  20.604  -55.956  62.224 0.0000000000
81419  21.106  -55.779  62.346 0.0000000000
81420  20.789  -56.361  62.720 0.0000000000
81421  20.991  -56.732  63.194 0.0000000000
81422  20.440  -56.963  63.122 0.0000000000
81424  19.944  -57.146  63.063 0.0000000000
81425  18.851  -57.038  62.368 0.0000000000
81426  19.007  -57.396  62.868 0.0000000000
81463  20.720  -33.799  69.219 0.0000000000
81519  16.629  -34.805  70.910 0.0000000000
81520  16.221  -35.338  70.605 0.0000000000
81521  13.551  -38.710  75.442 0.0000000000
81522  13.241  -38.003  75.508 0.0000000000
81523  13.841  -38.551  75.105 0.0000000000
81524  14.718  -38.701  73.525 0.0000000000
81525  14.267  -38.104  74.181 0.0000000000
81526  14.505  -37.945  73.579 0.0000000000
81527  14.344  -37.228  73.668 0.0000000000
81528  14.720  -37.825  72.973 0.0000000000
81529  15.850  -40.925  70.486 0.0000000000
81530  15.576  -40.381  71.300 0.0000000000
81531  15.784  -40.235  70.605 0.0000000000
81532  15.598  -38.871  70.391 0.0000000000
81533  15.492  -39.027  70.917 0.0000000000
81534  15.336  -38.269  71.162 0.0000000000
81535  15.036  -37.617  71.945 0.0000000000
81536  15.237  -37.504  71.316 0.0000000000
81537  15.183  -36.744  71.486 0.0000000000
81538  15.459  -37.368  70.657 0.0000000000
81539  16.173  -37.841  68.577 0.0000000000
81540  15.945  -37.172  69.351 0.0000000000
81541  16.244  -37.149  68.717 0.0000000000
81542  16.363  -36.505  68.881 0.0000000000
81543  16.540  -37.119  68.132 0.0000000000
81544  16.846  -37.147  67.586 0.0000000000
81545  16.706  -37.798  67.423 0.0000000000
81546  17.370  -39.835  66.096 0.0000000000
81547  17.226  -39.219  66.183 0.0000000000
81548  17.552  -39.794  65.551 0.0000000000
81549  17.733  -39.731  64.987 0.0000000000
81550  17.892  -40.402  64.934 0.0000000000
81551  17.657  -42.369  65.650 0.0000000000
81552  17.604  -41.782  65.791 0.0000000000
81553  17.861  -42.277  65.086 0.0000000000
81554  18.463  -42.538  63.248 0.0000000000
81555  18.275  -42.103  63.942 0.0000000000
81556  18.484  -41.969  63.433 0.0000000000
81557  18.456  -41.396  63.639 0.0000000000
81560  18.910  -42.379  62.252 0.0000000000
81575  19.146  -46.277  61.965 0.0000000000
81583  19.613  -48.664  59.653 0.0000000000
81585  20.060  -49.002  59.369 0.0000000000
81587  19.835  -49.404  59.269 0.0000000000
81588  17.122  -47.014  66.766 0.0000000000
81589  17.366  -46.809  66.270 0.0000000000
81590  17.376  -47.270  66.307 0.0000000000
81591  17.543  -48.077  65.052 0.0000000000
81592  17.792  -47.632  65.206 0.0000000000
81593  17.747  -47.837  64.533 0.0000000000
81594  17.983  -47.690  63.946 0.0000000000
81595  17.689  -48.089  63.809 0.0000000000
81596  16.092  -49.645  63.945 0.0000000000
81597  16.449  -49.302  64.298 0.0000000000
81598  16.397  -49.460  63.497 0.0000000000
81599  17.022  -49.388  61.650 0.0000000000
81600  16.977  -49.167  62.474 0.0000000000
81601  17.321  -49.042  62.004 0.0000000000
81602  17.605  -48.634  62.248 0.0000000000
81603  17.673  -48.900  61.403 0.0000000000
81604  18.058  -48.810  60.838 0.0000000000
81605  17.800  -49.156  60.620 0.0000000000
81606  18.213  -50.155  59.384 0.0000000000
81607  18.377  -49.741  59.551 0.0000000000
81608  18.790  -50.170  59.264 0.0000000000
81609  19.455  -50.236  59.095 0.0000000000
81610  19.321  -50.690  58.990 0.0000000000
81611  19.825  -51.192  58.930 0.0000000000
81612  19.136  -51.172  58.927 0.0000000000
81613  18.283  -52.393  58.830 0.0000000000
81614  18.855  -52.321  58.942 0.0000000000
81615  18.669  -52.966  59.084 0.0000000000
81616  19.060  -53.451  59.444 0.0000000000
81617  18.469  -53.583  59.275 0.0000000000
81618  16.234  -52.593  58.846 0.0000000000
81619  16.726  -52.458  58.757 0.0000000000
81620  16.571  -53.236  58.954 0.0000000000
81621  17.017  -54.994  59.720 0.0000000000
81622  17.210  -54.408  59.414 0.0000000000
81623  17.504  -54.869  59.801 0.0000000000
81624  18.057  -54.771  59.955 0.0000000000
81625  17.804  -55.346  60.300 0.0000000000
81626  18.095  -55.803  60.791 0.0000000000
81627  17.552  -55.925  60.685 0.0000000000
81655  12.724  -51.972  62.718 0.0000000000
81656  12.878  -52.108  61.781 0.0000000000
81657  12.538  -52.270  62.061 0.0000000000
81658  11.931  -53.136  60.931 0.0000000000
81659  12.287  -53.071  60.674 0.0000000000
81660  12.251  -53.548  59.984 0.0000000000
81661  12.549  -54.231  59.369 0.0000000000
81662  12.218  -54.191  59.518 0.0000000000
81663  10.657  -53.765  61.600 0.0000000000
81664  10.987  -53.591  61.417 0.0000000000
81665  10.966  -53.980  60.800 0.0000000000
81668  11.857  -55.656  59.181 0.0000000000
81700  11.395  -46.713  70.482 0.0000000000
81701  11.176  -47.394  70.498 0.0000000000
81702  11.059  -47.242  70.112 0.0000000000
81703  10.207  -48.171  68.918 0.0000000000
81704  10.300  -48.260  69.347 0.0000000000
81705  9.881  -48.752  68.908 0.0000000000
81706  9.770  -49.340  68.944 0.0000000000
81707  9.543  -49.218  68.540 0.0000000000
81708  10.460  -47.824  67.208 0.0000000000
81709  10.418  -47.954  67.673 0.0000000000
81710  9.913  -48.396  67.305 0.0000000000
81713  8.668  -50.007  67.345 0.0000000000
81714  8.803  -50.143  67.707 0.0000000000
81715  8.471  -50.539  67.252 0.0000000000
81716  8.449  -51.098  67.072 0.0000000000
81717  8.255  -50.898  66.765 0.0000000000
81720  7.904  -51.686  65.097 0.0000000000
81721  8.123  -52.074  64.689 0.0000000000
81722  7.877  -51.944  64.484 0.0000000000
81741  7.516  -52.031  62.670 0.0000000000
81742  7.480  -51.859  63.329 0.0000000000
81743  7.731  -52.190  62.920 0.0000000000
81744  7.946  -52.309  63.185 0.0000000000
81745  8.072  -52.444  62.506 0.0000000000
81746  8.347  -52.767  62.105 0.0000000000
81747  8.189  -52.587  61.832 0.0000000000
81748  8.341  -52.690  60.435 0.0000000000
81749  8.500  -52.863  60.667 0.0000000000
81750  8.717  -53.116  60.034 0.0000000000
81751  8.979  -53.563  59.664 0.0000000000
81752  8.943  -53.399  59.443 0.0000000000
81753  7.640  -52.069  59.504 0.0000000000
81754  7.794  -52.265  59.745 0.0000000000
81755  8.138  -52.448  59.257 0.0000000000
81757  8.976  -53.310  58.602 0.0000000000
81758  9.242  -53.850  58.251 0.0000000000
81775  8.742  -52.669  56.341 0.0000000000
92892  12.370  -45.333  72.773 0.0000000000
92893  12.664  -45.441  73.024 0.0000000000
92894  12.464  -46.075  72.607 0.0000000000
92895  12.650  -46.724  72.342 0.0000000000
92896  12.876  -47.265  72.033 0.0000000000
92897  13.062  -47.789  71.660 0.0000000000
92898  12.568  -47.795  71.639 0.0000000000
92899  12.254  -48.274  71.232 0.0000000000
92900  11.941  -48.789  70.777 0.0000000000
92901  11.629  -49.268  70.414 0.0000000000
92902  11.513  -48.732  70.689 0.0000000000
92903  11.182  -48.715  70.502 0.0000000000
92904  10.907  -48.647  70.274 0.0000000000
95772  22.133  -52.253  60.243 0.0000000000
95773  21.830  -51.936  59.861 0.0000000000
95774  21.273  -51.980  59.616 0.0000000000
95775  20.736  -52.027  59.349 0.0000000000
95781  18.574  -34.146  70.231 0.0000000000
95782  18.854  -34.213  69.694 0.0000000000
95783  18.446  -34.599  69.256 0.0000000000
95784  18.336  -35.032  68.350 0.0000000000
95785  18.269  -35.453  67.529 0.0000000000
95787  17.947  -35.945  67.203 0.0000000000
95788  17.672  -36.527  66.903 0.0000000000
95789  17.460  -37.147  66.638 0.0000000000
95790  11.100  -35.261  76.195 0.0000000000
95791  11.592  -34.920  76.120 0.0000000000
95792  11.649  -35.572  76.135 0.0000000000
95793  12.208  -36.043  75.896 0.0000000000
95794  12.755  -36.582  75.593 0.0000000000
95795  16.358  -43.948  68.841 0.0000000000
95796  16.360  -43.278  68.923 0.0000000000
95797  16.617  -43.813  68.149 0.0000000000
95798  16.812  -43.689  67.519 0.0000000000
95799  17.196  -43.654  66.908 0.0000000000
95800  17.419  -43.567  66.357 0.0000000000
95801  17.404  -44.099  66.198 0.0000000000
95802  17.550  -44.488  65.523 0.0000000000
95803  17.713  -44.835  64.890 0.0000000000
95804  17.859  -45.180  64.359 0.0000000000
95805  17.643  -45.331  64.914 0.0000000000
95806  17.633  -45.812  65.016 0.0000000000
95807  17.681  -46.326  65.097 0.0000000000
95808  14.493  -50.711  64.053 0.0000000000
95809  14.793  -50.556  63.789 0.0000000000
95810  14.553  -50.845  63.014 0.0000000000
95811  14.632  -51.001  61.996 0.0000000000
95812  14.765  -51.193  61.060 0.0000000000
95813  14.971  -51.603  60.152 0.0000000000
95814  14.588  -51.672  60.358 0.0000000000
95815  14.441  -52.204  59.785 0.0000000000
95816  14.312  -52.795  59.386 0.0000000000
95817  14.299  -53.498  59.024 0.0000000000
95818  13.969  -52.864  59.538 0.0000000000
95819  13.647  -52.927  59.650 0.0000000000
95820  13.327  -52.938  59.854 0.0000000000
95821  9.281  -53.273  63.630 0.0000000000
95822  9.475  -53.540  63.081 0.0000000000
95823  9.197  -53.486  63.021 0.0000000000
95824  9.192  -53.687  62.418 0.0000000000
95825  9.243  -53.903  61.787 0.0000000000
95826  9.346  -54.163  61.155 0.0000000000
95827  9.066  -53.775  61.635 0.0000000000
95828  8.946  -53.655  61.434 0.0000000000
95829  8.845  -53.510  61.226 0.0000000000
100110  12.805  -40.495  75.600 0.0000000000
100111  13.195  -40.387  75.570 0.0000000000
100112  13.335  -41.080  75.369 0.0000000000
100113  13.772  -41.616  75.067 0.0000000000
100114  14.127  -42.166  74.697 0.0000000000
100115  14.311  -45.197  72.929 0.0000000000
100116  14.482  -44.546  73.248 0.0000000000
100117  14.702  -45.069  72.623 0.0000000000
100118  15.046  -44.867  72.282 0.0000000000
100119  15.320  -44.759  71.779 0.0000000000
100120  15.587  -44.569  71.276 0.0000000000
100121  15.485  -45.281  71.079 0.0000000000
100122  15.664  -45.790  70.337 0.0000000000
100123  15.846  -46.264  69.603 0.0000000000
100124  16.052  -46.671  68.889 0.0000000000
100125  15.783  -46.882  69.440 0.0000000000
100126  15.672  -47.471  69.222 0.0000000000
100127  15.512  -48.056  69.020 0.0000000000
100128  13.736  -49.518  69.663 0.0000000000
100129  14.203  -49.408  69.373 0.0000000000
100130  13.910  -49.864  69.085 0.0000000000
100131  14.081  -50.111  68.520 0.0000000000
100132  14.268  -50.266  67.866 0.0000000000
100133  14.402  -50.282  67.163 0.0000000000
100134  13.924  -50.521  67.431 0.0000000000
100135  13.581  -50.787  66.918 0.0000000000
100136  13.210  -51.027  66.302 0.0000000000
100137  12.945  -51.314  65.685 0.0000000000
100138  12.816  -51.234  66.478 0.0000000000
100139  12.427  -51.401  66.553 0.0000000000
100140  12.036  -51.565  66.709 0.0000000000
100141  10.520  -50.939  68.512 0.0000000000
100142  10.743  -51.295  68.039 0.0000000000
100143  10.252  -51.317  67.928 0.0000000000
100144  10.054  -51.670  67.393 0.0000000000
100145  9.869  -51.998  66.816 0.0000000000
100146  9.693  -52.284  66.210 0.0000000000
100147  9.468  -51.946  66.666 0.0000000000
100148  9.089  -51.937  66.590 0.0000000000
100149  8.766  -51.906  66.442 0.0000000000
103366  10.303  -39.365  75.235 0.0000000000
103371  11.968  -40.865  72.901 0.0000000000
103372  12.185  -41.580  72.928 0.0000000000
108754  20.983  -54.390  61.095 0.0000000000
108755  21.199  -54.809  61.550 0.0000000000
108756  20.713  -54.996  61.421 0.0000000000
108757  20.433  -55.556  61.752 0.0000000000
108758  20.107  -56.116  62.123 0.0000000000
108759  19.818  -56.662  62.543 0.0000000000
108760  19.640  -56.271  62.041 0.0000000000
108761  19.177  -56.435  61.951 0.0000000000
108762  18.662  -56.638  61.878 0.0000000000
108818  14.584  -39.736  74.539 0.0000000000
108819  14.342  -39.063  74.619 0.0000000000
108820  14.756  -39.582  74.056 0.0000000000
108821  14.909  -39.354  73.492 0.0000000000
108822  15.082  -39.257  72.837 0.0000000000
108823  16.207  -40.793  69.352 0.0000000000
108824  15.925  -40.255  70.022 0.0000000000
108825  16.066  -40.229  69.469 0.0000000000
108826  15.891  -39.513  69.647 0.0000000000
108827  15.764  -38.833  69.683 0.0000000000
108828  15.711  -38.060  69.822 0.0000000000
108829  15.952  -38.734  69.095 0.0000000000
108830  16.178  -38.603  68.461 0.0000000000
108831  16.352  -38.495  67.854 0.0000000000
108832  16.652  -38.507  67.277 0.0000000000
108833  16.648  -39.176  67.214 0.0000000000
108834  17.065  -39.819  66.653 0.0000000000
108835  17.506  -40.505  66.053 0.0000000000
108836  18.100  -43.219  64.211 0.0000000000
108837  18.064  -42.704  64.380 0.0000000000
108839  18.471  -43.114  63.146 0.0000000000
108840  18.640  -42.974  62.602 0.0000000000
108841  18.891  -42.923  62.131 0.0000000000
108842  18.864  -43.482  62.012 0.0000000000
108843  19.166  -43.999  61.448 0.0000000000
108850  19.150  -46.598  61.942 0.0000000000
108851  19.085  -46.948  61.837 0.0000000000
108856  19.226  -48.306  60.106 0.0000000000
108857  19.031  -48.684  59.968 0.0000000000
108858  17.108  -48.011  66.747 0.0000000000
108859  17.344  -47.756  66.277 0.0000000000
108860  17.231  -48.204  66.238 0.0000000000
108861  17.281  -48.354  65.563 0.0000000000
108862  17.224  -48.507  64.843 0.0000000000
108863  16.079  -49.963  62.066 0.0000000000
108864  16.377  -49.637  62.615 0.0000000000
108865  16.411  -49.763  61.717 0.0000000000
108866  16.786  -49.684  61.320 0.0000000000
108867  17.156  -49.553  60.813 0.0000000000
108868  17.546  -49.522  60.401 0.0000000000
108869  17.393  -49.853  60.120 0.0000000000
108870  17.683  -50.180  59.569 0.0000000000
108871  18.045  -50.602  59.196 0.0000000000
108872  18.533  -51.152  58.992 0.0000000000
108873  17.944  -51.156  58.981 0.0000000000
108874  17.834  -51.748  58.865 0.0000000000
108875  17.725  -52.431  58.828 0.0000000000
108876  16.034  -53.934  59.012 0.0000000000
108877  16.438  -53.901  59.114 0.0000000000
108878  16.285  -54.515  59.327 0.0000000000
108879  16.529  -55.047  59.636 0.0000000000
108880  16.780  -55.581  60.069 0.0000000000
108881  17.021  -56.074  60.580 0.0000000000
108882  16.532  -56.180  60.485 0.0000000000
108898  12.048  -52.398  63.263 0.0000000000
108899  12.160  -52.452  62.342 0.0000000000
108900  11.831  -52.656  62.554 0.0000000000
108901  11.661  -52.912  61.850 0.0000000000
108902  11.587  -53.273  61.112 0.0000000000
108903  10.661  -54.422  60.406 0.0000000000
108904  10.949  -54.366  60.235 0.0000000000
108925  11.478  -46.496  69.571 0.0000000000
108926  11.040  -47.114  69.718 0.0000000000
108927  11.065  -47.070  69.242 0.0000000000
108928  10.621  -47.592  68.886 0.0000000000
108929  10.200  -48.085  68.504 0.0000000000
108951  7.314  -51.924  62.329 0.0000000000
108952  7.569  -52.176  61.962 0.0000000000
108953  7.966  -52.436  61.580 0.0000000000
108954  7.730  -52.322  61.332 0.0000000000
108955  7.932  -52.442  60.767 0.0000000000
108956  8.188  -52.565  60.235 0.0000000000
108957  8.315  -52.461  58.522 0.0000000000
108958  8.521  -52.675  58.738 0.0000000000
108959  8.759  -52.899  58.190 0.0000000000
108960  9.075  -53.394  57.880 0.0000000000
116904  12.933  -42.979  74.427 0.0000000000
116905  13.286  -42.962  74.583 0.0000000000
116906  13.178  -43.629  74.218 0.0000000000
116907  13.417  -44.234  73.936 0.0000000000
116908  13.615  -44.786  73.580 0.0000000000
116909  13.033  -45.486  73.162 0.0000000000
116910  13.427  -45.386  73.233 0.0000000000
116911  13.836  -45.353  73.122 0.0000000000
116912  14.151  -45.899  72.580 0.0000000000
116913  14.400  -46.420  72.010 0.0000000000
116914  14.613  -46.922  71.450 0.0000000000
116915  14.759  -47.433  70.822 0.0000000000
116916  14.434  -47.558  71.154 0.0000000000
116917  14.122  -48.083  70.871 0.0000000000
116918  13.820  -48.654  70.582 0.0000000000
116919  13.215  -48.316  71.216 0.0000000000
116920  13.347  -48.705  70.761 0.0000000000
116921  13.517  -49.120  70.246 0.0000000000
116922  13.259  -49.576  69.942 0.0000000000
116923  12.925  -49.988  69.517 0.0000000000
116924  12.591  -50.381  69.110 0.0000000000
116925  12.370  -50.761  68.613 0.0000000000
116926  12.145  -50.467  69.119 0.0000000000
116927  11.703  -50.534  69.163 0.0000000000
116928  11.233  -50.556  69.095 0.0000000000
116929  11.335  -49.700  70.004 0.0000000000
116930  11.044  -50.109  69.548 0.0000000000
116931  10.792  -50.565  69.057 0.0000000000
116932  10.368  -50.541  68.886 0.0000000000
116933  9.986  -50.447  68.695 0.0000000000
116934  9.598  -50.381  68.513 0.0000000000
116938  14.622  -44.468  60.332 0.0000000000
119443  11.594  -39.966  71.724 0.0000000000
119444  12.105  -40.425  71.232 0.0000000000
119445  12.455  -40.923  70.838 0.0000000000
119446  12.076  -40.273  70.776 0.0000000000
123625  22.832  -53.284  61.590 0.0000000000
123626  22.306  -53.476  61.271 0.0000000000
123627  21.761  -53.649  61.015 0.0000000000
123628  21.831  -52.759  60.396 0.0000000000
123629  21.538  -53.262  60.570 0.0000000000
123630  21.233  -53.801  60.828 0.0000000000
123631  20.752  -53.943  60.631 0.0000000000
123632  20.222  -54.127  60.456 0.0000000000
123633  19.744  -54.335  60.393 0.0000000000
123649  19.911  -34.031  69.205 0.0000000000
123650  19.213  -34.278  69.212 0.0000000000
123660  18.226  -36.494  65.912 0.0000000000
123663  18.150  -38.248  64.136 0.0000000000
123664  18.128  -38.931  64.054 0.0000000000
123665  18.104  -39.511  63.973 0.0000000000
123671  12.122  -34.619  75.936 0.0000000000
123672  12.644  -34.376  75.756 0.0000000000
123673  13.177  -34.098  75.568 0.0000000000
123674  13.579  -34.584  75.192 0.0000000000
123675  13.975  -35.188  74.682 0.0000000000
123677  15.717  -41.857  71.898 0.0000000000
123678  15.652  -41.197  71.963 0.0000000000
123679  15.838  -41.642  71.159 0.0000000000
123680  15.874  -41.548  70.430 0.0000000000
123681  16.011  -41.437  69.719 0.0000000000
123682  16.321  -42.614  68.922 0.0000000000
123683  16.256  -41.955  69.006 0.0000000000
123684  16.243  -41.333  69.166 0.0000000000
123685  16.443  -41.406  68.569 0.0000000000
123686  16.655  -41.373  68.114 0.0000000000
123687  16.854  -41.353  67.617 0.0000000000
123688  17.151  -41.314  67.075 0.0000000000
123689  17.179  -41.928  66.888 0.0000000000
123690  17.471  -42.446  66.209 0.0000000000
123691  17.757  -42.916  65.514 0.0000000000
123692  17.651  -43.486  65.890 0.0000000000
123693  17.768  -43.395  65.334 0.0000000000
123694  17.927  -43.287  64.771 0.0000000000
123695  18.092  -43.724  64.045 0.0000000000
123698  18.696  -45.116  62.206 0.0000000000
123702  18.097  -45.608  63.831 0.0000000000
123706  18.535  -46.989  62.874 0.0000000000
123707  18.405  -47.399  62.757 0.0000000000
123708  15.913  -49.544  65.839 0.0000000000
123709  16.287  -49.365  65.506 0.0000000000
123710  15.882  -49.657  65.131 0.0000000000
123711  15.804  -49.782  64.359 0.0000000000
123712  15.749  -49.964  63.523 0.0000000000
123713  15.118  -50.416  63.352 0.0000000000
123714  15.457  -50.240  62.947 0.0000000000
123715  15.743  -50.090  62.543 0.0000000000
123716  15.845  -50.253  61.535 0.0000000000
123717  15.985  -50.495  60.661 0.0000000000
123718  16.199  -50.806  59.893 0.0000000000
123719  16.489  -51.303  59.333 0.0000000000
123720  16.054  -51.341  59.526 0.0000000000
123721  15.932  -51.935  59.158 0.0000000000
123722  15.841  -52.583  58.848 0.0000000000
123723  15.185  -52.107  59.467 0.0000000000
123724  15.452  -52.703  58.977 0.0000000000
123725  15.749  -53.321  58.848 0.0000000000
123726  15.606  -54.016  58.953 0.0000000000
123727  15.459  -54.695  59.195 0.0000000000
123728  15.296  -55.337  59.578 0.0000000000
123729  15.127  -55.973  59.978 0.0000000000
123730  14.951  -55.442  59.541 0.0000000000
123731  14.651  -55.548  59.542 0.0000000000
123732  14.390  -55.590  59.425 0.0000000000
123733  14.257  -54.222  58.958 0.0000000000
123734  14.190  -54.961  59.071 0.0000000000
123735  14.076  -55.636  59.379 0.0000000000
123736  13.792  -55.665  59.308 0.0000000000
123739  10.578  -53.082  63.795 0.0000000000
123740  10.792  -53.184  63.000 0.0000000000
123741  10.438  -53.323  63.134 0.0000000000
123742  10.327  -53.616  62.485 0.0000000000
123743  10.322  -53.894  61.732 0.0000000000
123744  9.729  -53.792  62.445 0.0000000000
123745  10.035  -53.980  61.783 0.0000000000
123746  10.347  -54.189  61.089 0.0000000000
123747  10.386  -54.501  60.505 0.0000000000
123754  9.401  -54.398  60.559 0.0000000000
123767  10.180  -48.221  66.443 0.0000000000
123784  7.200  -51.702  59.781 0.0000000000
123785  7.476  -51.881  59.244 0.0000000000
123787  7.344  -51.673  58.923 0.0000000000
123788  7.802  -52.092  58.719 0.0000000000
123789  8.156  -52.300  58.201 0.0000000000
123790  8.514  -52.500  57.757 0.0000000000
123791  8.778  -52.762  57.308 0.0000000000
123793  8.638  -52.617  57.052 0.0000000000
123794  8.485  -52.416  56.758 0.0000000000
123795  8.346  -52.236  56.454 0.0000000000
123797  7.888  -51.767  56.620 0.0000000000
123798  8.151  -52.029  56.162 0.0000000000
133257  18.229  -34.094  70.674 0.0000000000
133258  17.820  -34.488  70.236 0.0000000000
133259  17.373  -34.929  69.759 0.0000000000
133260  11.901  -37.988  76.104 0.0000000000
133261  12.272  -37.785  75.994 0.0000000000
133262  12.558  -38.437  75.958 0.0000000000
133263  13.217  -38.896  75.702 0.0000000000
133264  13.781  -39.404  75.333 0.0000000000
133265  13.592  -40.281  75.432 0.0000000000
133266  13.979  -40.136  75.209 0.0000000000
133267  14.275  -39.917  74.912 0.0000000000
133268  14.736  -40.521  74.400 0.0000000000
133269  15.103  -41.027  73.867 0.0000000000
133270  15.398  -41.570  73.223 0.0000000000
133271  13.666  -42.902  74.579 0.0000000000
133272  14.053  -42.842  74.460 0.0000000000
133273  14.446  -42.702  74.253 0.0000000000
133274  14.604  -43.880  73.533 0.0000000000
133275  14.717  -43.206  73.793 0.0000000000
133276  14.787  -42.562  73.969 0.0000000000
133277  15.129  -42.411  73.608 0.0000000000
133278  15.448  -42.206  73.104 0.0000000000
133279  15.615  -42.060  72.526 0.0000000000
133280  15.716  -42.553  71.764 0.0000000000
133281  15.843  -43.116  70.929 0.0000000000
133282  15.977  -43.570  70.155 0.0000000000
133283  15.799  -44.403  70.696 0.0000000000
133284  15.960  -44.227  70.112 0.0000000000
133285  16.166  -44.150  69.421 0.0000000000
133286  16.322  -44.611  68.669 0.0000000000
133287  16.536  -45.081  67.909 0.0000000000
133288  16.770  -45.472  67.260 0.0000000000
133289  17.045  -45.892  66.661 0.0000000000
133290  16.812  -46.062  67.246 0.0000000000
133291  16.847  -46.620  67.256 0.0000000000
133292  16.881  -47.255  67.242 0.0000000000
133293  16.299  -47.012  68.269 0.0000000000
133294  16.616  -47.328  67.736 0.0000000000
133295  16.882  -47.744  67.232 0.0000000000
133296  16.805  -48.229  67.177 0.0000000000
133297  16.649  -48.675  67.079 0.0000000000
133298  16.311  -49.128  66.853 0.0000000000
133299  14.949  -47.810  70.155 0.0000000000
133300  15.117  -48.185  69.505 0.0000000000
133301  15.303  -48.607  68.834 0.0000000000
133302  14.661  -49.256  69.014 0.0000000000
133303  15.104  -49.098  68.637 0.0000000000
133304  15.553  -48.934  68.297 0.0000000000
133305  15.781  -49.150  67.767 0.0000000000
133306  15.958  -49.360  67.194 0.0000000000
133307  15.953  -49.438  66.559 0.0000000000
133308  15.622  -49.693  66.297 0.0000000000
133309  15.208  -50.011  65.932 0.0000000000
133310  14.850  -50.251  65.423 0.0000000000
133311  14.454  -50.345  66.398 0.0000000000
133312  14.454  -50.436  65.577 0.0000000000
133313  14.499  -50.550  64.852 0.0000000000
133314  14.166  -50.872  64.261 0.0000000000
133315  13.853  -51.102  63.566 0.0000000000
133316  13.545  -51.373  62.940 0.0000000000
133317  13.326  -51.656  62.252 0.0000000000
133318  13.218  -51.564  63.237 0.0000000000
133319  12.902  -51.725  63.423 0.0000000000
133320  12.574  -51.945  63.681 0.0000000000
133321  12.700  -51.599  65.086 0.0000000000
133322  12.461  -51.865  64.513 0.0000000000
133323  12.257  -52.149  63.924 0.0000000000
133324  11.913  -52.323  64.118 0.0000000000
133325  11.551  -52.505  64.276 0.0000000000
133326  11.170  -52.690  64.377 0.0000000000
133327  12.132  -51.086  68.046 0.0000000000
133328  11.894  -51.389  67.448 0.0000000000
133329  11.646  -51.687  66.796 0.0000000000
133330  10.989  -51.550  67.490 0.0000000000
133331  11.205  -51.775  66.836 0.0000000000
133332  11.436  -51.943  66.159 0.0000000000
133333  11.220  -52.226  65.663 0.0000000000
133334  10.992  -52.541  65.119 0.0000000000
133335  10.752  -52.855  64.447 0.0000000000
133336  10.376  -52.987  64.460 0.0000000000
133337  10.057  -53.093  64.478 0.0000000000
133338  9.712  -53.138  64.437 0.0000000000
133339  9.575  -52.553  65.651 0.0000000000
133340  9.494  -52.841  65.001 0.0000000000
133341  9.377  -53.083  64.325 0.0000000000
133342  9.082  -52.997  64.169 0.0000000000
133343  8.812  -52.890  64.022 0.0000000000
133344  8.579  -52.780  63.857 0.0000000000
133356  14.301  -44.815  61.256 0.0000000000
140018  10.951  -36.967  76.227 0.0000000000
140045  11.229  -37.613  76.181 0.0000000000
140051  12.227  -40.025  75.760 0.0000000000
140052  12.400  -40.600  75.520 0.0000000000
140053  12.538  -41.171  75.249 0.0000000000
140054  12.610  -41.739  74.939 0.0000000000
140060  11.480  -40.485  74.684 0.0000000000
140061  11.927  -41.014  74.695 0.0000000000
140062  12.303  -41.628  74.667 0.0000000000
140063  12.648  -42.325  74.570 0.0000000000
140064  12.663  -42.894  74.172 0.0000000000
140065  12.608  -43.455  73.761 0.0000000000
140066  12.488  -44.027  73.341 0.0000000000
140068  12.363  -43.928  72.953 0.0000000000
140069  12.344  -44.613  72.905 0.0000000000
140070  12.160  -45.249  72.473 0.0000000000
140071  11.980  -45.874  72.047 0.0000000000
140072  11.767  -46.462  71.614 0.0000000000
140073  11.581  -46.949  71.265 0.0000000000
140074  11.693  -46.305  71.238 0.0000000000
140075  11.677  -46.171  70.819 0.0000000000
140076  11.766  -45.988  70.415 0.0000000000
140078  12.134  -45.292  70.308 0.0000000000
140079  11.848  -45.893  69.916 0.0000000000
140080  11.962  -45.902  69.399 0.0000000000
140152  15.307  -41.835  58.850 0.0000000000
140153  15.404  -41.728  58.335 0.0000000000
150938  22.005  -57.631  63.869 0.0000000000
150939  21.486  -57.770  63.915 0.0000000000
150941  22.443  -54.805  62.370 0.0000000000
150942  22.135  -55.439  62.634 0.0000000000
150943  21.421  -55.190  61.975 0.0000000000
150944  21.594  -55.580  62.436 0.0000000000
150945  21.819  -56.016  62.905 0.0000000000
150946  21.543  -56.572  63.266 0.0000000000
150947  21.226  -57.231  63.643 0.0000000000
150952  19.475  -57.249  62.969 0.0000000000
151064  17.002  -34.882  70.279 0.0000000000
151065  16.960  -35.384  69.410 0.0000000000
151066  12.687  -37.564  75.800 0.0000000000
151067  12.988  -37.297  75.541 0.0000000000
151068  13.350  -37.034  75.227 0.0000000000
151069  14.054  -38.322  74.690 0.0000000000
151070  13.808  -37.580  74.759 0.0000000000
151071  13.614  -36.817  74.829 0.0000000000
151072  13.935  -36.633  74.357 0.0000000000
151075  15.512  -40.580  71.995 0.0000000000
151076  15.296  -39.842  72.084 0.0000000000
151077  15.183  -39.147  72.135 0.0000000000
151078  15.668  -39.631  70.749 0.0000000000
151079  15.380  -39.025  71.526 0.0000000000
151080  15.058  -38.448  72.291 0.0000000000
151081  14.909  -37.754  72.453 0.0000000000
151082  14.771  -37.001  72.690 0.0000000000
151083  14.717  -36.226  72.925 0.0000000000
151084  14.978  -36.132  72.356 0.0000000000
151085  15.250  -36.056  71.690 0.0000000000
151086  15.564  -35.893  71.039 0.0000000000
151087  15.669  -37.287  69.992 0.0000000000
151088  15.721  -36.541  70.178 0.0000000000
151089  15.895  -35.903  70.380 0.0000000000
151090  16.236  -35.873  69.726 0.0000000000
151091  16.595  -35.909  69.137 0.0000000000
151092  16.973  -35.943  68.563 0.0000000000
151093  17.016  -36.509  67.849 0.0000000000
151094  17.139  -37.119  67.105 0.0000000000
151095  17.296  -37.840  66.376 0.0000000000
151096  16.912  -38.506  66.732 0.0000000000
151097  17.210  -38.437  66.321 0.0000000000
151098  17.490  -38.476  65.725 0.0000000000
151099  17.717  -39.137  65.038 0.0000000000
151100  17.908  -39.628  64.487 0.0000000000
151102  17.363  -41.217  66.487 0.0000000000
151103  17.567  -41.148  65.936 0.0000000000
151104  17.847  -41.145  65.394 0.0000000000
151105  18.098  -42.171  64.567 0.0000000000
151106  18.078  -41.604  64.680 0.0000000000
151107  18.056  -41.057  64.855 0.0000000000
151108  18.176  -40.924  64.329 0.0000000000
151114  19.128  -42.855  61.592 0.0000000000
151146  20.836  -50.172  59.153 0.0000000000
151147  17.267  -46.247  66.133 0.0000000000
151148  17.478  -46.543  65.707 0.0000000000
151149  17.797  -46.781  65.189 0.0000000000
151150  17.626  -47.465  65.791 0.0000000000
151151  17.843  -47.216  65.219 0.0000000000
151152  18.017  -47.018  64.651 0.0000000000
151155  18.198  -47.820  62.629 0.0000000000
151156  16.587  -49.142  65.103 0.0000000000
151157  16.838  -48.909  64.557 0.0000000000
151158  17.122  -48.692  64.178 0.0000000000
151159  16.676  -49.304  62.990 0.0000000000
151160  17.002  -48.921  63.324 0.0000000000
151161  17.330  -48.513  63.573 0.0000000000
151162  17.627  -48.330  63.100 0.0000000000
151163  17.902  -48.242  62.449 0.0000000000
151164  18.224  -48.175  61.896 0.0000000000
151165  18.314  -48.450  61.087 0.0000000000
151166  18.508  -48.709  60.381 0.0000000000
151167  18.805  -49.012  59.795 0.0000000000
151168  18.044  -49.409  59.997 0.0000000000
151169  18.586  -49.379  59.644 0.0000000000
151170  19.189  -49.388  59.462 0.0000000000
151171  19.620  -49.825  59.158 0.0000000000
151172  20.133  -50.237  59.049 0.0000000000
151173  20.618  -50.621  59.049 0.0000000000
151174  20.461  -51.106  59.011 0.0000000000
151175  20.292  -51.604  59.034 0.0000000000
151176  20.099  -52.140  59.172 0.0000000000
151177  18.990  -51.707  58.904 0.0000000000
151178  19.453  -52.223  59.014 0.0000000000
151179  19.862  -52.726  59.350 0.0000000000
151180  19.650  -53.295  59.593 0.0000000000
151181  19.436  -53.906  59.892 0.0000000000
151182  19.203  -54.508  60.204 0.0000000000
151183  16.847  -51.832  58.935 0.0000000000
151184  17.205  -52.470  58.765 0.0000000000
151185  17.584  -53.123  58.939 0.0000000000
151186  16.893  -53.819  59.136 0.0000000000
151187  17.421  -53.791  59.129 0.0000000000
151188  17.929  -53.668  59.217 0.0000000000
151189  18.276  -54.176  59.563 0.0000000000
151190  18.588  -54.604  60.009 0.0000000000
151191  18.938  -55.065  60.531 0.0000000000
151192  18.697  -55.637  60.923 0.0000000000
151193  18.405  -56.228  61.338 0.0000000000
151197  17.828  -57.366  62.218 0.0000000000
151228  13.199  -51.972  61.517 0.0000000000
151229  13.079  -52.421  60.830 0.0000000000
151230  12.987  -52.948  60.184 0.0000000000
151231  12.362  -52.657  61.372 0.0000000000
151232  12.621  -53.008  60.420 0.0000000000
151233  12.921  -53.547  59.554 0.0000000000
151234  12.907  -54.273  59.235 0.0000000000
151237  10.996  -53.252  62.140 0.0000000000
151238  11.282  -53.426  61.260 0.0000000000
151239  11.547  -53.724  60.456 0.0000000000
151240  11.255  -54.303  60.080 0.0000000000
151241  11.541  -54.244  59.850 0.0000000000
151242  11.899  -54.180  59.671 0.0000000000
151282  11.301  -47.521  70.814 0.0000000000
151283  10.999  -48.032  70.420 0.0000000000
151284  10.667  -48.511  70.017 0.0000000000
151285  10.696  -47.769  69.759 0.0000000000
151286  10.454  -48.403  69.718 0.0000000000
151287  10.357  -48.956  69.627 0.0000000000
151288  10.037  -49.421  69.199 0.0000000000
151289  9.651  -49.913  68.757 0.0000000000
151290  9.227  -50.425  68.277 0.0000000000
151291  10.883  -47.413  67.996 0.0000000000
151292  10.252  -48.001  68.095 0.0000000000
151293  9.791  -48.559  68.139 0.0000000000
151294  9.378  -48.916  67.351 0.0000000000
151295  9.385  -49.021  67.774 0.0000000000
151296  9.415  -49.169  68.064 0.0000000000
151297  9.160  -49.713  68.123 0.0000000000
151298  8.959  -50.319  68.038 0.0000000000
151299  8.955  -50.844  67.850 0.0000000000
151300  8.735  -51.236  67.354 0.0000000000
151301  8.570  -51.574  66.812 0.0000000000
151302  8.439  -51.809  66.218 0.0000000000
151303  8.101  -51.210  66.201 0.0000000000
151304  8.192  -51.665  65.903 0.0000000000
151305  8.401  -52.029  65.554 0.0000000000
151306  8.362  -52.261  64.929 0.0000000000
151307  8.324  -52.496  64.310 0.0000000000
151308  8.360  -52.642  63.677 0.0000000000
151332  7.672  -51.845  64.171 0.0000000000
151333  7.896  -52.152  63.838 0.0000000000
151334  8.148  -52.468  63.452 0.0000000000
151335  8.422  -52.791  63.009 0.0000000000
151336  8.529  -52.952  62.340 0.0000000000
151337  8.622  -53.109  61.676 0.0000000000
151338  8.733  -53.304  61.001 0.0000000000
151339  8.311  -52.731  61.205 0.0000000000
151340  8.622  -53.110  60.782 0.0000000000
151341  8.867  -53.513  60.405 0.0000000000
151342  9.007  -53.735  59.874 0.0000000000
151343  9.197  -53.988  59.376 0.0000000000
151345  7.493  -52.109  60.260 0.0000000000
151346  7.997  -52.457  59.952 0.0000000000
151347  8.472  -52.756  59.681 0.0000000000
151348  8.650  -52.835  58.951 0.0000000000
151349  8.733  -53.033  59.127 0.0000000000
151350  8.845  -53.211  59.285 0.0000000000
151351  9.146  -53.692  58.949 0.0000000000
