#!ascii label  , from subject fsaverage vox2ras=TkReg
1376
18  17.179  -59.429  63.443 0.0000000000
102  30.737  -53.292  58.581 0.0000000000
292  25.064  -57.359  63.166 0.0000000000
294  19.270  -60.093  54.118 0.0000000000
409  10.608  -61.002  61.601 0.0000000000
410  13.522  -66.292  56.537 0.0000000000
772  21.232  -58.472  64.075 0.0000000000
773  21.683  -58.602  58.480 0.0000000000
774  19.050  -61.145  60.074 0.0000000000
923  8.834  -64.530  58.737 0.0000000000
1246  16.824  -66.676  52.903 0.0000000000
1680  24.059  -56.160  56.663 0.0000000000
1915  13.611  -60.559  63.268 0.0000000000
1916  15.101  -63.321  60.872 0.0000000000
1917  11.689  -64.434  60.512 0.0000000000
1918  10.644  -67.667  55.848 0.0000000000
1919  9.977  -70.618  52.319 0.0000000000
2088  15.491  -55.850  59.992 0.0000000000
2089  12.973  -56.527  59.545 0.0000000000
2327  16.134  -62.762  55.843 0.0000000000
2328  18.986  -63.067  51.912 0.0000000000
2692  19.053  -59.029  63.832 0.0000000000
2693  20.301  -60.412  62.511 0.0000000000
2694  18.375  -60.952  62.657 0.0000000000
3759  24.799  -56.921  60.069 0.0000000000
3760  20.212  -59.305  56.181 0.0000000000
3761  21.361  -58.139  55.367 0.0000000000
3762  20.495  -59.099  53.268 0.0000000000
4207  11.927  -60.817  62.687 0.0000000000
4208  12.473  -62.718  62.504 0.0000000000
4209  10.775  -63.014  61.782 0.0000000000
4210  8.899  -65.427  55.940 0.0000000000
4211  9.825  -65.925  57.136 0.0000000000
4212  9.650  -66.998  54.683 0.0000000000
4213  10.235  -68.907  54.250 0.0000000000
4214  9.066  -68.550  52.948 0.0000000000
4593  14.192  -56.216  59.883 0.0000000000
5175  14.268  -65.066  59.081 0.0000000000
5176  15.810  -63.363  58.632 0.0000000000
5177  14.699  -64.566  56.292 0.0000000000
5178  18.852  -66.746  52.088 0.0000000000
5179  17.924  -64.744  52.372 0.0000000000
5180  20.072  -64.864  51.698 0.0000000000
5181  21.170  -63.275  50.915 0.0000000000
5998  23.249  -57.898  63.696 0.0000000000
5999  23.475  -58.188  60.967 0.0000000000
6000  21.994  -59.374  61.770 0.0000000000
6001  20.434  -60.017  59.284 0.0000000000
6002  19.106  -60.400  57.148 0.0000000000
6268  9.740  -60.997  60.045 0.0000000000
6269  9.459  -62.999  60.600 0.0000000000
6270  8.416  -62.884  59.137 0.0000000000
6840  24.090  -57.558  49.038 0.0000000000
6850  14.747  -66.461  54.260 0.0000000000
7756  29.605  -53.961  59.790 0.0000000000
7757  28.785  -53.770  56.919 0.0000000000
7761  22.754  -57.297  57.595 0.0000000000
7762  22.420  -56.944  54.557 0.0000000000
8353  15.316  -60.019  63.465 0.0000000000
8354  16.163  -61.495  62.691 0.0000000000
8355  14.257  -62.241  62.760 0.0000000000
8356  13.420  -64.124  60.900 0.0000000000
8357  12.602  -65.821  58.862 0.0000000000
8358  10.124  -64.535  59.718 0.0000000000
8359  11.016  -66.076  58.155 0.0000000000
8795  33.740  -50.235  61.477 0.0000000000
8796  32.028  -52.255  60.975 0.0000000000
8797  30.369  -53.577  62.441 0.0000000000
8798  28.417  -54.591  63.325 0.0000000000
8805  18.381  -57.213  62.314 0.0000000000
8831  17.281  -55.475  60.178 0.0000000000
8832  16.243  -57.769  62.044 0.0000000000
8833  14.649  -58.243  61.943 0.0000000000
8834  13.135  -58.645  61.738 0.0000000000
8835  11.849  -58.928  61.007 0.0000000000
9521  27.387  -53.946  53.538 0.0000000000
9539  17.066  -62.150  60.577 0.0000000000
9540  17.434  -61.775  57.922 0.0000000000
9541  17.689  -61.354  55.082 0.0000000000
9542  15.846  -64.770  53.627 0.0000000000
9543  17.227  -62.999  53.211 0.0000000000
9544  18.741  -61.450  52.613 0.0000000000
9546  22.394  -62.103  50.211 0.0000000000
10372  18.112  -59.169  63.603 0.0000000000
10373  18.687  -60.169  63.513 0.0000000000
10374  17.817  -60.255  63.313 0.0000000000
11437  25.968  -56.844  62.718 0.0000000000
11438  25.874  -56.720  61.211 0.0000000000
11439  25.187  -57.360  61.756 0.0000000000
11440  19.686  -59.675  55.132 0.0000000000
11441  20.288  -59.145  54.651 0.0000000000
11442  19.872  -59.539  53.745 0.0000000000
11887  11.202  -60.907  62.211 0.0000000000
11888  11.346  -61.991  62.413 0.0000000000
11889  10.498  -62.036  61.925 0.0000000000
11891  9.380  -66.142  55.187 0.0000000000
11892  9.342  -66.664  54.072 0.0000000000
11893  9.427  -67.725  53.844 0.0000000000
12855  13.833  -65.573  57.877 0.0000000000
12856  14.586  -64.866  57.784 0.0000000000
12857  14.141  -65.444  56.483 0.0000000000
12858  19.430  -66.664  51.117 0.0000000000
12859  19.498  -65.815  51.882 0.0000000000
12861  20.664  -65.076  50.532 0.0000000000
13837  22.227  -58.124  63.865 0.0000000000
13838  22.725  -58.870  62.903 0.0000000000
13839  21.750  -59.240  63.253 0.0000000000
13840  19.653  -60.860  61.268 0.0000000000
13841  20.510  -60.391  60.921 0.0000000000
13842  19.754  -60.598  59.739 0.0000000000
13843  19.668  -60.211  58.163 0.0000000000
13844  19.082  -60.745  58.599 0.0000000000
14287  9.379  -60.872  59.282 0.0000000000
14288  9.050  -62.023  59.722 0.0000000000
14289  8.615  -61.799  58.935 0.0000000000
14293  7.532  -64.424  56.134 0.0000000000
15241  24.942  -58.048  48.004 0.0000000000
15261  17.900  -68.384  51.583 0.0000000000
17035  25.111  -55.926  57.786 0.0000000000
17040  22.538  -58.372  59.703 0.0000000000
17041  23.139  -57.664  59.278 0.0000000000
17042  22.245  -57.888  58.064 0.0000000000
17043  21.481  -58.090  53.878 0.0000000000
17044  21.847  -57.564  54.951 0.0000000000
17045  21.992  -57.468  53.599 0.0000000000
18382  14.460  -60.341  63.369 0.0000000000
18383  14.833  -61.210  63.326 0.0000000000
18384  13.905  -61.472  63.265 0.0000000000
18385  12.026  -63.611  61.545 0.0000000000
18386  12.945  -63.424  61.812 0.0000000000
18387  12.544  -64.352  60.773 0.0000000000
18388  12.990  -65.033  59.948 0.0000000000
18389  12.101  -65.140  59.773 0.0000000000
18390  9.075  -63.818  59.767 0.0000000000
18391  9.712  -63.790  60.337 0.0000000000
18392  9.453  -64.573  59.265 0.0000000000
18393  10.256  -66.667  56.313 0.0000000000
18394  10.411  -66.051  57.640 0.0000000000
18395  10.734  -66.850  56.872 0.0000000000
18396  11.479  -66.805  57.328 0.0000000000
18399  11.185  -68.490  55.399 0.0000000000
18400  10.067  -69.672  53.304 0.0000000000
18401  10.852  -69.725  53.694 0.0000000000
19419  34.020  -50.478  59.552 0.0000000000
19441  32.953  -51.213  61.183 0.0000000000
19443  31.295  -52.900  61.749 0.0000000000
19448  27.312  -54.906  63.584 0.0000000000
19463  19.348  -56.816  62.454 0.0000000000
19464  18.975  -56.042  61.459 0.0000000000
19528  15.848  -54.613  59.251 0.0000000000
19529  16.726  -54.461  59.359 0.0000000000
19530  16.311  -55.675  60.040 0.0000000000
19531  16.788  -56.617  61.062 0.0000000000
19532  15.810  -56.906  60.936 0.0000000000
19533  15.396  -58.045  62.000 0.0000000000
19534  15.137  -57.082  60.938 0.0000000000
19535  13.588  -56.380  59.720 0.0000000000
19536  13.708  -57.418  60.796 0.0000000000
19537  13.133  -57.666  60.579 0.0000000000
19538  12.475  -58.839  61.448 0.0000000000
19539  12.555  -57.784  60.291 0.0000000000
19543  10.710  -54.782  59.912 0.0000000000
21241  28.015  -53.804  55.276 0.0000000000
21242  27.026  -54.033  54.213 0.0000000000
21285  15.587  -62.412  61.766 0.0000000000
21286  16.681  -61.961  61.764 0.0000000000
21287  16.060  -62.691  60.772 0.0000000000
21288  16.026  -63.012  57.301 0.0000000000
21289  16.615  -62.506  58.256 0.0000000000
21290  16.748  -62.202  56.975 0.0000000000
21291  17.605  -61.527  56.548 0.0000000000
21292  16.905  -62.043  55.590 0.0000000000
21293  15.680  -66.709  53.422 0.0000000000
21294  15.228  -65.655  53.857 0.0000000000
21295  16.280  -65.829  53.079 0.0000000000
21296  18.476  -63.872  52.171 0.0000000000
21297  17.442  -63.926  52.605 0.0000000000
21298  18.052  -63.029  52.386 0.0000000000
21299  17.945  -62.177  52.922 0.0000000000
21300  18.760  -62.241  52.187 0.0000000000
21302  19.686  -62.250  51.591 0.0000000000
21303  22.073  -63.555  49.875 0.0000000000
21304  21.822  -62.676  50.551 0.0000000000
21305  22.751  -62.908  49.519 0.0000000000
21306  23.317  -62.362  49.209 0.0000000000
23278  20.068  -58.687  64.066 0.0000000000
23279  20.783  -59.593  63.556 0.0000000000
23280  19.708  -59.887  63.603 0.0000000000
23281  19.316  -60.737  62.659 0.0000000000
23282  18.878  -61.335  61.459 0.0000000000
25199  24.332  -56.497  58.320 0.0000000000
25200  20.958  -58.958  57.330 0.0000000000
25201  21.466  -58.268  56.859 0.0000000000
25202  20.841  -58.756  55.705 0.0000000000
25203  20.910  -58.655  54.244 0.0000000000
26005  12.756  -60.676  63.083 0.0000000000
26006  13.012  -61.715  63.067 0.0000000000
26007  12.142  -61.832  62.805 0.0000000000
26008  11.615  -62.897  62.160 0.0000000000
26009  11.218  -63.716  61.247 0.0000000000
26010  8.821  -65.082  57.378 0.0000000000
26011  9.355  -65.210  57.941 0.0000000000
26012  9.282  -65.710  56.557 0.0000000000
26013  9.752  -66.498  55.767 0.0000000000
26014  10.129  -67.418  55.292 0.0000000000
26015  10.531  -68.350  55.016 0.0000000000
26016  9.922  -68.009  54.474 0.0000000000
26017  9.571  -68.751  53.629 0.0000000000
26018  9.344  -69.587  52.718 0.0000000000
26696  15.096  -54.800  59.216 0.0000000000
26697  14.785  -56.098  59.967 0.0000000000
26698  14.497  -54.894  59.082 0.0000000000
26700  13.210  -55.066  59.087 0.0000000000
26704  10.064  -54.267  61.165 0.0000000000
26705  10.184  -54.836  59.994 0.0000000000
27747  14.660  -64.257  59.998 0.0000000000
27748  15.523  -63.522  59.831 0.0000000000
27749  15.084  -64.295  58.916 0.0000000000
27750  15.278  -63.985  57.556 0.0000000000
27751  15.416  -63.658  56.147 0.0000000000
27752  17.903  -66.707  52.471 0.0000000000
27753  17.414  -65.710  52.610 0.0000000000
27754  18.507  -65.693  52.311 0.0000000000
27755  19.037  -64.663  52.103 0.0000000000
27756  19.557  -63.854  51.814 0.0000000000
27757  20.067  -63.033  51.513 0.0000000000
27758  20.525  -64.028  51.268 0.0000000000
27759  21.367  -64.284  50.231 0.0000000000
29356  24.177  -57.693  63.516 0.0000000000
29357  24.443  -57.954  62.203 0.0000000000
29358  23.580  -58.483  62.559 0.0000000000
29359  22.729  -58.874  61.363 0.0000000000
29360  21.864  -59.075  60.089 0.0000000000
29361  21.212  -59.953  62.202 0.0000000000
29362  21.232  -59.768  60.487 0.0000000000
29363  21.116  -59.322  58.908 0.0000000000
29364  20.284  -59.593  57.755 0.0000000000
29365  19.645  -59.900  56.655 0.0000000000
29366  19.181  -60.220  55.584 0.0000000000
29986  10.176  -61.058  60.855 0.0000000000
29987  9.965  -62.096  61.287 0.0000000000
29988  9.437  -62.088  60.489 0.0000000000
29989  8.898  -63.000  59.863 0.0000000000
29990  8.552  -63.796  59.178 0.0000000000
29991  7.869  -62.564  58.519 0.0000000000
29992  7.917  -63.602  58.413 0.0000000000
29993  8.229  -64.435  57.996 0.0000000000
29994  8.234  -64.776  56.732 0.0000000000
29995  8.389  -65.024  55.302 0.0000000000
31322  24.634  -57.391  48.443 0.0000000000
31341  13.574  -67.224  55.571 0.0000000000
31342  14.047  -66.264  55.261 0.0000000000
31344  15.092  -67.483  53.736 0.0000000000
31345  16.138  -67.522  53.127 0.0000000000
31348  17.166  -67.669  52.762 0.0000000000
31349  18.114  -67.739  52.327 0.0000000000
31350  18.675  -67.485  51.371 0.0000000000
33670  30.297  -53.539  59.217 0.0000000000
33672  29.234  -53.832  58.369 0.0000000000
33681  24.131  -57.599  60.508 0.0000000000
33682  23.740  -57.059  58.816 0.0000000000
33683  23.383  -56.679  57.132 0.0000000000
33684  21.980  -57.604  56.467 0.0000000000
33685  22.542  -57.053  56.024 0.0000000000
33686  23.159  -56.506  55.591 0.0000000000
33687  22.985  -56.408  54.105 0.0000000000
35347  16.261  -59.705  63.502 0.0000000000
35348  16.657  -60.505  63.312 0.0000000000
35349  15.766  -60.810  63.327 0.0000000000
35350  15.197  -61.915  62.653 0.0000000000
35351  14.714  -62.774  61.926 0.0000000000
35352  13.384  -62.519  62.673 0.0000000000
35353  13.834  -63.170  61.938 0.0000000000
35354  14.240  -63.795  60.937 0.0000000000
35355  13.916  -64.675  60.080 0.0000000000
35356  13.479  -65.509  59.037 0.0000000000
35357  13.096  -66.133  57.796 0.0000000000
35358  10.043  -63.008  61.251 0.0000000000
35359  10.402  -63.768  60.834 0.0000000000
35360  10.845  -64.475  60.134 0.0000000000
35361  9.917  -65.258  58.478 0.0000000000
35362  10.599  -65.292  58.916 0.0000000000
35363  11.275  -65.277  59.405 0.0000000000
35364  11.716  -66.012  58.551 0.0000000000
35365  12.313  -66.548  57.686 0.0000000000
35370  11.006  -69.022  54.638 0.0000000000
35395  8.715  -69.464  52.037 0.0000000000
35396  9.143  -70.496  51.758 0.0000000000
36636  31.491  -52.801  59.807 0.0000000000
36637  30.806  -53.304  60.494 0.0000000000
36638  30.132  -53.838  61.162 0.0000000000
36639  29.376  -54.455  61.745 0.0000000000
36641  29.423  -54.183  62.892 0.0000000000
36644  26.604  -55.908  63.267 0.0000000000
36645  25.746  -56.247  63.530 0.0000000000
36654  24.796  -56.562  63.662 0.0000000000
36655  23.807  -56.747  63.679 0.0000000000
36656  22.769  -56.896  63.640 0.0000000000
36657  21.763  -57.111  63.682 0.0000000000
36660  20.672  -57.393  63.595 0.0000000000
36661  19.628  -57.704  63.450 0.0000000000
36662  18.696  -58.041  63.251 0.0000000000
36663  17.779  -58.268  63.111 0.0000000000
36741  18.362  -55.204  60.412 0.0000000000
36742  17.834  -56.369  61.213 0.0000000000
36743  17.299  -57.511  62.140 0.0000000000
36744  16.680  -58.594  63.017 0.0000000000
36745  15.756  -58.891  62.945 0.0000000000
36746  14.905  -59.183  62.867 0.0000000000
36747  14.055  -59.396  62.756 0.0000000000
36748  14.398  -57.216  60.886 0.0000000000
36749  13.848  -58.443  61.887 0.0000000000
36750  13.244  -59.646  62.661 0.0000000000
36751  12.499  -59.739  62.429 0.0000000000
36752  11.758  -59.889  62.058 0.0000000000
36753  11.180  -59.978  61.504 0.0000000000
36756  12.511  -54.985  59.209 0.0000000000
36757  11.274  -53.834  60.609 0.0000000000
36758  11.872  -54.908  59.369 0.0000000000
36759  12.366  -56.463  59.306 0.0000000000
36760  11.929  -57.828  59.922 0.0000000000
36761  11.264  -58.973  60.519 0.0000000000
36762  10.728  -60.038  60.807 0.0000000000
36763  10.351  -59.990  60.094 0.0000000000
38802  28.425  -53.670  54.527 0.0000000000
38855  17.313  -61.179  62.665 0.0000000000
38856  17.777  -61.629  61.691 0.0000000000
38857  18.150  -61.694  60.346 0.0000000000
38858  16.398  -62.726  59.528 0.0000000000
38859  17.350  -62.026  59.224 0.0000000000
38860  18.246  -61.426  58.933 0.0000000000
38861  18.315  -61.138  57.564 0.0000000000
38862  18.427  -60.851  56.123 0.0000000000
38863  18.505  -60.734  54.608 0.0000000000
38864  14.476  -65.426  54.920 0.0000000000
38865  15.076  -64.529  54.705 0.0000000000
38866  15.855  -63.665  54.623 0.0000000000
38867  16.775  -64.885  52.784 0.0000000000
38868  16.518  -63.903  53.443 0.0000000000
38869  16.510  -62.843  54.401 0.0000000000
38870  17.294  -62.081  54.102 0.0000000000
38871  18.131  -61.373  53.675 0.0000000000
38872  18.889  -60.730  53.255 0.0000000000
38873  19.477  -60.812  52.217 0.0000000000
38876  20.808  -62.360  51.158 0.0000000000
38879  23.037  -61.488  49.710 0.0000000000
38880  23.892  -61.580  48.810 0.0000000000
41092  17.672  -59.247  63.496 0.0000000000
41093  17.965  -59.721  63.482 0.0000000000
41094  17.506  -59.818  63.444 0.0000000000
41558  30.618  -53.204  57.510 0.0000000000
41559  30.401  -53.362  57.887 0.0000000000
42157  25.520  -57.122  62.956 0.0000000000
42158  25.629  -57.173  62.298 0.0000000000
42159  25.224  -57.544  62.540 0.0000000000
42160  19.470  -59.873  54.613 0.0000000000
42161  19.749  -59.596  54.404 0.0000000000
42162  19.570  -59.817  53.925 0.0000000000
42163  19.756  -59.758  53.277 0.0000000000
42164  19.429  -60.062  53.481 0.0000000000
42607  10.871  -60.984  61.933 0.0000000000
42608  10.839  -61.434  62.135 0.0000000000
42609  10.499  -61.497  61.827 0.0000000000
42610  9.029  -65.998  53.976 0.0000000000
42611  9.238  -66.189  54.240 0.0000000000
42612  9.204  -66.486  53.719 0.0000000000
42613  9.222  -66.968  53.599 0.0000000000
43575  13.655  -65.880  57.221 0.0000000000
43576  14.021  -65.497  57.218 0.0000000000
43577  13.835  -65.858  56.564 0.0000000000
44557  21.766  -58.315  63.971 0.0000000000
44558  22.013  -58.738  63.660 0.0000000000
44559  21.516  -58.890  63.792 0.0000000000
44560  19.364  -61.043  60.643 0.0000000000
44561  19.733  -60.777  60.505 0.0000000000
44562  19.393  -60.887  59.877 0.0000000000
44563  19.405  -60.671  59.130 0.0000000000
44564  19.061  -60.941  59.298 0.0000000000
47759  23.948  -56.055  55.896 0.0000000000
47760  22.065  -58.455  59.045 0.0000000000
47761  22.394  -58.050  58.915 0.0000000000
47762  21.973  -58.230  58.265 0.0000000000
47764  21.742  -57.773  53.777 0.0000000000
49102  14.024  -60.475  63.304 0.0000000000
49103  14.187  -60.966  63.378 0.0000000000
49104  13.742  -60.995  63.341 0.0000000000
49105  11.867  -64.033  60.995 0.0000000000
49106  12.311  -63.995  61.138 0.0000000000
49107  12.101  -64.384  60.667 0.0000000000
49108  12.325  -64.740  60.289 0.0000000000
49109  11.902  -64.796  60.153 0.0000000000
49110  8.942  -64.207  59.268 0.0000000000
49111  9.253  -64.217  59.562 0.0000000000
49112  9.165  -64.575  59.007 0.0000000000
49113  10.432  -67.182  56.064 0.0000000000
49114  10.478  -66.808  56.592 0.0000000000
49115  10.684  -67.268  56.334 0.0000000000
49116  10.995  -67.288  56.538 0.0000000000
49117  10.967  -67.718  56.046 0.0000000000
49119  10.933  -68.115  55.592 0.0000000000
49120  10.040  -70.117  52.845 0.0000000000
49121  10.391  -70.127  53.027 0.0000000000
50137  34.736  -49.859  59.399 0.0000000000
50139  34.488  -50.018  59.753 0.0000000000
50161  32.606  -51.156  62.100 0.0000000000
50184  19.248  -55.489  61.029 0.0000000000
50248  15.673  -55.232  59.596 0.0000000000
50249  16.079  -55.125  59.646 0.0000000000
50250  15.872  -55.797  60.025 0.0000000000
50251  16.085  -56.342  60.477 0.0000000000
50252  15.641  -56.436  60.443 0.0000000000
50253  15.475  -56.994  60.932 0.0000000000
50254  15.339  -56.436  60.418 0.0000000000
50255  13.267  -56.459  59.644 0.0000000000
50256  13.365  -57.043  60.144 0.0000000000
50257  13.059  -57.136  60.046 0.0000000000
50258  12.838  -57.772  60.465 0.0000000000
50259  12.788  -57.193  59.920 0.0000000000
50264  11.007  -55.396  59.375 0.0000000000
52005  15.352  -62.841  61.322 0.0000000000
52006  15.837  -62.585  61.333 0.0000000000
52007  15.592  -63.014  60.852 0.0000000000
52008  16.070  -62.823  56.586 0.0000000000
52009  16.371  -62.585  57.122 0.0000000000
52010  16.400  -62.430  56.455 0.0000000000
52011  16.815  -62.123  56.303 0.0000000000
52012  16.496  -62.397  55.713 0.0000000000
52013  16.257  -66.685  53.159 0.0000000000
52014  15.916  -66.212  53.262 0.0000000000
52015  16.549  -66.229  53.001 0.0000000000
52016  18.746  -63.475  52.036 0.0000000000
52017  18.241  -63.495  52.231 0.0000000000
52018  18.540  -63.089  52.112 0.0000000000
52019  18.463  -62.626  52.247 0.0000000000
52020  18.869  -62.667  51.988 0.0000000000
52021  19.207  -62.257  51.848 0.0000000000
52022  19.344  -62.621  51.768 0.0000000000
52024  22.431  -63.215  49.685 0.0000000000
54157  19.538  -58.839  63.977 0.0000000000
54158  19.871  -59.307  63.917 0.0000000000
54159  19.377  -59.463  63.826 0.0000000000
54160  18.543  -60.610  63.149 0.0000000000
54161  19.037  -60.510  63.196 0.0000000000
54162  18.847  -60.846  62.682 0.0000000000
54163  19.101  -61.039  62.072 0.0000000000
54164  18.653  -61.158  62.136 0.0000000000
55559  29.001  -53.555  54.556 0.0000000000
57355  25.357  -56.834  60.668 0.0000000000
57356  25.707  -56.520  60.427 0.0000000000
57358  24.920  -56.424  58.974 0.0000000000
57359  24.559  -56.724  59.217 0.0000000000
57360  20.561  -59.137  56.739 0.0000000000
57361  20.871  -58.839  56.507 0.0000000000
57362  20.521  -59.019  55.915 0.0000000000
57363  20.379  -59.119  53.974 0.0000000000
57364  20.604  -58.907  54.437 0.0000000000
57365  20.694  -58.885  53.736 0.0000000000
57366  21.035  -58.614  53.554 0.0000000000
58702  12.335  -60.749  62.879 0.0000000000
58703  12.432  -61.266  62.983 0.0000000000
58704  12.018  -61.294  62.815 0.0000000000
58705  11.039  -62.550  62.114 0.0000000000
58706  11.481  -62.492  62.351 0.0000000000
58707  11.189  -62.966  61.958 0.0000000000
58708  11.411  -63.297  61.739 0.0000000000
58709  10.988  -63.364  61.543 0.0000000000
58710  8.834  -65.249  56.653 0.0000000000
58711  9.075  -65.373  56.977 0.0000000000
58712  9.094  -65.559  56.234 0.0000000000
58713  9.516  -66.550  54.884 0.0000000000
58714  9.565  -66.329  55.488 0.0000000000
58715  9.695  -66.742  55.184 0.0000000000
58716  9.915  -66.943  55.458 0.0000000000
58717  9.869  -67.209  54.993 0.0000000000
58718  10.051  -67.725  54.894 0.0000000000
58719  9.779  -67.463  54.536 0.0000000000
58720  9.238  -68.087  53.386 0.0000000000
58721  9.458  -68.226  53.736 0.0000000000
58722  9.284  -68.641  53.292 0.0000000000
58723  9.439  -69.186  53.178 0.0000000000
58724  9.138  -69.107  52.859 0.0000000000
59851  15.237  -54.114  58.943 0.0000000000
59852  14.888  -54.163  58.962 0.0000000000
59853  14.786  -54.852  59.131 0.0000000000
59854  14.572  -54.181  58.921 0.0000000000
59866  10.121  -54.541  60.572 0.0000000000
61605  14.474  -64.671  59.564 0.0000000000
61606  14.893  -64.336  59.477 0.0000000000
61607  14.684  -64.718  59.014 0.0000000000
61608  14.668  -64.708  57.078 0.0000000000
61609  14.934  -64.441  57.695 0.0000000000
61610  14.997  -64.297  56.970 0.0000000000
61611  15.350  -63.797  56.843 0.0000000000
61612  15.029  -64.127  56.221 0.0000000000
61613  18.379  -66.729  52.288 0.0000000000
61614  18.234  -66.201  52.372 0.0000000000
61615  18.735  -66.236  52.213 0.0000000000
61616  19.811  -65.362  51.846 0.0000000000
61617  19.308  -65.213  52.031 0.0000000000
61618  19.570  -64.748  51.945 0.0000000000
61619  19.298  -64.249  52.006 0.0000000000
61620  19.824  -64.337  51.779 0.0000000000
61621  20.052  -63.905  51.592 0.0000000000
61622  20.298  -64.452  51.508 0.0000000000
61624  21.004  -64.700  50.358 0.0000000000
64552  23.723  -57.803  63.615 0.0000000000
64553  23.921  -58.167  63.133 0.0000000000
64554  23.490  -58.299  63.239 0.0000000000
64555  22.414  -59.164  62.401 0.0000000000
64556  22.779  -59.011  62.122 0.0000000000
64557  22.349  -59.143  61.538 0.0000000000
64558  22.287  -58.967  60.706 0.0000000000
64559  21.927  -59.284  60.927 0.0000000000
64560  20.566  -60.048  63.094 0.0000000000
64561  21.071  -59.885  62.968 0.0000000000
64562  20.771  -60.198  62.395 0.0000000000
64563  20.482  -60.237  60.075 0.0000000000
64564  20.881  -60.096  60.692 0.0000000000
64565  20.830  -59.907  59.854 0.0000000000
64566  21.171  -59.549  59.675 0.0000000000
64567  20.772  -59.679  59.081 0.0000000000
64568  20.707  -59.469  58.324 0.0000000000
64569  20.372  -59.789  58.530 0.0000000000
64570  19.376  -60.307  57.654 0.0000000000
64571  19.648  -60.045  57.423 0.0000000000
64572  19.396  -60.176  56.912 0.0000000000
64573  19.444  -60.067  56.128 0.0000000000
64574  19.156  -60.352  56.362 0.0000000000
65902  9.966  -61.029  60.440 0.0000000000
65903  9.819  -61.539  60.682 0.0000000000
65904  9.586  -61.540  60.299 0.0000000000
65905  8.696  -62.464  59.456 0.0000000000
65906  8.921  -62.533  59.831 0.0000000000
65907  8.676  -62.984  59.522 0.0000000000
65908  8.726  -63.432  59.523 0.0000000000
65909  8.442  -63.383  59.163 0.0000000000
65914  7.630  -63.437  58.071 0.0000000000
65915  7.770  -63.898  57.902 0.0000000000
65916  8.044  -64.060  58.219 0.0000000000
65917  7.958  -64.287  57.671 0.0000000000
65918  8.202  -64.601  57.369 0.0000000000
65919  7.939  -64.460  57.120 0.0000000000
65921  7.948  -64.708  55.755 0.0000000000
65922  8.051  -64.818  55.079 0.0000000000
68762  24.381  -57.446  48.746 0.0000000000
68806  13.850  -67.255  55.094 0.0000000000
68811  15.619  -67.479  53.408 0.0000000000
68818  16.859  -68.717  52.759 0.0000000000
68819  16.772  -68.199  52.843 0.0000000000
68820  17.279  -68.231  52.661 0.0000000000
68821  17.663  -67.722  52.565 0.0000000000
68822  17.777  -68.239  52.403 0.0000000000
68824  18.274  -67.901  51.467 0.0000000000
74137  29.947  -53.729  59.493 0.0000000000
74160  23.970  -58.128  61.567 0.0000000000
74161  24.344  -57.806  61.360 0.0000000000
74162  23.788  -57.915  60.709 0.0000000000
74163  22.974  -57.430  58.429 0.0000000000
74164  23.472  -57.358  59.070 0.0000000000
74165  23.251  -57.138  58.210 0.0000000000
74166  23.524  -56.845  57.971 0.0000000000
74167  23.055  -56.978  57.384 0.0000000000
74168  21.400  -58.177  56.129 0.0000000000
74169  21.719  -57.919  56.648 0.0000000000
74170  21.636  -57.871  55.931 0.0000000000
74171  22.125  -57.247  54.754 0.0000000000
74172  22.188  -57.301  55.446 0.0000000000
74173  22.434  -56.990  55.256 0.0000000000
74174  22.831  -56.774  55.797 0.0000000000
74175  22.744  -56.729  55.065 0.0000000000
74176  23.071  -56.447  54.857 0.0000000000
74177  22.713  -56.663  54.363 0.0000000000
78187  15.797  -59.884  63.492 0.0000000000
78188  16.010  -60.274  63.472 0.0000000000
78189  15.528  -60.439  63.455 0.0000000000
78190  14.531  -61.751  63.076 0.0000000000
78191  15.022  -61.601  63.077 0.0000000000
78192  14.718  -62.084  62.740 0.0000000000
78193  14.927  -62.359  62.296 0.0000000000
78194  14.476  -62.534  62.383 0.0000000000
78195  12.735  -62.282  62.813 0.0000000000
78196  13.200  -62.196  62.900 0.0000000000
78197  12.945  -62.652  62.573 0.0000000000
78198  13.204  -63.820  61.319 0.0000000000
78199  13.398  -63.309  61.874 0.0000000000
78200  13.636  -63.634  61.419 0.0000000000
78201  14.040  -63.486  61.429 0.0000000000
78202  13.836  -63.936  60.983 0.0000000000
78203  14.049  -64.231  60.521 0.0000000000
78204  13.635  -64.404  60.520 0.0000000000
78205  12.803  -65.448  59.388 0.0000000000
78206  13.240  -65.308  59.541 0.0000000000
78207  13.050  -65.676  58.951 0.0000000000
78208  13.253  -65.799  58.410 0.0000000000
78209  12.879  -66.029  58.386 0.0000000000
78210  9.710  -62.567  60.966 0.0000000000
78211  9.977  -62.577  61.307 0.0000000000
78212  9.767  -63.012  60.936 0.0000000000
78213  9.906  -64.134  60.072 0.0000000000
78214  10.035  -63.758  60.604 0.0000000000
78215  10.246  -64.112  60.293 0.0000000000
78216  10.608  -64.162  60.482 0.0000000000
78217  10.462  -64.479  59.932 0.0000000000
78218  9.564  -65.588  57.523 0.0000000000
78219  9.631  -65.245  58.223 0.0000000000
78220  9.873  -65.622  57.841 0.0000000000
78221  10.692  -66.061  57.896 0.0000000000
78222  10.468  -65.668  58.290 0.0000000000
78223  10.805  -65.684  58.528 0.0000000000
78224  10.932  -65.287  59.185 0.0000000000
78225  11.166  -65.695  58.806 0.0000000000
78226  11.500  -65.667  58.964 0.0000000000
78227  11.366  -66.067  58.385 0.0000000000
78229  11.893  -66.643  57.581 0.0000000000
78230  12.222  -66.940  57.076 0.0000000000
78231  12.619  -66.773  57.165 0.0000000000
78240  10.403  -68.605  54.637 0.0000000000
78241  10.751  -68.696  54.853 0.0000000000
78242  10.634  -68.950  54.483 0.0000000000
78306  8.877  -69.986  51.888 0.0000000000
81353  34.192  -49.616  61.631 0.0000000000
81354  34.518  -49.404  61.279 0.0000000000
81355  34.079  -50.021  61.088 0.0000000000
81356  33.961  -50.338  60.530 0.0000000000
81357  33.623  -50.568  60.951 0.0000000000
81359  32.817  -51.523  60.635 0.0000000000
81360  32.334  -52.056  60.525 0.0000000000
81361  32.107  -52.358  60.004 0.0000000000
81362  31.778  -52.532  60.388 0.0000000000
81363  31.160  -53.029  60.153 0.0000000000
81364  31.428  -52.820  60.750 0.0000000000
81365  30.848  -53.251  62.116 0.0000000000
81366  30.716  -53.428  61.489 0.0000000000
81367  30.294  -53.760  61.843 0.0000000000
81368  29.818  -54.143  61.436 0.0000000000
81369  29.891  -54.049  62.140 0.0000000000
81375  28.950  -54.409  63.127 0.0000000000
81376  28.998  -54.661  62.618 0.0000000000
81377  28.505  -54.853  62.872 0.0000000000
81379  27.970  -55.042  63.116 0.0000000000
81380  26.821  -55.010  63.636 0.0000000000
81381  26.971  -55.404  63.443 0.0000000000
81382  26.475  -55.523  63.520 0.0000000000
81383  26.162  -56.090  63.406 0.0000000000
81384  26.029  -55.628  63.586 0.0000000000
81408  24.346  -56.653  63.678 0.0000000000
81413  22.279  -56.985  63.653 0.0000000000
81423  20.136  -57.556  63.530 0.0000000000
81424  19.944  -57.146  63.063 0.0000000000
81425  18.851  -57.038  62.368 0.0000000000
81426  19.007  -57.396  62.868 0.0000000000
81427  18.534  -57.602  62.806 0.0000000000
81428  18.230  -58.153  63.225 0.0000000000
81429  18.059  -57.751  62.776 0.0000000000
81621  17.017  -54.994  59.720 0.0000000000
81622  17.210  -54.408  59.414 0.0000000000
81625  17.804  -55.346  60.300 0.0000000000
81626  18.095  -55.803  60.791 0.0000000000
81627  17.552  -55.925  60.685 0.0000000000
81628  16.538  -57.206  61.555 0.0000000000
81629  17.049  -57.075  61.609 0.0000000000
81630  16.780  -57.661  62.091 0.0000000000
81631  16.982  -58.080  62.604 0.0000000000
81632  16.475  -58.197  62.575 0.0000000000
81633  16.210  -58.725  62.977 0.0000000000
81634  15.984  -58.292  62.547 0.0000000000
81635  15.033  -58.164  61.992 0.0000000000
81636  15.153  -58.626  62.489 0.0000000000
81637  14.774  -58.708  62.444 0.0000000000
81638  14.485  -59.281  62.819 0.0000000000
81639  14.367  -58.801  62.387 0.0000000000
81640  14.487  -56.155  59.929 0.0000000000
81641  14.612  -56.684  60.400 0.0000000000
81642  14.281  -56.753  60.396 0.0000000000
81643  13.435  -58.057  61.289 0.0000000000
81644  13.768  -57.959  61.387 0.0000000000
81645  13.475  -58.562  61.831 0.0000000000
81646  13.536  -59.041  62.274 0.0000000000
81647  13.145  -59.129  62.231 0.0000000000
81648  12.849  -59.696  62.564 0.0000000000
81649  12.806  -59.204  62.141 0.0000000000
81650  12.172  -58.886  61.273 0.0000000000
81651  12.116  -59.363  61.794 0.0000000000
81652  11.795  -59.412  61.574 0.0000000000
81653  11.449  -59.928  61.804 0.0000000000
81654  11.508  -59.460  61.274 0.0000000000
81666  11.558  -55.586  59.216 0.0000000000
81667  11.557  -54.927  59.486 0.0000000000
81669  12.146  -55.642  59.179 0.0000000000
81671  12.173  -57.141  59.589 0.0000000000
81674  11.337  -58.465  60.048 0.0000000000
81676  10.976  -59.498  60.690 0.0000000000
81677  10.786  -59.485  60.312 0.0000000000
81678  10.520  -60.029  60.434 0.0000000000
81679  10.627  -59.453  59.987 0.0000000000
86760  29.289  -53.695  57.372 0.0000000000
86761  29.440  -53.616  57.028 0.0000000000
86762  28.931  -53.704  56.573 0.0000000000
86764  28.241  -53.711  54.934 0.0000000000
86765  27.890  -53.791  54.060 0.0000000000
86767  27.587  -53.922  53.223 0.0000000000
86895  16.426  -61.037  63.023 0.0000000000
86896  16.982  -60.872  63.036 0.0000000000
86897  16.716  -61.326  62.665 0.0000000000
86898  16.882  -62.091  61.208 0.0000000000
86899  17.202  -61.781  61.744 0.0000000000
86900  17.397  -61.862  61.135 0.0000000000
86901  18.010  -61.705  61.043 0.0000000000
86902  17.603  -61.902  60.460 0.0000000000
86903  15.674  -63.486  59.245 0.0000000000
86904  15.948  -63.119  59.696 0.0000000000
86905  16.081  -63.021  59.104 0.0000000000
86906  17.027  -62.146  58.098 0.0000000000
86907  16.972  -62.247  58.724 0.0000000000
86908  17.409  -61.919  58.579 0.0000000000
86909  17.816  -61.741  59.094 0.0000000000
86910  17.852  -61.593  58.427 0.0000000000
86911  18.289  -61.289  58.266 0.0000000000
86912  17.918  -61.466  57.778 0.0000000000
86913  17.638  -61.433  55.808 0.0000000000
86914  18.026  -61.197  56.334 0.0000000000
86915  18.040  -61.093  55.612 0.0000000000
86916  18.462  -60.797  55.383 0.0000000000
86917  18.122  -61.008  54.914 0.0000000000
86918  14.351  -66.350  54.711 0.0000000000
86919  14.280  -65.831  55.172 0.0000000000
86920  14.550  -65.905  54.535 0.0000000000
86921  15.528  -65.209  53.720 0.0000000000
86922  15.107  -65.132  54.205 0.0000000000
86923  15.405  -64.640  54.113 0.0000000000
86924  15.468  -64.075  54.637 0.0000000000
86925  15.738  -64.198  54.058 0.0000000000
86926  17.682  -65.210  52.479 0.0000000000
86927  17.115  -65.289  52.666 0.0000000000
86928  17.362  -64.777  52.559 0.0000000000
86929  17.280  -63.472  52.822 0.0000000000
86930  16.935  -63.936  52.929 0.0000000000
86931  16.840  -63.453  53.301 0.0000000000
86932  16.454  -63.394  53.892 0.0000000000
86933  16.841  -62.959  53.780 0.0000000000
86934  16.918  -62.478  54.280 0.0000000000
86935  17.229  -62.544  53.635 0.0000000000
86936  18.351  -61.771  52.747 0.0000000000
86937  17.998  -61.734  53.273 0.0000000000
86938  18.408  -61.380  53.089 0.0000000000
86939  18.515  -61.027  53.496 0.0000000000
86940  18.784  -61.070  52.892 0.0000000000
86941  19.131  -60.759  52.655 0.0000000000
86942  19.102  -61.139  52.397 0.0000000000
86948  20.631  -63.144  51.261 0.0000000000
86949  20.436  -62.669  51.359 0.0000000000
86950  20.997  -62.785  51.071 0.0000000000
86951  22.067  -62.411  50.391 0.0000000000
86952  21.570  -62.180  50.696 0.0000000000
86953  21.893  -61.893  50.548 0.0000000000
86954  21.784  -61.415  50.629 0.0000000000
86955  22.285  -61.613  50.332 0.0000000000
86956  22.636  -61.325  50.089 0.0000000000
86957  22.738  -61.778  49.942 0.0000000000
86959  23.646  -62.006  48.985 0.0000000000
92398  18.591  -59.162  63.690 0.0000000000
92399  18.877  -59.618  63.721 0.0000000000
92400  18.410  -59.691  63.590 0.0000000000
92401  18.253  -60.180  63.357 0.0000000000
92402  18.071  -60.638  63.062 0.0000000000
94317  25.972  -56.845  62.027 0.0000000000
94318  25.529  -57.048  61.511 0.0000000000
94319  25.006  -57.156  60.929 0.0000000000
94320  19.933  -59.529  55.650 0.0000000000
94321  20.217  -59.220  55.362 0.0000000000
94322  19.973  -59.420  54.886 0.0000000000
94323  20.065  -59.351  54.199 0.0000000000
94324  20.180  -59.300  53.539 0.0000000000
94326  20.039  -59.508  53.092 0.0000000000
95125  11.549  -60.867  62.471 0.0000000000
95126  11.632  -61.412  62.611 0.0000000000
95127  11.249  -61.411  62.409 0.0000000000
95128  10.924  -62.017  62.176 0.0000000000
95129  10.628  -62.552  61.904 0.0000000000
95130  8.938  -65.593  55.249 0.0000000000
95131  9.150  -65.768  55.551 0.0000000000
95132  9.182  -65.976  54.882 0.0000000000
95133  9.376  -66.370  54.554 0.0000000000
95134  9.477  -66.874  54.427 0.0000000000
95135  9.572  -67.347  54.267 0.0000000000
95136  9.388  -67.181  53.959 0.0000000000
95137  9.214  -67.503  53.505 0.0000000000
95138  9.059  -67.960  53.022 0.0000000000
96867  14.016  -65.328  58.493 0.0000000000
96868  14.427  -65.007  58.430 0.0000000000
96869  14.201  -65.239  57.837 0.0000000000
96870  14.349  -65.106  57.163 0.0000000000
96871  14.417  -64.979  56.384 0.0000000000
96872  19.247  -66.727  51.686 0.0000000000
96873  19.194  -66.278  51.951 0.0000000000
96874  19.597  -66.314  51.563 0.0000000000
96875  19.875  -65.851  51.549 0.0000000000
96876  20.216  -65.440  51.426 0.0000000000
96877  20.467  -65.018  51.234 0.0000000000
98635  22.733  -57.989  63.776 0.0000000000
98636  23.023  -58.467  63.363 0.0000000000
98637  22.525  -58.578  63.507 0.0000000000
98638  22.266  -59.025  63.103 0.0000000000
98639  21.967  -59.422  62.554 0.0000000000
98640  19.991  -60.660  61.908 0.0000000000
98641  20.458  -60.478  61.783 0.0000000000
98642  20.102  -60.640  61.129 0.0000000000
98643  20.122  -60.500  60.322 0.0000000000
98644  20.099  -60.321  59.522 0.0000000000
98645  20.050  -60.114  58.738 0.0000000000
98646  19.735  -60.404  58.973 0.0000000000
98647  19.391  -60.494  58.395 0.0000000000
98648  19.081  -60.575  57.868 0.0000000000
99445  9.555  -60.981  59.642 0.0000000000
99446  9.382  -61.529  59.899 0.0000000000
99447  9.184  -61.460  59.495 0.0000000000
99448  8.785  -61.931  59.286 0.0000000000
99449  8.455  -62.359  59.060 0.0000000000
99455  7.570  -64.307  56.755 0.0000000000
101160  24.223  -57.950  48.762 0.0000000000
101161  24.560  -57.797  48.477 0.0000000000
101162  24.656  -58.147  48.261 0.0000000000
101197  17.685  -68.624  52.110 0.0000000000
104400  22.994  -58.288  60.341 0.0000000000
104401  23.306  -57.952  60.127 0.0000000000
104402  22.848  -58.001  59.526 0.0000000000
104403  22.692  -57.720  58.672 0.0000000000
104404  22.500  -57.602  57.810 0.0000000000
104405  21.386  -58.111  54.600 0.0000000000
104406  21.613  -57.840  55.164 0.0000000000
104407  21.619  -57.819  54.444 0.0000000000
104408  21.867  -57.516  54.275 0.0000000000
104409  22.165  -57.194  54.065 0.0000000000
104410  22.406  -56.907  53.869 0.0000000000
104411  22.192  -57.180  53.382 0.0000000000
106816  14.904  -60.163  63.440 0.0000000000
106817  15.073  -60.608  63.441 0.0000000000
106818  14.657  -60.782  63.429 0.0000000000
106819  14.365  -61.368  63.302 0.0000000000
106820  14.068  -61.852  63.043 0.0000000000
106821  12.242  -63.171  62.069 0.0000000000
106822  12.704  -63.077  62.190 0.0000000000
106823  12.493  -63.533  61.725 0.0000000000
106824  12.765  -63.934  61.248 0.0000000000
106825  12.991  -64.270  60.825 0.0000000000
106826  13.201  -64.592  60.417 0.0000000000
106827  12.762  -64.695  60.370 0.0000000000
106828  12.549  -65.129  59.816 0.0000000000
106829  12.338  -65.530  59.318 0.0000000000
106830  9.211  -63.393  60.233 0.0000000000
106831  9.543  -63.402  60.531 0.0000000000
106832  9.382  -63.808  60.067 0.0000000000
106833  9.567  -64.191  59.829 0.0000000000
106834  9.734  -64.544  59.510 0.0000000000
106835  10.030  -66.283  56.733 0.0000000000
106836  10.083  -65.977  57.430 0.0000000000
106837  10.315  -66.378  56.992 0.0000000000
106838  10.612  -66.449  57.247 0.0000000000
106839  10.873  -66.454  57.518 0.0000000000
106840  11.205  -66.464  57.769 0.0000000000
106841  11.074  -66.860  57.103 0.0000000000
106848  10.114  -69.277  53.805 0.0000000000
106849  10.512  -69.315  54.016 0.0000000000
106850  10.430  -69.714  53.519 0.0000000000
108681  33.563  -50.895  59.419 0.0000000000
108719  33.355  -50.743  61.355 0.0000000000
108720  33.000  -50.884  61.746 0.0000000000
108721  32.609  -51.451  61.596 0.0000000000
108722  32.188  -52.001  61.523 0.0000000000
108723  31.668  -52.585  61.343 0.0000000000
108724  31.795  -52.290  61.967 0.0000000000
108726  30.889  -53.031  62.670 0.0000000000
108732  27.859  -54.754  63.478 0.0000000000
108759  19.818  -56.662  62.543 0.0000000000
108760  19.640  -56.271  62.041 0.0000000000
108761  19.177  -56.435  61.951 0.0000000000
108762  18.662  -56.638  61.878 0.0000000000
108878  16.285  -54.515  59.327 0.0000000000
108879  16.529  -55.047  59.636 0.0000000000
108880  16.780  -55.581  60.069 0.0000000000
108881  17.021  -56.074  60.580 0.0000000000
108882  16.532  -56.180  60.485 0.0000000000
108883  16.291  -56.762  60.993 0.0000000000
108884  16.017  -57.332  61.489 0.0000000000
108885  15.802  -57.894  62.018 0.0000000000
108886  15.598  -57.463  61.455 0.0000000000
108887  15.276  -57.589  61.482 0.0000000000
108888  14.900  -57.669  61.451 0.0000000000
108889  13.915  -56.266  59.782 0.0000000000
108890  13.982  -56.819  60.326 0.0000000000
108891  13.685  -56.913  60.225 0.0000000000
108892  13.429  -57.525  60.678 0.0000000000
108893  13.150  -58.130  61.184 0.0000000000
108894  12.819  -58.722  61.620 0.0000000000
108895  12.822  -58.279  61.048 0.0000000000
108896  12.531  -58.352  60.898 0.0000000000
108897  12.210  -58.378  60.691 0.0000000000
108905  10.973  -54.827  59.759 0.0000000000
108906  11.273  -55.473  59.284 0.0000000000
111960  28.099  -53.884  56.409 0.0000000000
111961  28.352  -53.787  56.103 0.0000000000
111962  27.812  -53.901  55.566 0.0000000000
111964  27.204  -53.984  53.858 0.0000000000
112041  15.883  -61.958  62.285 0.0000000000
112042  16.421  -61.747  62.258 0.0000000000
112043  16.140  -62.166  61.767 0.0000000000
112044  16.353  -62.269  61.265 0.0000000000
112045  16.556  -62.392  60.676 0.0000000000
112046  15.941  -63.180  58.009 0.0000000000
112047  16.192  -62.902  58.453 0.0000000000
112048  16.312  -62.763  57.782 0.0000000000
112049  16.700  -62.339  57.626 0.0000000000
112050  17.089  -61.998  57.456 0.0000000000
112051  17.552  -61.651  57.257 0.0000000000
112052  17.168  -61.888  56.789 0.0000000000
112053  17.221  -61.776  56.070 0.0000000000
112054  17.309  -61.693  55.358 0.0000000000
112055  15.209  -66.578  53.816 0.0000000000
112056  14.976  -66.032  54.050 0.0000000000
112057  15.420  -66.157  53.611 0.0000000000
112058  15.696  -65.732  53.435 0.0000000000
112059  16.039  -65.309  53.288 0.0000000000
112060  18.179  -64.325  52.276 0.0000000000
112061  17.637  -64.357  52.451 0.0000000000
112062  17.948  -63.910  52.334 0.0000000000
112063  17.739  -63.480  52.440 0.0000000000
112064  17.645  -63.018  52.743 0.0000000000
112065  17.613  -62.575  53.089 0.0000000000
112066  18.001  -62.607  52.617 0.0000000000
112067  18.351  -62.207  52.482 0.0000000000
112068  18.722  -61.832  52.342 0.0000000000
112069  19.093  -61.516  52.171 0.0000000000
112070  19.110  -61.893  51.953 0.0000000000
112071  19.550  -61.912  51.664 0.0000000000
112073  21.640  -63.419  50.475 0.0000000000
112074  21.526  -62.950  50.718 0.0000000000
112075  22.031  -63.134  50.248 0.0000000000
112076  22.307  -62.814  50.060 0.0000000000
112077  22.613  -62.541  49.943 0.0000000000
112078  22.906  -62.264  49.735 0.0000000000
112079  23.031  -62.644  49.358 0.0000000000
115756  20.645  -58.594  64.081 0.0000000000
115757  20.999  -59.049  63.885 0.0000000000
115758  20.449  -59.202  63.929 0.0000000000
115759  20.244  -59.749  63.608 0.0000000000
115760  20.058  -60.253  63.150 0.0000000000
115761  19.206  -60.016  63.569 0.0000000000
115762  19.542  -60.377  63.187 0.0000000000
115763  19.811  -60.579  62.596 0.0000000000
115764  19.544  -60.871  61.992 0.0000000000
115765  19.297  -61.166  61.303 0.0000000000
115766  19.001  -61.287  60.764 0.0000000000
120238  24.698  -56.186  58.006 0.0000000000
120240  21.317  -58.771  57.911 0.0000000000
120241  21.588  -58.411  57.662 0.0000000000
120242  21.219  -58.616  57.097 0.0000000000
120243  21.156  -58.542  56.292 0.0000000000
120244  21.114  -58.452  55.535 0.0000000000
120245  20.526  -58.921  55.119 0.0000000000
120246  20.849  -58.684  54.936 0.0000000000
120247  21.112  -58.413  54.779 0.0000000000
120248  21.205  -58.385  54.056 0.0000000000
122119  13.175  -60.680  63.202 0.0000000000
122120  13.296  -61.115  63.251 0.0000000000
122121  12.858  -61.214  63.129 0.0000000000
122122  12.559  -61.805  62.950 0.0000000000
122123  12.286  -62.347  62.702 0.0000000000
122124  11.746  -61.923  62.623 0.0000000000
122125  11.874  -62.419  62.544 0.0000000000
122126  12.025  -62.825  62.373 0.0000000000
122127  11.807  -63.248  61.907 0.0000000000
122128  11.626  -63.650  61.421 0.0000000000
122129  11.437  -64.084  60.832 0.0000000000
122130  8.817  -64.838  58.056 0.0000000000
122131  9.129  -64.856  58.331 0.0000000000
122132  9.082  -65.148  57.660 0.0000000000
122133  9.290  -65.498  57.270 0.0000000000
122134  9.553  -65.835  56.849 0.0000000000
122135  9.350  -65.929  55.852 0.0000000000
122136  9.541  -66.089  56.158 0.0000000000
122137  9.788  -66.225  56.442 0.0000000000
122138  9.974  -66.607  56.037 0.0000000000
122139  10.187  -67.064  55.758 0.0000000000
122140  10.418  -67.564  55.572 0.0000000000
122141  10.652  -68.031  55.385 0.0000000000
122142  10.370  -67.914  55.165 0.0000000000
122143  10.241  -68.211  54.770 0.0000000000
122144  10.065  -68.507  54.386 0.0000000000
122145  9.626  -67.822  54.162 0.0000000000
122146  9.721  -68.363  54.070 0.0000000000
122147  9.883  -68.844  53.955 0.0000000000
122148  9.760  -69.210  53.491 0.0000000000
122149  9.717  -69.632  53.035 0.0000000000
122150  9.644  -70.088  52.540 0.0000000000
123727  15.459  -54.695  59.195 0.0000000000
123728  15.296  -55.337  59.578 0.0000000000
123729  15.127  -55.973  59.978 0.0000000000
123730  14.951  -55.442  59.541 0.0000000000
123731  14.651  -55.548  59.542 0.0000000000
123732  14.390  -55.590  59.425 0.0000000000
123733  14.257  -54.222  58.958 0.0000000000
123734  14.190  -54.961  59.071 0.0000000000
123735  14.076  -55.636  59.379 0.0000000000
123736  13.792  -55.665  59.308 0.0000000000
123737  13.474  -55.742  59.260 0.0000000000
123738  13.152  -55.805  59.203 0.0000000000
123747  10.386  -54.501  60.505 0.0000000000
123748  10.464  -54.787  59.920 0.0000000000
126183  14.847  -63.804  60.422 0.0000000000
126184  15.354  -63.476  60.391 0.0000000000
126185  15.107  -63.899  59.928 0.0000000000
126186  15.303  -63.905  59.380 0.0000000000
126187  15.455  -63.837  58.773 0.0000000000
126188  14.844  -64.609  58.376 0.0000000000
126189  15.196  -64.134  58.269 0.0000000000
126190  15.547  -63.699  58.096 0.0000000000
126191  15.656  -63.487  57.441 0.0000000000
126192  15.746  -63.281  56.754 0.0000000000
126193  15.790  -63.188  56.006 0.0000000000
126194  17.383  -66.644  52.657 0.0000000000
126195  17.138  -66.195  52.754 0.0000000000
126196  17.735  -66.130  52.550 0.0000000000
126197  17.987  -65.663  52.436 0.0000000000
126198  18.192  -65.184  52.314 0.0000000000
126199  19.014  -65.725  52.125 0.0000000000
126200  18.771  -65.170  52.217 0.0000000000
126201  18.472  -64.729  52.291 0.0000000000
126202  18.738  -64.242  52.173 0.0000000000
126203  18.997  -63.806  52.025 0.0000000000
126204  19.230  -63.394  51.891 0.0000000000
126205  19.505  -62.986  51.749 0.0000000000
126206  19.769  -63.386  51.692 0.0000000000
126207  20.303  -63.492  51.425 0.0000000000
126208  20.844  -63.642  51.135 0.0000000000
126209  20.713  -64.625  51.044 0.0000000000
126210  21.024  -64.233  50.866 0.0000000000
126211  21.352  -63.800  50.676 0.0000000000
126212  21.709  -63.908  50.072 0.0000000000
130150  24.651  -57.544  63.331 0.0000000000
130151  24.822  -57.758  62.810 0.0000000000
130152  24.371  -57.992  63.002 0.0000000000
130153  23.991  -58.263  62.373 0.0000000000
130154  23.578  -58.444  61.773 0.0000000000
130155  23.156  -58.700  62.712 0.0000000000
130156  23.188  -58.743  61.985 0.0000000000
130157  23.112  -58.545  61.207 0.0000000000
130158  22.665  -58.637  60.545 0.0000000000
130159  22.207  -58.721  59.889 0.0000000000
130160  21.759  -58.830  59.293 0.0000000000
130161  21.295  -59.413  63.439 0.0000000000
130162  21.514  -59.681  62.736 0.0000000000
130163  21.663  -59.705  61.953 0.0000000000
130164  20.867  -60.191  61.578 0.0000000000
130165  21.281  -59.905  61.348 0.0000000000
130166  21.617  -59.598  61.134 0.0000000000
130167  21.536  -59.455  60.312 0.0000000000
130168  21.482  -59.187  59.504 0.0000000000
130169  21.393  -58.973  58.719 0.0000000000
130170  21.024  -59.132  58.127 0.0000000000
130171  20.620  -59.329  57.528 0.0000000000
130172  20.236  -59.443  56.963 0.0000000000
130173  19.965  -59.898  57.959 0.0000000000
130174  19.920  -59.742  57.185 0.0000000000
130175  19.909  -59.599  56.408 0.0000000000
130176  19.648  -59.730  55.910 0.0000000000
130177  19.427  -59.929  55.365 0.0000000000
130178  19.186  -60.111  54.839 0.0000000000
131860  10.380  -61.052  61.251 0.0000000000
131861  10.254  -61.564  61.503 0.0000000000
131862  10.044  -61.576  61.144 0.0000000000
131863  9.692  -62.083  60.889 0.0000000000
131864  9.406  -62.554  60.577 0.0000000000
131865  9.250  -62.095  60.128 0.0000000000
131866  9.141  -62.567  60.188 0.0000000000
131867  9.158  -62.992  60.240 0.0000000000
131868  8.989  -63.406  59.886 0.0000000000
131869  8.806  -63.825  59.446 0.0000000000
131870  8.662  -64.165  58.992 0.0000000000
131872  8.239  -62.214  58.749 0.0000000000
131873  8.146  -62.740  58.822 0.0000000000
131874  7.576  -62.905  58.167 0.0000000000
131875  7.850  -63.102  58.513 0.0000000000
131876  8.153  -63.257  58.812 0.0000000000
131877  8.229  -63.714  58.776 0.0000000000
131878  8.364  -64.120  58.638 0.0000000000
131879  8.540  -64.488  58.432 0.0000000000
131880  8.500  -64.768  57.720 0.0000000000
131881  8.517  -64.949  57.007 0.0000000000
131882  8.569  -65.118  56.324 0.0000000000
131883  7.909  -64.593  56.447 0.0000000000
131884  8.315  -64.905  56.020 0.0000000000
131885  8.674  -65.241  55.590 0.0000000000
131886  8.778  -65.324  54.927 0.0000000000
135484  24.830  -57.334  48.130 0.0000000000
135485  24.815  -57.733  48.206 0.0000000000
135537  13.532  -66.725  55.999 0.0000000000
135538  13.778  -66.267  55.893 0.0000000000
135539  13.818  -66.741  55.418 0.0000000000
135540  14.147  -66.801  54.927 0.0000000000
135544  14.940  -66.987  54.015 0.0000000000
135545  15.504  -67.092  53.589 0.0000000000
135546  15.971  -67.070  53.291 0.0000000000
135547  16.495  -67.107  53.050 0.0000000000
135555  16.640  -67.617  52.906 0.0000000000
135556  17.024  -67.106  52.804 0.0000000000
135557  17.527  -67.181  52.643 0.0000000000
135558  18.017  -67.220  52.443 0.0000000000
135559  18.463  -67.207  52.205 0.0000000000
135560  18.087  -68.125  52.002 0.0000000000
135561  18.449  -67.677  51.913 0.0000000000
135562  18.845  -67.225  51.776 0.0000000000
135563  19.064  -67.063  51.249 0.0000000000
142132  30.516  -53.392  58.883 0.0000000000
142133  30.222  -53.492  58.205 0.0000000000
142134  30.022  -53.601  58.493 0.0000000000
142135  29.506  -53.699  58.103 0.0000000000
142136  29.026  -53.799  57.646 0.0000000000
142137  28.917  -53.994  58.669 0.0000000000
142138  28.698  -53.937  57.893 0.0000000000
142161  24.826  -57.667  61.977 0.0000000000
142162  24.674  -57.487  61.136 0.0000000000
142163  24.460  -57.254  60.292 0.0000000000
142164  23.632  -57.625  59.907 0.0000000000
142165  23.975  -57.311  59.686 0.0000000000
142166  24.225  -56.998  59.416 0.0000000000
142167  24.011  -56.777  58.568 0.0000000000
142168  23.826  -56.579  57.699 0.0000000000
142169  23.717  -56.419  56.862 0.0000000000
142170  21.841  -58.061  57.445 0.0000000000
142171  22.093  -57.750  57.231 0.0000000000
142172  22.363  -57.447  57.035 0.0000000000
142173  21.905  -57.589  55.686 0.0000000000
142174  22.286  -57.335  56.286 0.0000000000
142175  22.648  -57.149  56.828 0.0000000000
142176  22.928  -56.848  56.560 0.0000000000
142177  23.260  -56.578  56.335 0.0000000000
142182  22.687  -56.643  53.660 0.0000000000
142183  22.979  -56.381  53.466 0.0000000000
142194  23.900  -58.110  48.980 0.0000000000
147049  16.707  -59.583  63.462 0.0000000000
147050  16.910  -59.979  63.434 0.0000000000
147051  16.443  -60.110  63.463 0.0000000000
147052  16.205  -60.650  63.318 0.0000000000
147053  15.985  -61.143  63.051 0.0000000000
147054  15.262  -61.024  63.309 0.0000000000
147055  15.512  -61.381  63.062 0.0000000000
147056  15.697  -61.682  62.687 0.0000000000
147057  15.392  -62.181  62.222 0.0000000000
147058  15.159  -62.604  61.808 0.0000000000
147059  14.911  -63.090  61.360 0.0000000000
147060  13.454  -61.578  63.192 0.0000000000
147061  13.635  -62.045  63.026 0.0000000000
147062  13.812  -62.371  62.749 0.0000000000
147063  13.164  -62.982  62.261 0.0000000000
147064  13.594  -62.843  62.348 0.0000000000
147065  14.027  -62.708  62.406 0.0000000000
147066  14.262  -62.980  61.998 0.0000000000
147067  14.466  -63.307  61.405 0.0000000000
147068  14.662  -63.587  60.891 0.0000000000
147069  14.452  -64.038  60.472 0.0000000000
147070  14.288  -64.488  60.048 0.0000000000
147071  14.113  -64.910  59.594 0.0000000000
147072  13.445  -64.871  60.062 0.0000000000
147073  13.704  -65.122  59.592 0.0000000000
147074  13.914  -65.319  59.085 0.0000000000
147075  13.646  -65.569  58.470 0.0000000000
147076  13.464  -65.849  57.831 0.0000000000
147077  13.323  -66.202  57.199 0.0000000000
147078  10.220  -62.092  61.622 0.0000000000
147079  10.274  -62.562  61.632 0.0000000000
147080  10.412  -63.006  61.574 0.0000000000
147081  9.855  -63.416  60.816 0.0000000000
147082  10.209  -63.401  61.098 0.0000000000
147083  10.598  -63.378  61.351 0.0000000000
147084  10.802  -63.770  61.042 0.0000000000
147085  11.015  -64.208  60.671 0.0000000000
147086  11.261  -64.469  60.332 0.0000000000
147087  9.418  -64.908  58.619 0.0000000000
147088  9.665  -64.900  58.872 0.0000000000
147089  10.004  -64.909  59.099 0.0000000000
147090  10.162  -65.644  58.079 0.0000000000
147091  10.256  -65.280  58.693 0.0000000000
147092  10.361  -64.898  59.321 0.0000000000
147093  10.706  -64.864  59.548 0.0000000000
147094  11.067  -64.846  59.787 0.0000000000
147095  11.485  -64.851  59.972 0.0000000000
147096  11.658  -65.253  59.555 0.0000000000
147097  11.890  -65.611  59.154 0.0000000000
147098  12.130  -65.942  58.751 0.0000000000
147099  11.584  -66.393  57.979 0.0000000000
147100  11.979  -66.296  58.156 0.0000000000
147101  12.403  -66.177  58.296 0.0000000000
147102  12.709  -66.375  57.749 0.0000000000
147103  12.977  -66.520  57.189 0.0000000000
147114  10.852  -68.423  55.228 0.0000000000
147115  11.107  -68.767  55.033 0.0000000000
147117  10.919  -69.317  54.173 0.0000000000
147190  8.613  -68.905  52.104 0.0000000000
147191  8.854  -69.008  52.503 0.0000000000
147192  8.992  -69.535  52.390 0.0000000000
147193  9.246  -70.045  52.217 0.0000000000
147194  9.558  -70.581  52.029 0.0000000000
147202  9.472  -70.999  51.640 0.0000000000
150866  34.838  -49.273  60.904 0.0000000000
150868  34.248  -50.175  60.122 0.0000000000
150869  33.811  -50.611  59.976 0.0000000000
150870  33.317  -51.080  59.801 0.0000000000
150871  33.257  -51.027  60.789 0.0000000000
150872  33.086  -51.294  60.215 0.0000000000
150873  32.858  -51.602  59.659 0.0000000000
150874  32.372  -52.170  59.564 0.0000000000
150875  31.740  -52.646  59.428 0.0000000000
150877  30.896  -53.214  59.559 0.0000000000
150878  30.552  -53.427  59.881 0.0000000000
150879  30.192  -53.686  60.139 0.0000000000
150880  31.082  -53.121  61.114 0.0000000000
150881  30.458  -53.584  60.825 0.0000000000
150882  29.867  -53.932  60.454 0.0000000000
150883  29.569  -54.188  60.759 0.0000000000
150884  29.209  -54.464  61.071 0.0000000000
150891  29.901  -53.850  62.715 0.0000000000
150892  29.444  -54.426  62.373 0.0000000000
150893  28.921  -54.771  62.027 0.0000000000
150899  27.064  -55.707  63.105 0.0000000000
150901  26.324  -56.421  63.046 0.0000000000
150902  25.933  -56.639  63.208 0.0000000000
150903  25.408  -56.828  63.408 0.0000000000
150928  25.558  -55.757  63.615 0.0000000000
150929  25.287  -56.418  63.622 0.0000000000
150930  24.957  -57.017  63.513 0.0000000000
150931  24.514  -57.146  63.614 0.0000000000
150932  24.035  -57.237  63.704 0.0000000000
150933  23.504  -57.332  63.743 0.0000000000
150935  23.260  -56.828  63.662 0.0000000000
150936  23.003  -57.401  63.757 0.0000000000
150937  22.497  -57.485  63.797 0.0000000000
150938  22.005  -57.631  63.869 0.0000000000
150939  21.486  -57.770  63.915 0.0000000000
150947  21.226  -57.231  63.643 0.0000000000
150948  20.937  -57.895  63.917 0.0000000000
150949  20.371  -58.030  63.892 0.0000000000
150950  19.820  -58.147  63.827 0.0000000000
150951  19.306  -58.336  63.738 0.0000000000
150952  19.475  -57.249  62.969 0.0000000000
150953  19.140  -57.845  63.355 0.0000000000
150954  18.849  -58.513  63.626 0.0000000000
150955  18.398  -58.622  63.551 0.0000000000
150956  17.950  -58.680  63.475 0.0000000000
150957  17.512  -58.783  63.340 0.0000000000
151192  18.697  -55.637  60.923 0.0000000000
151193  18.405  -56.228  61.338 0.0000000000
151194  18.131  -56.817  61.774 0.0000000000
151195  17.293  -56.496  61.128 0.0000000000
151196  17.557  -56.931  61.663 0.0000000000
151197  17.828  -57.366  62.218 0.0000000000
151198  17.515  -57.913  62.630 0.0000000000
151199  17.238  -58.436  63.039 0.0000000000
151200  16.935  -59.000  63.356 0.0000000000
151201  16.441  -59.106  63.321 0.0000000000
151202  15.981  -59.314  63.297 0.0000000000
151203  15.551  -59.449  63.261 0.0000000000
151204  15.549  -58.509  62.510 0.0000000000
151205  15.341  -59.050  62.909 0.0000000000
151206  15.114  -59.591  63.218 0.0000000000
151207  14.663  -59.748  63.167 0.0000000000
151208  14.221  -59.873  63.110 0.0000000000
151209  13.810  -59.980  63.036 0.0000000000
151210  14.933  -56.629  60.444 0.0000000000
151211  14.754  -57.165  60.915 0.0000000000
151212  14.524  -57.733  61.412 0.0000000000
151213  14.045  -57.340  60.868 0.0000000000
151214  14.146  -57.830  61.400 0.0000000000
151215  14.255  -58.312  61.888 0.0000000000
151216  13.922  -58.914  62.344 0.0000000000
151217  13.645  -59.532  62.710 0.0000000000
151218  13.396  -60.127  63.012 0.0000000000
151219  12.985  -60.184  62.923 0.0000000000
151220  12.588  -60.219  62.775 0.0000000000
151221  12.204  -60.280  62.593 0.0000000000
151222  12.458  -59.290  61.985 0.0000000000
151223  12.136  -59.831  62.244 0.0000000000
151224  11.822  -60.347  62.409 0.0000000000
151225  11.456  -60.389  62.176 0.0000000000
151226  11.173  -60.460  61.895 0.0000000000
151227  10.903  -60.494  61.583 0.0000000000
151235  12.895  -55.033  59.094 0.0000000000
151236  12.842  -55.809  59.151 0.0000000000
151240  11.255  -54.303  60.080 0.0000000000
151241  11.541  -54.244  59.850 0.0000000000
151242  11.899  -54.180  59.671 0.0000000000
151243  12.202  -54.902  59.285 0.0000000000
151244  12.468  -55.745  59.187 0.0000000000
151245  12.673  -56.515  59.414 0.0000000000
151246  12.475  -57.133  59.712 0.0000000000
151247  12.211  -57.734  60.056 0.0000000000
151248  11.887  -58.419  60.477 0.0000000000
151250  11.615  -58.464  60.293 0.0000000000
151251  11.538  -58.958  60.769 0.0000000000
151252  11.190  -59.495  61.011 0.0000000000
151253  10.906  -60.038  61.188 0.0000000000
151254  10.663  -60.524  61.231 0.0000000000
151255  10.457  -60.570  60.862 0.0000000000
151256  10.273  -60.552  60.468 0.0000000000
151257  10.078  -60.479  60.055 0.0000000000
151260  9.912  -60.428  59.675 0.0000000000
157364  28.569  -53.708  55.773 0.0000000000
157365  28.727  -53.593  55.385 0.0000000000
157366  28.915  -53.603  54.969 0.0000000000
157371  26.838  -54.125  53.394 0.0000000000
157372  26.982  -54.128  53.057 0.0000000000
157374  26.792  -54.282  52.323 0.0000000000
157375  27.166  -54.067  52.741 0.0000000000
157376  27.324  -54.046  52.408 0.0000000000
157523  17.247  -60.358  63.315 0.0000000000
157524  17.592  -60.747  63.031 0.0000000000
157525  17.864  -61.063  62.666 0.0000000000
157526  17.000  -61.580  62.230 0.0000000000
157527  17.576  -61.436  62.242 0.0000000000
157528  18.111  -61.328  62.177 0.0000000000
157529  18.349  -61.515  61.595 0.0000000000
157530  18.514  -61.531  60.913 0.0000000000
157531  18.603  -61.459  60.205 0.0000000000
157532  15.792  -63.139  60.299 0.0000000000
157533  16.263  -62.762  60.120 0.0000000000
157534  16.730  -62.442  60.060 0.0000000000
157535  16.505  -62.632  58.865 0.0000000000
157536  16.863  -62.365  59.356 0.0000000000
157537  17.235  -62.145  59.867 0.0000000000
157538  17.739  -61.866  59.777 0.0000000000
157539  18.210  -61.606  59.631 0.0000000000
157540  18.642  -61.283  59.526 0.0000000000
157541  18.682  -61.117  58.808 0.0000000000
157542  18.692  -60.934  58.083 0.0000000000
157543  18.708  -60.765  57.351 0.0000000000
157544  17.983  -61.319  57.076 0.0000000000
157545  18.399  -60.974  56.846 0.0000000000
157546  18.787  -60.652  56.603 0.0000000000
157547  18.833  -60.598  55.852 0.0000000000
157548  18.859  -60.478  55.097 0.0000000000
157549  18.890  -60.390  54.372 0.0000000000
157550  14.045  -65.820  55.834 0.0000000000
157551  14.298  -65.396  55.705 0.0000000000
157552  14.531  -64.958  55.545 0.0000000000
157553  14.819  -65.512  54.368 0.0000000000
157554  14.752  -64.980  54.821 0.0000000000
157555  14.835  -64.507  55.488 0.0000000000
157556  15.193  -64.070  55.394 0.0000000000
157557  15.619  -63.609  55.341 0.0000000000
157558  15.966  -63.182  55.268 0.0000000000
157559  16.856  -65.786  52.824 0.0000000000
157560  16.583  -65.371  52.903 0.0000000000
157561  16.342  -64.877  53.174 0.0000000000
157562  17.053  -64.404  52.710 0.0000000000
157563  16.593  -64.403  53.096 0.0000000000
157564  16.187  -64.339  53.558 0.0000000000
157565  16.174  -63.821  54.018 0.0000000000
157566  16.181  -63.252  54.554 0.0000000000
157567  16.280  -62.773  55.108 0.0000000000
157568  16.679  -62.417  54.994 0.0000000000
157569  17.073  -62.049  54.825 0.0000000000
157570  17.469  -61.693  54.603 0.0000000000
157571  17.599  -62.133  53.469 0.0000000000
157572  17.711  -61.721  53.911 0.0000000000
157573  17.886  -61.353  54.377 0.0000000000
157574  18.290  -61.024  54.150 0.0000000000
157575  18.673  -60.705  53.915 0.0000000000
157576  19.056  -60.394  53.689 0.0000000000
157577  19.259  -60.397  53.073 0.0000000000
157578  19.503  -60.437  52.501 0.0000000000
157586  19.860  -62.598  51.569 0.0000000000
157589  21.370  -62.489  50.871 0.0000000000
157597  23.357  -61.136  49.458 0.0000000000
157598  23.172  -61.935  49.521 0.0000000000
157599  23.432  -61.565  49.320 0.0000000000
157600  23.715  -61.191  49.078 0.0000000000
157601  24.172  -61.208  48.595 0.0000000000
