#!ascii label  , from subject fsaverage vox2ras=TkReg
834
100  10.397  -1.421  53.776 0.0000000000
225  7.568  7.021  59.597 0.0000000000
226  9.815  9.033  50.378 0.0000000000
704  6.874  5.408  64.900 0.0000000000
705  7.457  11.986  62.807 0.0000000000
706  8.721  12.746  58.245 0.0000000000
1026  8.659  -2.860  57.032 0.0000000000
1553  7.047  -0.637  64.584 0.0000000000
1554  7.164  1.288  60.748 0.0000000000
1555  7.998  3.144  55.965 0.0000000000
1556  8.152  3.435  51.950 0.0000000000
1557  8.313  7.886  54.721 0.0000000000
2626  8.006  14.682  62.050 0.0000000000
2946  9.722  -2.045  55.516 0.0000000000
2947  8.391  -5.245  55.012 0.0000000000
2948  9.497  -4.808  53.648 0.0000000000
2950  10.353  -4.260  52.243 0.0000000000
2951  11.056  -3.794  50.626 0.0000000000
2952  10.878  -1.207  52.006 0.0000000000
3544  7.947  -1.217  65.844 0.0000000000
3546  6.980  6.307  62.439 0.0000000000
3547  6.635  3.199  63.008 0.0000000000
3548  7.288  4.226  60.401 0.0000000000
3549  7.804  2.525  58.403 0.0000000000
3550  7.569  5.084  57.661 0.0000000000
3551  7.383  5.417  55.202 0.0000000000
3552  7.858  7.458  57.143 0.0000000000
3553  8.357  16.185  57.583 0.0000000000
3554  9.532  13.469  56.179 0.0000000000
4533  8.018  6.572  50.999 0.0000000000
4534  8.514  3.883  49.950 0.0000000000
4535  8.820  7.023  49.081 0.0000000000
5874  7.148  8.723  64.113 0.0000000000
5875  7.434  9.456  61.376 0.0000000000
5876  8.053  9.821  58.946 0.0000000000
5877  7.982  12.377  60.501 0.0000000000
5878  8.074  15.379  59.846 0.0000000000
7458  8.125  -2.995  63.388 0.0000000000
7459  7.652  -2.537  62.017 0.0000000000
7460  6.531  2.136  65.191 0.0000000000
7461  6.716  0.079  62.801 0.0000000000
7462  7.350  -1.746  60.501 0.0000000000
7463  7.890  -0.502  58.821 0.0000000000
7464  8.592  0.493  56.941 0.0000000000
7465  9.217  0.975  54.825 0.0000000000
7466  9.574  1.247  52.994 0.0000000000
7467  8.055  3.332  53.943 0.0000000000
7468  7.420  5.950  53.035 0.0000000000
7469  9.033  8.499  52.421 0.0000000000
7470  8.682  10.104  56.660 0.0000000000
7471  9.597  10.774  54.421 0.0000000000
7472  10.528  11.270  52.207 0.0000000000
8760  10.080  1.461  51.056 0.0000000000
10626  10.072  -1.724  54.664 0.0000000000
10627  9.809  -3.453  54.679 0.0000000000
10628  10.208  -3.104  53.947 0.0000000000
10629  9.926  -4.544  53.013 0.0000000000
10630  10.508  -2.806  53.131 0.0000000000
10631  10.790  -2.729  52.253 0.0000000000
10632  10.631  -1.294  52.941 0.0000000000
11226  7.296  6.676  61.042 0.0000000000
11227  7.024  5.199  61.465 0.0000000000
11228  7.368  5.591  60.021 0.0000000000
11229  7.542  4.690  59.001 0.0000000000
11230  7.571  5.958  58.622 0.0000000000
11231  7.611  6.208  57.300 0.0000000000
11232  7.757  7.257  58.330 0.0000000000
11233  7.612  17.369  57.086 0.0000000000
11234  8.450  16.429  56.378 0.0000000000
12213  8.898  7.847  50.673 0.0000000000
12214  8.461  6.841  50.003 0.0000000000
12215  9.273  8.075  49.688 0.0000000000
13628  7.240  10.454  63.493 0.0000000000
13629  7.210  9.159  62.733 0.0000000000
13630  7.350  10.765  62.098 0.0000000000
13631  7.602  10.953  60.957 0.0000000000
13632  7.604  12.201  61.677 0.0000000000
13634  7.926  15.052  61.001 0.0000000000
13635  7.729  16.460  60.784 0.0000000000
13636  7.595  16.807  59.642 0.0000000000
14591  8.154  -3.360  57.779 0.0000000000
14593  8.103  -4.535  56.771 0.0000000000
14609  11.282  -3.635  49.795 0.0000000000
16386  7.398  -0.886  65.321 0.0000000000
16387  7.841  -2.034  64.732 0.0000000000
16388  7.467  -1.759  64.042 0.0000000000
16389  7.825  -2.708  62.732 0.0000000000
16390  7.240  -1.546  63.308 0.0000000000
16393  6.674  3.766  65.222 0.0000000000
16394  6.864  2.211  61.949 0.0000000000
16395  6.531  1.538  62.962 0.0000000000
16396  6.832  0.644  61.788 0.0000000000
16397  7.022  -0.821  61.604 0.0000000000
16398  7.183  -0.298  60.685 0.0000000000
16399  7.477  -1.091  59.686 0.0000000000
16400  7.431  0.425  59.731 0.0000000000
16401  7.913  2.916  57.198 0.0000000000
16402  8.075  1.527  57.597 0.0000000000
16403  8.226  1.834  56.464 0.0000000000
16404  8.915  0.815  55.887 0.0000000000
16405  8.345  2.119  55.332 0.0000000000
16406  8.518  2.215  54.405 0.0000000000
16407  7.986  3.251  54.916 0.0000000000
16408  7.736  6.678  54.903 0.0000000000
16409  7.326  5.659  54.079 0.0000000000
16410  7.863  6.998  53.729 0.0000000000
16411  8.121  7.292  52.677 0.0000000000
16412  8.651  8.164  53.488 0.0000000000
16413  8.329  11.197  58.589 0.0000000000
16414  8.328  9.931  57.811 0.0000000000
16415  8.717  11.430  57.520 0.0000000000
16417  9.638  12.031  55.402 0.0000000000
16418  10.111  12.307  54.309 0.0000000000
16419  10.085  11.000  53.343 0.0000000000
19353  8.844  2.380  52.493 0.0000000000
19354  9.801  1.394  52.005 0.0000000000
19355  9.129  2.479  51.513 0.0000000000
23156  7.763  13.310  62.435 0.0000000000
23732  9.241  -2.440  56.278 0.0000000000
23733  8.707  -4.117  56.062 0.0000000000
23734  9.365  -3.778  55.337 0.0000000000
23735  9.035  -4.962  54.346 0.0000000000
23738  8.997  -6.083  52.579 0.0000000000
23739  9.525  -5.729  51.973 0.0000000000
23740  10.085  -5.355  51.272 0.0000000000
23741  10.477  -5.051  50.591 0.0000000000
23742  10.720  -4.050  51.436 0.0000000000
23743  11.136  -2.590  51.344 0.0000000000
23744  11.143  -1.112  51.078 0.0000000000
24810  7.777  -0.019  66.349 0.0000000000
24811  7.172  0.342  65.752 0.0000000000
24812  6.781  5.838  63.756 0.0000000000
24813  6.592  4.264  64.078 0.0000000000
24814  6.743  4.712  62.785 0.0000000000
24815  6.954  3.713  61.738 0.0000000000
24816  7.280  2.860  60.712 0.0000000000
24817  7.513  1.983  59.694 0.0000000000
24818  7.604  3.445  59.424 0.0000000000
24819  7.751  3.853  58.099 0.0000000000
24820  7.679  4.150  56.750 0.0000000000
24821  7.678  4.279  55.616 0.0000000000
24822  7.499  5.282  56.386 0.0000000000
24823  7.641  6.407  56.097 0.0000000000
24824  8.091  7.625  55.949 0.0000000000
24825  8.843  14.561  57.913 0.0000000000
24826  9.153  13.137  57.219 0.0000000000
24827  9.132  15.012  56.832 0.0000000000
26589  7.564  4.917  51.397 0.0000000000
26590  8.282  3.556  50.937 0.0000000000
26591  7.834  5.179  50.363 0.0000000000
26592  8.332  5.504  49.371 0.0000000000
29061  7.559  8.194  65.191 0.0000000000
29062  7.027  7.047  64.557 0.0000000000
29063  7.035  7.511  63.289 0.0000000000
29064  7.273  7.839  61.980 0.0000000000
29065  7.545  8.134  60.574 0.0000000000
29066  7.765  8.379  59.311 0.0000000000
29067  7.734  9.618  60.147 0.0000000000
29068  7.967  11.069  59.731 0.0000000000
29069  8.330  12.537  59.374 0.0000000000
29070  7.901  13.593  61.310 0.0000000000
29071  8.185  13.874  60.113 0.0000000000
29072  8.512  14.141  59.037 0.0000000000
29073  8.252  15.778  58.801 0.0000000000
29074  7.644  17.110  58.431 0.0000000000
32852  8.367  -2.418  65.261 0.0000000000
32853  8.482  -3.343  64.026 0.0000000000
32856  8.326  -3.891  61.417 0.0000000000
32857  8.109  -3.628  60.803 0.0000000000
32859  7.026  1.738  66.011 0.0000000000
32860  6.695  0.670  64.906 0.0000000000
32861  6.415  2.608  64.145 0.0000000000
32862  6.481  1.025  63.976 0.0000000000
32863  6.718  -0.351  63.802 0.0000000000
32864  7.055  -1.304  62.475 0.0000000000
32865  7.503  -2.226  61.305 0.0000000000
32866  7.790  -3.297  60.184 0.0000000000
32867  7.682  -2.800  59.515 0.0000000000
32868  7.853  -2.170  58.813 0.0000000000
32869  8.323  -1.620  57.974 0.0000000000
32870  7.800  1.049  58.702 0.0000000000
32871  8.227  -0.009  57.935 0.0000000000
32872  8.797  -1.106  57.139 0.0000000000
32873  9.292  -0.731  56.233 0.0000000000
32874  9.659  -0.402  55.297 0.0000000000
32875  9.932  -0.153  54.349 0.0000000000
32876  10.110  -0.029  53.472 0.0000000000
32877  9.456  1.086  53.933 0.0000000000
32878  8.711  2.264  53.472 0.0000000000
32879  8.061  3.403  52.977 0.0000000000
32880  7.566  4.390  54.551 0.0000000000
32881  7.453  4.511  53.506 0.0000000000
32882  7.429  4.653  52.433 0.0000000000
32883  7.641  6.288  51.983 0.0000000000
32884  8.482  7.580  51.643 0.0000000000
32885  9.408  8.792  51.390 0.0000000000
32886  7.992  8.588  58.122 0.0000000000
32887  8.224  8.754  56.892 0.0000000000
32888  8.544  9.004  55.727 0.0000000000
32889  9.140  11.723  56.410 0.0000000000
32890  9.081  10.410  55.536 0.0000000000
32891  8.958  9.320  54.550 0.0000000000
32892  9.408  9.580  53.418 0.0000000000
32893  9.852  9.849  52.310 0.0000000000
32894  10.240  10.058  51.242 0.0000000000
36528  10.363  0.088  52.470 0.0000000000
36529  10.605  0.186  51.511 0.0000000000
36531  9.297  2.649  50.562 0.0000000000
36537  9.552  8.340  48.805 0.0000000000
41346  10.240  -1.551  54.218 0.0000000000
41347  10.172  -2.447  54.304 0.0000000000
41348  10.348  -2.264  53.887 0.0000000000
41349  10.342  -2.954  53.537 0.0000000000
41350  10.481  -2.114  53.471 0.0000000000
41351  10.605  -2.061  53.065 0.0000000000
41352  10.500  -1.378  53.375 0.0000000000
41946  7.417  6.847  60.334 0.0000000000
41947  7.311  6.118  60.531 0.0000000000
41948  7.440  6.276  59.806 0.0000000000
41949  7.498  5.785  59.276 0.0000000000
41950  7.551  6.437  59.096 0.0000000000
41951  7.643  6.577  58.480 0.0000000000
41952  7.686  7.139  58.960 0.0000000000
42933  9.382  8.413  50.466 0.0000000000
42934  9.099  7.965  50.179 0.0000000000
42935  9.522  8.555  49.988 0.0000000000
44346  7.506  11.790  63.468 0.0000000000
44347  7.473  11.065  63.798 0.0000000000
44348  7.350  11.251  63.179 0.0000000000
44349  7.282  10.616  62.816 0.0000000000
44350  7.365  11.400  62.492 0.0000000000
44351  7.460  11.491  61.906 0.0000000000
44352  7.502  12.104  62.258 0.0000000000
44356  7.595  17.139  60.665 0.0000000000
45311  8.376  -3.111  57.421 0.0000000000
45313  8.428  -3.721  56.916 0.0000000000
47106  7.207  -0.755  64.973 0.0000000000
47107  7.397  -1.297  64.740 0.0000000000
47108  7.228  -1.185  64.349 0.0000000000
47109  7.352  -1.668  63.679 0.0000000000
47110  7.075  -1.118  63.878 0.0000000000
47111  7.062  5.168  65.399 0.0000000000
47112  6.891  4.341  65.569 0.0000000000
47113  6.743  4.565  65.090 0.0000000000
47114  7.016  1.756  61.344 0.0000000000
47115  6.834  1.410  61.874 0.0000000000
47116  6.976  0.969  61.291 0.0000000000
47117  7.005  0.174  61.263 0.0000000000
47118  7.118  0.504  60.729 0.0000000000
47119  7.298  0.056  60.202 0.0000000000
47120  7.265  0.838  60.220 0.0000000000
47121  7.954  3.027  56.582 0.0000000000
47122  8.036  2.399  56.807 0.0000000000
47123  8.092  2.496  56.205 0.0000000000
47124  8.278  2.009  55.889 0.0000000000
47125  8.110  2.635  55.609 0.0000000000
47126  8.161  2.693  55.115 0.0000000000
47127  7.980  3.227  55.459 0.0000000000
47128  8.013  7.265  54.815 0.0000000000
47129  7.811  6.838  54.319 0.0000000000
47130  8.115  7.397  54.212 0.0000000000
47131  8.208  7.574  53.602 0.0000000000
47132  8.448  8.020  54.110 0.0000000000
47133  8.496  11.943  58.429 0.0000000000
47134  8.511  11.305  58.058 0.0000000000
47135  8.707  12.093  57.902 0.0000000000
50073  8.505  2.896  52.211 0.0000000000
50074  8.978  2.432  51.993 0.0000000000
50075  8.619  2.933  51.719 0.0000000000
54911  9.518  -2.238  55.885 0.0000000000
54912  9.391  -3.118  55.807 0.0000000000
54913  9.634  -2.954  55.470 0.0000000000
54914  9.713  -4.064  54.228 0.0000000000
54915  9.517  -4.231  54.526 0.0000000000
54916  9.293  -4.856  53.990 0.0000000000
54920  9.229  -5.502  53.090 0.0000000000
54921  10.151  -4.444  52.665 0.0000000000
54922  9.735  -5.155  52.502 0.0000000000
54923  9.990  -4.997  52.139 0.0000000000
54924  9.789  -5.558  51.602 0.0000000000
54925  10.246  -4.809  51.766 0.0000000000
54926  10.437  -4.709  51.423 0.0000000000
54927  10.526  -4.194  51.831 0.0000000000
54928  10.876  -1.945  52.160 0.0000000000
54929  10.957  -2.662  51.797 0.0000000000
54930  11.024  -1.863  51.713 0.0000000000
54931  11.166  -1.774  51.270 0.0000000000
54932  11.021  -1.148  51.533 0.0000000000
56708  7.760  0.623  66.532 0.0000000000
56709  7.447  0.175  66.101 0.0000000000
56710  7.418  0.809  66.218 0.0000000000
56711  6.863  6.084  63.103 0.0000000000
56712  6.730  5.283  63.277 0.0000000000
56713  6.848  5.499  62.622 0.0000000000
56714  7.146  4.666  60.876 0.0000000000
56715  6.987  4.425  61.594 0.0000000000
56716  7.136  3.950  61.084 0.0000000000
56717  7.112  3.282  61.203 0.0000000000
56718  7.321  3.544  60.582 0.0000000000
56719  7.463  3.155  60.095 0.0000000000
56720  7.485  3.814  59.910 0.0000000000
56721  7.568  4.877  58.353 0.0000000000
56722  7.663  4.256  58.506 0.0000000000
56723  7.657  4.436  57.846 0.0000000000
56724  7.748  4.004  57.434 0.0000000000
56725  7.610  4.623  57.166 0.0000000000
56726  7.582  4.716  56.555 0.0000000000
56727  7.540  5.194  56.994 0.0000000000
56728  7.696  6.811  57.217 0.0000000000
56729  7.618  6.325  56.688 0.0000000000
56730  7.754  6.917  56.598 0.0000000000
56731  7.834  7.013  56.002 0.0000000000
56732  7.964  7.539  56.545 0.0000000000
56733  8.675  15.434  57.773 0.0000000000
56734  9.002  14.801  57.372 0.0000000000
56735  8.782  15.627  57.171 0.0000000000
59673  7.671  5.802  51.168 0.0000000000
59674  7.699  5.077  50.870 0.0000000000
59675  7.861  5.927  50.700 0.0000000000
59676  8.629  6.921  49.528 0.0000000000
59677  8.308  6.181  49.667 0.0000000000
59678  8.533  6.293  49.207 0.0000000000
59680  8.800  6.415  48.787 0.0000000000
63914  7.341  9.389  64.428 0.0000000000
63915  7.623  9.124  64.932 0.0000000000
63916  7.275  8.452  64.699 0.0000000000
63917  7.238  7.658  64.967 0.0000000000
63918  7.044  7.843  64.382 0.0000000000
63919  6.988  7.288  63.937 0.0000000000
63920  7.042  8.089  63.728 0.0000000000
63921  7.300  9.360  62.004 0.0000000000
63922  7.258  8.487  62.376 0.0000000000
63923  7.411  8.635  61.707 0.0000000000
63924  7.418  8.009  61.350 0.0000000000
63925  7.534  8.750  61.003 0.0000000000
63926  7.636  8.860  60.354 0.0000000000
63927  7.576  9.529  60.771 0.0000000000
63928  7.763  11.635  60.752 0.0000000000
63929  7.793  11.015  60.342 0.0000000000
63930  8.008  11.674  60.166 0.0000000000
63931  8.183  11.765  59.607 0.0000000000
63932  8.161  12.456  59.953 0.0000000000
63933  7.903  13.996  62.210 0.0000000000
63934  7.801  13.454  61.900 0.0000000000
63935  7.900  14.141  61.655 0.0000000000
63936  8.004  15.198  60.403 0.0000000000
63937  8.062  14.458  60.559 0.0000000000
63938  8.186  14.614  59.990 0.0000000000
63939  8.361  13.989  59.564 0.0000000000
63940  8.321  14.797  59.435 0.0000000000
63941  8.463  14.990  58.895 0.0000000000
63942  8.150  15.573  59.324 0.0000000000
63943  7.452  17.467  59.495 0.0000000000
63944  7.648  16.963  59.030 0.0000000000
63945  7.373  17.638  58.844 0.0000000000
63946  7.348  17.726  58.210 0.0000000000
66814  8.554  -4.699  55.532 0.0000000000
66815  8.243  -4.917  55.914 0.0000000000
66858  10.792  -4.435  50.644 0.0000000000
66859  10.584  -4.932  50.259 0.0000000000
66860  10.943  -4.312  50.254 0.0000000000
72191  8.321  -1.418  66.083 0.0000000000
72192  8.466  -2.040  65.813 0.0000000000
72193  8.109  -1.799  65.575 0.0000000000
72194  7.933  -2.486  64.062 0.0000000000
72195  8.113  -2.635  64.381 0.0000000000
72196  8.247  -3.181  63.677 0.0000000000
72198  8.512  -3.724  63.052 0.0000000000
72200  8.346  -3.551  62.695 0.0000000000
72201  7.758  -2.627  62.400 0.0000000000
72202  8.066  -3.265  62.034 0.0000000000
72203  7.975  -3.186  61.739 0.0000000000
72204  8.228  -3.767  61.115 0.0000000000
72205  7.900  -3.030  61.396 0.0000000000
72209  6.736  2.724  65.699 0.0000000000
72210  7.024  2.516  66.038 0.0000000000
72211  6.747  1.950  65.642 0.0000000000
72212  6.812  1.232  65.565 0.0000000000
72213  6.579  1.424  65.123 0.0000000000
72214  6.549  3.730  63.530 0.0000000000
72215  6.477  3.464  64.119 0.0000000000
72216  6.521  2.887  63.582 0.0000000000
72217  6.600  0.777  62.909 0.0000000000
72218  6.450  1.250  63.489 0.0000000000
72219  6.581  0.554  63.367 0.0000000000
72220  6.607  0.343  63.854 0.0000000000
72221  6.685  -0.152  63.287 0.0000000000
72222  6.896  -0.860  63.102 0.0000000000
72223  6.845  -0.628  62.697 0.0000000000
72224  7.184  -1.268  61.038 0.0000000000
72225  7.219  -1.532  61.460 0.0000000000
72226  7.407  -2.001  60.913 0.0000000000
72227  7.670  -2.746  60.747 0.0000000000
72228  7.510  -2.532  60.418 0.0000000000
72229  7.704  -3.067  59.885 0.0000000000
72230  7.497  -2.259  60.022 0.0000000000
72231  7.679  -0.785  59.253 0.0000000000
72232  7.671  -1.616  59.226 0.0000000000
72233  7.901  -1.279  58.831 0.0000000000
72234  8.062  -1.884  58.406 0.0000000000
72235  8.109  -1.023  58.394 0.0000000000
72236  7.689  2.262  59.067 0.0000000000
72237  7.638  1.506  59.200 0.0000000000
72238  7.795  1.789  58.610 0.0000000000
72239  8.317  1.003  57.251 0.0000000000
72240  8.207  0.786  57.790 0.0000000000
72241  8.451  0.262  57.437 0.0000000000
72242  8.522  -0.510  57.525 0.0000000000
72243  8.750  -0.302  57.056 0.0000000000
72244  9.071  -0.970  56.689 0.0000000000
72245  8.950  -0.093  56.576 0.0000000000
72246  9.075  0.920  55.332 0.0000000000
72247  9.327  0.211  55.609 0.0000000000
72248  9.482  0.337  55.093 0.0000000000
72249  9.812  -0.246  54.821 0.0000000000
72250  9.624  0.423  54.587 0.0000000000
72251  9.691  0.487  54.134 0.0000000000
72252  9.330  1.015  54.368 0.0000000000
72253  8.273  2.776  54.172 0.0000000000
72254  8.602  2.236  53.942 0.0000000000
72255  8.358  2.831  53.706 0.0000000000
72256  8.389  2.853  53.224 0.0000000000
72257  8.062  3.365  53.500 0.0000000000
72258  7.515  4.831  55.442 0.0000000000
72259  7.644  4.338  55.069 0.0000000000
72260  7.435  4.887  54.888 0.0000000000
72261  7.398  5.802  53.545 0.0000000000
72262  7.319  5.075  53.819 0.0000000000
72263  7.292  5.175  53.274 0.0000000000
72264  7.425  4.591  53.026 0.0000000000
72265  7.318  5.312  52.718 0.0000000000
72266  7.388  5.489  52.182 0.0000000000
72267  7.508  6.114  52.521 0.0000000000
72268  8.556  7.897  52.521 0.0000000000
72269  8.284  7.435  52.155 0.0000000000
72270  8.756  8.072  52.001 0.0000000000
72271  8.953  8.197  51.487 0.0000000000
72272  9.183  8.659  51.901 0.0000000000
72273  7.919  9.096  59.108 0.0000000000
72274  7.892  8.499  58.677 0.0000000000
72275  8.051  9.177  58.524 0.0000000000
72276  8.503  9.986  57.222 0.0000000000
72277  8.300  9.320  57.380 0.0000000000
72278  8.436  9.414  56.788 0.0000000000
72279  8.369  8.883  56.312 0.0000000000
72280  8.619  9.556  56.218 0.0000000000
72281  9.358  13.315  56.708 0.0000000000
72282  9.171  12.403  56.849 0.0000000000
72283  9.379  12.579  56.335 0.0000000000
72284  9.610  11.370  54.953 0.0000000000
72285  9.353  11.185  55.475 0.0000000000
72286  9.336  10.589  54.965 0.0000000000
72287  9.028  9.877  55.025 0.0000000000
72288  9.274  10.049  54.465 0.0000000000
72289  9.182  9.465  53.977 0.0000000000
72290  9.496  10.180  53.891 0.0000000000
72291  10.323  11.141  52.772 0.0000000000
72292  9.990  10.427  52.841 0.0000000000
72293  10.205  10.534  52.271 0.0000000000
72294  10.055  9.973  51.765 0.0000000000
81093  9.876  0.621  53.238 0.0000000000
81094  10.229  0.001  52.991 0.0000000000
81095  9.990  0.669  52.751 0.0000000000
81096  9.944  1.413  51.524 0.0000000000
81097  10.220  0.820  51.736 0.0000000000
81098  10.361  0.859  51.266 0.0000000000
81099  10.697  0.254  51.102 0.0000000000
81100  10.453  0.900  50.845 0.0000000000
81101  8.396  3.695  50.451 0.0000000000
81102  8.773  3.107  50.733 0.0000000000
81103  8.867  3.213  50.271 0.0000000000
81117  9.788  8.811  49.095 0.0000000000
92852  9.900  -1.850  55.093 0.0000000000
92853  9.854  -2.753  55.106 0.0000000000
92854  10.009  -2.583  54.710 0.0000000000
92855  10.009  -3.267  54.312 0.0000000000
92856  9.908  -3.997  53.827 0.0000000000
92857  9.727  -4.717  53.312 0.0000000000
92858  10.101  -3.832  53.484 0.0000000000
92859  10.261  -3.697  53.104 0.0000000000
92860  10.440  -3.560  52.709 0.0000000000
92861  10.602  -3.530  52.279 0.0000000000
92862  10.645  -2.759  52.715 0.0000000000
92863  10.738  -1.980  52.631 0.0000000000
92864  10.754  -1.223  52.463 0.0000000000
93932  7.132  6.491  61.752 0.0000000000
93933  6.996  5.707  61.939 0.0000000000
93934  7.177  5.944  61.237 0.0000000000
93935  7.208  5.409  60.769 0.0000000000
93936  7.313  4.918  60.209 0.0000000000
93937  7.438  4.478  59.706 0.0000000000
93938  7.445  5.143  59.485 0.0000000000
93939  7.536  5.330  58.805 0.0000000000
93940  7.560  5.510  58.083 0.0000000000
93941  7.556  5.640  57.439 0.0000000000
93942  7.601  6.091  57.937 0.0000000000
93943  7.660  6.690  57.824 0.0000000000
93944  7.783  7.357  57.744 0.0000000000
93945  7.973  16.796  57.387 0.0000000000
93946  8.402  16.326  56.977 0.0000000000
93947  7.974  16.921  56.751 0.0000000000
93948  8.007  17.016  56.081 0.0000000000
95709  8.447  7.230  50.830 0.0000000000
95710  8.224  6.729  50.529 0.0000000000
95711  8.635  7.350  50.311 0.0000000000
95712  8.781  7.451  49.844 0.0000000000
95713  8.988  7.585  49.375 0.0000000000
98255  7.410  10.267  64.091 0.0000000000
98256  7.227  9.616  63.793 0.0000000000
98257  7.132  8.960  63.450 0.0000000000
98258  7.210  9.827  63.105 0.0000000000
98259  7.269  9.999  62.438 0.0000000000
98260  7.399  10.132  61.733 0.0000000000
98261  7.511  10.219  61.128 0.0000000000
98262  7.462  10.862  61.518 0.0000000000
98263  7.581  11.571  61.332 0.0000000000
98264  7.779  12.289  61.067 0.0000000000
98265  8.004  15.409  61.954 0.0000000000
98266  7.949  14.868  61.530 0.0000000000
98267  7.904  15.597  61.459 0.0000000000
98268  7.845  15.775  60.915 0.0000000000
98269  7.819  15.937  60.306 0.0000000000
98270  7.849  16.125  59.789 0.0000000000
98271  7.665  16.627  60.218 0.0000000000
98272  7.520  17.297  60.098 0.0000000000
100021  11.208  -3.712  50.203 0.0000000000
103219  8.930  -3.392  65.155 0.0000000000
103220  7.646  -1.049  65.614 0.0000000000
103221  7.826  -1.623  65.329 0.0000000000
103222  7.594  -1.446  65.051 0.0000000000
103223  7.634  -1.872  64.431 0.0000000000
103224  7.771  -2.340  63.730 0.0000000000
103225  7.969  -2.852  63.026 0.0000000000
103226  7.655  -2.196  63.459 0.0000000000
103227  7.557  -2.129  63.057 0.0000000000
103228  7.439  -2.042  62.651 0.0000000000
103232  6.833  3.518  65.675 0.0000000000
103233  6.574  2.939  65.241 0.0000000000
103234  6.726  2.682  62.527 0.0000000000
103235  6.558  2.376  63.080 0.0000000000
103236  6.690  1.905  62.448 0.0000000000
103237  6.680  1.083  62.386 0.0000000000
103238  6.744  0.335  62.299 0.0000000000
103239  6.852  -0.397  62.229 0.0000000000
103240  6.892  -0.142  61.719 0.0000000000
103241  7.077  -0.559  61.131 0.0000000000
103242  7.236  -0.958  60.593 0.0000000000
103243  7.365  -1.448  60.099 0.0000000000
103244  7.370  -0.648  60.160 0.0000000000
103245  7.492  -0.349  59.708 0.0000000000
103246  7.681  -0.031  59.271 0.0000000000
103247  7.860  2.741  57.777 0.0000000000
103248  7.894  2.023  57.977 0.0000000000
103249  7.967  2.238  57.389 0.0000000000
103250  8.150  1.717  57.031 0.0000000000
103251  8.417  1.182  56.711 0.0000000000
103252  8.735  0.661  56.418 0.0000000000
103253  8.521  1.343  56.163 0.0000000000
103254  8.634  1.478  55.610 0.0000000000
103255  8.761  1.538  55.094 0.0000000000
103256  8.883  1.586  54.620 0.0000000000
103257  8.448  2.162  54.857 0.0000000000
103258  8.210  2.730  54.637 0.0000000000
103259  8.010  3.296  54.416 0.0000000000
103260  7.483  6.051  55.012 0.0000000000
103261  7.337  5.527  54.634 0.0000000000
103262  7.497  6.211  54.425 0.0000000000
103263  7.548  6.368  53.876 0.0000000000
103264  7.610  6.528  53.381 0.0000000000
103265  7.742  6.663  52.852 0.0000000000
103266  7.941  7.150  53.157 0.0000000000
103267  8.361  7.742  53.042 0.0000000000
103268  8.865  8.329  52.937 0.0000000000
103269  8.187  10.498  58.771 0.0000000000
103270  8.204  9.889  58.360 0.0000000000
103271  8.351  10.552  58.216 0.0000000000
103272  8.516  10.625  57.673 0.0000000000
103273  8.703  10.719  57.102 0.0000000000
103275  9.602  12.703  55.805 0.0000000000
103277  9.887  12.182  54.874 0.0000000000
103278  9.875  11.519  54.409 0.0000000000
103279  9.818  10.879  53.927 0.0000000000
108561  9.222  1.824  52.745 0.0000000000
108562  9.688  1.321  52.479 0.0000000000
108563  9.325  1.883  52.254 0.0000000000
108564  9.445  1.944  51.761 0.0000000000
108565  9.622  2.002  51.293 0.0000000000
108567  8.985  3.348  49.782 0.0000000000
115465  7.659  12.529  63.165 0.0000000000
115466  7.638  12.692  62.643 0.0000000000
115467  7.811  13.168  62.936 0.0000000000
115468  7.980  13.830  62.720 0.0000000000
116810  8.936  -2.650  56.660 0.0000000000
116811  8.724  -3.503  56.571 0.0000000000
116812  9.040  -3.316  56.182 0.0000000000
116813  9.039  -3.964  55.687 0.0000000000
116814  8.874  -4.506  55.184 0.0000000000
116815  9.603  -3.622  55.018 0.0000000000
116816  9.224  -4.349  54.846 0.0000000000
116817  8.708  -5.055  54.685 0.0000000000
116825  9.509  -5.344  52.794 0.0000000000
116826  9.276  -5.902  52.287 0.0000000000
116829  9.590  -6.056  51.089 0.0000000000
116830  9.915  -5.844  50.774 0.0000000000
116831  10.147  -5.722  50.448 0.0000000000
116832  10.285  -5.208  50.933 0.0000000000
116833  10.626  -4.560  51.032 0.0000000000
116834  10.898  -3.923  51.033 0.0000000000
116835  10.779  -3.463  51.851 0.0000000000
116836  10.970  -3.370  51.417 0.0000000000
116837  11.103  -3.227  50.993 0.0000000000
119323  8.238  -0.830  66.369 0.0000000000
119325  8.105  -0.213  66.549 0.0000000000
119326  7.861  -0.634  66.153 0.0000000000
119327  7.544  -0.460  65.914 0.0000000000
119328  7.270  -0.293  65.601 0.0000000000
119329  7.043  -0.142  65.220 0.0000000000
119330  6.807  5.654  64.363 0.0000000000
119331  6.679  4.821  64.518 0.0000000000
119332  6.678  5.064  63.899 0.0000000000
119333  6.632  4.465  63.471 0.0000000000
119334  6.684  3.977  62.885 0.0000000000
119335  6.885  4.962  62.099 0.0000000000
119336  6.835  4.193  62.258 0.0000000000
119337  6.791  3.488  62.374 0.0000000000
119338  6.956  3.022  61.894 0.0000000000
119339  7.073  2.542  61.391 0.0000000000
119340  7.204  2.163  60.781 0.0000000000
119341  7.333  1.655  60.244 0.0000000000
119342  7.412  2.460  60.191 0.0000000000
119343  7.559  2.758  59.569 0.0000000000
119344  7.701  3.039  58.928 0.0000000000
119345  7.572  4.061  59.221 0.0000000000
119346  7.696  3.672  58.756 0.0000000000
119347  7.802  3.257  58.267 0.0000000000
119348  7.824  3.423  57.618 0.0000000000
119349  7.809  3.515  56.981 0.0000000000
119350  7.812  3.655  56.345 0.0000000000
119351  7.808  3.731  55.786 0.0000000000
119352  7.678  4.214  56.178 0.0000000000
119353  7.555  4.794  55.982 0.0000000000
119354  7.433  5.341  55.799 0.0000000000
119355  7.551  5.742  56.820 0.0000000000
119356  7.518  5.834  56.217 0.0000000000
119357  7.488  5.940  55.612 0.0000000000
119358  7.683  6.526  55.498 0.0000000000
119359  7.919  7.136  55.404 0.0000000000
119360  8.199  7.758  55.332 0.0000000000
119361  8.825  13.642  58.114 0.0000000000
119362  8.894  12.925  57.740 0.0000000000
119363  9.028  13.874  57.598 0.0000000000
119364  9.265  14.108  57.097 0.0000000000
119365  9.402  14.282  56.548 0.0000000000
119366  8.836  15.794  56.577 0.0000000000
119367  9.250  15.150  56.263 0.0000000000
123477  7.783  4.075  51.677 0.0000000000
123478  8.207  3.471  51.432 0.0000000000
123479  7.847  4.163  51.176 0.0000000000
123480  7.963  4.278  50.653 0.0000000000
123481  8.107  4.439  50.122 0.0000000000
123482  8.083  6.070  50.169 0.0000000000
123483  8.056  5.329  49.857 0.0000000000
123484  8.306  4.689  49.630 0.0000000000
129337  7.171  5.986  65.300 0.0000000000
129344  7.535  7.390  65.442 0.0000000000
129345  7.204  6.830  65.166 0.0000000000
129346  6.972  6.254  64.738 0.0000000000
129347  6.891  6.461  64.154 0.0000000000
129348  6.937  6.685  63.589 0.0000000000
129349  7.024  6.899  62.938 0.0000000000
129350  7.118  8.327  63.060 0.0000000000
129351  7.140  7.703  62.637 0.0000000000
129352  7.131  7.044  62.212 0.0000000000
129353  7.291  7.248  61.520 0.0000000000
129354  7.423  7.422  60.842 0.0000000000
129355  7.558  7.576  60.121 0.0000000000
129356  7.680  7.679  59.466 0.0000000000
129357  7.653  8.255  59.926 0.0000000000
129358  7.776  8.983  59.719 0.0000000000
129359  7.894  9.743  59.549 0.0000000000
129360  7.677  10.292  60.520 0.0000000000
129361  7.846  10.374  59.928 0.0000000000
129362  8.017  10.451  59.345 0.0000000000
129363  8.140  11.125  59.139 0.0000000000
129364  8.331  11.852  59.018 0.0000000000
129365  8.535  12.609  58.786 0.0000000000
129366  7.674  12.794  62.051 0.0000000000
129367  7.762  12.898  61.450 0.0000000000
129368  7.899  12.994  60.872 0.0000000000
129369  7.963  14.310  61.123 0.0000000000
129370  8.034  13.738  60.709 0.0000000000
129371  8.090  13.072  60.329 0.0000000000
129372  8.299  13.180  59.737 0.0000000000
129373  8.499  13.296  59.156 0.0000000000
129374  8.666  13.432  58.617 0.0000000000
129375  8.660  14.342  58.499 0.0000000000
129376  8.584  15.208  58.331 0.0000000000
129377  8.308  15.999  58.196 0.0000000000
129378  7.891  16.333  59.212 0.0000000000
129379  7.938  16.530  58.594 0.0000000000
129380  7.978  16.660  57.982 0.0000000000
129381  7.612  17.249  57.805 0.0000000000
129382  7.345  17.819  57.540 0.0000000000
133015  8.397  -4.319  56.398 0.0000000000
133074  11.078  -4.209  49.861 0.0000000000
133089  10.176  9.709  50.270 0.0000000000
133090  9.956  9.189  49.913 0.0000000000
133091  10.262  9.831  49.774 0.0000000000
139754  8.856  -2.320  66.045 0.0000000000
139755  8.709  -2.675  65.500 0.0000000000
139756  8.648  -3.072  64.938 0.0000000000
139757  8.112  -2.234  64.955 0.0000000000
139758  8.366  -2.815  64.668 0.0000000000
139759  8.743  -3.568  64.354 0.0000000000
139766  8.196  -3.389  62.360 0.0000000000
139767  8.429  -4.014  61.739 0.0000000000
139776  7.342  2.246  66.283 0.0000000000
139777  7.389  1.523  66.318 0.0000000000
139778  7.077  1.009  65.903 0.0000000000
139779  6.907  0.488  65.366 0.0000000000
139780  6.859  0.022  64.778 0.0000000000
139781  6.596  4.026  64.695 0.0000000000
139782  6.494  3.175  64.733 0.0000000000
139783  6.415  2.344  64.662 0.0000000000
139784  6.439  2.070  63.575 0.0000000000
139785  6.385  1.798  64.095 0.0000000000
139786  6.438  1.582  64.649 0.0000000000
139787  6.563  0.866  64.457 0.0000000000
139788  6.709  0.171  64.327 0.0000000000
139789  6.877  -0.485  64.167 0.0000000000
139790  6.986  -0.964  63.535 0.0000000000
139791  7.148  -1.442  62.908 0.0000000000
139792  7.350  -1.924  62.261 0.0000000000
139793  7.026  -1.072  62.085 0.0000000000
139794  7.254  -1.762  61.879 0.0000000000
139795  7.588  -2.392  61.668 0.0000000000
139796  7.796  -2.895  61.072 0.0000000000
139797  7.978  -3.529  60.450 0.0000000000
139799  7.904  -3.855  59.623 0.0000000000
139800  7.809  -3.633  59.324 0.0000000000
139801  7.788  -3.382  58.991 0.0000000000
139802  7.536  -1.957  59.609 0.0000000000
139803  7.743  -2.495  59.151 0.0000000000
139804  7.867  -3.054  58.666 0.0000000000
139805  8.059  -2.762  58.286 0.0000000000
139806  8.275  -2.498  57.901 0.0000000000
139807  8.528  -2.235  57.526 0.0000000000
139808  7.456  1.178  59.713 0.0000000000
139809  7.649  0.729  59.249 0.0000000000
139810  7.845  0.271  58.820 0.0000000000
139811  7.958  1.311  58.161 0.0000000000
139812  8.021  0.545  58.325 0.0000000000
139813  8.070  -0.203  58.399 0.0000000000
139814  8.320  -0.745  57.967 0.0000000000
139815  8.575  -1.358  57.549 0.0000000000
139816  8.789  -2.018  57.123 0.0000000000
139817  9.054  -1.800  56.715 0.0000000000
139818  9.297  -1.593  56.310 0.0000000000
139819  9.520  -1.372  55.879 0.0000000000
139820  9.147  0.077  56.108 0.0000000000
139821  9.480  -0.556  55.773 0.0000000000
139822  9.735  -1.198  55.426 0.0000000000
139823  9.920  -1.055  55.004 0.0000000000
139824  10.052  -0.917  54.517 0.0000000000
139825  10.193  -0.796  54.053 0.0000000000
139826  10.292  -0.719  53.670 0.0000000000
139827  10.015  -0.102  53.921 0.0000000000
139828  9.788  0.565  53.688 0.0000000000
139829  9.491  1.162  53.479 0.0000000000
139830  8.955  1.666  54.171 0.0000000000
139831  8.999  1.723  53.719 0.0000000000
139832  9.126  1.761  53.238 0.0000000000
139833  8.769  2.302  52.980 0.0000000000
139834  8.405  2.856  52.711 0.0000000000
139835  8.081  3.446  52.446 0.0000000000
139836  7.829  3.774  55.227 0.0000000000
139837  7.786  3.838  54.706 0.0000000000
139838  7.778  3.871  54.218 0.0000000000
139839  7.343  4.975  54.333 0.0000000000
139840  7.504  4.440  54.011 0.0000000000
139841  7.755  3.898  53.712 0.0000000000
139842  7.740  3.946  53.225 0.0000000000
139843  7.722  4.015  52.705 0.0000000000
139844  7.733  4.040  52.176 0.0000000000
139845  7.481  4.775  51.906 0.0000000000
139846  7.512  5.646  51.668 0.0000000000
139847  7.823  6.421  51.469 0.0000000000
139848  7.887  6.804  52.326 0.0000000000
139849  8.038  6.945  51.815 0.0000000000
139850  8.232  7.082  51.332 0.0000000000
139851  8.691  7.705  51.150 0.0000000000
139852  9.167  8.313  50.978 0.0000000000
139853  9.624  8.915  50.875 0.0000000000
139854  7.776  7.798  58.812 0.0000000000
139855  7.859  7.920  58.205 0.0000000000
139856  7.935  8.026  57.638 0.0000000000
139857  8.188  9.245  57.961 0.0000000000
139858  8.102  8.670  57.537 0.0000000000
139859  8.037  8.072  57.069 0.0000000000
139860  8.166  8.201  56.453 0.0000000000
139861  8.303  8.329  55.830 0.0000000000
139862  8.457  8.442  55.223 0.0000000000
139863  8.944  12.237  57.367 0.0000000000
139864  8.944  11.561  56.964 0.0000000000
139865  8.915  10.864  56.566 0.0000000000
139866  9.377  11.883  55.899 0.0000000000
139867  9.130  11.010  56.025 0.0000000000
139868  8.872  10.268  56.123 0.0000000000
139869  8.815  9.713  55.610 0.0000000000
139870  8.736  9.131  55.143 0.0000000000
139871  8.632  8.580  54.640 0.0000000000
139872  8.847  8.725  54.024 0.0000000000
139873  9.067  8.855  53.406 0.0000000000
139874  9.225  8.997  52.886 0.0000000000
139875  9.737  10.311  53.368 0.0000000000
139876  9.628  9.671  52.855 0.0000000000
139877  9.421  9.133  52.354 0.0000000000
139878  9.642  9.293  51.823 0.0000000000
139879  9.841  9.417  51.288 0.0000000000
139880  10.026  9.561  50.772 0.0000000000
150552  10.431  -0.635  53.216 0.0000000000
150553  10.532  -0.555  52.721 0.0000000000
150554  10.644  -0.521  52.219 0.0000000000
150555  10.082  0.763  52.237 0.0000000000
150556  10.479  0.152  51.984 0.0000000000
150557  10.789  -0.519  51.761 0.0000000000
150558  10.906  -0.441  51.327 0.0000000000
150561  8.696  3.018  51.231 0.0000000000
150562  9.208  2.566  51.017 0.0000000000
150563  9.733  2.068  50.829 0.0000000000
150579  9.654  8.691  49.540 0.0000000000
150580  9.392  8.209  49.235 0.0000000000
150581  9.173  7.709  48.937 0.0000000000
150584  9.031  7.142  48.655 0.0000000000
