#!ascii label  , from subject fsaverage vox2ras=TkReg
828
220  7.581  -38.817  59.711 0.0000000000
233  13.256  -44.918  65.101 0.0000000000
482  7.893  -49.636  58.563 0.0000000000
700  4.467  -37.433  61.819 0.0000000000
701  5.027  -35.376  57.322 0.0000000000
712  4.104  -39.346  66.381 0.0000000000
713  7.581  -39.797  64.448 0.0000000000
1048  12.969  -42.354  74.778 0.0000000000
1055  14.629  -43.479  61.512 0.0000000000
1056  10.494  -48.377  61.937 0.0000000000
1057  12.843  -47.254  58.345 0.0000000000
1058  10.020  -49.041  55.164 0.0000000000
1548  8.882  -36.869  55.592 0.0000000000
2092  8.287  -49.700  65.383 0.0000000000
2093  6.994  -51.632  61.144 0.0000000000
2095  7.601  -51.634  55.143 0.0000000000
2633  4.283  -38.350  64.012 0.0000000000
2968  12.556  -44.729  73.229 0.0000000000
2976  14.008  -45.708  60.043 0.0000000000
3537  8.100  -37.758  57.605 0.0000000000
3575  7.570  -39.436  62.025 0.0000000000
4601  10.026  -48.273  66.829 0.0000000000
4602  10.949  -47.745  65.118 0.0000000000
4603  9.118  -49.094  60.255 0.0000000000
4604  7.742  -49.715  61.899 0.0000000000
4605  6.889  -50.383  60.001 0.0000000000
4606  7.973  -52.246  58.990 0.0000000000
4607  7.439  -51.465  57.796 0.0000000000
4609  7.184  -50.532  56.801 0.0000000000
5866  5.350  -38.710  60.386 0.0000000000
5867  5.443  -37.845  57.938 0.0000000000
5868  4.658  -36.587  59.492 0.0000000000
5888  5.742  -40.494  67.891 0.0000000000
5890  5.622  -40.064  65.300 0.0000000000
5891  5.547  -39.449  62.830 0.0000000000
6505  13.994  -44.213  63.380 0.0000000000
6506  11.943  -47.131  63.445 0.0000000000
6507  12.965  -46.358  61.760 0.0000000000
6508  11.741  -47.788  60.110 0.0000000000
6509  10.481  -48.779  58.367 0.0000000000
6510  9.022  -49.379  56.807 0.0000000000
6511  11.645  -48.368  56.695 0.0000000000
7449  5.935  -36.738  55.794 0.0000000000
7450  6.948  -35.634  54.087 0.0000000000
7495  12.200  -41.807  73.396 0.0000000000
7496  12.346  -44.292  71.491 0.0000000000
8843  8.349  -50.398  66.931 0.0000000000
8844  7.687  -51.614  64.803 0.0000000000
8845  9.163  -49.117  63.555 0.0000000000
8846  7.288  -50.818  63.474 0.0000000000
8847  7.844  -52.293  62.224 0.0000000000
8854  7.506  -49.661  55.677 0.0000000000
11215  8.884  -38.590  59.617 0.0000000000
11217  7.791  -38.306  58.617 0.0000000000
11255  7.544  -39.172  60.841 0.0000000000
11256  8.803  -39.160  61.796 0.0000000000
11257  8.895  -38.893  60.706 0.0000000000
11258  10.170  -38.660  60.600 0.0000000000
12281  11.798  -46.762  65.860 0.0000000000
12282  12.178  -46.480  65.157 0.0000000000
12283  8.479  -49.341  59.391 0.0000000000
12284  7.781  -49.573  60.287 0.0000000000
12285  7.306  -49.912  59.350 0.0000000000
12286  6.997  -50.899  58.889 0.0000000000
12287  7.053  -50.416  58.284 0.0000000000
12288  7.267  -50.982  57.303 0.0000000000
12289  7.485  -50.025  57.682 0.0000000000
13615  4.694  -38.202  61.066 0.0000000000
13616  4.641  -37.778  59.828 0.0000000000
13617  4.545  -37.020  60.683 0.0000000000
13648  3.411  -38.435  67.057 0.0000000000
13652  4.789  -40.124  67.094 0.0000000000
13653  5.693  -40.308  66.600 0.0000000000
13654  4.763  -39.816  65.801 0.0000000000
13655  4.400  -37.917  62.931 0.0000000000
13656  4.797  -39.082  63.357 0.0000000000
13657  4.792  -38.622  62.212 0.0000000000
13658  5.436  -39.103  61.558 0.0000000000
14660  13.731  -42.265  74.839 0.0000000000
14680  14.335  -43.840  62.459 0.0000000000
14681  13.599  -45.351  62.615 0.0000000000
14682  14.075  -45.016  61.725 0.0000000000
14683  13.514  -46.537  59.210 0.0000000000
14684  12.943  -46.808  60.103 0.0000000000
14685  12.318  -47.523  59.225 0.0000000000
14686  11.119  -48.329  59.199 0.0000000000
14687  11.751  -48.107  58.368 0.0000000000
14688  11.080  -48.619  57.574 0.0000000000
14689  12.247  -47.868  57.498 0.0000000000
16368  4.892  -36.782  57.502 0.0000000000
16369  5.604  -37.295  56.838 0.0000000000
16370  5.110  -36.177  56.405 0.0000000000
16372  5.736  -35.036  54.549 0.0000000000
16373  6.213  -34.454  53.725 0.0000000000
16374  7.673  -34.958  53.345 0.0000000000
16375  6.973  -33.823  52.949 0.0000000000
16376  7.856  -33.185  52.291 0.0000000000
16471  12.424  -42.970  72.437 0.0000000000
16472  12.666  -42.640  71.369 0.0000000000
16473  12.649  -43.935  70.571 0.0000000000
16482  8.831  -39.627  65.310 0.0000000000
16490  12.634  -38.870  60.168 0.0000000000
19558  9.116  -49.070  66.133 0.0000000000
19559  8.961  -49.280  66.978 0.0000000000
19560  8.210  -50.040  66.176 0.0000000000
19561  7.935  -51.022  65.911 0.0000000000
19562  7.679  -50.698  65.224 0.0000000000
19563  11.261  -47.830  62.661 0.0000000000
19564  10.632  -48.251  63.511 0.0000000000
19565  9.824  -48.750  62.740 0.0000000000
19566  6.981  -50.671  61.721 0.0000000000
19567  7.363  -50.261  62.721 0.0000000000
19568  7.019  -51.295  62.354 0.0000000000
19569  7.286  -51.772  62.975 0.0000000000
19570  7.360  -52.043  61.673 0.0000000000
19571  8.141  -52.573  60.979 0.0000000000
19572  7.708  -52.296  60.513 0.0000000000
19585  9.570  -49.225  55.972 0.0000000000
19586  8.254  -49.535  56.167 0.0000000000
19587  8.648  -49.314  55.327 0.0000000000
19588  6.838  -49.014  53.553 0.0000000000
19589  6.819  -49.511  54.316 0.0000000000
23168  3.715  -38.066  65.844 0.0000000000
23169  4.209  -38.893  65.181 0.0000000000
23171  4.094  -36.956  63.692 0.0000000000
23772  12.870  -43.579  74.043 0.0000000000
23773  13.572  -43.519  74.319 0.0000000000
23774  13.235  -44.860  73.567 0.0000000000
23786  14.475  -44.622  60.800 0.0000000000
23787  14.779  -44.306  59.855 0.0000000000
23789  14.056  -46.233  58.313 0.0000000000
23790  13.444  -47.000  57.477 0.0000000000
24865  7.576  -39.632  63.209 0.0000000000
24866  8.758  -39.478  64.169 0.0000000000
24867  8.804  -39.331  62.948 0.0000000000
24872  11.467  -38.619  60.457 0.0000000000
26712  11.389  -47.104  66.664 0.0000000000
26713  10.463  -48.048  65.996 0.0000000000
26714  9.496  -48.832  65.259 0.0000000000
26715  9.770  -48.769  61.039 0.0000000000
26716  9.064  -49.087  61.940 0.0000000000
26717  8.388  -49.332  61.099 0.0000000000
26718  7.168  -49.954  61.017 0.0000000000
26719  6.812  -50.968  60.590 0.0000000000
26720  7.337  -51.912  60.026 0.0000000000
26721  7.085  -51.435  59.500 0.0000000000
26722  7.658  -51.889  58.420 0.0000000000
26725  8.045  -51.968  56.920 0.0000000000
26726  7.667  -51.563  56.351 0.0000000000
26727  7.278  -51.098  55.955 0.0000000000
29044  6.361  -38.935  59.899 0.0000000000
29045  6.476  -38.479  58.709 0.0000000000
29046  5.341  -38.299  59.097 0.0000000000
29047  4.754  -37.357  58.557 0.0000000000
29048  4.847  -36.030  58.408 0.0000000000
29096  6.786  -40.452  68.691 0.0000000000
29098  6.697  -40.355  67.395 0.0000000000
29101  4.832  -39.473  64.574 0.0000000000
29102  5.591  -39.804  64.062 0.0000000000
29104  6.476  -39.535  62.347 0.0000000000
29105  6.415  -39.265  61.122 0.0000000000
30509  14.345  -43.343  74.049 0.0000000000
30536  12.631  -46.128  64.337 0.0000000000
30537  13.145  -45.754  63.477 0.0000000000
30538  12.436  -46.727  62.652 0.0000000000
30539  11.828  -47.464  61.838 0.0000000000
30540  13.516  -46.043  60.902 0.0000000000
30541  12.410  -47.115  60.994 0.0000000000
30542  11.123  -48.088  61.050 0.0000000000
30543  10.452  -48.522  60.143 0.0000000000
30544  9.807  -48.926  59.299 0.0000000000
30545  9.123  -49.177  58.487 0.0000000000
30546  8.504  -49.484  57.662 0.0000000000
30547  9.770  -49.111  57.574 0.0000000000
30548  10.354  -48.943  56.740 0.0000000000
30550  12.777  -47.657  56.608 0.0000000000
32829  6.630  -37.932  57.624 0.0000000000
32830  6.923  -37.409  56.569 0.0000000000
32831  7.337  -36.925  55.626 0.0000000000
32832  5.342  -35.605  55.463 0.0000000000
32833  6.360  -36.192  54.853 0.0000000000
32834  7.856  -36.421  54.652 0.0000000000
32835  8.511  -35.915  53.841 0.0000000000
32957  12.390  -42.141  74.281 0.0000000000
32958  12.440  -43.370  73.422 0.0000000000
32974  10.058  -39.341  64.958 0.0000000000
36776  9.033  -49.594  67.734 0.0000000000
36777  8.617  -50.714  67.572 0.0000000000
36778  8.303  -51.407  66.524 0.0000000000
36779  8.149  -51.845  65.297 0.0000000000
36780  8.123  -52.315  64.071 0.0000000000
36781  11.448  -47.505  64.326 0.0000000000
36782  10.046  -48.552  64.369 0.0000000000
36783  8.652  -49.413  64.497 0.0000000000
36784  8.386  -49.430  62.768 0.0000000000
36785  7.972  -49.860  63.669 0.0000000000
36786  7.650  -50.232  64.528 0.0000000000
36787  7.400  -51.252  64.173 0.0000000000
36788  7.683  -52.035  63.547 0.0000000000
36789  8.250  -52.614  62.782 0.0000000000
36808  7.862  -49.752  56.961 0.0000000000
36809  7.286  -50.055  56.290 0.0000000000
36810  7.058  -50.563  55.544 0.0000000000
36811  7.668  -49.299  54.812 0.0000000000
36812  6.842  -50.057  55.014 0.0000000000
41935  8.222  -38.713  59.654 0.0000000000
41936  8.352  -38.455  59.104 0.0000000000
41937  7.694  -38.576  59.128 0.0000000000
41975  7.593  -38.992  60.274 0.0000000000
41976  8.217  -39.036  60.762 0.0000000000
41977  8.260  -38.869  60.215 0.0000000000
41978  8.887  -38.743  60.165 0.0000000000
43000  13.024  -45.084  65.484 0.0000000000
43002  12.719  -45.724  65.126 0.0000000000
43003  8.145  -49.468  58.970 0.0000000000
43004  7.842  -49.570  59.426 0.0000000000
43005  7.597  -49.748  58.976 0.0000000000
43006  7.143  -50.141  58.862 0.0000000000
43007  7.405  -49.955  58.496 0.0000000000
43008  7.249  -50.177  57.990 0.0000000000
43009  7.682  -49.814  58.132 0.0000000000
44335  4.555  -37.847  61.422 0.0000000000
44336  4.552  -37.648  60.807 0.0000000000
44337  4.516  -37.233  61.252 0.0000000000
44368  3.713  -38.888  66.727 0.0000000000
44369  3.642  -39.059  67.409 0.0000000000
44370  4.028  -39.469  67.078 0.0000000000
44373  4.792  -39.999  66.448 0.0000000000
44374  4.422  -39.610  66.090 0.0000000000
44375  4.446  -37.642  62.405 0.0000000000
44376  4.574  -38.305  62.554 0.0000000000
44377  4.557  -38.066  61.989 0.0000000000
44378  4.728  -38.427  61.620 0.0000000000
45378  12.967  -41.696  75.112 0.0000000000
45379  13.342  -41.688  75.156 0.0000000000
45380  13.339  -42.315  74.897 0.0000000000
45401  14.241  -44.484  62.113 0.0000000000
45402  14.421  -44.255  61.641 0.0000000000
45403  13.187  -46.923  58.803 0.0000000000
45404  12.896  -47.012  59.232 0.0000000000
45405  12.581  -47.362  58.802 0.0000000000
45406  12.025  -47.837  58.774 0.0000000000
45407  12.325  -47.667  58.403 0.0000000000
45408  12.026  -47.960  57.964 0.0000000000
45409  12.528  -47.554  57.915 0.0000000000
47087  9.116  -36.659  55.128 0.0000000000
47088  4.901  -36.080  57.418 0.0000000000
47089  5.021  -36.469  56.969 0.0000000000
47090  4.962  -35.762  56.862 0.0000000000
47092  5.723  -34.083  54.016 0.0000000000
47093  6.005  -33.789  53.589 0.0000000000
47094  6.591  -34.147  53.321 0.0000000000
47095  6.311  -33.525  53.135 0.0000000000
47096  6.722  -33.220  52.763 0.0000000000
47191  12.521  -42.013  71.872 0.0000000000
47201  8.219  -39.800  65.482 0.0000000000
47202  8.149  -39.725  64.895 0.0000000000
47210  12.662  -38.761  59.655 0.0000000000
50278  8.673  -49.417  65.784 0.0000000000
50279  8.563  -49.535  66.182 0.0000000000
50280  8.221  -49.872  65.788 0.0000000000
50281  7.921  -50.390  65.740 0.0000000000
50282  7.925  -50.192  65.365 0.0000000000
50283  10.854  -48.147  62.287 0.0000000000
50284  10.525  -48.349  62.702 0.0000000000
50285  10.138  -48.571  62.319 0.0000000000
50286  6.859  -51.169  61.436 0.0000000000
50287  6.977  -51.019  62.024 0.0000000000
50288  6.973  -51.500  61.743 0.0000000000
50289  7.145  -51.689  62.011 0.0000000000
50290  7.160  -51.838  61.393 0.0000000000
50291  7.478  -52.170  61.079 0.0000000000
50292  7.235  -51.977  60.819 0.0000000000
50300  7.847  -51.802  55.350 0.0000000000
50305  9.832  -49.150  55.573 0.0000000000
50306  9.122  -49.294  55.633 0.0000000000
50307  9.318  -49.208  55.226 0.0000000000
50308  6.495  -49.196  53.273 0.0000000000
50309  6.517  -49.462  53.655 0.0000000000
53973  3.797  -37.755  65.311 0.0000000000
54978  12.738  -44.154  73.672 0.0000000000
54979  13.045  -44.266  73.823 0.0000000000
54980  12.856  -44.857  73.433 0.0000000000
55001  14.885  -43.719  60.217 0.0000000000
55002  15.034  -43.564  59.713 0.0000000000
55006  14.315  -45.798  58.704 0.0000000000
55008  14.326  -46.069  57.890 0.0000000000
56683  8.640  -37.907  58.102 0.0000000000
56685  8.807  -37.638  57.616 0.0000000000
56686  8.937  -37.439  57.110 0.0000000000
56687  8.226  -37.519  57.099 0.0000000000
56800  7.582  -39.545  62.593 0.0000000000
56801  8.187  -39.488  63.066 0.0000000000
56802  8.178  -39.408  62.450 0.0000000000
56810  10.187  -38.518  60.069 0.0000000000
56811  10.812  -38.614  60.534 0.0000000000
56812  10.813  -38.484  59.997 0.0000000000
56813  11.446  -38.507  59.896 0.0000000000
59878  11.368  -47.287  65.489 0.0000000000
59879  11.162  -47.426  65.893 0.0000000000
59880  10.700  -47.915  65.548 0.0000000000
59881  9.964  -48.469  65.624 0.0000000000
59882  10.217  -48.350  65.171 0.0000000000
59883  9.400  -48.947  60.634 0.0000000000
59884  9.043  -49.094  61.070 0.0000000000
59885  8.717  -49.241  60.664 0.0000000000
59886  7.237  -49.900  60.176 0.0000000000
59887  7.446  -49.715  60.648 0.0000000000
59888  7.005  -50.123  60.528 0.0000000000
59889  6.850  -50.425  60.878 0.0000000000
59890  6.789  -50.656  60.302 0.0000000000
59891  6.902  -51.195  60.048 0.0000000000
59892  6.868  -50.892  59.758 0.0000000000
59893  7.200  -51.187  58.384 0.0000000000
59894  7.266  -51.417  58.599 0.0000000000
59895  7.532  -51.681  58.125 0.0000000000
59897  7.840  -51.930  57.652 0.0000000000
59899  7.743  -51.712  57.370 0.0000000000
59900  7.180  -50.755  57.044 0.0000000000
59901  7.435  -51.290  56.803 0.0000000000
59902  7.221  -51.018  56.606 0.0000000000
59903  7.430  -51.358  56.168 0.0000000000
59904  7.192  -50.797  56.396 0.0000000000
63880  5.822  -38.872  60.117 0.0000000000
63881  5.838  -38.667  59.518 0.0000000000
63882  5.284  -38.582  59.712 0.0000000000
63883  4.570  -37.209  59.639 0.0000000000
63884  4.701  -37.551  59.219 0.0000000000
63885  4.633  -37.018  59.018 0.0000000000
63886  4.696  -36.722  58.452 0.0000000000
63887  4.720  -36.357  58.898 0.0000000000
63988  5.192  -40.464  68.203 0.0000000000
63991  6.201  -40.566  69.033 0.0000000000
63992  6.223  -40.528  68.283 0.0000000000
63993  6.690  -40.447  68.025 0.0000000000
63994  6.222  -40.447  67.643 0.0000000000
63995  5.642  -40.190  65.917 0.0000000000
63996  6.131  -40.288  66.333 0.0000000000
63997  6.103  -40.199  65.702 0.0000000000
63999  6.098  -40.078  65.043 0.0000000000
64000  4.246  -38.625  64.603 0.0000000000
64001  4.482  -39.238  64.881 0.0000000000
64002  4.506  -39.000  64.277 0.0000000000
64003  5.158  -39.300  63.087 0.0000000000
64004  5.149  -39.500  63.675 0.0000000000
64005  5.557  -39.648  63.426 0.0000000000
64006  6.067  -39.826  63.863 0.0000000000
64007  6.000  -39.725  63.209 0.0000000000
64008  6.514  -39.692  62.986 0.0000000000
64009  5.975  -39.536  62.586 0.0000000000
64010  5.411  -38.934  60.949 0.0000000000
64011  5.928  -39.213  61.336 0.0000000000
64012  5.822  -39.095  60.676 0.0000000000
64013  6.329  -39.133  60.501 0.0000000000
67016  13.826  -44.169  73.904 0.0000000000
67017  13.957  -43.488  74.187 0.0000000000
67077  13.625  -44.991  63.446 0.0000000000
67078  13.309  -45.919  62.180 0.0000000000
67079  13.031  -46.072  62.619 0.0000000000
67080  12.711  -46.509  62.190 0.0000000000
67081  12.123  -47.144  62.263 0.0000000000
67082  12.399  -46.918  61.787 0.0000000000
67083  14.254  -45.205  60.424 0.0000000000
67084  14.043  -45.374  60.869 0.0000000000
67085  13.784  -45.866  60.485 0.0000000000
67086  12.352  -47.355  60.092 0.0000000000
67087  12.640  -46.983  60.525 0.0000000000
67088  12.102  -47.471  60.589 0.0000000000
67089  11.762  -47.659  61.048 0.0000000000
67090  11.438  -47.945  60.606 0.0000000000
67091  10.784  -48.309  60.612 0.0000000000
67092  11.116  -48.194  60.135 0.0000000000
67093  10.806  -48.563  58.772 0.0000000000
67094  10.477  -48.666  59.238 0.0000000000
67095  10.160  -48.859  58.822 0.0000000000
67096  9.498  -49.057  58.885 0.0000000000
67097  9.842  -49.009  58.407 0.0000000000
67098  9.454  -49.142  58.034 0.0000000000
67099  10.139  -48.960  57.977 0.0000000000
67100  11.379  -48.484  57.123 0.0000000000
67101  10.731  -48.788  57.146 0.0000000000
67102  11.017  -48.662  56.724 0.0000000000
67103  10.623  -48.855  56.306 0.0000000000
67104  11.276  -48.595  56.290 0.0000000000
72138  5.955  -38.203  58.308 0.0000000000
72139  6.560  -38.229  58.191 0.0000000000
72140  6.008  -37.990  57.728 0.0000000000
72141  5.781  -37.034  56.321 0.0000000000
72142  6.237  -37.402  56.654 0.0000000000
72143  6.409  -37.146  56.154 0.0000000000
72144  7.103  -37.169  56.071 0.0000000000
72145  6.569  -36.909  55.657 0.0000000000
72147  5.126  -35.205  55.861 0.0000000000
72148  5.299  -34.917  55.390 0.0000000000
72149  6.286  -35.369  54.286 0.0000000000
72150  6.001  -35.693  54.640 0.0000000000
72151  6.689  -35.922  54.444 0.0000000000
72152  7.084  -36.378  54.731 0.0000000000
72153  7.422  -36.095  54.306 0.0000000000
72154  8.165  -36.195  54.229 0.0000000000
72155  7.688  -35.827  53.918 0.0000000000
72156  8.064  -34.617  52.973 0.0000000000
72157  8.473  -35.141  53.188 0.0000000000
72158  8.831  -34.816  52.849 0.0000000000
72445  12.279  -42.033  73.865 0.0000000000
72446  12.474  -42.739  73.831 0.0000000000
72447  12.375  -42.571  73.406 0.0000000000
72448  12.435  -43.651  71.956 0.0000000000
72449  12.342  -43.765  72.442 0.0000000000
72450  12.234  -44.388  71.974 0.0000000000
72453  11.907  -45.617  71.152 0.0000000000
72454  12.198  -44.858  71.104 0.0000000000
72456  12.499  -44.576  70.182 0.0000000000
72483  9.388  -39.344  64.027 0.0000000000
72484  9.425  -39.403  64.625 0.0000000000
81708  10.460  -47.824  67.208 0.0000000000
81711  8.617  -49.815  67.016 0.0000000000
81712  8.977  -49.443  67.383 0.0000000000
81713  8.668  -50.007  67.345 0.0000000000
81714  8.803  -50.143  67.707 0.0000000000
81715  8.471  -50.539  67.252 0.0000000000
81716  8.449  -51.098  67.072 0.0000000000
81717  8.255  -50.898  66.765 0.0000000000
81718  7.797  -51.290  65.387 0.0000000000
81719  7.990  -51.467  65.648 0.0000000000
81720  7.904  -51.686  65.097 0.0000000000
81721  8.123  -52.074  64.689 0.0000000000
81722  7.877  -51.944  64.484 0.0000000000
81723  12.290  -46.650  63.909 0.0000000000
81724  12.026  -46.853  64.325 0.0000000000
81725  11.681  -47.334  63.901 0.0000000000
81726  9.897  -48.717  63.539 0.0000000000
81727  10.335  -48.429  63.926 0.0000000000
81728  9.600  -48.871  63.957 0.0000000000
81729  9.315  -48.995  64.414 0.0000000000
81730  8.898  -49.287  64.003 0.0000000000
81731  8.350  -49.372  61.939 0.0000000000
81732  8.746  -49.229  62.346 0.0000000000
81733  8.066  -49.572  62.337 0.0000000000
81734  7.286  -50.532  63.102 0.0000000000
81735  7.634  -50.061  63.206 0.0000000000
81736  7.476  -50.309  63.589 0.0000000000
81737  7.796  -50.056  64.092 0.0000000000
81738  7.455  -50.576  64.008 0.0000000000
81739  7.474  -50.789  64.384 0.0000000000
81740  7.336  -51.076  63.841 0.0000000000
81741  7.516  -52.031  62.670 0.0000000000
81742  7.480  -51.859  63.329 0.0000000000
81743  7.731  -52.190  62.920 0.0000000000
81744  7.946  -52.309  63.185 0.0000000000
81745  8.072  -52.444  62.506 0.0000000000
81747  8.189  -52.587  61.832 0.0000000000
81753  7.640  -52.069  59.504 0.0000000000
81754  7.794  -52.265  59.745 0.0000000000
81755  8.138  -52.448  59.257 0.0000000000
81790  8.754  -49.411  57.239 0.0000000000
81791  8.166  -49.625  57.337 0.0000000000
81792  8.395  -49.570  56.837 0.0000000000
81793  7.884  -49.575  55.937 0.0000000000
81794  7.727  -49.724  56.285 0.0000000000
81795  7.390  -49.838  56.012 0.0000000000
81796  7.134  -50.300  55.912 0.0000000000
81797  7.117  -50.030  55.654 0.0000000000
81799  8.287  -49.137  54.686 0.0000000000
81800  7.748  -49.123  54.432 0.0000000000
81802  6.874  -49.762  54.665 0.0000000000
81804  6.855  -50.588  54.931 0.0000000000
93913  9.545  -38.469  59.576 0.0000000000
93915  9.015  -38.330  59.081 0.0000000000
93916  8.480  -38.173  58.566 0.0000000000
93917  7.918  -38.021  58.119 0.0000000000
93985  7.557  -39.324  61.425 0.0000000000
93986  8.171  -39.319  61.874 0.0000000000
93987  8.198  -39.201  61.327 0.0000000000
93988  8.877  -39.034  61.222 0.0000000000
93989  9.516  -38.900  61.196 0.0000000000
93991  9.566  -38.751  60.653 0.0000000000
93992  9.521  -38.622  60.115 0.0000000000
95831  12.192  -46.177  66.234 0.0000000000
95832  12.378  -46.046  65.873 0.0000000000
95833  12.003  -46.649  65.511 0.0000000000
95834  11.592  -47.169  65.092 0.0000000000
95835  8.805  -49.220  59.832 0.0000000000
95836  8.427  -49.357  60.267 0.0000000000
95837  8.144  -49.457  59.860 0.0000000000
95838  7.524  -49.713  59.821 0.0000000000
95839  7.058  -50.127  59.666 0.0000000000
95840  6.872  -50.624  59.393 0.0000000000
95841  6.925  -50.426  59.131 0.0000000000
95842  7.008  -50.682  58.615 0.0000000000
95843  7.157  -50.928  58.078 0.0000000000
95844  7.361  -51.188  57.570 0.0000000000
95845  7.128  -50.692  57.790 0.0000000000
95846  7.197  -50.480  57.506 0.0000000000
95847  7.264  -50.297  57.205 0.0000000000
98233  4.945  -38.467  60.695 0.0000000000
98234  4.951  -38.296  60.044 0.0000000000
98235  4.708  -37.987  60.404 0.0000000000
98236  4.554  -37.395  60.243 0.0000000000
98237  4.581  -36.803  60.090 0.0000000000
98301  5.679  -40.397  67.209 0.0000000000
98302  5.231  -40.242  66.845 0.0000000000
98303  5.212  -40.118  66.162 0.0000000000
98304  5.165  -39.995  65.556 0.0000000000
98305  4.327  -38.149  63.422 0.0000000000
98306  4.516  -38.739  63.668 0.0000000000
98307  4.546  -38.537  63.098 0.0000000000
98308  4.802  -38.853  62.793 0.0000000000
98309  5.111  -39.109  62.495 0.0000000000
98310  5.498  -39.270  62.189 0.0000000000
98311  5.072  -38.884  61.878 0.0000000000
98312  5.043  -38.710  61.263 0.0000000000
100150  14.174  -44.025  62.921 0.0000000000
100151  13.826  -44.792  63.016 0.0000000000
100152  14.032  -44.625  62.565 0.0000000000
100153  13.831  -45.205  62.170 0.0000000000
100154  13.579  -45.719  61.762 0.0000000000
100155  13.766  -46.145  59.640 0.0000000000
100156  13.523  -46.289  60.105 0.0000000000
100157  13.247  -46.633  59.685 0.0000000000
100158  12.635  -47.170  59.678 0.0000000000
100159  12.056  -47.659  59.705 0.0000000000
100160  11.421  -48.071  59.648 0.0000000000
100161  11.732  -47.947  59.237 0.0000000000
100162  11.423  -48.208  58.780 0.0000000000
100163  11.123  -48.452  58.348 0.0000000000
100164  10.788  -48.703  57.977 0.0000000000
100165  11.443  -48.362  57.979 0.0000000000
100166  11.707  -48.243  57.537 0.0000000000
100167  11.971  -48.126  57.093 0.0000000000
103188  5.069  -37.367  57.614 0.0000000000
103189  5.494  -37.553  57.366 0.0000000000
103190  5.171  -37.081  57.126 0.0000000000
103191  5.284  -36.821  56.577 0.0000000000
103192  5.450  -36.498  56.052 0.0000000000
103194  5.396  -34.637  54.903 0.0000000000
103195  5.576  -34.357  54.479 0.0000000000
103196  5.964  -34.755  54.138 0.0000000000
103197  6.555  -35.112  53.878 0.0000000000
103198  7.324  -35.303  53.707 0.0000000000
103199  6.897  -34.731  53.518 0.0000000000
103200  7.311  -34.421  53.119 0.0000000000
103201  7.714  -34.051  52.811 0.0000000000
103203  7.427  -33.512  52.620 0.0000000000
103372  12.185  -41.580  72.928 0.0000000000
103373  12.362  -42.358  72.921 0.0000000000
103374  12.369  -42.180  72.442 0.0000000000
103375  12.517  -42.808  71.921 0.0000000000
103376  12.566  -43.483  71.416 0.0000000000
103377  12.473  -44.083  71.040 0.0000000000
103378  12.703  -43.245  70.973 0.0000000000
103379  12.847  -43.150  70.477 0.0000000000
103392  8.198  -39.874  66.145 0.0000000000
108930  9.577  -48.685  66.488 0.0000000000
108931  9.434  -48.790  66.918 0.0000000000
108932  8.995  -49.150  66.551 0.0000000000
108933  8.566  -49.652  66.597 0.0000000000
108934  8.280  -50.180  66.607 0.0000000000
108935  8.107  -50.741  66.410 0.0000000000
108936  7.974  -50.579  66.098 0.0000000000
108937  7.785  -50.846  65.584 0.0000000000
108938  7.627  -51.149  65.044 0.0000000000
108939  11.635  -47.482  63.050 0.0000000000
108940  11.309  -47.731  63.481 0.0000000000
108941  10.930  -48.061  63.085 0.0000000000
108942  10.198  -48.554  63.138 0.0000000000
108943  9.491  -48.928  63.155 0.0000000000
108944  7.254  -50.157  61.866 0.0000000000
108945  7.515  -49.983  62.324 0.0000000000
108946  7.157  -50.486  62.235 0.0000000000
108947  7.115  -50.773  62.578 0.0000000000
108948  7.149  -51.044  62.929 0.0000000000
108949  7.225  -51.323  63.265 0.0000000000
108950  7.181  -51.538  62.663 0.0000000000
108951  7.314  -51.924  62.329 0.0000000000
108952  7.569  -52.176  61.962 0.0000000000
108953  7.966  -52.436  61.580 0.0000000000
108954  7.730  -52.322  61.332 0.0000000000
108955  7.932  -52.442  60.767 0.0000000000
108956  8.188  -52.565  60.235 0.0000000000
108957  8.315  -52.461  58.522 0.0000000000
108979  9.290  -49.298  56.393 0.0000000000
108980  8.609  -49.483  56.470 0.0000000000
108981  8.885  -49.387  56.054 0.0000000000
108982  8.495  -49.431  55.752 0.0000000000
108983  8.058  -49.442  55.473 0.0000000000
108985  7.254  -49.137  54.193 0.0000000000
108986  6.831  -49.240  53.931 0.0000000000
115444  4.413  -36.975  62.285 0.0000000000
115495  3.570  -38.228  66.448 0.0000000000
115496  3.881  -38.742  66.068 0.0000000000
115497  4.138  -39.141  65.755 0.0000000000
115498  3.956  -38.501  65.512 0.0000000000
115499  4.011  -38.208  64.948 0.0000000000
115500  4.105  -37.924  64.381 0.0000000000
115501  3.816  -36.662  64.611 0.0000000000
115502  3.990  -37.198  64.240 0.0000000000
115503  4.154  -37.703  63.838 0.0000000000
115504  4.245  -37.461  63.304 0.0000000000
115505  4.349  -37.192  62.821 0.0000000000
116904  12.933  -42.979  74.427 0.0000000000
116905  13.286  -42.962  74.583 0.0000000000
116906  13.178  -43.629  74.218 0.0000000000
116907  13.417  -44.234  73.936 0.0000000000
116908  13.615  -44.786  73.580 0.0000000000
116935  14.804  -43.297  61.041 0.0000000000
116936  14.586  -44.064  61.167 0.0000000000
116937  14.746  -43.883  60.688 0.0000000000
116938  14.622  -44.468  60.332 0.0000000000
116939  14.453  -45.018  59.970 0.0000000000
116941  14.647  -44.845  59.477 0.0000000000
116942  14.242  -45.540  59.547 0.0000000000
116943  14.032  -45.995  59.153 0.0000000000
116944  13.780  -46.405  58.761 0.0000000000
116945  13.462  -46.784  58.359 0.0000000000
116946  13.135  -47.120  57.913 0.0000000000
116947  13.768  -46.628  57.919 0.0000000000
119299  5.064  -35.038  56.818 0.0000000000
119455  7.577  -39.726  63.821 0.0000000000
119456  8.104  -39.663  64.293 0.0000000000
119457  8.167  -39.581  63.677 0.0000000000
119458  8.797  -39.428  63.535 0.0000000000
119459  9.404  -39.271  63.426 0.0000000000
119460  8.808  -39.249  62.363 0.0000000000
119473  12.062  -38.699  60.316 0.0000000000
119474  12.085  -38.589  59.765 0.0000000000
123763  11.180  -47.253  67.089 0.0000000000
123764  10.704  -47.732  66.785 0.0000000000
123765  11.603  -46.918  66.242 0.0000000000
123766  10.925  -47.621  66.332 0.0000000000
123767  10.180  -48.221  66.443 0.0000000000
123768  9.728  -48.615  66.056 0.0000000000
123769  9.282  -48.973  65.695 0.0000000000
123770  8.846  -49.295  65.364 0.0000000000
123771  10.142  -48.585  61.475 0.0000000000
123772  9.774  -48.769  61.906 0.0000000000
123773  9.423  -48.954  61.474 0.0000000000
123774  8.740  -49.220  61.519 0.0000000000
123775  7.994  -49.501  61.520 0.0000000000
123776  8.057  -49.447  60.697 0.0000000000
123777  7.669  -49.612  61.084 0.0000000000
123778  7.408  -49.844  61.460 0.0000000000
123779  7.026  -50.288  61.375 0.0000000000
123780  6.847  -50.794  61.121 0.0000000000
123781  6.912  -51.324  60.865 0.0000000000
123782  7.101  -51.753  60.569 0.0000000000
123783  7.028  -51.496  60.318 0.0000000000
123784  7.200  -51.702  59.781 0.0000000000
123785  7.476  -51.881  59.244 0.0000000000
123786  7.032  -51.146  59.171 0.0000000000
123787  7.344  -51.673  58.923 0.0000000000
123788  7.802  -52.092  58.719 0.0000000000
123789  8.156  -52.300  58.201 0.0000000000
123796  7.618  -51.476  57.093 0.0000000000
123797  7.888  -51.767  56.620 0.0000000000
123799  7.917  -51.817  55.921 0.0000000000
123800  7.637  -51.582  55.757 0.0000000000
123801  7.453  -51.378  55.573 0.0000000000
123811  6.823  -48.792  53.173 0.0000000000
129298  6.960  -38.892  59.789 0.0000000000
129299  7.026  -38.654  59.191 0.0000000000
129300  6.422  -38.688  59.343 0.0000000000
129301  5.895  -38.446  58.846 0.0000000000
129302  5.416  -38.074  58.503 0.0000000000
129303  4.907  -38.076  59.424 0.0000000000
129304  4.963  -37.846  58.828 0.0000000000
129305  5.033  -37.630  58.211 0.0000000000
129306  4.814  -37.070  58.011 0.0000000000
129307  4.773  -36.415  57.954 0.0000000000
129308  4.918  -35.682  57.888 0.0000000000
129309  4.594  -36.612  61.153 0.0000000000
129310  4.682  -36.341  60.607 0.0000000000
129311  4.764  -36.119  59.985 0.0000000000
129315  5.006  -35.611  58.895 0.0000000000
129316  5.123  -35.317  58.363 0.0000000000
129317  5.214  -35.003  57.788 0.0000000000
129439  6.732  -40.452  69.442 0.0000000000
129445  6.160  -40.365  66.988 0.0000000000
129446  6.658  -40.297  66.759 0.0000000000
129451  4.426  -39.405  65.459 0.0000000000
129452  4.774  -39.640  65.197 0.0000000000
129453  5.172  -39.829  64.939 0.0000000000
129454  4.792  -39.287  63.953 0.0000000000
129455  5.208  -39.661  64.295 0.0000000000
129456  5.636  -39.954  64.661 0.0000000000
129457  6.118  -39.981  64.433 0.0000000000
129459  7.052  -39.857  63.972 0.0000000000
129460  7.035  -39.740  63.440 0.0000000000
129461  7.048  -39.630  62.771 0.0000000000
129462  7.010  -39.503  62.182 0.0000000000
129463  5.964  -39.349  61.949 0.0000000000
129464  6.479  -39.387  61.748 0.0000000000
129465  6.982  -39.396  61.538 0.0000000000
129466  6.933  -39.260  60.933 0.0000000000
129467  6.930  -39.092  60.369 0.0000000000
133271  13.666  -42.902  74.579 0.0000000000
133272  14.053  -42.842  74.460 0.0000000000
133274  14.604  -43.880  73.533 0.0000000000
133275  14.717  -43.206  73.793 0.0000000000
133346  12.958  -45.557  64.734 0.0000000000
133347  13.225  -45.379  64.333 0.0000000000
133348  12.904  -45.924  63.896 0.0000000000
133349  12.562  -46.433  63.469 0.0000000000
133350  13.369  -45.570  63.066 0.0000000000
133351  12.780  -46.263  63.060 0.0000000000
133352  12.208  -46.914  63.073 0.0000000000
133353  11.898  -47.342  62.663 0.0000000000
133354  11.503  -47.696  62.280 0.0000000000
133355  11.166  -47.978  61.902 0.0000000000
133356  14.301  -44.815  61.256 0.0000000000
133357  13.815  -45.556  61.307 0.0000000000
133358  13.234  -46.220  61.323 0.0000000000
133359  13.232  -46.439  60.494 0.0000000000
133360  12.937  -46.595  60.946 0.0000000000
133361  12.678  -46.754  61.373 0.0000000000
133362  12.086  -47.331  61.426 0.0000000000
133363  11.476  -47.803  61.449 0.0000000000
133364  10.847  -48.221  61.509 0.0000000000
133365  10.466  -48.420  61.050 0.0000000000
133366  10.103  -48.631  60.616 0.0000000000
133367  9.770  -48.823  60.188 0.0000000000
133368  10.803  -48.419  59.631 0.0000000000
133369  10.128  -48.732  59.710 0.0000000000
133370  9.470  -48.973  59.764 0.0000000000
133371  9.137  -49.101  59.358 0.0000000000
133372  8.787  -49.237  58.950 0.0000000000
133373  8.461  -49.378  58.543 0.0000000000
133374  8.201  -49.522  58.151 0.0000000000
133375  8.797  -49.322  58.079 0.0000000000
133376  9.101  -49.274  57.635 0.0000000000
133377  9.420  -49.248  57.180 0.0000000000
133378  10.429  -48.893  57.561 0.0000000000
133379  10.075  -49.045  57.152 0.0000000000
133380  9.697  -49.175  56.762 0.0000000000
133381  9.963  -49.091  56.348 0.0000000000
133382  10.230  -49.020  55.927 0.0000000000
133384  12.810  -47.456  57.470 0.0000000000
133385  12.493  -47.771  57.032 0.0000000000
133386  12.197  -48.037  56.631 0.0000000000
133389  11.862  -48.282  56.238 0.0000000000
139689  7.121  -38.412  58.650 0.0000000000
139690  7.207  -38.138  58.150 0.0000000000
139691  7.352  -37.854  57.595 0.0000000000
139692  6.100  -37.650  57.195 0.0000000000
139693  6.782  -37.668  57.093 0.0000000000
139694  7.475  -37.581  57.061 0.0000000000
139695  7.644  -37.363  56.562 0.0000000000
139696  7.854  -37.127  56.060 0.0000000000
139697  8.123  -36.905  55.610 0.0000000000
139698  5.052  -35.463  56.353 0.0000000000
139699  5.202  -35.867  55.928 0.0000000000
139700  5.527  -36.221  55.555 0.0000000000
139701  5.550  -35.330  54.981 0.0000000000
139702  5.772  -35.930  55.120 0.0000000000
139703  6.155  -36.455  55.346 0.0000000000
139704  6.844  -36.608  55.205 0.0000000000
139705  7.576  -36.679  55.114 0.0000000000
139706  8.370  -36.662  55.101 0.0000000000
139707  8.617  -36.438  54.630 0.0000000000
139708  8.917  -36.192  54.201 0.0000000000
139709  9.293  -35.974  53.813 0.0000000000
139710  8.064  -35.471  53.574 0.0000000000
140054  12.610  -41.739  74.939 0.0000000000
140063  12.648  -42.325  74.570 0.0000000000
140064  12.663  -42.894  74.172 0.0000000000
140065  12.608  -43.455  73.761 0.0000000000
140066  12.488  -44.027  73.341 0.0000000000
140067  12.378  -43.156  72.897 0.0000000000
140068  12.363  -43.928  72.953 0.0000000000
140077  12.334  -44.697  70.671 0.0000000000
140110  8.773  -39.564  64.767 0.0000000000
140111  9.469  -39.458  65.165 0.0000000000
140133  14.213  -43.431  63.204 0.0000000000
140134  14.363  -43.245  62.764 0.0000000000
151294  9.378  -48.916  67.351 0.0000000000
151295  9.385  -49.021  67.774 0.0000000000
151296  9.415  -49.169  68.064 0.0000000000
151297  9.160  -49.713  68.123 0.0000000000
151303  8.101  -51.210  66.201 0.0000000000
151304  8.192  -51.665  65.903 0.0000000000
151305  8.401  -52.029  65.554 0.0000000000
151306  8.362  -52.261  64.929 0.0000000000
151307  8.324  -52.496  64.310 0.0000000000
151309  12.380  -46.316  64.732 0.0000000000
151310  11.799  -47.028  64.745 0.0000000000
151311  11.181  -47.627  64.690 0.0000000000
151312  11.058  -47.906  63.912 0.0000000000
151313  10.773  -48.042  64.310 0.0000000000
151314  10.534  -48.156  64.756 0.0000000000
151315  9.757  -48.676  64.802 0.0000000000
151316  9.052  -49.135  64.893 0.0000000000
151317  8.435  -49.556  64.980 0.0000000000
151318  9.448  -48.929  62.338 0.0000000000
151319  9.123  -49.066  62.761 0.0000000000
151320  8.743  -49.285  63.177 0.0000000000
151321  7.811  -49.796  62.791 0.0000000000
151322  8.142  -49.618  63.226 0.0000000000
151323  8.509  -49.457  63.624 0.0000000000
151324  8.316  -49.643  64.099 0.0000000000
151325  8.102  -49.806  64.562 0.0000000000
151326  7.916  -49.968  64.961 0.0000000000
151327  7.627  -50.517  64.880 0.0000000000
151328  7.513  -50.983  64.698 0.0000000000
151329  7.507  -51.445  64.470 0.0000000000
151330  7.285  -51.550  63.602 0.0000000000
151331  7.470  -51.670  63.919 0.0000000000
151332  7.672  -51.845  64.171 0.0000000000
151333  7.896  -52.152  63.838 0.0000000000
151334  8.148  -52.468  63.452 0.0000000000
151345  7.493  -52.109  60.260 0.0000000000
151346  7.997  -52.457  59.952 0.0000000000
151390  7.949  -49.705  57.756 0.0000000000
151391  7.671  -49.896  57.337 0.0000000000
151392  7.399  -50.082  56.908 0.0000000000
151393  8.072  -49.635  56.561 0.0000000000
151394  7.573  -49.888  56.604 0.0000000000
151395  7.230  -50.298  56.551 0.0000000000
151396  7.160  -50.561  56.152 0.0000000000
151397  7.173  -50.853  55.756 0.0000000000
151398  7.296  -51.135  55.392 0.0000000000
151399  8.810  -49.189  54.939 0.0000000000
151400  8.152  -49.281  55.068 0.0000000000
151401  7.616  -49.486  55.231 0.0000000000
151402  7.220  -49.373  54.566 0.0000000000
151403  7.204  -49.577  54.985 0.0000000000
151404  7.118  -49.814  55.364 0.0000000000
151405  6.927  -50.286  55.307 0.0000000000
151406  7.051  -50.842  55.186 0.0000000000
