#!ascii label  , from subject fsaverage vox2ras=TkReg
831
224  8.256  -4.822  59.628 0.0000000000
368  5.892  -20.701  66.605 0.0000000000
468  6.603  -18.136  58.403 0.0000000000
469  6.898  -14.748  50.972 0.0000000000
1023  5.308  -14.472  66.107 0.0000000000
1024  6.572  -19.102  62.802 0.0000000000
1025  6.506  -13.218  62.156 0.0000000000
1027  6.114  -9.559  55.261 0.0000000000
1028  7.650  -7.966  52.672 0.0000000000
1552  9.112  -6.376  62.187 0.0000000000
2054  6.897  -22.348  54.115 0.0000000000
2055  7.726  -11.679  57.997 0.0000000000
2056  5.403  -16.618  54.121 0.0000000000
2944  5.650  -13.754  64.149 0.0000000000
2945  7.694  -11.046  63.860 0.0000000000
2947  8.391  -5.245  55.012 0.0000000000
2948  9.497  -4.808  53.648 0.0000000000
2949  8.703  -7.227  51.412 0.0000000000
4506  6.750  -18.611  60.720 0.0000000000
4507  7.810  -21.514  60.734 0.0000000000
4508  7.974  -20.910  58.539 0.0000000000
4509  7.041  -23.171  55.840 0.0000000000
4510  7.388  -20.123  56.311 0.0000000000
4511  8.872  -5.478  60.851 0.0000000000
4512  8.748  -8.973  59.911 0.0000000000
4513  8.303  -8.199  58.330 0.0000000000
4514  5.653  -12.234  53.085 0.0000000000
4515  5.362  -13.157  54.551 0.0000000000
4516  5.571  -15.705  52.215 0.0000000000
4517  6.274  -18.809  51.960 0.0000000000
4518  7.274  -17.878  50.371 0.0000000000
6447  5.162  -17.619  66.301 0.0000000000
6448  6.217  -19.814  64.772 0.0000000000
6449  5.112  -16.928  64.347 0.0000000000
6450  5.267  -16.324  62.366 0.0000000000
6451  5.672  -15.633  60.357 0.0000000000
6452  7.831  -3.913  58.513 0.0000000000
6453  7.523  -7.249  57.330 0.0000000000
6454  7.393  -6.149  56.362 0.0000000000
6455  6.528  -8.651  53.897 0.0000000000
6456  7.187  -11.443  51.950 0.0000000000
7457  8.923  -3.905  64.640 0.0000000000
7458  8.125  -2.995  63.388 0.0000000000
8078  5.477  -18.648  67.946 0.0000000000
8079  5.489  -15.539  67.723 0.0000000000
8727  7.045  -22.228  62.791 0.0000000000
8732  6.800  -24.312  51.586 0.0000000000
8733  8.584  -9.974  61.762 0.0000000000
8734  7.492  -12.559  60.139 0.0000000000
8735  6.215  -14.967  58.269 0.0000000000
8736  6.733  -10.630  56.413 0.0000000000
8737  5.901  -14.125  56.204 0.0000000000
8738  6.058  -17.437  56.242 0.0000000000
8739  6.410  -19.449  54.134 0.0000000000
8740  7.237  -21.424  52.136 0.0000000000
10629  9.926  -4.544  53.013 0.0000000000
12185  6.068  -21.905  65.721 0.0000000000
12186  6.722  -18.352  59.587 0.0000000000
12187  7.620  -19.738  59.689 0.0000000000
12188  7.506  -19.465  58.548 0.0000000000
12189  7.768  -20.574  57.361 0.0000000000
12190  7.195  -19.167  57.378 0.0000000000
12191  8.609  -5.153  60.204 0.0000000000
12192  8.715  -6.859  59.568 0.0000000000
12193  8.447  -6.488  58.989 0.0000000000
12194  6.171  -13.508  52.010 0.0000000000
12195  5.523  -13.951  52.653 0.0000000000
12196  6.146  -15.229  51.551 0.0000000000
12197  6.280  -16.849  51.178 0.0000000000
12198  7.040  -16.348  50.616 0.0000000000
12200  7.861  -15.878  50.168 0.0000000000
14583  5.069  -15.981  66.198 0.0000000000
14584  5.107  -17.277  65.312 0.0000000000
14585  4.993  -15.648  65.185 0.0000000000
14586  6.014  -13.488  63.163 0.0000000000
14587  5.240  -14.968  63.194 0.0000000000
14588  5.528  -14.602  62.245 0.0000000000
14589  5.422  -15.973  61.309 0.0000000000
14590  5.930  -14.302  61.237 0.0000000000
14591  8.154  -3.360  57.779 0.0000000000
14592  7.732  -5.030  57.495 0.0000000000
14593  8.103  -4.535  56.771 0.0000000000
14594  7.885  -6.549  53.824 0.0000000000
14595  7.343  -6.849  54.461 0.0000000000
14596  7.066  -8.272  53.248 0.0000000000
14597  6.586  -10.237  52.796 0.0000000000
14598  7.349  -9.776  52.276 0.0000000000
14599  8.012  -11.035  51.597 0.0000000000
14600  8.081  -9.381  51.739 0.0000000000
14601  9.248  -6.864  50.852 0.0000000000
19271  6.378  -19.402  63.793 0.0000000000
19272  6.849  -21.005  63.967 0.0000000000
19273  7.187  -20.593  62.939 0.0000000000
19274  7.732  -22.768  59.298 0.0000000000
19275  7.376  -23.036  60.510 0.0000000000
19281  6.881  -22.778  54.985 0.0000000000
19286  9.052  -7.058  62.970 0.0000000000
19288  8.933  -8.216  61.819 0.0000000000
19289  8.332  -10.288  58.915 0.0000000000
19290  8.325  -10.816  59.867 0.0000000000
19291  7.779  -12.116  59.021 0.0000000000
19292  6.808  -13.749  59.175 0.0000000000
19293  6.989  -13.356  58.069 0.0000000000
19294  6.827  -8.371  56.242 0.0000000000
19295  7.105  -8.952  56.754 0.0000000000
19296  6.325  -10.083  55.857 0.0000000000
19297  5.290  -14.908  54.278 0.0000000000
19298  5.591  -13.618  55.333 0.0000000000
19299  5.487  -15.399  55.172 0.0000000000
19300  5.788  -15.873  56.154 0.0000000000
19301  5.701  -17.002  55.104 0.0000000000
19302  6.249  -18.461  55.160 0.0000000000
19303  5.774  -18.121  54.056 0.0000000000
19304  7.150  -19.655  51.096 0.0000000000
19305  6.830  -20.010  52.024 0.0000000000
19306  7.658  -20.947  51.239 0.0000000000
19307  7.717  -22.470  51.217 0.0000000000
23727  5.966  -13.005  66.043 0.0000000000
23728  5.439  -14.092  65.131 0.0000000000
23729  6.251  -12.731  65.043 0.0000000000
23730  6.666  -12.433  64.076 0.0000000000
23731  7.175  -12.156  63.042 0.0000000000
23733  8.707  -4.117  56.062 0.0000000000
23735  9.035  -4.962  54.346 0.0000000000
23736  8.452  -6.306  53.174 0.0000000000
23737  8.210  -7.609  52.012 0.0000000000
23738  8.997  -6.083  52.579 0.0000000000
23739  9.525  -5.729  51.973 0.0000000000
26540  6.721  -18.865  61.732 0.0000000000
26541  7.394  -20.282  61.913 0.0000000000
26542  7.548  -19.990  60.830 0.0000000000
26543  7.931  -21.280  59.573 0.0000000000
26544  7.782  -22.397  58.185 0.0000000000
26546  7.646  -22.106  57.081 0.0000000000
26547  7.443  -21.699  56.209 0.0000000000
26548  7.233  -21.227  55.282 0.0000000000
26549  9.068  -5.864  61.516 0.0000000000
26550  8.979  -7.665  61.055 0.0000000000
26551  8.889  -7.234  60.245 0.0000000000
26552  8.557  -8.566  59.055 0.0000000000
26553  8.062  -9.914  57.968 0.0000000000
26554  5.636  -10.906  54.222 0.0000000000
26555  5.622  -11.351  54.932 0.0000000000
26556  5.363  -12.659  53.833 0.0000000000
26557  5.249  -14.421  53.441 0.0000000000
26558  5.380  -16.181  53.158 0.0000000000
26559  5.620  -17.784  53.056 0.0000000000
26560  5.812  -17.367  52.029 0.0000000000
26561  6.627  -18.353  51.065 0.0000000000
30399  5.617  -19.107  66.505 0.0000000000
30400  6.100  -20.232  65.734 0.0000000000
30401  5.625  -18.736  65.508 0.0000000000
30402  5.636  -18.370  64.526 0.0000000000
30403  5.743  -18.073  63.563 0.0000000000
30404  5.041  -15.280  64.193 0.0000000000
30405  5.197  -16.618  63.344 0.0000000000
30406  5.838  -17.782  62.583 0.0000000000
30407  5.889  -17.546  61.539 0.0000000000
30408  5.939  -17.258  60.446 0.0000000000
30409  5.928  -16.997  59.419 0.0000000000
30410  7.933  -4.396  59.110 0.0000000000
30411  8.006  -6.114  58.441 0.0000000000
30412  7.722  -5.542  58.022 0.0000000000
30413  7.239  -6.640  56.884 0.0000000000
30414  6.710  -7.709  55.766 0.0000000000
30415  7.808  -5.684  55.649 0.0000000000
30416  6.867  -7.326  55.194 0.0000000000
30417  6.203  -9.142  54.599 0.0000000000
30418  5.985  -10.577  53.451 0.0000000000
30419  6.310  -11.858  52.424 0.0000000000
30420  6.997  -13.118  51.522 0.0000000000
30421  7.792  -14.295  50.624 0.0000000000
30422  7.910  -12.740  51.253 0.0000000000
32850  9.164  -5.849  64.031 0.0000000000
32851  9.054  -5.123  63.370 0.0000000000
32853  8.482  -3.343  64.026 0.0000000000
32854  8.849  -4.532  62.734 0.0000000000
32855  8.610  -4.176  62.069 0.0000000000
32856  8.326  -3.891  61.417 0.0000000000
32857  8.109  -3.628  60.803 0.0000000000
32866  7.790  -3.297  60.184 0.0000000000
32867  7.682  -2.800  59.515 0.0000000000
34545  5.324  -18.125  67.163 0.0000000000
34546  5.182  -16.560  66.995 0.0000000000
34547  5.338  -14.974  66.957 0.0000000000
34550  5.811  -13.415  66.971 0.0000000000
36429  6.445  -21.466  64.857 0.0000000000
36432  7.450  -21.905  61.732 0.0000000000
36448  8.227  -10.576  62.736 0.0000000000
36449  7.659  -11.787  62.031 0.0000000000
36450  8.753  -9.486  60.814 0.0000000000
36451  8.106  -11.225  60.995 0.0000000000
36452  7.023  -12.937  61.196 0.0000000000
36453  6.415  -13.976  60.237 0.0000000000
36454  5.976  -15.300  59.329 0.0000000000
36455  5.927  -16.638  58.364 0.0000000000
36456  7.918  -7.762  57.811 0.0000000000
36457  7.604  -9.463  57.307 0.0000000000
36458  7.280  -11.170  57.088 0.0000000000
36459  5.879  -11.876  55.590 0.0000000000
36460  6.327  -12.341  56.244 0.0000000000
36461  6.769  -12.948  57.018 0.0000000000
36462  6.196  -14.657  57.086 0.0000000000
36463  5.965  -16.307  57.254 0.0000000000
36464  6.326  -17.772  57.274 0.0000000000
36465  6.734  -18.827  56.226 0.0000000000
36466  6.916  -19.771  55.250 0.0000000000
36467  6.936  -20.833  54.186 0.0000000000
36468  6.147  -19.135  53.007 0.0000000000
36469  6.770  -20.402  53.081 0.0000000000
36470  6.942  -21.896  53.068 0.0000000000
36471  7.083  -22.930  51.914 0.0000000000
36472  7.545  -23.907  50.846 0.0000000000
42906  6.711  -18.257  59.012 0.0000000000
42907  7.133  -18.891  59.125 0.0000000000
42908  7.088  -18.766  58.507 0.0000000000
42909  7.343  -19.307  57.959 0.0000000000
42910  6.930  -18.652  57.896 0.0000000000
42911  8.415  -4.995  59.910 0.0000000000
42912  8.593  -5.824  59.611 0.0000000000
42913  8.391  -5.671  59.325 0.0000000000
42914  6.520  -14.138  51.498 0.0000000000
42915  6.157  -14.352  51.768 0.0000000000
42916  6.526  -15.017  51.251 0.0000000000
42917  6.539  -15.793  51.029 0.0000000000
42918  7.005  -15.552  50.790 0.0000000000
42919  7.469  -16.092  50.421 0.0000000000
42920  7.395  -15.323  50.570 0.0000000000
45303  5.135  -15.227  66.150 0.0000000000
45304  5.013  -15.850  65.647 0.0000000000
45305  5.119  -15.045  65.609 0.0000000000
45306  6.242  -13.351  62.685 0.0000000000
45307  5.713  -14.077  62.640 0.0000000000
45308  5.973  -13.874  62.235 0.0000000000
45309  5.708  -14.451  61.754 0.0000000000
45310  6.236  -13.739  61.713 0.0000000000
45311  8.376  -3.111  57.421 0.0000000000
45312  8.189  -3.970  57.297 0.0000000000
45313  8.428  -3.721  56.916 0.0000000000
45314  7.696  -7.222  53.251 0.0000000000
45315  7.410  -7.348  53.569 0.0000000000
45316  7.356  -8.112  52.963 0.0000000000
45317  7.147  -9.032  52.681 0.0000000000
45318  7.470  -8.868  52.437 0.0000000000
45319  7.740  -9.558  51.987 0.0000000000
45320  7.792  -8.662  52.162 0.0000000000
49991  6.469  -19.249  63.286 0.0000000000
49992  6.789  -19.969  63.377 0.0000000000
49993  6.890  -19.798  62.870 0.0000000000
49994  7.567  -23.295  58.622 0.0000000000
49995  7.493  -23.454  59.177 0.0000000000
50001  6.854  -22.594  54.557 0.0000000000
50003  6.601  -23.164  53.936 0.0000000000
50005  6.692  -22.921  53.486 0.0000000000
50006  9.097  -6.664  62.621 0.0000000000
50007  9.026  -7.622  62.356 0.0000000000
50008  9.071  -7.347  62.008 0.0000000000
50009  8.044  -10.962  58.424 0.0000000000
50010  8.065  -11.228  58.921 0.0000000000
50011  7.763  -11.917  58.488 0.0000000000
50012  7.404  -12.723  58.569 0.0000000000
50013  7.371  -12.532  58.027 0.0000000000
50014  6.446  -8.939  55.769 0.0000000000
50015  6.560  -9.215  56.044 0.0000000000
50016  6.193  -9.827  55.561 0.0000000000
50017  5.325  -15.801  54.174 0.0000000000
50018  5.376  -15.152  54.723 0.0000000000
50019  5.422  -16.035  54.653 0.0000000000
50020  5.557  -16.248  55.155 0.0000000000
50021  5.514  -16.797  54.639 0.0000000000
50022  5.717  -17.560  54.597 0.0000000000
50023  5.543  -17.371  54.105 0.0000000000
50024  7.662  -20.081  50.782 0.0000000000
50025  7.465  -20.304  51.223 0.0000000000
50026  7.930  -20.753  50.854 0.0000000000
54904  6.096  -12.856  65.539 0.0000000000
54905  6.586  -12.196  65.474 0.0000000000
54907  6.964  -11.964  64.501 0.0000000000
54908  7.224  -11.759  63.989 0.0000000000
54909  6.922  -12.272  63.546 0.0000000000
54910  7.471  -11.612  63.457 0.0000000000
54915  9.517  -4.231  54.526 0.0000000000
54916  9.293  -4.856  53.990 0.0000000000
54917  8.736  -5.619  53.792 0.0000000000
54918  8.984  -5.565  53.410 0.0000000000
54919  8.716  -6.206  52.848 0.0000000000
54920  9.229  -5.502  53.090 0.0000000000
54924  9.789  -5.558  51.602 0.0000000000
59591  6.781  -18.756  61.264 0.0000000000
59592  7.135  -19.386  61.319 0.0000000000
59593  7.197  -19.266  60.782 0.0000000000
59594  7.873  -20.328  59.131 0.0000000000
59595  7.861  -20.461  59.698 0.0000000000
59596  7.976  -21.078  59.073 0.0000000000
59597  7.915  -21.839  58.911 0.0000000000
59598  7.932  -21.664  58.376 0.0000000000
59599  7.763  -22.236  57.657 0.0000000000
59600  7.897  -21.489  57.819 0.0000000000
59601  7.577  -20.353  56.847 0.0000000000
59602  7.675  -21.137  56.785 0.0000000000
59603  7.495  -20.885  56.285 0.0000000000
59604  7.350  -21.487  55.737 0.0000000000
59605  7.332  -20.660  55.797 0.0000000000
59606  8.973  -5.650  61.172 0.0000000000
59607  9.025  -6.571  60.867 0.0000000000
59608  8.967  -6.352  60.539 0.0000000000
59609  8.534  -7.531  58.895 0.0000000000
59610  8.659  -7.740  59.238 0.0000000000
59611  8.425  -8.420  58.683 0.0000000000
59612  8.319  -9.230  58.478 0.0000000000
59613  8.149  -9.069  58.132 0.0000000000
59614  5.585  -11.619  53.626 0.0000000000
59615  5.482  -11.796  54.037 0.0000000000
59616  5.492  -12.399  53.493 0.0000000000
59617  5.549  -14.820  52.476 0.0000000000
59618  5.337  -14.187  53.037 0.0000000000
59619  5.384  -15.049  52.867 0.0000000000
59620  5.299  -15.266  53.303 0.0000000000
59621  5.428  -15.902  52.695 0.0000000000
59622  5.516  -16.769  52.577 0.0000000000
59623  5.596  -16.524  52.104 0.0000000000
59624  6.757  -17.390  50.739 0.0000000000
59625  6.441  -17.670  51.111 0.0000000000
59626  6.938  -18.113  50.721 0.0000000000
59627  7.180  -18.765  50.678 0.0000000000
59628  7.530  -18.527  50.418 0.0000000000
66783  5.364  -18.333  66.405 0.0000000000
66784  5.635  -18.896  66.040 0.0000000000
66785  5.342  -18.150  65.921 0.0000000000
66786  5.101  -17.122  64.812 0.0000000000
66787  5.295  -17.864  64.871 0.0000000000
66788  5.345  -17.705  64.419 0.0000000000
66789  5.689  -18.229  64.053 0.0000000000
66790  5.366  -17.529  63.948 0.0000000000
66791  5.523  -13.961  64.626 0.0000000000
66792  5.169  -14.674  64.649 0.0000000000
66793  5.254  -14.533  64.128 0.0000000000
66794  5.185  -15.609  62.765 0.0000000000
66795  5.082  -15.748  63.306 0.0000000000
66796  5.224  -16.447  62.891 0.0000000000
66797  5.472  -17.238  62.949 0.0000000000
66798  5.494  -17.070  62.484 0.0000000000
66799  5.874  -17.657  62.064 0.0000000000
66800  5.546  -16.947  61.947 0.0000000000
66801  5.526  -15.807  60.826 0.0000000000
66802  5.593  -16.606  60.909 0.0000000000
66803  5.651  -16.469  60.375 0.0000000000
66804  5.927  -17.111  59.921 0.0000000000
66805  5.712  -16.344  59.880 0.0000000000
66806  7.853  -4.176  58.805 0.0000000000
66807  7.863  -5.013  58.509 0.0000000000
66808  7.804  -4.744  58.264 0.0000000000
66809  7.590  -5.586  56.929 0.0000000000
66810  7.515  -5.780  57.199 0.0000000000
66811  7.272  -6.376  56.634 0.0000000000
66812  6.975  -7.187  56.331 0.0000000000
66813  7.003  -6.954  56.078 0.0000000000
66814  8.554  -4.699  55.532 0.0000000000
66815  8.243  -4.917  55.914 0.0000000000
66816  8.089  -5.479  55.344 0.0000000000
66817  6.865  -7.724  54.174 0.0000000000
66818  7.095  -7.070  54.804 0.0000000000
66819  6.655  -7.970  54.520 0.0000000000
66820  6.492  -8.194  54.852 0.0000000000
66821  6.335  -8.904  54.236 0.0000000000
66822  6.060  -9.888  53.996 0.0000000000
66823  6.250  -9.647  53.646 0.0000000000
66824  6.825  -10.846  52.384 0.0000000000
66825  6.400  -11.009  52.659 0.0000000000
66826  6.719  -11.630  52.211 0.0000000000
66827  6.660  -12.491  51.963 0.0000000000
66828  7.084  -12.256  51.787 0.0000000000
66829  7.452  -12.910  51.407 0.0000000000
66830  7.541  -12.105  51.645 0.0000000000
66836  8.471  -7.446  51.713 0.0000000000
66837  8.335  -8.299  51.543 0.0000000000
66838  8.623  -8.117  51.255 0.0000000000
72189  9.127  -5.476  63.691 0.0000000000
72190  8.978  -4.494  64.011 0.0000000000
72196  8.247  -3.181  63.677 0.0000000000
72197  8.662  -3.944  63.382 0.0000000000
72198  8.512  -3.724  63.052 0.0000000000
72199  8.742  -4.320  62.414 0.0000000000
72200  8.346  -3.551  62.695 0.0000000000
72202  8.066  -3.265  62.034 0.0000000000
72203  7.975  -3.186  61.739 0.0000000000
72204  8.228  -3.767  61.115 0.0000000000
72205  7.900  -3.030  61.396 0.0000000000
76212  5.423  -18.347  67.557 0.0000000000
76213  5.384  -16.321  67.785 0.0000000000
76214  5.254  -16.841  67.478 0.0000000000
76215  5.324  -16.033  67.406 0.0000000000
76216  5.241  -15.716  66.980 0.0000000000
76217  5.406  -15.216  67.333 0.0000000000
80846  6.167  -20.006  65.294 0.0000000000
80848  6.433  -20.594  64.898 0.0000000000
80849  6.985  -21.628  63.391 0.0000000000
80850  6.715  -21.837  63.860 0.0000000000
80851  6.772  -22.433  63.280 0.0000000000
80854  7.664  -20.923  61.310 0.0000000000
80855  7.533  -21.067  61.827 0.0000000000
80856  7.621  -21.738  61.208 0.0000000000
80876  7.124  -23.367  56.313 0.0000000000
80894  8.685  -9.374  62.281 0.0000000000
80895  8.530  -9.694  62.661 0.0000000000
80896  8.421  -10.261  62.230 0.0000000000
80897  7.958  -11.225  62.389 0.0000000000
80898  8.195  -10.895  61.866 0.0000000000
80899  8.880  -8.329  60.482 0.0000000000
80900  8.884  -8.571  60.925 0.0000000000
80901  8.772  -9.206  60.358 0.0000000000
80902  8.001  -11.705  60.029 0.0000000000
80903  8.272  -11.019  60.435 0.0000000000
80904  7.802  -11.909  60.603 0.0000000000
80905  7.561  -12.108  61.091 0.0000000000
80906  7.272  -12.720  60.662 0.0000000000
80907  6.718  -13.443  60.695 0.0000000000
80908  6.935  -13.307  60.195 0.0000000000
80909  6.484  -14.355  58.697 0.0000000000
80910  6.327  -14.471  59.231 0.0000000000
80911  6.122  -15.125  58.787 0.0000000000
80912  5.902  -15.988  58.845 0.0000000000
80913  6.009  -15.790  58.307 0.0000000000
80914  7.792  -6.628  57.880 0.0000000000
80915  7.994  -6.930  58.082 0.0000000000
80916  7.703  -7.563  57.542 0.0000000000
80917  6.932  -9.781  56.559 0.0000000000
80918  7.334  -9.206  56.989 0.0000000000
80919  7.181  -10.041  56.842 0.0000000000
80920  7.413  -10.297  57.113 0.0000000000
80921  7.008  -10.907  56.724 0.0000000000
80922  5.442  -12.278  54.729 0.0000000000
80923  5.716  -11.629  55.235 0.0000000000
80924  5.562  -12.514  55.093 0.0000000000
80925  5.742  -13.876  55.714 0.0000000000
80926  5.878  -12.992  55.841 0.0000000000
80927  6.126  -13.250  56.181 0.0000000000
80928  6.583  -12.667  56.585 0.0000000000
80929  6.302  -13.536  56.606 0.0000000000
80930  6.480  -13.773  57.066 0.0000000000
80931  6.083  -14.392  56.616 0.0000000000
80932  5.876  -16.692  56.127 0.0000000000
80933  5.913  -16.095  56.689 0.0000000000
80934  5.984  -16.874  56.746 0.0000000000
80935  6.059  -17.056  57.330 0.0000000000
80936  6.181  -17.624  56.795 0.0000000000
80937  6.560  -18.337  56.755 0.0000000000
80938  6.337  -18.161  56.245 0.0000000000
80939  6.324  -18.971  54.666 0.0000000000
80940  6.541  -19.170  55.186 0.0000000000
80941  6.643  -19.606  54.683 0.0000000000
80942  6.944  -20.283  54.702 0.0000000000
80943  6.765  -20.100  54.178 0.0000000000
80944  5.895  -18.317  52.501 0.0000000000
80945  5.859  -18.502  53.021 0.0000000000
80946  6.176  -18.972  52.477 0.0000000000
80947  7.097  -20.700  52.087 0.0000000000
80948  6.769  -20.182  52.552 0.0000000000
80949  7.012  -20.917  52.584 0.0000000000
80950  6.980  -21.099  53.149 0.0000000000
80951  7.069  -21.631  52.606 0.0000000000
80952  6.965  -22.409  52.458 0.0000000000
80953  7.225  -22.161  52.088 0.0000000000
80955  7.654  -23.217  51.066 0.0000000000
92857  9.727  -4.717  53.312 0.0000000000
95659  6.082  -22.493  65.212 0.0000000000
95660  6.726  -18.475  60.166 0.0000000000
95661  7.244  -19.164  60.245 0.0000000000
95662  7.181  -19.010  59.716 0.0000000000
95663  7.570  -19.593  59.140 0.0000000000
95664  7.863  -20.211  58.495 0.0000000000
95665  7.915  -20.776  57.909 0.0000000000
95666  7.712  -19.998  57.966 0.0000000000
95667  7.507  -19.815  57.436 0.0000000000
95668  7.320  -19.649  56.887 0.0000000000
95669  8.774  -5.318  60.507 0.0000000000
95670  8.859  -6.184  60.220 0.0000000000
95671  8.760  -6.015  59.930 0.0000000000
95672  8.637  -6.683  59.256 0.0000000000
95673  8.415  -7.335  58.616 0.0000000000
95674  5.923  -12.875  52.533 0.0000000000
95675  5.596  -13.084  52.887 0.0000000000
95676  5.815  -13.703  52.322 0.0000000000
95677  5.810  -14.575  52.114 0.0000000000
95678  5.838  -15.472  51.867 0.0000000000
95679  5.886  -16.296  51.681 0.0000000000
95680  6.187  -16.045  51.330 0.0000000000
95681  6.621  -16.613  50.837 0.0000000000
95682  7.151  -17.145  50.431 0.0000000000
95684  7.565  -16.905  50.196 0.0000000000
99975  5.059  -16.822  66.254 0.0000000000
99976  5.132  -17.454  65.786 0.0000000000
99977  5.028  -16.609  65.780 0.0000000000
99978  4.966  -16.469  65.219 0.0000000000
99979  4.986  -16.294  64.724 0.0000000000
99980  5.818  -13.629  63.640 0.0000000000
99981  5.408  -14.355  63.632 0.0000000000
99982  5.537  -14.200  63.148 0.0000000000
99983  5.369  -14.781  62.723 0.0000000000
99984  5.287  -15.456  62.269 0.0000000000
99985  5.318  -16.175  61.852 0.0000000000
99986  5.429  -15.260  61.795 0.0000000000
99987  5.568  -15.087  61.304 0.0000000000
99988  5.731  -14.919  60.809 0.0000000000
99989  7.951  -3.621  58.163 0.0000000000
99990  7.826  -4.485  57.979 0.0000000000
99991  7.968  -4.217  57.659 0.0000000000
99992  7.883  -4.770  57.127 0.0000000000
99993  7.758  -5.339  56.639 0.0000000000
99994  8.164  -5.877  54.426 0.0000000000
99995  7.874  -6.035  54.749 0.0000000000
99996  7.596  -6.638  54.145 0.0000000000
99997  7.148  -7.540  53.854 0.0000000000
99998  6.770  -8.457  53.584 0.0000000000
99999  6.482  -9.432  53.327 0.0000000000
100000  6.793  -9.256  52.993 0.0000000000
100001  6.940  -10.035  52.518 0.0000000000
100002  7.247  -10.677  52.167 0.0000000000
100003  7.615  -11.252  51.810 0.0000000000
100004  7.700  -10.408  51.918 0.0000000000
100005  8.075  -10.208  51.692 0.0000000000
100007  8.954  -7.033  51.140 0.0000000000
100008  8.899  -7.910  50.939 0.0000000000
105634  5.489  -16.605  68.192 0.0000000000
108413  6.333  -19.624  64.281 0.0000000000
108414  6.573  -20.357  64.410 0.0000000000
108415  6.677  -20.196  63.867 0.0000000000
108416  7.002  -20.806  63.429 0.0000000000
108417  7.226  -21.453  62.894 0.0000000000
108418  7.811  -22.174  60.019 0.0000000000
108419  7.635  -22.341  60.597 0.0000000000
108420  7.600  -22.900  59.892 0.0000000000
108431  6.934  -22.981  55.401 0.0000000000
108439  6.682  -23.850  52.173 0.0000000000
108443  8.868  -8.511  62.248 0.0000000000
108444  8.797  -9.107  61.764 0.0000000000
108445  8.532  -9.640  59.380 0.0000000000
108446  8.580  -9.887  59.858 0.0000000000
108447  8.363  -10.542  59.404 0.0000000000
108448  8.092  -11.493  59.436 0.0000000000
108449  7.704  -12.371  59.581 0.0000000000
108450  7.130  -13.162  59.639 0.0000000000
108451  7.338  -12.953  59.126 0.0000000000
108452  6.933  -13.564  58.630 0.0000000000
108453  6.572  -14.194  58.134 0.0000000000
108454  7.207  -7.830  56.760 0.0000000000
108455  7.367  -8.132  56.993 0.0000000000
108456  6.910  -8.645  56.511 0.0000000000
108457  6.714  -9.514  56.285 0.0000000000
108458  6.489  -10.381  56.125 0.0000000000
108459  5.293  -14.053  54.371 0.0000000000
108460  5.459  -13.393  54.929 0.0000000000
108461  5.393  -14.288  54.789 0.0000000000
108462  5.514  -14.514  55.268 0.0000000000
108463  5.642  -14.748  55.730 0.0000000000
108464  5.806  -15.011  56.150 0.0000000000
108465  5.644  -15.648  55.636 0.0000000000
108466  5.713  -16.443  55.663 0.0000000000
108467  5.912  -17.240  55.664 0.0000000000
108468  6.139  -17.981  55.683 0.0000000000
108469  5.931  -17.779  55.133 0.0000000000
108470  5.979  -18.315  54.579 0.0000000000
108471  6.083  -18.825  54.085 0.0000000000
108472  6.672  -19.256  51.478 0.0000000000
108473  6.559  -19.416  51.947 0.0000000000
108474  6.970  -19.848  51.513 0.0000000000
108475  7.231  -20.508  51.608 0.0000000000
108476  7.461  -21.193  51.676 0.0000000000
108477  7.448  -21.950  51.654 0.0000000000
108478  7.724  -21.686  51.227 0.0000000000
116799  5.610  -13.720  66.093 0.0000000000
116800  5.352  -14.289  65.605 0.0000000000
116801  5.696  -13.536  65.612 0.0000000000
116802  5.800  -13.375  65.105 0.0000000000
116803  5.933  -13.227  64.622 0.0000000000
116805  6.445  -12.595  64.557 0.0000000000
116806  6.124  -13.092  64.097 0.0000000000
116807  6.341  -12.962  63.613 0.0000000000
116808  6.618  -12.812  63.127 0.0000000000
116809  6.866  -12.698  62.581 0.0000000000
116814  8.874  -4.506  55.184 0.0000000000
116816  9.224  -4.349  54.846 0.0000000000
116817  8.708  -5.055  54.685 0.0000000000
116818  8.430  -5.732  54.103 0.0000000000
116819  8.158  -6.412  53.503 0.0000000000
116820  7.957  -7.063  52.922 0.0000000000
116821  7.941  -7.782  52.366 0.0000000000
116822  8.286  -6.944  52.608 0.0000000000
116823  8.501  -6.809  52.298 0.0000000000
116824  8.777  -6.636  52.007 0.0000000000
116825  9.509  -5.344  52.794 0.0000000000
116826  9.276  -5.902  52.287 0.0000000000
116827  9.019  -6.433  51.743 0.0000000000
116828  9.281  -6.289  51.394 0.0000000000
116829  9.590  -6.056  51.089 0.0000000000
116830  9.915  -5.844  50.774 0.0000000000
123362  6.667  -18.974  62.294 0.0000000000
123363  7.011  -19.670  62.388 0.0000000000
123364  7.074  -19.523  61.878 0.0000000000
123365  7.503  -20.170  61.343 0.0000000000
123366  7.748  -20.779  60.757 0.0000000000
123367  7.621  -19.842  60.260 0.0000000000
123368  7.826  -20.633  60.221 0.0000000000
123369  7.862  -21.347  60.171 0.0000000000
123370  7.887  -21.996  59.468 0.0000000000
123371  7.776  -22.597  58.720 0.0000000000
123372  7.532  -23.152  57.998 0.0000000000
123374  7.509  -22.973  57.457 0.0000000000
123375  7.432  -22.823  56.929 0.0000000000
123376  7.337  -22.655  56.434 0.0000000000
123377  7.785  -21.333  57.308 0.0000000000
123378  7.544  -21.906  56.649 0.0000000000
123379  7.217  -22.472  56.002 0.0000000000
123380  7.168  -22.249  55.619 0.0000000000
123381  7.130  -22.044  55.169 0.0000000000
123382  7.048  -21.805  54.695 0.0000000000
123383  9.088  -6.129  61.817 0.0000000000
123384  9.091  -7.042  61.609 0.0000000000
123385  9.085  -6.777  61.237 0.0000000000
123386  8.949  -7.428  60.639 0.0000000000
123387  8.817  -8.096  60.055 0.0000000000
123388  8.811  -7.066  59.872 0.0000000000
123389  8.747  -7.904  59.655 0.0000000000
123390  8.637  -8.776  59.448 0.0000000000
123391  8.451  -9.406  58.896 0.0000000000
123392  8.229  -10.091  58.410 0.0000000000
123393  7.912  -10.768  57.928 0.0000000000
123394  5.827  -10.207  54.772 0.0000000000
123395  5.830  -10.522  55.090 0.0000000000
123396  5.591  -11.152  54.606 0.0000000000
123397  5.408  -11.980  54.426 0.0000000000
123398  5.317  -12.909  54.202 0.0000000000
123399  5.394  -13.316  53.238 0.0000000000
123400  5.272  -13.551  53.638 0.0000000000
123401  5.250  -13.806  54.013 0.0000000000
123402  5.237  -14.667  53.867 0.0000000000
123403  5.287  -15.518  53.734 0.0000000000
123404  5.379  -16.433  53.628 0.0000000000
123405  5.504  -17.257  53.548 0.0000000000
123406  5.460  -17.017  53.058 0.0000000000
123407  5.678  -17.593  52.516 0.0000000000
123408  6.013  -18.149  51.966 0.0000000000
123409  5.995  -17.117  51.571 0.0000000000
123410  6.166  -17.911  51.514 0.0000000000
123411  6.420  -18.615  51.479 0.0000000000
123412  6.895  -19.012  51.073 0.0000000000
123413  7.421  -19.406  50.735 0.0000000000
132975  5.833  -19.904  66.569 0.0000000000
132976  6.025  -20.454  66.192 0.0000000000
132977  5.843  -19.681  66.125 0.0000000000
132978  5.905  -19.476  65.640 0.0000000000
132979  5.923  -19.288  65.146 0.0000000000
132980  5.323  -18.000  65.416 0.0000000000
132981  5.636  -18.553  65.053 0.0000000000
132982  5.972  -19.109  64.641 0.0000000000
132983  6.005  -18.894  64.148 0.0000000000
132984  6.106  -18.725  63.683 0.0000000000
132985  6.143  -18.560  63.200 0.0000000000
132986  5.104  -14.858  65.118 0.0000000000
132987  5.001  -15.447  64.696 0.0000000000
132988  4.997  -16.064  64.249 0.0000000000
132989  5.123  -15.122  63.695 0.0000000000
132990  5.018  -15.904  63.764 0.0000000000
132991  5.144  -16.754  63.841 0.0000000000
132992  5.413  -17.377  63.444 0.0000000000
132993  5.803  -17.939  63.055 0.0000000000
132994  6.222  -18.437  62.685 0.0000000000
132995  6.259  -18.290  62.179 0.0000000000
132996  6.304  -18.198  61.692 0.0000000000
132997  6.301  -18.083  61.153 0.0000000000
132998  5.558  -16.798  61.443 0.0000000000
132999  5.881  -17.383  61.025 0.0000000000
133000  6.302  -17.973  60.598 0.0000000000
133001  6.317  -17.832  60.020 0.0000000000
133002  6.275  -17.724  59.463 0.0000000000
133003  6.228  -17.590  58.946 0.0000000000
133004  8.083  -4.611  59.375 0.0000000000
133005  8.208  -5.458  59.060 0.0000000000
133006  8.022  -5.206  58.837 0.0000000000
133007  7.860  -5.809  58.251 0.0000000000
133008  7.638  -6.376  57.688 0.0000000000
133009  7.693  -5.296  57.761 0.0000000000
133010  7.505  -6.108  57.464 0.0000000000
133011  7.344  -6.950  57.135 0.0000000000
133012  7.022  -7.487  56.552 0.0000000000
133013  6.719  -8.031  56.031 0.0000000000
133014  6.372  -8.650  55.515 0.0000000000
133015  8.397  -4.319  56.398 0.0000000000
133016  7.969  -5.119  56.261 0.0000000000
133017  7.590  -5.897  56.047 0.0000000000
133018  7.619  -6.248  55.049 0.0000000000
133019  7.378  -6.467  55.421 0.0000000000
133020  7.151  -6.681  55.809 0.0000000000
133021  6.725  -7.542  55.506 0.0000000000
133022  6.384  -8.377  55.233 0.0000000000
133023  6.121  -9.318  54.936 0.0000000000
133024  5.902  -10.014  54.392 0.0000000000
133025  5.778  -10.734  53.830 0.0000000000
133026  5.764  -11.468  53.262 0.0000000000
133027  6.242  -10.430  53.095 0.0000000000
133028  6.055  -11.226  52.909 0.0000000000
133029  5.934  -12.061  52.714 0.0000000000
133030  6.260  -12.701  52.223 0.0000000000
133031  6.593  -13.340  51.753 0.0000000000
133032  6.950  -13.947  51.257 0.0000000000
133033  7.362  -14.512  50.803 0.0000000000
133034  7.371  -13.701  51.075 0.0000000000
133035  7.830  -13.509  50.944 0.0000000000
133037  7.966  -11.913  51.485 0.0000000000
133038  8.347  -12.518  51.088 0.0000000000
133043  8.077  -8.500  51.862 0.0000000000
133044  8.359  -9.235  51.456 0.0000000000
139751  9.100  -6.472  63.513 0.0000000000
139752  9.135  -6.085  63.125 0.0000000000
139753  9.109  -5.732  62.788 0.0000000000
139758  8.366  -2.815  64.668 0.0000000000
139759  8.743  -3.568  64.354 0.0000000000
139760  8.819  -4.150  63.716 0.0000000000
139761  8.946  -4.815  63.055 0.0000000000
139762  9.061  -5.466  62.422 0.0000000000
139763  8.983  -5.213  62.087 0.0000000000
139764  8.892  -4.979  61.782 0.0000000000
139765  8.775  -4.781  61.483 0.0000000000
139766  8.196  -3.389  62.360 0.0000000000
139767  8.429  -4.014  61.739 0.0000000000
139768  8.651  -4.691  61.114 0.0000000000
139769  8.512  -4.537  60.805 0.0000000000
139770  8.351  -4.390  60.514 0.0000000000
139771  8.218  -4.228  60.214 0.0000000000
139797  7.978  -3.529  60.450 0.0000000000
139798  8.074  -4.048  59.913 0.0000000000
139799  7.904  -3.855  59.623 0.0000000000
139800  7.809  -3.633  59.324 0.0000000000
139801  7.788  -3.382  58.991 0.0000000000
139804  7.867  -3.054  58.666 0.0000000000
144664  5.446  -18.617  66.806 0.0000000000
144665  5.251  -17.842  66.765 0.0000000000
144666  5.345  -17.574  67.559 0.0000000000
144667  5.205  -17.321  67.137 0.0000000000
144668  5.110  -17.067  66.648 0.0000000000
144669  5.108  -16.286  66.609 0.0000000000
144670  5.180  -15.463  66.548 0.0000000000
144671  5.299  -14.705  66.578 0.0000000000
144678  5.569  -14.451  67.336 0.0000000000
144679  5.522  -14.202  66.956 0.0000000000
144680  5.558  -13.951  66.532 0.0000000000
144681  5.863  -13.192  66.500 0.0000000000
144682  6.267  -12.515  66.442 0.0000000000
150255  6.189  -21.046  65.800 0.0000000000
150257  6.327  -22.300  64.730 0.0000000000
150258  6.651  -21.270  64.410 0.0000000000
150259  6.513  -22.069  64.314 0.0000000000
150264  7.248  -20.398  62.407 0.0000000000
150265  7.398  -21.269  62.337 0.0000000000
150266  7.244  -22.066  62.299 0.0000000000
150267  7.439  -22.510  61.115 0.0000000000
150311  8.146  -10.268  63.716 0.0000000000
150314  7.953  -10.848  63.289 0.0000000000
150315  7.732  -11.447  62.895 0.0000000000
150316  7.428  -12.000  62.529 0.0000000000
150317  7.089  -12.513  62.084 0.0000000000
150318  8.993  -7.946  61.387 0.0000000000
150319  8.858  -8.833  61.306 0.0000000000
150320  8.682  -9.728  61.316 0.0000000000
150321  8.575  -10.164  60.350 0.0000000000
150322  8.519  -10.376  60.873 0.0000000000
150323  8.396  -10.618  61.346 0.0000000000
150324  7.892  -11.496  61.504 0.0000000000
150325  7.352  -12.319  61.617 0.0000000000
150326  6.752  -13.069  61.647 0.0000000000
150327  6.492  -13.607  61.186 0.0000000000
150328  6.178  -14.133  60.755 0.0000000000
150329  5.923  -14.761  60.310 0.0000000000
150330  6.632  -13.856  59.723 0.0000000000
150331  6.144  -14.603  59.771 0.0000000000
150332  5.816  -15.466  59.837 0.0000000000
150333  5.795  -16.198  59.312 0.0000000000
150334  5.916  -16.859  58.872 0.0000000000
150335  6.161  -17.429  58.382 0.0000000000
150336  8.228  -6.333  58.697 0.0000000000
150337  8.244  -7.157  58.364 0.0000000000
150338  8.132  -7.954  58.073 0.0000000000
150339  7.558  -8.371  57.274 0.0000000000
150340  7.796  -8.582  57.538 0.0000000000
150341  7.966  -8.852  57.797 0.0000000000
150342  7.847  -9.699  57.636 0.0000000000
150343  7.704  -10.578  57.479 0.0000000000
150344  7.529  -11.463  57.502 0.0000000000
150345  5.946  -10.733  55.410 0.0000000000
150346  6.094  -10.995  55.709 0.0000000000
150347  6.283  -11.243  56.016 0.0000000000
150348  5.705  -12.767  55.449 0.0000000000
150349  6.070  -12.120  55.935 0.0000000000
150350  6.509  -11.513  56.306 0.0000000000
150351  6.791  -11.758  56.651 0.0000000000
150352  7.084  -12.066  57.035 0.0000000000
150353  7.268  -12.323  57.499 0.0000000000
150354  6.906  -13.187  57.502 0.0000000000
150355  6.574  -14.031  57.558 0.0000000000
150356  6.244  -14.840  57.655 0.0000000000
150357  5.941  -15.281  56.649 0.0000000000
150358  6.042  -15.478  57.212 0.0000000000
150359  6.058  -15.630  57.775 0.0000000000
150360  5.961  -16.452  57.853 0.0000000000
150361  6.111  -17.230  57.839 0.0000000000
150362  6.457  -17.980  57.828 0.0000000000
150363  6.749  -18.527  57.313 0.0000000000
150364  6.959  -19.016  56.779 0.0000000000
150365  7.082  -19.477  56.305 0.0000000000
150366  6.473  -18.640  55.716 0.0000000000
150367  6.848  -19.300  55.737 0.0000000000
150368  7.147  -19.948  55.787 0.0000000000
150369  7.139  -20.456  55.269 0.0000000000
150370  7.080  -21.015  54.756 0.0000000000
150371  6.989  -21.599  54.167 0.0000000000
150372  5.621  -17.971  53.583 0.0000000000
150373  5.924  -18.670  53.556 0.0000000000
150374  6.218  -19.321  53.582 0.0000000000
150375  6.464  -19.565  52.474 0.0000000000
150376  6.460  -19.741  53.042 0.0000000000
150377  6.577  -19.926  53.623 0.0000000000
150378  6.835  -20.624  53.636 0.0000000000
150379  6.951  -21.366  53.657 0.0000000000
150380  6.902  -22.169  53.558 0.0000000000
150381  6.811  -22.685  52.976 0.0000000000
150382  6.834  -23.166  52.386 0.0000000000
150383  6.959  -23.656  51.749 0.0000000000
150384  7.408  -22.700  51.572 0.0000000000
150385  7.281  -23.445  51.374 0.0000000000
150386  7.155  -24.132  51.209 0.0000000000
150417  7.848  -15.132  50.336 0.0000000000
