#!ascii label  , from subject fsaverage vox2ras=TkReg
829
98  15.256  -39.315  40.258 0.0000000000
221  11.423  -35.119  52.112 0.0000000000
277  15.401  -29.407  36.441 0.0000000000
278  6.442  -36.472  42.375 0.0000000000
464  7.575  -44.746  45.459 0.0000000000
758  11.424  -28.348  37.572 0.0000000000
1019  14.472  -33.643  48.529 0.0000000000
1192  12.584  -42.665  43.177 0.0000000000
1548  8.882  -36.869  55.592 0.0000000000
1651  15.829  -34.800  37.991 0.0000000000
1652  11.170  -37.590  40.515 0.0000000000
1653  11.666  -33.518  38.767 0.0000000000
1654  7.256  -32.465  40.921 0.0000000000
2043  9.779  -46.021  48.361 0.0000000000
2978  13.971  -46.798  56.546 0.0000000000
3112  14.230  -41.154  41.644 0.0000000000
3113  10.667  -42.162  42.790 0.0000000000
3114  12.258  -40.401  41.395 0.0000000000
3712  15.621  -32.224  36.942 0.0000000000
3713  13.767  -34.147  38.043 0.0000000000
3714  13.484  -31.606  37.007 0.0000000000
3716  9.453  -30.505  39.055 0.0000000000
3717  7.375  -30.034  40.306 0.0000000000
4488  12.769  -36.516  53.496 0.0000000000
4490  14.118  -36.166  51.577 0.0000000000
4491  15.769  -33.098  46.426 0.0000000000
4492  16.586  -35.463  47.523 0.0000000000
4493  17.623  -35.071  45.257 0.0000000000
5025  8.730  -36.891  41.504 0.0000000000
5026  7.596  -38.903  41.826 0.0000000000
6439  12.996  -34.248  50.461 0.0000000000
6441  13.790  -31.534  47.817 0.0000000000
6754  10.267  -43.864  44.460 0.0000000000
7448  10.029  -36.020  53.805 0.0000000000
7451  8.462  -34.262  52.687 0.0000000000
7693  15.740  -37.158  39.155 0.0000000000
7694  13.318  -38.456  40.081 0.0000000000
7695  13.816  -36.440  39.159 0.0000000000
7696  11.690  -35.716  39.868 0.0000000000
7697  9.475  -35.129  40.902 0.0000000000
7698  11.456  -31.050  37.957 0.0000000000
7699  9.490  -33.039  39.776 0.0000000000
7700  6.970  -34.633  42.048 0.0000000000
8699  8.815  -45.186  46.893 0.0000000000
8701  12.159  -45.690  47.139 0.0000000000
8702  11.374  -44.685  45.675 0.0000000000
8704  15.489  -42.483  42.855 0.0000000000
8709  15.439  -35.841  49.570 0.0000000000
8714  17.311  -38.261  40.425 0.0000000000
8715  17.490  -35.782  39.271 0.0000000000
9358  10.026  -39.668  41.355 0.0000000000
10792  14.856  -40.265  40.874 0.0000000000
10793  13.272  -40.751  41.492 0.0000000000
10794  13.884  -39.849  40.758 0.0000000000
11392  15.534  -30.821  36.596 0.0000000000
11393  14.578  -31.941  36.822 0.0000000000
11394  14.502  -30.539  36.513 0.0000000000
11396  8.442  -29.032  39.571 0.0000000000
11398  6.421  -29.804  40.649 0.0000000000
12168  12.016  -35.917  52.763 0.0000000000
12169  13.494  -36.352  52.526 0.0000000000
12170  12.753  -35.552  51.809 0.0000000000
12171  16.421  -32.923  45.275 0.0000000000
12172  16.794  -34.102  45.833 0.0000000000
12173  17.320  -33.849  44.680 0.0000000000
12705  7.485  -36.639  42.067 0.0000000000
12706  6.989  -37.529  42.014 0.0000000000
12707  6.108  -37.438  41.978 0.0000000000
14569  11.331  -32.595  50.630 0.0000000000
14572  12.735  -30.758  48.579 0.0000000000
15097  11.502  -43.290  43.819 0.0000000000
15098  9.214  -43.696  44.078 0.0000000000
15099  10.521  -43.125  43.501 0.0000000000
15100  9.525  -41.950  42.578 0.0000000000
16363  9.891  -37.173  56.599 0.0000000000
16367  9.362  -36.460  54.655 0.0000000000
16375  6.973  -33.823  52.949 0.0000000000
16376  7.856  -33.185  52.291 0.0000000000
16898  14.812  -36.792  39.028 0.0000000000
16899  14.871  -35.664  38.498 0.0000000000
16900  12.755  -33.794  38.324 0.0000000000
16901  12.765  -34.967  38.912 0.0000000000
16902  11.715  -34.656  39.301 0.0000000000
16903  10.611  -35.406  40.350 0.0000000000
16904  10.642  -34.359  39.796 0.0000000000
16905  12.400  -28.604  37.031 0.0000000000
16906  12.434  -29.983  37.134 0.0000000000
16907  11.455  -29.688  37.685 0.0000000000
16908  8.353  -31.521  39.929 0.0000000000
16909  9.487  -31.795  39.368 0.0000000000
16910  8.351  -32.764  40.387 0.0000000000
16911  8.322  -33.849  40.958 0.0000000000
16912  7.118  -33.574  41.542 0.0000000000
16913  5.912  -34.507  42.073 0.0000000000
16914  6.076  -33.329  41.708 0.0000000000
19200  8.125  -45.769  48.130 0.0000000000
19201  7.625  -45.538  47.322 0.0000000000
19202  9.387  -45.530  47.602 0.0000000000
19209  11.800  -45.206  46.400 0.0000000000
19226  13.721  -33.896  49.541 0.0000000000
19227  14.236  -34.972  49.994 0.0000000000
19228  14.883  -34.703  49.016 0.0000000000
19229  17.451  -36.552  46.868 0.0000000000
19241  17.444  -37.017  39.866 0.0000000000
19244  17.984  -33.556  39.155 0.0000000000
19246  17.310  -31.831  37.722 0.0000000000
20835  12.258  -38.021  40.246 0.0000000000
20836  11.789  -39.029  40.732 0.0000000000
20837  10.686  -38.612  40.884 0.0000000000
20839  7.026  -39.990  42.145 0.0000000000
23790  13.444  -47.000  57.477 0.0000000000
24034  13.471  -41.950  42.427 0.0000000000
24035  11.674  -42.391  42.905 0.0000000000
24036  12.525  -41.585  42.238 0.0000000000
24037  11.511  -41.293  42.111 0.0000000000
24038  10.444  -41.017  42.007 0.0000000000
24796  9.497  -37.575  57.617 0.0000000000
24797  8.402  -37.281  56.614 0.0000000000
25114  15.778  -33.489  37.414 0.0000000000
25115  14.833  -34.479  37.862 0.0000000000
25116  14.698  -33.267  37.321 0.0000000000
25117  13.653  -32.925  37.474 0.0000000000
25118  12.579  -32.608  37.836 0.0000000000
25119  10.449  -28.176  38.210 0.0000000000
25120  10.495  -29.488  38.303 0.0000000000
25121  9.451  -29.246  38.968 0.0000000000
25122  8.369  -30.323  39.736 0.0000000000
25123  7.302  -31.313  40.524 0.0000000000
25124  6.182  -32.167  41.225 0.0000000000
25125  6.331  -31.026  40.829 0.0000000000
26512  15.317  -36.953  51.270 0.0000000000
26513  15.159  -33.420  47.454 0.0000000000
26514  15.573  -34.493  48.021 0.0000000000
26515  16.187  -34.287  46.956 0.0000000000
26516  17.097  -35.271  46.414 0.0000000000
27477  9.988  -37.224  40.916 0.0000000000
27478  9.446  -38.214  41.168 0.0000000000
27479  8.225  -37.820  41.601 0.0000000000
27480  6.485  -38.611  41.966 0.0000000000
30378  10.780  -34.118  51.710 0.0000000000
30379  12.136  -34.638  51.300 0.0000000000
30380  11.679  -33.599  50.966 0.0000000000
30381  12.604  -33.197  50.094 0.0000000000
30382  13.355  -32.883  49.102 0.0000000000
30385  14.144  -32.589  48.106 0.0000000000
30386  14.809  -32.332  47.049 0.0000000000
30387  15.439  -32.009  45.980 0.0000000000
30550  12.777  -47.657  56.608 0.0000000000
31120  8.923  -44.266  45.084 0.0000000000
31125  9.429  -42.945  43.210 0.0000000000
32827  11.449  -36.203  53.686 0.0000000000
32828  10.657  -35.555  52.955 0.0000000000
32835  8.511  -35.915  53.841 0.0000000000
32836  9.212  -35.303  53.102 0.0000000000
32837  9.980  -34.676  52.381 0.0000000000
32838  9.388  -33.652  52.064 0.0000000000
32839  8.880  -32.590  51.736 0.0000000000
33499  15.551  -38.300  39.678 0.0000000000
33500  14.315  -38.866  40.024 0.0000000000
33501  14.639  -37.934  39.560 0.0000000000
33502  13.638  -37.538  39.643 0.0000000000
33503  12.586  -37.097  39.899 0.0000000000
33504  13.847  -35.362  38.618 0.0000000000
33505  12.746  -36.077  39.447 0.0000000000
33506  11.503  -36.708  40.270 0.0000000000
33507  10.413  -36.359  40.718 0.0000000000
33508  9.178  -36.057  41.341 0.0000000000
33509  7.962  -35.820  41.994 0.0000000000
33510  13.420  -30.217  36.705 0.0000000000
33511  12.464  -31.339  37.407 0.0000000000
33512  11.535  -32.274  38.289 0.0000000000
33513  10.462  -30.782  38.503 0.0000000000
33514  10.537  -32.036  38.828 0.0000000000
33515  10.596  -33.241  39.237 0.0000000000
33516  9.536  -34.089  40.348 0.0000000000
33517  8.182  -34.849  41.565 0.0000000000
33518  6.742  -35.582  42.411 0.0000000000
33519  5.868  -35.536  42.139 0.0000000000
36347  8.230  -44.928  46.170 0.0000000000
36353  10.946  -45.890  47.749 0.0000000000
36354  10.541  -45.378  46.969 0.0000000000
36355  10.121  -44.951  46.273 0.0000000000
36356  9.547  -44.573  45.698 0.0000000000
36357  10.861  -44.207  45.074 0.0000000000
36358  12.063  -43.811  44.391 0.0000000000
36359  13.142  -43.234  43.714 0.0000000000
36363  14.897  -41.830  42.152 0.0000000000
36364  15.565  -40.982  41.442 0.0000000000
36365  16.060  -39.970  40.817 0.0000000000
36375  13.499  -35.276  50.905 0.0000000000
36376  14.746  -35.992  50.607 0.0000000000
36378  16.023  -35.649  48.563 0.0000000000
36379  16.466  -36.801  49.148 0.0000000000
36392  16.388  -38.882  40.222 0.0000000000
36393  16.580  -37.737  39.666 0.0000000000
36394  16.708  -36.569  39.083 0.0000000000
36395  16.729  -35.283  38.499 0.0000000000
36397  17.454  -34.511  38.685 0.0000000000
36398  16.698  -34.048  37.955 0.0000000000
36400  16.483  -31.378  37.030 0.0000000000
36401  16.331  -29.974  36.831 0.0000000000
36409  16.916  -29.067  37.424 0.0000000000
38314  12.869  -39.410  40.700 0.0000000000
38315  11.150  -40.056  41.293 0.0000000000
38316  9.335  -40.682  41.975 0.0000000000
38317  8.807  -39.319  41.558 0.0000000000
38318  8.161  -40.385  42.046 0.0000000000
41512  15.064  -39.791  40.562 0.0000000000
41513  14.364  -40.041  40.797 0.0000000000
41514  14.592  -39.578  40.464 0.0000000000
42112  15.469  -30.083  36.501 0.0000000000
42113  15.031  -30.653  36.515 0.0000000000
42114  14.962  -29.940  36.414 0.0000000000
42888  11.675  -35.515  52.429 0.0000000000
42889  12.390  -35.771  52.294 0.0000000000
42890  12.099  -35.336  51.958 0.0000000000
42891  16.686  -32.768  44.731 0.0000000000
42894  17.527  -33.734  44.086 0.0000000000
43425  6.976  -36.539  42.260 0.0000000000
43426  6.722  -36.986  42.171 0.0000000000
43427  6.264  -36.945  42.235 0.0000000000
45293  13.489  -29.787  47.614 0.0000000000
45817  12.076  -42.963  43.510 0.0000000000
45818  11.018  -43.212  43.642 0.0000000000
45819  11.601  -42.884  43.369 0.0000000000
45820  8.982  -41.829  42.512 0.0000000000
47083  9.388  -37.019  56.124 0.0000000000
47084  10.149  -36.988  56.102 0.0000000000
47085  9.628  -36.810  55.614 0.0000000000
47086  9.860  -36.642  55.142 0.0000000000
47087  9.116  -36.659  55.128 0.0000000000
47096  6.722  -33.220  52.763 0.0000000000
47617  15.876  -35.381  38.293 0.0000000000
47618  15.404  -35.797  38.514 0.0000000000
47619  15.362  -35.217  38.228 0.0000000000
47620  12.216  -33.647  38.536 0.0000000000
47621  12.234  -34.244  38.813 0.0000000000
47622  11.686  -34.091  39.028 0.0000000000
47623  11.183  -34.511  39.516 0.0000000000
47624  11.182  -33.933  39.232 0.0000000000
47625  11.906  -28.440  37.282 0.0000000000
47626  11.939  -29.146  37.298 0.0000000000
47627  11.455  -29.028  37.607 0.0000000000
47628  7.819  -32.033  40.415 0.0000000000
47629  8.353  -32.150  40.133 0.0000000000
47630  7.801  -32.621  40.680 0.0000000000
47631  7.756  -33.176  40.987 0.0000000000
47632  7.202  -33.030  41.215 0.0000000000
47633  6.568  -33.433  41.704 0.0000000000
47634  6.667  -32.873  41.368 0.0000000000
49920  8.957  -45.846  48.263 0.0000000000
49921  8.761  -45.632  47.879 0.0000000000
49922  9.587  -45.761  47.997 0.0000000000
49946  14.118  -33.764  49.052 0.0000000000
49947  14.255  -34.265  49.285 0.0000000000
49948  14.671  -34.141  48.770 0.0000000000
51555  11.711  -37.807  40.351 0.0000000000
51556  11.494  -38.293  40.554 0.0000000000
51557  10.940  -38.078  40.702 0.0000000000
55417  13.875  -41.558  42.029 0.0000000000
55418  13.008  -41.766  42.324 0.0000000000
55419  13.443  -41.338  41.899 0.0000000000
55420  12.766  -40.582  41.460 0.0000000000
55421  12.397  -41.029  41.832 0.0000000000
55422  11.888  -40.855  41.760 0.0000000000
55423  10.982  -41.150  42.052 0.0000000000
55424  11.373  -40.712  41.707 0.0000000000
56685  8.807  -37.638  57.616 0.0000000000
56686  8.937  -37.439  57.110 0.0000000000
56687  8.226  -37.519  57.099 0.0000000000
57217  15.677  -32.864  37.162 0.0000000000
57218  15.243  -33.360  37.337 0.0000000000
57219  15.130  -32.764  37.073 0.0000000000
57220  14.030  -31.772  36.896 0.0000000000
57221  14.093  -32.453  37.114 0.0000000000
57222  13.552  -32.268  37.219 0.0000000000
57223  13.098  -32.730  37.606 0.0000000000
57224  13.031  -32.125  37.373 0.0000000000
57226  9.959  -28.714  38.601 0.0000000000
57227  9.469  -28.605  38.893 0.0000000000
57228  7.925  -29.529  39.924 0.0000000000
57229  8.413  -29.688  39.648 0.0000000000
57230  7.853  -30.202  40.052 0.0000000000
57231  7.838  -30.830  40.125 0.0000000000
57232  7.325  -30.700  40.419 0.0000000000
57233  6.788  -31.159  40.744 0.0000000000
57234  6.842  -30.582  40.621 0.0000000000
57236  5.979  -30.275  40.798 0.0000000000
59541  13.769  -36.251  52.037 0.0000000000
59542  14.140  -36.656  52.420 0.0000000000
59543  14.425  -36.592  51.917 0.0000000000
59544  15.025  -36.978  51.783 0.0000000000
59545  14.738  -36.532  51.433 0.0000000000
59546  15.490  -33.297  46.939 0.0000000000
59547  15.686  -33.852  47.200 0.0000000000
59548  16.028  -33.726  46.673 0.0000000000
59549  17.236  -34.589  45.558 0.0000000000
59550  16.954  -34.674  46.117 0.0000000000
59551  17.368  -35.179  45.833 0.0000000000
59552  17.484  -35.817  46.108 0.0000000000
59553  17.727  -35.705  45.515 0.0000000000
61155  9.383  -37.059  41.187 0.0000000000
61156  9.139  -37.518  41.254 0.0000000000
61157  8.501  -37.329  41.530 0.0000000000
61158  6.301  -38.013  41.894 0.0000000000
61159  6.680  -38.113  42.010 0.0000000000
66738  10.597  -33.614  51.561 0.0000000000
66739  11.328  -33.860  51.349 0.0000000000
66740  11.018  -33.339  51.181 0.0000000000
66741  11.780  -32.375  50.195 0.0000000000
66742  11.984  -32.893  50.381 0.0000000000
66743  12.391  -32.684  49.890 0.0000000000
66745  12.774  -32.517  49.411 0.0000000000
66751  13.421  -31.698  48.298 0.0000000000
66752  13.610  -32.218  48.431 0.0000000000
66754  14.470  -32.448  47.586 0.0000000000
66755  14.311  -31.931  47.419 0.0000000000
66756  14.891  -30.975  46.299 0.0000000000
66759  15.763  -31.846  45.444 0.0000000000
66760  15.667  -31.252  45.318 0.0000000000
67105  13.728  -46.893  57.012 0.0000000000
67106  13.110  -47.344  57.031 0.0000000000
67107  13.391  -47.256  56.580 0.0000000000
68332  9.624  -44.064  44.787 0.0000000000
68334  9.112  -43.993  44.581 0.0000000000
68335  8.690  -43.654  43.869 0.0000000000
68340  11.158  -42.268  42.834 0.0000000000
68341  10.583  -42.670  43.096 0.0000000000
68342  10.064  -42.553  42.999 0.0000000000
72133  10.412  -36.261  54.199 0.0000000000
72135  10.767  -36.095  53.749 0.0000000000
72136  11.062  -35.904  53.310 0.0000000000
72137  10.359  -35.793  53.371 0.0000000000
72157  8.473  -35.141  53.188 0.0000000000
72158  8.831  -34.816  52.849 0.0000000000
72159  9.582  -35.009  52.741 0.0000000000
72160  9.226  -34.484  52.567 0.0000000000
72161  9.661  -34.162  52.221 0.0000000000
72162  8.930  -33.966  52.368 0.0000000000
72163  7.598  -32.609  52.116 0.0000000000
72165  8.115  -32.331  51.823 0.0000000000
73732  15.667  -37.758  39.437 0.0000000000
73733  15.096  -38.142  39.594 0.0000000000
73734  15.213  -37.569  39.317 0.0000000000
73735  14.337  -36.635  39.061 0.0000000000
73736  14.246  -37.184  39.335 0.0000000000
73737  13.746  -36.993  39.419 0.0000000000
73738  13.101  -37.303  39.758 0.0000000000
73739  13.211  -36.787  39.550 0.0000000000
73740  14.300  -34.334  37.930 0.0000000000
73741  14.338  -34.941  38.198 0.0000000000
73742  13.812  -34.745  38.311 0.0000000000
73743  12.271  -35.360  39.382 0.0000000000
73744  12.799  -35.535  39.159 0.0000000000
73745  12.227  -35.866  39.659 0.0000000000
73746  12.117  -36.371  39.870 0.0000000000
73747  11.602  -36.222  40.097 0.0000000000
73748  10.972  -36.562  40.511 0.0000000000
73749  11.078  -36.071  40.315 0.0000000000
73750  10.039  -35.258  40.628 0.0000000000
73751  9.948  -35.738  40.858 0.0000000000
73752  9.361  -35.609  41.176 0.0000000000
73753  8.552  -35.953  41.676 0.0000000000
73754  8.738  -35.464  41.490 0.0000000000
73756  13.934  -29.647  36.504 0.0000000000
73757  13.410  -29.512  36.625 0.0000000000
73758  11.940  -30.535  37.519 0.0000000000
73759  12.449  -30.667  37.257 0.0000000000
73760  11.963  -31.194  37.674 0.0000000000
73761  12.014  -31.829  37.852 0.0000000000
73762  11.539  -31.675  38.103 0.0000000000
73763  10.007  -29.990  38.668 0.0000000000
73764  10.476  -30.121  38.392 0.0000000000
73765  10.001  -30.619  38.751 0.0000000000
73766  9.521  -32.420  39.551 0.0000000000
73767  10.065  -31.903  39.087 0.0000000000
73768  10.039  -32.515  39.275 0.0000000000
73769  10.565  -32.654  39.010 0.0000000000
73770  10.037  -33.105  39.486 0.0000000000
73771  10.086  -33.671  39.740 0.0000000000
73772  9.527  -33.569  40.047 0.0000000000
73773  7.676  -34.203  41.531 0.0000000000
73774  8.256  -34.358  41.280 0.0000000000
73775  7.583  -34.764  41.857 0.0000000000
73776  7.432  -35.248  42.117 0.0000000000
73777  6.862  -35.130  42.268 0.0000000000
73778  6.297  -35.538  42.343 0.0000000000
73779  6.327  -35.078  42.293 0.0000000000
73780  5.626  -34.456  41.732 0.0000000000
73781  5.663  -34.987  41.702 0.0000000000
73785  5.745  -32.099  41.195 0.0000000000
73786  5.684  -32.677  41.385 0.0000000000
80638  8.216  -45.354  47.116 0.0000000000
80639  7.393  -45.472  46.914 0.0000000000
80640  7.979  -45.319  46.711 0.0000000000
80641  7.683  -45.178  46.364 0.0000000000
80642  8.536  -45.071  46.520 0.0000000000
80658  11.538  -45.817  47.421 0.0000000000
80659  10.776  -45.638  47.351 0.0000000000
80660  11.344  -45.555  47.017 0.0000000000
80661  11.639  -44.936  46.017 0.0000000000
80662  11.028  -45.059  46.320 0.0000000000
80663  10.743  -44.822  45.983 0.0000000000
80664  9.798  -44.741  45.958 0.0000000000
80665  10.415  -44.588  45.691 0.0000000000
80666  10.212  -44.442  45.385 0.0000000000
80667  11.136  -44.462  45.366 0.0000000000
80669  12.331  -44.042  44.715 0.0000000000
80671  12.554  -43.546  44.064 0.0000000000
80681  14.530  -42.225  42.544 0.0000000000
80682  15.207  -42.159  42.495 0.0000000000
80684  15.846  -41.283  41.774 0.0000000000
80686  15.827  -40.485  41.117 0.0000000000
80711  12.570  -34.442  50.888 0.0000000000
80712  12.832  -34.940  51.066 0.0000000000
80713  13.221  -34.781  50.658 0.0000000000
80714  14.843  -35.382  49.786 0.0000000000
80715  14.460  -35.488  50.273 0.0000000000
80716  15.092  -35.940  50.083 0.0000000000
80717  15.315  -36.385  50.413 0.0000000000
80718  15.669  -36.389  49.874 0.0000000000
80719  16.112  -34.968  47.784 0.0000000000
80720  15.798  -35.070  48.297 0.0000000000
80721  16.326  -35.516  48.054 0.0000000000
80725  16.667  -37.371  49.470 0.0000000000
80751  17.590  -38.524  40.900 0.0000000000
80753  17.238  -38.858  40.699 0.0000000000
80755  16.876  -38.599  40.311 0.0000000000
80756  16.501  -38.333  39.934 0.0000000000
80757  16.969  -38.001  40.021 0.0000000000
80758  17.488  -36.418  39.553 0.0000000000
80759  17.096  -36.814  39.455 0.0000000000
80760  17.135  -36.221  39.164 0.0000000000
80762  17.123  -35.587  38.865 0.0000000000
80766  17.712  -33.390  38.650 0.0000000000
80767  17.742  -34.050  38.883 0.0000000000
80768  17.440  -33.851  38.424 0.0000000000
80769  17.132  -34.258  38.286 0.0000000000
80770  17.087  -33.633  38.042 0.0000000000
80773  17.205  -31.172  37.588 0.0000000000
80774  16.922  -31.610  37.362 0.0000000000
80776  16.391  -30.699  36.895 0.0000000000
80777  16.729  -30.254  37.135 0.0000000000
85545  13.798  -38.689  40.046 0.0000000000
85546  13.608  -39.133  40.360 0.0000000000
85547  13.090  -38.943  40.377 0.0000000000
85548  10.929  -39.350  41.042 0.0000000000
85549  11.503  -39.558  41.020 0.0000000000
85550  10.617  -39.856  41.312 0.0000000000
85551  10.280  -40.354  41.630 0.0000000000
85552  9.722  -40.186  41.653 0.0000000000
85553  8.519  -38.552  41.508 0.0000000000
85554  9.118  -38.768  41.355 0.0000000000
85555  8.206  -39.111  41.677 0.0000000000
85557  7.597  -40.208  42.079 0.0000000000
85559  7.792  -40.896  42.227 0.0000000000
93154  14.556  -40.717  41.247 0.0000000000
93155  13.804  -40.919  41.521 0.0000000000
93156  14.098  -40.488  41.145 0.0000000000
93157  13.602  -40.300  41.104 0.0000000000
93158  13.081  -40.130  41.114 0.0000000000
94234  15.581  -31.543  36.750 0.0000000000
94235  15.119  -32.092  36.850 0.0000000000
94236  15.084  -31.373  36.659 0.0000000000
94237  14.556  -31.262  36.636 0.0000000000
94238  14.000  -31.082  36.720 0.0000000000
94240  8.978  -28.488  39.152 0.0000000000
94241  8.466  -28.370  39.480 0.0000000000
94242  7.942  -28.876  39.851 0.0000000000
94243  7.425  -29.351  40.181 0.0000000000
94244  6.865  -29.949  40.525 0.0000000000
94245  6.941  -29.262  40.373 0.0000000000
94246  6.465  -29.132  40.519 0.0000000000
95630  12.741  -36.138  52.633 0.0000000000
95631  13.074  -35.967  52.163 0.0000000000
95632  13.422  -35.820  51.686 0.0000000000
95633  16.104  -33.051  45.855 0.0000000000
95634  16.300  -33.611  46.126 0.0000000000
95635  16.602  -33.516  45.548 0.0000000000
95636  17.076  -33.970  45.244 0.0000000000
95637  17.475  -34.477  44.957 0.0000000000
95638  17.805  -34.977  44.658 0.0000000000
95639  17.685  -34.345  44.361 0.0000000000
96597  8.058  -36.740  41.832 0.0000000000
96598  7.837  -37.164  41.830 0.0000000000
96599  7.228  -37.052  42.062 0.0000000000
96600  6.507  -37.465  42.039 0.0000000000
99961  14.810  -30.398  46.219 0.0000000000
100903  10.911  -43.623  44.113 0.0000000000
100904  9.791  -43.756  44.284 0.0000000000
100905  10.434  -43.509  43.954 0.0000000000
100906  9.876  -43.424  43.775 0.0000000000
100907  9.359  -43.344  43.621 0.0000000000
100908  10.085  -42.065  42.679 0.0000000000
100909  9.543  -42.459  42.916 0.0000000000
100910  9.031  -42.353  42.781 0.0000000000
103186  10.108  -36.452  54.669 0.0000000000
103187  9.667  -36.219  54.201 0.0000000000
103201  7.714  -34.051  52.811 0.0000000000
103202  8.165  -33.746  52.490 0.0000000000
103203  7.427  -33.512  52.620 0.0000000000
103204  7.124  -32.903  52.396 0.0000000000
104143  15.757  -36.575  38.884 0.0000000000
104144  15.279  -36.967  39.036 0.0000000000
104145  15.307  -36.378  38.784 0.0000000000
104146  14.857  -36.241  38.766 0.0000000000
104147  14.357  -36.113  38.800 0.0000000000
104148  13.257  -33.959  38.140 0.0000000000
104149  13.280  -34.560  38.452 0.0000000000
104150  12.769  -34.409  38.613 0.0000000000
104151  12.259  -34.816  39.098 0.0000000000
104152  11.748  -35.205  39.581 0.0000000000
104153  11.148  -35.560  40.071 0.0000000000
104154  11.185  -35.045  39.795 0.0000000000
104155  10.630  -34.896  40.086 0.0000000000
104156  10.084  -34.751  40.363 0.0000000000
104157  12.889  -28.728  36.806 0.0000000000
104158  12.915  -29.413  36.816 0.0000000000
104159  12.417  -29.295  37.052 0.0000000000
104160  11.949  -29.844  37.380 0.0000000000
104161  11.431  -30.371  37.810 0.0000000000
104162  8.884  -31.036  39.503 0.0000000000
104163  9.450  -31.146  39.200 0.0000000000
104164  8.920  -31.665  39.645 0.0000000000
104165  8.948  -32.304  39.837 0.0000000000
104166  8.938  -32.910  40.085 0.0000000000
104167  8.938  -33.461  40.360 0.0000000000
104168  8.336  -33.323  40.690 0.0000000000
104169  7.716  -33.694  41.264 0.0000000000
104170  7.072  -34.094  41.787 0.0000000000
104171  6.414  -34.553  42.152 0.0000000000
104172  6.493  -33.998  41.961 0.0000000000
104173  5.992  -33.933  41.909 0.0000000000
104174  5.622  -33.882  41.688 0.0000000000
108286  7.278  -45.821  47.947 0.0000000000
108288  7.851  -45.623  47.736 0.0000000000
108289  8.479  -45.483  47.491 0.0000000000
108290  9.094  -45.359  47.227 0.0000000000
108301  11.947  -45.421  46.730 0.0000000000
108304  12.203  -44.777  45.689 0.0000000000
108305  11.958  -44.523  45.337 0.0000000000
108313  16.099  -42.287  42.920 0.0000000000
108314  15.844  -42.051  42.499 0.0000000000
108332  13.352  -34.057  50.018 0.0000000000
108333  13.591  -34.601  50.211 0.0000000000
108334  13.951  -34.418  49.744 0.0000000000
108335  14.568  -34.821  49.496 0.0000000000
108336  15.145  -35.247  49.285 0.0000000000
108337  17.030  -35.999  47.216 0.0000000000
108338  16.787  -36.033  47.747 0.0000000000
108339  17.214  -36.577  47.427 0.0000000000
108358  17.648  -37.888  40.598 0.0000000000
108359  17.377  -37.638  40.141 0.0000000000
108360  17.721  -37.251  40.306 0.0000000000
108361  17.805  -36.607  40.012 0.0000000000
108362  17.797  -35.979  39.680 0.0000000000
108365  18.082  -33.104  39.455 0.0000000000
111231  12.826  -38.236  40.168 0.0000000000
111232  12.600  -38.722  40.392 0.0000000000
111233  12.039  -38.514  40.469 0.0000000000
111234  11.248  -38.822  40.776 0.0000000000
111235  10.374  -39.153  41.093 0.0000000000
111236  6.796  -39.304  41.964 0.0000000000
111237  7.295  -39.455  41.983 0.0000000000
111238  6.613  -39.858  42.029 0.0000000000
116948  14.041  -46.497  57.459 0.0000000000
116949  14.274  -46.386  56.982 0.0000000000
117520  13.041  -42.333  42.833 0.0000000000
117521  12.123  -42.530  43.051 0.0000000000
117522  12.582  -42.165  42.711 0.0000000000
117523  12.114  -42.002  42.577 0.0000000000
117524  11.621  -41.859  42.525 0.0000000000
117525  12.921  -41.175  41.869 0.0000000000
117526  12.024  -41.436  42.179 0.0000000000
117527  11.114  -41.725  42.445 0.0000000000
117528  10.557  -41.626  42.371 0.0000000000
117529  10.002  -41.486  42.311 0.0000000000
117530  9.440  -41.356  42.285 0.0000000000
119294  10.185  -37.549  57.599 0.0000000000
119295  9.624  -37.350  57.096 0.0000000000
119296  9.171  -37.233  56.615 0.0000000000
119297  8.619  -37.066  56.103 0.0000000000
120041  15.345  -34.625  37.924 0.0000000000
120042  15.315  -34.000  37.632 0.0000000000
120043  14.779  -33.851  37.616 0.0000000000
120044  14.239  -33.728  37.692 0.0000000000
120045  14.630  -32.627  37.044 0.0000000000
120046  14.187  -33.131  37.393 0.0000000000
120047  13.735  -33.546  37.751 0.0000000000
120048  13.228  -33.332  37.828 0.0000000000
120049  12.684  -33.194  38.064 0.0000000000
120050  12.146  -33.066  38.292 0.0000000000
120051  10.944  -28.270  37.877 0.0000000000
120052  10.969  -28.930  37.924 0.0000000000
120053  10.494  -28.831  38.258 0.0000000000
120054  9.991  -29.366  38.630 0.0000000000
120055  9.482  -29.884  38.980 0.0000000000
120056  8.925  -29.151  39.297 0.0000000000
120057  8.941  -29.777  39.303 0.0000000000
120058  8.903  -30.410  39.384 0.0000000000
120059  8.356  -30.938  39.778 0.0000000000
120060  7.825  -31.434  40.239 0.0000000000
120061  7.281  -31.898  40.688 0.0000000000
120062  6.705  -32.277  41.137 0.0000000000
120063  6.740  -31.721  40.918 0.0000000000
120064  6.251  -31.625  41.019 0.0000000000
120065  5.819  -31.510  41.009 0.0000000000
120066  6.387  -30.429  40.729 0.0000000000
120067  5.897  -30.875  40.828 0.0000000000
123293  13.846  -36.710  52.957 0.0000000000
123297  15.606  -37.461  51.589 0.0000000000
123299  14.836  -33.519  47.980 0.0000000000
123300  15.028  -34.048  48.255 0.0000000000
123301  15.373  -33.943  47.726 0.0000000000
123302  15.897  -34.389  47.482 0.0000000000
123303  16.384  -34.856  47.235 0.0000000000
123304  16.505  -34.178  46.382 0.0000000000
123305  16.651  -34.749  46.680 0.0000000000
123306  16.838  -35.357  46.998 0.0000000000
123307  17.254  -35.914  46.698 0.0000000000
123308  17.628  -36.473  46.331 0.0000000000
125553  10.588  -37.399  40.695 0.0000000000
125554  10.348  -37.881  40.829 0.0000000000
125555  9.760  -37.684  40.991 0.0000000000
125556  8.853  -38.017  41.360 0.0000000000
125557  7.906  -38.354  41.701 0.0000000000
125558  7.587  -37.659  41.840 0.0000000000
125559  7.306  -38.194  41.870 0.0000000000
125560  7.041  -38.733  41.900 0.0000000000
125561  6.348  -39.163  41.902 0.0000000000
129980  14.887  -29.227  36.351 0.0000000000
129986  13.368  -28.135  36.591 0.0000000000
132918  11.089  -34.652  51.900 0.0000000000
132919  11.775  -34.906  51.726 0.0000000000
132920  11.451  -34.375  51.507 0.0000000000
132921  11.944  -34.120  51.132 0.0000000000
132922  12.374  -33.915  50.713 0.0000000000
132924  12.180  -33.406  50.564 0.0000000000
132925  12.799  -33.730  50.288 0.0000000000
132926  13.176  -33.555  49.807 0.0000000000
132927  13.542  -33.399  49.299 0.0000000000
132928  13.925  -33.261  48.830 0.0000000000
132931  12.026  -31.676  49.558 0.0000000000
132933  12.467  -31.499  49.098 0.0000000000
132934  12.625  -31.995  49.253 0.0000000000
132935  13.195  -32.343  48.948 0.0000000000
132936  13.765  -32.703  48.674 0.0000000000
132937  14.305  -33.103  48.319 0.0000000000
132938  14.647  -32.976  47.768 0.0000000000
132939  14.974  -32.877  47.242 0.0000000000
132940  15.285  -32.721  46.718 0.0000000000
132941  14.679  -31.784  46.889 0.0000000000
132943  15.592  -32.596  46.191 0.0000000000
132944  15.921  -32.461  45.620 0.0000000000
132947  16.804  -32.021  43.996 0.0000000000
134938  8.179  -44.467  45.336 0.0000000000
134943  8.599  -43.942  44.351 0.0000000000
134949  11.111  -42.777  43.224 0.0000000000
134950  10.021  -43.057  43.348 0.0000000000
134951  8.794  -43.293  43.440 0.0000000000
134952  8.943  -42.853  43.085 0.0000000000
134967  6.147  -36.443  42.148 0.0000000000
139685  12.110  -36.342  53.614 0.0000000000
139686  11.720  -36.053  53.241 0.0000000000
139687  11.337  -35.718  52.875 0.0000000000
139688  10.985  -35.321  52.523 0.0000000000
139706  8.370  -36.662  55.101 0.0000000000
139707  8.617  -36.438  54.630 0.0000000000
139708  8.917  -36.192  54.201 0.0000000000
139709  9.293  -35.974  53.813 0.0000000000
139711  8.822  -35.607  53.474 0.0000000000
139712  9.609  -35.696  53.418 0.0000000000
139713  9.944  -35.435  53.023 0.0000000000
139714  10.298  -35.152  52.607 0.0000000000
139715  10.723  -34.893  52.229 0.0000000000
139716  10.377  -34.381  52.055 0.0000000000
139717  10.102  -33.865  51.899 0.0000000000
139718  9.843  -33.376  51.767 0.0000000000
139719  8.630  -33.421  52.204 0.0000000000
139727  6.710  -31.701  51.970 0.0000000000
141637  15.415  -38.812  39.948 0.0000000000
141638  14.797  -39.086  40.123 0.0000000000
141639  14.954  -38.627  39.823 0.0000000000
141640  14.486  -38.424  39.775 0.0000000000
141641  14.011  -38.193  39.785 0.0000000000
141642  14.736  -37.369  39.310 0.0000000000
141643  14.139  -37.714  39.575 0.0000000000
141644  13.509  -37.973  39.831 0.0000000000
141645  12.971  -37.783  39.954 0.0000000000
141646  12.429  -37.573  40.054 0.0000000000
141647  11.905  -37.355  40.197 0.0000000000
141648  14.851  -35.074  38.205 0.0000000000
141649  14.347  -35.539  38.528 0.0000000000
141650  13.847  -35.910  38.893 0.0000000000
141651  13.311  -35.156  38.745 0.0000000000
141652  13.330  -35.738  39.014 0.0000000000
141653  13.276  -36.259  39.303 0.0000000000
141654  12.665  -36.591  39.700 0.0000000000
141655  12.055  -36.877  40.048 0.0000000000
141656  11.381  -37.136  40.374 0.0000000000
141657  10.796  -36.969  40.597 0.0000000000
141658  10.218  -36.800  40.826 0.0000000000
141659  9.599  -36.630  41.131 0.0000000000
141660  10.535  -35.890  40.568 0.0000000000
141661  9.806  -36.189  41.030 0.0000000000
141662  8.956  -36.481  41.445 0.0000000000
141663  8.299  -36.409  41.751 0.0000000000
141664  7.728  -36.257  42.040 0.0000000000
141665  7.161  -36.127  42.289 0.0000000000
141666  14.454  -29.799  36.433 0.0000000000
141667  13.960  -30.365  36.590 0.0000000000
141668  13.461  -30.910  36.829 0.0000000000
141669  12.930  -30.098  36.897 0.0000000000
141670  12.947  -30.804  37.011 0.0000000000
141671  12.980  -31.486  37.171 0.0000000000
141672  12.522  -31.994  37.603 0.0000000000
141673  12.065  -32.454  38.064 0.0000000000
141674  11.641  -32.913  38.512 0.0000000000
141675  10.968  -29.582  37.998 0.0000000000
141676  10.951  -30.231  38.098 0.0000000000
141677  10.929  -30.923  38.226 0.0000000000
141678  9.973  -31.279  38.921 0.0000000000
141679  10.487  -31.421  38.652 0.0000000000
141680  11.004  -31.552  38.386 0.0000000000
141681  11.047  -32.167  38.562 0.0000000000
141682  11.097  -32.780  38.765 0.0000000000
141683  11.138  -33.375  38.999 0.0000000000
141684  10.629  -33.806  39.505 0.0000000000
141685  10.097  -34.229  40.080 0.0000000000
141686  9.521  -34.612  40.635 0.0000000000
141687  8.928  -33.978  40.657 0.0000000000
141688  8.882  -34.476  40.980 0.0000000000
141689  8.840  -34.962  41.231 0.0000000000
141690  8.093  -35.331  41.798 0.0000000000
141691  7.311  -35.702  42.250 0.0000000000
141692  6.561  -36.037  42.422 0.0000000000
141693  6.219  -35.995  42.289 0.0000000000
141694  5.924  -36.007  42.016 0.0000000000
141696  5.861  -35.036  42.156 0.0000000000
141702  6.136  -32.741  41.468 0.0000000000
141703  5.666  -33.258  41.565 0.0000000000
150011  7.935  -44.862  45.816 0.0000000000
150030  10.197  -45.695  47.695 0.0000000000
150031  9.966  -45.453  47.298 0.0000000000
150032  9.711  -45.241  46.939 0.0000000000
150033  11.170  -45.291  46.649 0.0000000000
150034  10.390  -45.161  46.612 0.0000000000
150035  9.453  -45.070  46.609 0.0000000000
150036  9.177  -44.906  46.232 0.0000000000
150037  8.892  -44.746  45.938 0.0000000000
150038  8.590  -44.620  45.623 0.0000000000
150039  9.235  -44.439  45.381 0.0000000000
150040  9.935  -44.215  45.094 0.0000000000
150041  10.582  -44.023  44.764 0.0000000000
150042  11.741  -44.239  45.050 0.0000000000
150043  11.483  -44.020  44.735 0.0000000000
150044  11.182  -43.834  44.416 0.0000000000
150045  11.737  -43.579  44.084 0.0000000000
150046  12.335  -43.238  43.787 0.0000000000
150047  12.838  -42.952  43.425 0.0000000000
150056  13.322  -42.637  43.044 0.0000000000
150057  13.783  -42.268  42.655 0.0000000000
150058  14.203  -41.876  42.256 0.0000000000
150059  14.560  -41.512  41.905 0.0000000000
150060  15.551  -41.743  42.124 0.0000000000
150062  14.900  -41.084  41.523 0.0000000000
150063  15.214  -40.626  41.157 0.0000000000
150064  15.479  -40.143  40.818 0.0000000000
150065  15.717  -39.648  40.522 0.0000000000
150093  12.445  -35.149  51.538 0.0000000000
150094  13.107  -35.401  51.356 0.0000000000
150095  13.819  -35.758  51.215 0.0000000000
150096  13.852  -35.125  50.465 0.0000000000
150097  14.141  -35.632  50.751 0.0000000000
150098  14.454  -36.099  51.079 0.0000000000
150099  15.047  -36.472  50.932 0.0000000000
150100  15.600  -36.893  50.785 0.0000000000
150102  15.234  -34.594  48.525 0.0000000000
150103  15.475  -35.173  48.795 0.0000000000
150104  15.726  -35.754  49.062 0.0000000000
150105  16.524  -36.131  48.317 0.0000000000
150106  16.242  -36.238  48.846 0.0000000000
150107  16.002  -36.320  49.334 0.0000000000
150108  16.177  -36.837  49.667 0.0000000000
150141  17.754  -39.316  41.594 0.0000000000
150142  17.373  -39.681  41.399 0.0000000000
150143  16.900  -40.011  41.251 0.0000000000
150146  15.850  -39.117  40.169 0.0000000000
150147  15.983  -38.590  39.874 0.0000000000
150149  16.171  -37.464  39.383 0.0000000000
150150  17.027  -37.391  39.747 0.0000000000
150151  16.641  -37.158  39.374 0.0000000000
150152  16.218  -36.878  39.104 0.0000000000
150153  16.262  -36.285  38.820 0.0000000000
150154  16.318  -35.644  38.521 0.0000000000
150155  16.321  -35.037  38.227 0.0000000000
150158  17.802  -35.303  39.425 0.0000000000
150159  18.008  -34.207  39.356 0.0000000000
150160  17.772  -34.698  39.131 0.0000000000
150161  17.470  -35.148  38.973 0.0000000000
150162  17.106  -34.927  38.569 0.0000000000
150163  16.750  -34.666  38.233 0.0000000000
150164  16.292  -34.433  37.941 0.0000000000
150167  16.182  -32.512  37.150 0.0000000000
150168  16.989  -32.283  37.538 0.0000000000
150169  16.581  -32.058  37.217 0.0000000000
150170  16.090  -31.834  36.933 0.0000000000
150171  16.015  -31.149  36.769 0.0000000000
150172  15.950  -30.427  36.662 0.0000000000
150173  15.889  -29.682  36.606 0.0000000000
150197  17.009  -29.796  37.439 0.0000000000
150198  16.657  -29.524  37.096 0.0000000000
150199  16.272  -29.241  36.803 0.0000000000
155902  14.128  -39.330  40.360 0.0000000000
155903  13.362  -39.636  40.741 0.0000000000
155904  12.600  -39.921  41.046 0.0000000000
155905  12.350  -39.212  40.703 0.0000000000
155906  12.070  -39.720  41.011 0.0000000000
155907  11.730  -40.220  41.341 0.0000000000
155908  10.841  -40.556  41.666 0.0000000000
155909  9.902  -40.845  41.976 0.0000000000
155910  8.912  -41.208  42.245 0.0000000000
155911  10.051  -38.417  41.024 0.0000000000
155912  9.733  -38.972  41.208 0.0000000000
155913  9.420  -39.500  41.443 0.0000000000
155915  8.493  -39.868  41.801 0.0000000000
155916  9.109  -40.025  41.731 0.0000000000
155917  8.754  -40.535  42.010 0.0000000000
155918  8.355  -41.041  42.234 0.0000000000
