#!ascii label  , from subject fsaverage vox2ras=TkReg
21
16975  5.266  -80.019  29.609 0.0000000000
25164  5.038  -78.805  27.959 0.0000000000
33607  4.465  -78.424  26.724 0.0000000000
73987  5.189  -78.281  27.700 0.0000000000
73988  4.736  -78.601  27.385 0.0000000000
73989  4.902  -78.057  27.111 0.0000000000
73991  4.308  -77.632  25.934 0.0000000000
73992  4.089  -77.459  25.207 0.0000000000
104284  5.331  -80.801  30.398 0.0000000000
104285  5.298  -80.595  29.757 0.0000000000
104297  5.152  -77.526  26.774 0.0000000000
104299  5.124  -76.701  25.830 0.0000000000
120153  5.546  -79.736  30.003 0.0000000000
120154  5.317  -79.509  29.420 0.0000000000
120155  5.197  -79.412  28.753 0.0000000000
120156  4.976  -79.319  28.121 0.0000000000
120157  5.299  -78.937  28.554 0.0000000000
120159  5.779  -78.075  27.818 0.0000000000
141949  4.699  -79.218  27.530 0.0000000000
141952  4.633  -77.791  26.568 0.0000000000
141953  4.232  -78.301  26.124 0.0000000000
