#!ascii label  , from subject fsaverage vox2ras=TkReg
1333
102  30.737  -53.292  58.581 0.0000000000
103  21.331  -44.341  59.702 0.0000000000
228  24.808  -42.905  56.412 0.0000000000
475  36.050  -45.554  58.980 0.0000000000
476  29.921  -47.662  63.981 0.0000000000
477  21.360  -50.583  59.267 0.0000000000
937  35.616  -34.863  37.738 0.0000000000
1039  31.724  -44.224  55.225 0.0000000000
1040  23.096  -43.222  58.475 0.0000000000
1041  27.978  -44.519  61.511 0.0000000000
1042  25.699  -45.690  62.962 0.0000000000
1043  26.043  -48.935  61.522 0.0000000000
1044  22.768  -47.261  60.632 0.0000000000
1560  26.463  -42.268  54.155 0.0000000000
1938  41.569  -34.500  39.516 0.0000000000
2073  34.963  -49.514  59.953 0.0000000000
2074  30.325  -44.853  58.265 0.0000000000
2075  33.530  -46.598  62.741 0.0000000000
2076  32.156  -51.031  62.939 0.0000000000
2077  27.768  -52.644  63.642 0.0000000000
2078  23.518  -53.542  62.221 0.0000000000
2085  18.662  -44.623  62.261 0.0000000000
2086  18.458  -47.760  62.069 0.0000000000
2857  34.673  -36.326  38.076 0.0000000000
2958  31.628  -43.660  53.765 0.0000000000
2960  22.301  -43.747  59.300 0.0000000000
2961  24.570  -44.503  60.746 0.0000000000
2962  23.592  -45.239  61.024 0.0000000000
2963  24.351  -46.523  61.920 0.0000000000
2964  22.209  -45.858  60.601 0.0000000000
4254  39.870  -33.212  38.281 0.0000000000
4553  35.759  -49.038  58.063 0.0000000000
4554  36.206  -47.417  60.096 0.0000000000
4555  25.821  -42.592  55.304 0.0000000000
4556  28.381  -43.757  56.233 0.0000000000
4557  27.532  -43.737  57.619 0.0000000000
4558  29.212  -45.674  63.502 0.0000000000
4559  30.724  -45.486  62.380 0.0000000000
4560  31.775  -46.987  63.935 0.0000000000
4561  33.380  -48.581  63.237 0.0000000000
4562  31.490  -49.281  63.893 0.0000000000
4563  30.080  -51.957  63.740 0.0000000000
4564  29.436  -50.018  63.590 0.0000000000
4565  23.672  -49.899  60.271 0.0000000000
4566  24.800  -51.354  61.673 0.0000000000
4567  22.683  -52.074  60.541 0.0000000000
4586  18.905  -46.281  62.429 0.0000000000
6296  38.781  -34.555  37.919 0.0000000000
6477  34.321  -44.734  57.140 0.0000000000
6478  23.945  -43.029  57.553 0.0000000000
6479  26.521  -43.800  59.021 0.0000000000
6480  25.555  -43.964  60.061 0.0000000000
6481  26.818  -44.827  62.466 0.0000000000
6482  27.677  -46.406  63.797 0.0000000000
6483  28.115  -48.159  62.962 0.0000000000
6484  26.226  -47.033  62.606 0.0000000000
6485  24.430  -47.915  60.905 0.0000000000
6486  22.135  -48.773  59.682 0.0000000000
8414  43.224  -35.600  40.386 0.0000000000
8415  40.763  -35.756  38.471 0.0000000000
8785  34.392  -49.772  55.939 0.0000000000
8786  33.887  -50.563  57.726 0.0000000000
8787  33.066  -51.385  59.276 0.0000000000
8788  28.862  -43.600  54.832 0.0000000000
8789  31.325  -44.640  56.742 0.0000000000
8790  33.536  -45.260  58.863 0.0000000000
8791  29.108  -44.672  60.018 0.0000000000
8792  32.247  -45.525  60.717 0.0000000000
8793  35.060  -46.121  60.971 0.0000000000
8794  35.044  -47.976  61.823 0.0000000000
8795  33.740  -50.235  61.477 0.0000000000
8796  32.028  -52.255  60.975 0.0000000000
8797  30.369  -53.577  62.441 0.0000000000
8799  26.362  -55.043  63.628 0.0000000000
8800  27.060  -50.790  62.720 0.0000000000
8801  25.569  -53.096  62.979 0.0000000000
8802  24.375  -55.511  63.398 0.0000000000
8803  22.354  -55.919  63.028 0.0000000000
8823  19.851  -44.447  60.505 0.0000000000
8824  20.082  -46.143  60.651 0.0000000000
8825  20.202  -47.571  60.249 0.0000000000
8826  19.399  -49.056  59.553 0.0000000000
8931  31.378  -36.404  40.999 0.0000000000
8932  32.039  -37.901  39.963 0.0000000000
10537  34.175  -37.008  38.108 0.0000000000
10538  34.933  -37.324  37.449 0.0000000000
10539  34.307  -37.903  37.347 0.0000000000
10640  21.851  -44.135  59.463 0.0000000000
10641  22.988  -44.602  60.094 0.0000000000
10642  22.464  -44.961  60.205 0.0000000000
10643  22.941  -45.609  60.875 0.0000000000
10644  21.836  -45.162  60.134 0.0000000000
10837  31.270  -52.891  57.942 0.0000000000
12233  36.641  -47.152  59.104 0.0000000000
12234  36.412  -46.362  59.757 0.0000000000
12235  25.375  -42.759  55.866 0.0000000000
12237  26.100  -43.361  57.018 0.0000000000
12238  29.617  -46.613  64.170 0.0000000000
12239  30.526  -46.291  63.879 0.0000000000
12240  30.827  -47.290  64.122 0.0000000000
12241  31.867  -48.041  64.068 0.0000000000
12242  30.880  -48.439  63.933 0.0000000000
12243  30.457  -49.601  63.871 0.0000000000
12244  29.834  -48.797  63.722 0.0000000000
12245  22.529  -50.349  59.688 0.0000000000
12246  23.230  -51.081  60.338 0.0000000000
12247  22.093  -51.428  59.796 0.0000000000
12248  21.595  -52.398  60.001 0.0000000000
12990  44.330  -35.558  41.621 0.0000000000
12991  44.775  -34.949  42.315 0.0000000000
14332  36.202  -34.073  37.648 0.0000000000
14333  37.232  -34.654  37.630 0.0000000000
14334  36.705  -35.394  37.618 0.0000000000
14630  31.689  -43.952  54.478 0.0000000000
14632  33.079  -44.300  55.427 0.0000000000
14634  33.076  -44.475  56.157 0.0000000000
14635  23.494  -43.066  58.062 0.0000000000
14636  24.820  -43.566  58.795 0.0000000000
14637  24.357  -43.666  59.286 0.0000000000
14638  25.144  -45.043  61.936 0.0000000000
14639  25.692  -44.618  61.632 0.0000000000
14640  26.271  -45.215  62.806 0.0000000000
14641  27.346  -45.533  63.462 0.0000000000
14642  26.645  -46.002  63.514 0.0000000000
14643  26.979  -46.718  63.389 0.0000000000
14644  26.013  -46.428  63.163 0.0000000000
14645  23.566  -46.928  61.313 0.0000000000
14646  24.492  -47.168  61.528 0.0000000000
14647  23.572  -47.598  60.709 0.0000000000
14648  23.289  -48.360  60.231 0.0000000000
14649  22.482  -47.970  60.162 0.0000000000
18522  41.945  -33.946  39.787 0.0000000000
18523  42.783  -34.634  40.511 0.0000000000
18524  42.405  -35.117  40.032 0.0000000000
18525  39.252  -35.810  37.845 0.0000000000
18526  39.783  -35.188  38.221 0.0000000000
19415  35.374  -49.313  59.043 0.0000000000
19416  34.900  -49.801  58.010 0.0000000000
19417  34.503  -50.135  58.814 0.0000000000
19418  33.423  -51.026  58.447 0.0000000000
19419  34.020  -50.478  59.552 0.0000000000
19423  29.326  -44.329  57.213 0.0000000000
19424  29.780  -44.327  56.493 0.0000000000
19425  30.883  -44.760  57.483 0.0000000000
19426  32.473  -45.009  57.759 0.0000000000
19427  31.926  -45.152  58.625 0.0000000000
19428  27.307  -44.086  60.350 0.0000000000
19430  28.541  -44.490  60.885 0.0000000000
19431  32.189  -45.999  62.776 0.0000000000
19432  31.503  -45.517  61.653 0.0000000000
19433  33.033  -45.888  61.894 0.0000000000
19434  33.760  -45.764  60.945 0.0000000000
19435  34.316  -46.359  61.888 0.0000000000
19436  35.236  -46.960  61.613 0.0000000000
19437  34.492  -47.212  62.422 0.0000000000
19438  32.913  -49.695  63.214 0.0000000000
19439  33.749  -49.371  62.496 0.0000000000
19440  32.985  -50.545  62.291 0.0000000000
19441  32.953  -51.213  61.183 0.0000000000
19442  32.230  -51.732  62.027 0.0000000000
19443  31.295  -52.900  61.749 0.0000000000
19444  31.357  -52.339  62.831 0.0000000000
19445  28.920  -52.315  63.776 0.0000000000
19446  29.229  -53.450  63.615 0.0000000000
19447  28.117  -53.707  63.715 0.0000000000
19449  27.034  -53.941  63.642 0.0000000000
19450  27.105  -48.528  62.291 0.0000000000
19451  27.818  -49.483  62.715 0.0000000000
19452  26.661  -49.874  62.120 0.0000000000
19453  24.125  -52.398  61.989 0.0000000000
19454  25.158  -52.130  62.516 0.0000000000
19455  24.503  -53.274  62.660 0.0000000000
19456  24.961  -54.259  63.121 0.0000000000
19457  23.950  -54.488  62.851 0.0000000000
19458  23.382  -55.700  63.199 0.0000000000
19459  22.966  -54.686  62.530 0.0000000000
19506  18.275  -43.661  63.541 0.0000000000
19508  18.664  -43.535  62.493 0.0000000000
19509  19.101  -43.383  61.520 0.0000000000
19510  19.170  -44.549  61.350 0.0000000000
19511  19.872  -45.369  60.567 0.0000000000
19512  19.191  -45.451  61.281 0.0000000000
19513  18.837  -47.025  62.348 0.0000000000
19514  19.397  -46.878  61.356 0.0000000000
19515  19.152  -47.636  61.007 0.0000000000
19516  19.823  -48.296  59.760 0.0000000000
19517  18.758  -48.348  60.588 0.0000000000
19772  31.306  -35.019  44.500 0.0000000000
19774  30.867  -35.493  43.536 0.0000000000
19776  30.871  -36.645  41.968 0.0000000000
19777  31.163  -37.295  41.444 0.0000000000
23754  31.520  -43.358  52.977 0.0000000000
23756  30.305  -43.552  53.664 0.0000000000
23757  30.366  -43.772  54.372 0.0000000000
23758  22.704  -43.400  59.031 0.0000000000
23759  23.839  -43.872  59.651 0.0000000000
23760  23.461  -44.267  59.925 0.0000000000
23761  24.048  -44.856  60.971 0.0000000000
23762  24.637  -45.454  62.047 0.0000000000
23763  25.038  -46.163  62.615 0.0000000000
23764  23.984  -45.900  61.735 0.0000000000
23765  23.345  -46.252  61.345 0.0000000000
23766  22.629  -46.564  60.899 0.0000000000
26090  40.674  -33.862  38.898 0.0000000000
26626  36.485  -48.001  58.101 0.0000000000
26627  36.101  -48.289  59.172 0.0000000000
26628  35.752  -48.523  60.132 0.0000000000
26629  26.159  -42.421  54.705 0.0000000000
26632  27.989  -43.757  56.930 0.0000000000
26633  28.870  -44.350  57.984 0.0000000000
26634  28.651  -45.003  62.640 0.0000000000
26635  29.272  -44.952  62.014 0.0000000000
26636  29.978  -45.544  63.003 0.0000000000
26637  31.385  -46.117  63.369 0.0000000000
26638  32.711  -46.782  63.460 0.0000000000
26639  33.638  -47.481  63.129 0.0000000000
26640  32.713  -47.769  63.689 0.0000000000
26641  32.476  -48.853  63.736 0.0000000000
26642  31.846  -50.113  63.655 0.0000000000
26643  31.112  -51.482  63.443 0.0000000000
26644  30.822  -50.505  63.792 0.0000000000
26645  29.759  -50.926  63.750 0.0000000000
26646  28.577  -51.340  63.565 0.0000000000
26647  24.870  -49.461  60.837 0.0000000000
26648  25.515  -50.180  61.469 0.0000000000
26649  24.272  -50.615  60.871 0.0000000000
26650  23.743  -51.692  61.126 0.0000000000
26651  23.117  -52.727  61.402 0.0000000000
26652  22.506  -53.847  61.763 0.0000000000
26682  17.924  -43.783  64.618 0.0000000000
26684  18.746  -45.540  62.236 0.0000000000
26686  18.464  -46.407  63.457 0.0000000000
26687  18.360  -47.088  63.462 0.0000000000
30050  38.373  -33.172  37.748 0.0000000000
30051  37.721  -33.918  37.650 0.0000000000
30052  38.269  -35.275  37.698 0.0000000000
30472  24.432  -42.983  57.030 0.0000000000
30473  25.617  -43.438  57.658 0.0000000000
30474  25.242  -43.542  58.273 0.0000000000
30475  26.063  -43.850  59.582 0.0000000000
30476  26.766  -44.213  60.863 0.0000000000
30477  25.072  -44.174  60.429 0.0000000000
30478  26.237  -44.409  61.296 0.0000000000
30479  27.446  -44.595  62.034 0.0000000000
30480  27.990  -45.193  63.117 0.0000000000
30481  28.495  -46.034  63.874 0.0000000000
30482  28.786  -46.939  63.961 0.0000000000
30483  28.927  -47.966  63.588 0.0000000000
30484  27.953  -47.227  63.549 0.0000000000
30485  27.186  -47.471  62.843 0.0000000000
30486  26.260  -47.843  62.001 0.0000000000
30487  25.283  -46.745  62.353 0.0000000000
30488  25.384  -47.392  61.715 0.0000000000
30489  25.257  -48.304  61.142 0.0000000000
30490  24.139  -48.782  60.494 0.0000000000
30491  22.937  -49.221  59.811 0.0000000000
30492  21.710  -49.630  59.331 0.0000000000
32531  33.646  -38.615  37.340 0.0000000000
32923  23.211  -42.282  56.569 0.0000000000
32924  22.791  -42.387  57.022 0.0000000000
32925  22.355  -42.449  57.536 0.0000000000
32928  21.922  -42.603  58.025 0.0000000000
32930  21.212  -42.968  59.097 0.0000000000
32931  20.846  -43.320  59.431 0.0000000000
35520  43.232  -34.015  40.615 0.0000000000
35521  43.562  -35.124  41.082 0.0000000000
35523  39.270  -33.836  38.063 0.0000000000
35524  40.262  -34.454  38.635 0.0000000000
35525  41.179  -35.074  39.058 0.0000000000
35528  42.093  -35.661  39.296 0.0000000000
36604  35.227  -49.474  57.031 0.0000000000
36605  34.156  -50.185  56.872 0.0000000000
36606  33.010  -51.068  56.695 0.0000000000
36607  32.766  -51.510  57.541 0.0000000000
36608  32.449  -51.972  58.336 0.0000000000
36609  32.018  -52.466  59.035 0.0000000000
36611  29.048  -43.445  54.196 0.0000000000
36612  30.288  -44.033  55.061 0.0000000000
36613  28.629  -43.684  55.525 0.0000000000
36614  30.062  -44.167  55.764 0.0000000000
36615  31.612  -44.400  55.998 0.0000000000
36616  32.862  -44.787  56.993 0.0000000000
36617  33.967  -45.019  57.976 0.0000000000
36618  34.940  -45.332  59.021 0.0000000000
36619  26.988  -43.762  58.333 0.0000000000
36621  29.690  -44.804  59.166 0.0000000000
36622  29.952  -45.044  61.315 0.0000000000
36623  30.627  -45.157  60.354 0.0000000000
36625  32.921  -45.466  59.785 0.0000000000
36626  34.461  -45.563  59.936 0.0000000000
36627  35.642  -45.874  60.026 0.0000000000
36628  35.834  -46.687  60.670 0.0000000000
36629  35.673  -47.678  61.019 0.0000000000
36630  35.233  -48.753  61.033 0.0000000000
36631  34.280  -48.249  62.567 0.0000000000
36632  34.510  -49.044  61.736 0.0000000000
36633  34.424  -49.843  60.692 0.0000000000
36634  33.490  -50.810  60.418 0.0000000000
36635  32.621  -51.831  60.080 0.0000000000
36636  31.491  -52.801  59.807 0.0000000000
36640  30.318  -52.999  63.380 0.0000000000
36641  29.423  -54.183  62.892 0.0000000000
36644  26.604  -55.908  63.267 0.0000000000
36646  28.880  -49.114  63.282 0.0000000000
36647  28.298  -50.433  63.177 0.0000000000
36648  27.387  -51.722  63.233 0.0000000000
36649  25.904  -51.042  62.293 0.0000000000
36650  26.268  -51.916  62.887 0.0000000000
36651  26.647  -52.858  63.353 0.0000000000
36652  25.992  -54.091  63.427 0.0000000000
36653  25.368  -55.269  63.546 0.0000000000
36654  24.796  -56.562  63.662 0.0000000000
36655  23.807  -56.747  63.679 0.0000000000
36656  22.769  -56.896  63.640 0.0000000000
36658  21.923  -54.979  62.176 0.0000000000
36690  20.241  -43.270  59.921 0.0000000000
36716  19.660  -43.369  60.596 0.0000000000
36717  20.627  -44.394  59.998 0.0000000000
36718  20.907  -45.259  60.010 0.0000000000
36719  21.177  -46.091  60.424 0.0000000000
36720  21.446  -46.826  60.532 0.0000000000
36721  19.385  -46.210  61.483 0.0000000000
36722  20.265  -46.837  60.589 0.0000000000
36723  21.433  -47.524  60.157 0.0000000000
36724  21.170  -48.222  59.714 0.0000000000
36725  20.770  -48.954  59.351 0.0000000000
36726  20.343  -49.819  59.152 0.0000000000
36729  17.953  -47.925  63.250 0.0000000000
37009  35.141  -33.759  38.006 0.0000000000
37012  34.588  -34.592  38.105 0.0000000000
37013  34.070  -35.317  38.346 0.0000000000
37014  33.662  -36.161  38.591 0.0000000000
37015  33.288  -36.961  38.856 0.0000000000
37042  32.755  -37.775  38.989 0.0000000000
37043  32.248  -38.554  39.157 0.0000000000
41257  33.868  -37.345  38.081 0.0000000000
41258  34.265  -37.462  37.745 0.0000000000
41259  33.911  -37.772  37.693 0.0000000000
41360  21.597  -44.250  59.546 0.0000000000
41361  22.194  -44.615  59.805 0.0000000000
41362  21.893  -44.711  59.917 0.0000000000
41363  22.163  -45.087  60.185 0.0000000000
41364  21.576  -44.780  59.943 0.0000000000
42953  36.602  -46.242  59.271 0.0000000000
42954  36.276  -45.952  59.402 0.0000000000
42955  25.082  -42.826  56.148 0.0000000000
42956  25.750  -43.096  56.444 0.0000000000
42957  25.437  -43.158  56.709 0.0000000000
42958  29.814  -47.127  64.132 0.0000000000
42959  30.261  -46.941  64.143 0.0000000000
42960  30.374  -47.485  64.091 0.0000000000
42961  30.885  -47.845  64.059 0.0000000000
42962  30.450  -48.045  63.952 0.0000000000
42963  30.352  -48.607  63.889 0.0000000000
42964  29.945  -48.242  63.819 0.0000000000
42965  21.951  -50.516  59.439 0.0000000000
42966  22.323  -50.922  59.700 0.0000000000
42967  21.751  -51.020  59.427 0.0000000000
42968  21.511  -51.510  59.501 0.0000000000
45052  35.898  -34.479  37.669 0.0000000000
45053  36.433  -34.745  37.614 0.0000000000
45054  36.161  -35.121  37.653 0.0000000000
45350  31.701  -44.090  54.856 0.0000000000
45351  32.373  -44.138  54.932 0.0000000000
45352  32.400  -44.274  55.331 0.0000000000
45353  33.089  -44.394  55.819 0.0000000000
45354  32.430  -44.390  55.695 0.0000000000
45355  23.328  -43.164  58.240 0.0000000000
45356  23.947  -43.401  58.661 0.0000000000
45357  23.733  -43.470  58.878 0.0000000000
45358  25.424  -45.348  62.504 0.0000000000
45359  25.714  -45.124  62.398 0.0000000000
45360  25.968  -45.446  62.917 0.0000000000
45361  26.446  -45.598  63.255 0.0000000000
45362  26.180  -45.841  63.286 0.0000000000
45363  26.360  -46.269  63.402 0.0000000000
45364  25.885  -46.080  63.178 0.0000000000
45365  23.168  -47.139  60.908 0.0000000000
45366  23.614  -47.265  61.033 0.0000000000
45367  23.148  -47.435  60.677 0.0000000000
45368  23.033  -47.792  60.440 0.0000000000
45369  22.638  -47.613  60.407 0.0000000000
49240  41.348  -33.923  39.319 0.0000000000
49242  41.754  -34.216  39.686 0.0000000000
49243  42.145  -34.528  40.031 0.0000000000
49244  42.001  -34.795  39.814 0.0000000000
50135  35.203  -49.378  59.550 0.0000000000
50136  34.970  -49.750  58.945 0.0000000000
50137  34.736  -49.859  59.399 0.0000000000
50138  34.259  -50.302  59.199 0.0000000000
50139  34.488  -50.018  59.753 0.0000000000
50141  27.102  -42.572  53.990 0.0000000000
50142  27.020  -42.614  54.329 0.0000000000
50143  29.839  -44.626  57.712 0.0000000000
50144  30.094  -44.562  57.351 0.0000000000
50145  30.573  -44.814  57.889 0.0000000000
50146  31.407  -44.961  58.044 0.0000000000
50147  31.099  -45.023  58.463 0.0000000000
50148  27.638  -44.270  60.980 0.0000000000
50149  27.930  -44.273  60.666 0.0000000000
50150  28.248  -44.505  61.226 0.0000000000
50151  32.907  -46.285  62.783 0.0000000000
50152  32.618  -45.949  62.356 0.0000000000
50153  33.358  -46.220  62.369 0.0000000000
50154  33.753  -46.118  61.963 0.0000000000
50155  33.961  -46.510  62.312 0.0000000000
50156  34.484  -46.797  62.186 0.0000000000
50157  34.058  -46.917  62.636 0.0000000000
50158  32.531  -50.346  63.090 0.0000000000
50159  32.968  -50.152  62.781 0.0000000000
50160  32.601  -50.786  62.630 0.0000000000
50161  32.606  -51.156  62.100 0.0000000000
50162  32.225  -51.427  62.497 0.0000000000
50163  31.830  -52.022  62.443 0.0000000000
50164  31.780  -51.680  62.868 0.0000000000
50165  28.355  -52.498  63.725 0.0000000000
50166  28.518  -53.013  63.767 0.0000000000
50167  27.987  -53.162  63.753 0.0000000000
50168  27.589  -53.812  63.715 0.0000000000
50169  27.434  -53.301  63.682 0.0000000000
50170  26.581  -48.733  61.903 0.0000000000
50171  26.933  -49.188  62.143 0.0000000000
50172  26.378  -49.375  61.794 0.0000000000
50173  23.808  -52.914  62.100 0.0000000000
50174  24.311  -52.825  62.399 0.0000000000
50175  24.015  -53.397  62.423 0.0000000000
50176  24.216  -53.878  62.716 0.0000000000
50177  23.739  -54.000  62.537 0.0000000000
50178  23.471  -54.577  62.686 0.0000000000
50179  23.235  -54.125  62.376 0.0000000000
50227  18.463  -43.631  62.984 0.0000000000
50228  18.644  -44.104  62.347 0.0000000000
50229  18.874  -44.024  61.890 0.0000000000
50230  18.861  -44.568  61.782 0.0000000000
50231  19.183  -45.035  61.289 0.0000000000
50232  18.885  -45.049  61.740 0.0000000000
50233  18.660  -47.359  62.249 0.0000000000
50234  18.960  -47.325  61.714 0.0000000000
50235  18.794  -47.687  61.545 0.0000000000
50236  18.953  -48.004  60.822 0.0000000000
50237  18.585  -48.079  61.338 0.0000000000
50492  30.997  -35.488  44.525 0.0000000000
50493  31.016  -35.249  44.021 0.0000000000
50494  30.767  -35.770  44.082 0.0000000000
50496  30.935  -37.429  41.896 0.0000000000
54652  34.894  -36.010  38.013 0.0000000000
54654  35.137  -36.544  37.808 0.0000000000
54952  29.719  -43.368  53.571 0.0000000000
54953  30.383  -43.663  54.011 0.0000000000
54954  29.764  -43.501  53.967 0.0000000000
54955  22.529  -43.588  59.191 0.0000000000
54956  23.126  -43.858  59.460 0.0000000000
54957  22.891  -44.066  59.574 0.0000000000
54958  23.294  -44.931  60.570 0.0000000000
54959  23.523  -44.755  60.488 0.0000000000
54960  23.802  -45.041  61.034 0.0000000000
54961  24.334  -45.115  61.501 0.0000000000
54962  24.141  -45.358  61.574 0.0000000000
54963  24.334  -45.680  61.933 0.0000000000
54964  23.801  -45.557  61.413 0.0000000000
54965  22.542  -45.739  60.686 0.0000000000
54966  23.089  -45.930  61.080 0.0000000000
54967  22.752  -46.082  60.966 0.0000000000
54968  22.999  -46.411  61.140 0.0000000000
54969  22.437  -46.204  60.801 0.0000000000
58842  40.130  -32.919  38.219 0.0000000000
58843  40.516  -33.250  38.566 0.0000000000
58844  40.273  -33.550  38.565 0.0000000000
59732  36.783  -47.391  57.556 0.0000000000
59733  36.614  -47.884  57.633 0.0000000000
59734  36.730  -47.482  58.104 0.0000000000
59735  36.409  -47.287  59.653 0.0000000000
59736  36.360  -47.695  59.172 0.0000000000
59737  36.181  -47.847  59.689 0.0000000000
59738  35.935  -48.427  59.670 0.0000000000
59739  35.995  -47.976  60.143 0.0000000000
59740  25.979  -42.523  55.004 0.0000000000
59743  27.102  -43.499  57.028 0.0000000000
59744  27.337  -43.487  56.727 0.0000000000
59745  27.767  -43.732  57.266 0.0000000000
59747  28.218  -44.046  57.825 0.0000000000
59748  28.925  -45.306  63.063 0.0000000000
59749  29.311  -45.270  62.835 0.0000000000
59750  29.590  -45.581  63.253 0.0000000000
59751  31.198  -46.623  63.937 0.0000000000
59752  30.941  -46.172  63.585 0.0000000000
59753  31.624  -46.501  63.703 0.0000000000
59754  32.074  -46.438  63.468 0.0000000000
59755  32.246  -46.853  63.758 0.0000000000
59756  32.739  -47.247  63.599 0.0000000000
59757  32.275  -47.375  63.841 0.0000000000
59758  31.717  -48.657  63.968 0.0000000000
59759  32.205  -48.444  63.925 0.0000000000
59760  32.000  -49.060  63.868 0.0000000000
59761  32.224  -49.446  63.720 0.0000000000
59762  31.709  -49.657  63.841 0.0000000000
59763  31.350  -50.299  63.781 0.0000000000
59764  31.193  -49.881  63.863 0.0000000000
59765  29.957  -49.824  63.772 0.0000000000
59766  30.130  -50.250  63.792 0.0000000000
59767  29.604  -50.474  63.693 0.0000000000
59768  29.173  -51.142  63.673 0.0000000000
59769  29.023  -50.686  63.554 0.0000000000
59770  24.255  -49.683  60.563 0.0000000000
59771  24.567  -50.055  60.798 0.0000000000
59772  24.009  -50.272  60.562 0.0000000000
59773  22.950  -51.611  60.430 0.0000000000
59774  23.505  -51.394  60.728 0.0000000000
59775  23.187  -51.914  60.838 0.0000000000
59776  23.407  -52.202  61.250 0.0000000000
59777  22.897  -52.401  60.959 0.0000000000
59778  22.606  -52.929  61.104 0.0000000000
59779  22.375  -52.581  60.659 0.0000000000
59836  18.421  -46.726  63.495 0.0000000000
66039  37.248  -33.576  37.604 0.0000000000
66040  37.519  -35.359  37.636 0.0000000000
66041  37.751  -34.970  37.621 0.0000000000
66925  31.582  -43.491  53.437 0.0000000000
66926  32.146  -43.494  53.437 0.0000000000
66927  32.268  -43.680  53.807 0.0000000000
66940  24.195  -43.004  57.349 0.0000000000
66941  24.828  -43.281  57.648 0.0000000000
66942  24.594  -43.325  57.894 0.0000000000
66943  25.185  -43.760  59.401 0.0000000000
66944  25.459  -43.734  59.196 0.0000000000
66945  25.793  -43.895  59.782 0.0000000000
66946  26.363  -44.001  60.152 0.0000000000
66947  26.153  -44.095  60.482 0.0000000000
66948  24.236  -44.188  60.167 0.0000000000
66949  24.468  -44.028  60.005 0.0000000000
66950  24.818  -44.295  60.573 0.0000000000
66951  26.263  -44.709  62.054 0.0000000000
66952  25.987  -44.499  61.463 0.0000000000
66953  26.533  -44.590  61.872 0.0000000000
66954  26.826  -44.480  61.677 0.0000000000
66955  27.105  -44.691  62.236 0.0000000000
66956  27.729  -44.823  62.557 0.0000000000
66957  27.399  -44.997  62.796 0.0000000000
66958  27.486  -45.976  63.738 0.0000000000
66959  27.900  -45.788  63.737 0.0000000000
66960  28.107  -46.219  63.893 0.0000000000
66961  28.677  -46.494  64.031 0.0000000000
66962  28.237  -46.655  63.902 0.0000000000
66963  28.397  -47.127  63.762 0.0000000000
66964  27.833  -46.828  63.745 0.0000000000
66965  26.589  -46.899  63.063 0.0000000000
66966  27.085  -47.050  63.169 0.0000000000
66967  26.688  -47.199  62.751 0.0000000000
66968  26.727  -47.633  62.424 0.0000000000
66969  26.265  -47.395  62.286 0.0000000000
66970  24.676  -46.336  62.270 0.0000000000
66971  25.179  -46.461  62.569 0.0000000000
66972  24.840  -46.641  62.205 0.0000000000
66973  24.471  -47.510  61.231 0.0000000000
66974  24.965  -47.269  61.638 0.0000000000
66975  24.901  -47.607  61.320 0.0000000000
66976  25.356  -47.819  61.460 0.0000000000
66977  24.832  -48.090  61.019 0.0000000000
66978  24.670  -48.603  60.748 0.0000000000
66979  24.289  -48.364  60.639 0.0000000000
66980  22.710  -48.572  59.969 0.0000000000
66981  23.114  -48.784  60.046 0.0000000000
66982  22.551  -49.008  59.746 0.0000000000
66983  22.337  -49.457  59.596 0.0000000000
66984  21.944  -49.199  59.459 0.0000000000
72363  23.470  -42.265  56.270 0.0000000000
72368  22.597  -42.416  57.278 0.0000000000
72377  21.391  -42.209  57.924 0.0000000000
72378  21.723  -42.671  58.296 0.0000000000
72379  21.223  -42.254  58.264 0.0000000000
72381  20.881  -42.392  58.956 0.0000000000
72382  20.738  -42.517  59.271 0.0000000000
72383  21.057  -43.151  59.238 0.0000000000
78610  43.002  -35.135  40.484 0.0000000000
78611  43.197  -34.880  40.745 0.0000000000
78612  43.412  -35.346  40.706 0.0000000000
78613  43.742  -35.557  41.038 0.0000000000
78615  38.530  -33.858  37.819 0.0000000000
78616  38.846  -33.505  37.898 0.0000000000
78617  39.029  -34.203  37.991 0.0000000000
78618  40.234  -35.468  38.357 0.0000000000
78619  40.030  -34.803  38.426 0.0000000000
78620  40.527  -35.121  38.672 0.0000000000
78621  40.716  -34.803  38.952 0.0000000000
78622  41.028  -35.450  38.782 0.0000000000
78629  41.941  -35.932  38.949 0.0000000000
81279  33.813  -50.189  55.862 0.0000000000
81280  35.921  -48.894  57.555 0.0000000000
81282  35.517  -49.277  57.557 0.0000000000
81283  34.401  -50.159  57.876 0.0000000000
81284  34.535  -49.980  57.449 0.0000000000
81285  34.013  -50.358  57.331 0.0000000000
81286  33.604  -50.632  56.770 0.0000000000
81287  33.458  -50.832  57.209 0.0000000000
81288  32.876  -51.284  57.099 0.0000000000
81289  33.297  -51.064  57.605 0.0000000000
81290  33.260  -51.196  58.895 0.0000000000
81291  32.945  -51.474  58.403 0.0000000000
81292  32.766  -51.700  58.799 0.0000000000
81293  32.240  -52.236  58.715 0.0000000000
81294  32.575  -51.938  59.175 0.0000000000
81300  28.946  -43.531  54.513 0.0000000000
81301  29.650  -43.758  54.619 0.0000000000
81302  29.560  -43.836  54.967 0.0000000000
81303  27.873  -43.418  55.678 0.0000000000
81304  27.994  -43.382  55.356 0.0000000000
81305  28.513  -43.727  55.874 0.0000000000
81306  30.561  -44.517  56.599 0.0000000000
81307  29.941  -44.224  56.143 0.0000000000
81308  30.717  -44.388  56.263 0.0000000000
81309  30.833  -44.312  55.879 0.0000000000
81310  31.510  -44.551  56.358 0.0000000000
81311  32.254  -44.625  56.476 0.0000000000
81312  32.093  -44.732  56.877 0.0000000000
81313  33.031  -45.146  58.314 0.0000000000
81314  33.231  -45.032  57.868 0.0000000000
81315  33.773  -45.140  58.397 0.0000000000
81316  34.502  -45.146  58.494 0.0000000000
81317  34.255  -45.283  58.953 0.0000000000
81318  26.085  -43.635  58.321 0.0000000000
81319  26.297  -43.599  57.993 0.0000000000
81320  26.788  -43.764  58.708 0.0000000000
81321  28.426  -44.402  59.858 0.0000000000
81322  28.039  -44.220  59.207 0.0000000000
81323  28.684  -44.432  59.389 0.0000000000
81324  28.952  -44.535  58.975 0.0000000000
81325  29.371  -44.717  59.586 0.0000000000
81326  29.983  -45.221  62.188 0.0000000000
81327  29.666  -45.013  61.664 0.0000000000
81328  30.455  -45.291  61.866 0.0000000000
81329  31.926  -45.532  61.196 0.0000000000
81330  31.108  -45.352  60.992 0.0000000000
81331  31.437  -45.341  60.526 0.0000000000
81332  30.998  -45.208  59.892 0.0000000000
81333  31.809  -45.380  60.101 0.0000000000
81334  32.144  -45.373  59.655 0.0000000000
81335  32.583  -45.518  60.272 0.0000000000
81336  34.438  -45.910  60.970 0.0000000000
81337  34.109  -45.667  60.426 0.0000000000
81338  34.785  -45.798  60.484 0.0000000000
81339  35.085  -45.692  60.029 0.0000000000
81340  35.356  -45.992  60.505 0.0000000000
81341  35.843  -46.233  60.412 0.0000000000
81342  35.501  -46.376  60.860 0.0000000000
81343  35.191  -47.458  61.729 0.0000000000
81344  35.519  -47.311  61.335 0.0000000000
81345  35.384  -47.831  61.424 0.0000000000
81346  35.491  -48.207  61.075 0.0000000000
81347  35.235  -48.374  61.466 0.0000000000
81348  33.558  -47.966  63.216 0.0000000000
81349  33.993  -47.858  62.878 0.0000000000
81350  33.867  -48.359  62.922 0.0000000000
81351  33.806  -49.830  61.995 0.0000000000
81352  34.122  -49.226  62.105 0.0000000000
81353  34.192  -49.616  61.631 0.0000000000
81354  34.518  -49.404  61.279 0.0000000000
81355  34.079  -50.021  61.088 0.0000000000
81356  33.961  -50.338  60.530 0.0000000000
81357  33.623  -50.568  60.951 0.0000000000
81358  32.515  -51.746  61.066 0.0000000000
81359  32.817  -51.523  60.635 0.0000000000
81360  32.334  -52.056  60.525 0.0000000000
81361  32.107  -52.358  60.004 0.0000000000
81362  31.778  -52.532  60.388 0.0000000000
81364  31.428  -52.820  60.750 0.0000000000
81365  30.848  -53.251  62.116 0.0000000000
81366  30.716  -53.428  61.489 0.0000000000
81370  30.598  -51.711  63.600 0.0000000000
81371  30.735  -52.234  63.417 0.0000000000
81372  30.214  -52.490  63.600 0.0000000000
81373  28.821  -54.045  63.466 0.0000000000
81374  29.351  -53.855  63.320 0.0000000000
81380  26.821  -55.010  63.636 0.0000000000
81381  26.971  -55.404  63.443 0.0000000000
81382  26.475  -55.523  63.520 0.0000000000
81383  26.162  -56.090  63.406 0.0000000000
81384  26.029  -55.628  63.586 0.0000000000
81385  28.535  -48.065  63.273 0.0000000000
81386  28.948  -48.540  63.390 0.0000000000
81387  28.538  -48.629  63.118 0.0000000000
81388  27.479  -50.161  62.633 0.0000000000
81389  28.094  -49.985  62.966 0.0000000000
81390  27.680  -50.635  62.933 0.0000000000
81391  27.855  -51.092  63.188 0.0000000000
81392  27.233  -51.239  62.993 0.0000000000
81393  25.149  -50.789  61.583 0.0000000000
81394  25.728  -50.609  61.897 0.0000000000
81395  25.353  -51.182  62.019 0.0000000000
81396  25.375  -52.568  62.821 0.0000000000
81397  25.713  -52.007  62.753 0.0000000000
81398  25.904  -52.481  62.982 0.0000000000
81399  26.440  -52.372  63.133 0.0000000000
81400  26.060  -52.972  63.207 0.0000000000
81401  26.276  -53.470  63.439 0.0000000000
81402  25.775  -53.605  63.210 0.0000000000
81403  24.673  -54.876  63.241 0.0000000000
81404  25.187  -54.776  63.341 0.0000000000
81405  24.880  -55.384  63.473 0.0000000000
81406  25.072  -55.905  63.608 0.0000000000
81407  24.594  -56.031  63.588 0.0000000000
81408  24.346  -56.653  63.678 0.0000000000
81409  24.088  -56.169  63.528 0.0000000000
81410  22.878  -55.782  63.117 0.0000000000
81411  23.092  -56.304  63.416 0.0000000000
81412  22.584  -56.388  63.357 0.0000000000
81413  22.279  -56.985  63.653 0.0000000000
81416  22.215  -54.416  61.953 0.0000000000
81561  19.445  -43.952  60.966 0.0000000000
81562  19.393  -43.370  61.040 0.0000000000
81563  19.744  -43.895  60.603 0.0000000000
81564  20.092  -43.868  60.249 0.0000000000
81565  20.232  -44.423  60.270 0.0000000000
81566  20.807  -44.865  60.065 0.0000000000
81567  20.331  -44.893  60.221 0.0000000000
81568  19.972  -45.756  60.629 0.0000000000
81569  20.439  -45.765  60.401 0.0000000000
81570  20.578  -46.149  60.489 0.0000000000
81571  21.360  -46.489  60.522 0.0000000000
81572  20.740  -46.521  60.533 0.0000000000
81574  19.038  -45.905  61.835 0.0000000000
81575  19.146  -46.277  61.965 0.0000000000
81576  19.713  -47.214  60.732 0.0000000000
81577  19.804  -46.849  60.926 0.0000000000
81578  20.276  -47.184  60.439 0.0000000000
81579  20.855  -47.188  60.367 0.0000000000
81580  20.830  -47.534  60.169 0.0000000000
81581  21.315  -47.836  59.970 0.0000000000
81582  20.725  -47.920  59.901 0.0000000000
81583  19.613  -48.664  59.653 0.0000000000
81584  20.279  -48.624  59.494 0.0000000000
81585  20.060  -49.002  59.369 0.0000000000
81586  20.561  -49.350  59.232 0.0000000000
81591  17.543  -48.077  65.052 0.0000000000
81594  17.983  -47.690  63.946 0.0000000000
82290  35.422  -33.379  37.937 0.0000000000
82299  34.075  -34.514  38.380 0.0000000000
82300  34.307  -34.966  38.186 0.0000000000
82303  33.398  -35.721  38.745 0.0000000000
82305  33.465  -36.564  38.732 0.0000000000
82306  33.059  -36.539  39.130 0.0000000000
82363  31.124  -36.507  41.478 0.0000000000
82364  31.006  -36.156  41.805 0.0000000000
82370  31.893  -37.527  40.239 0.0000000000
82372  32.225  -37.458  39.794 0.0000000000
82373  32.624  -37.424  39.397 0.0000000000
82374  32.387  -37.861  39.503 0.0000000000
82375  32.494  -38.169  39.067 0.0000000000
82376  32.159  -38.239  39.598 0.0000000000
92695  34.446  -36.680  38.105 0.0000000000
92696  34.850  -36.866  37.764 0.0000000000
92697  34.563  -37.172  37.762 0.0000000000
92698  34.636  -37.599  37.374 0.0000000000
92878  22.088  -43.894  59.392 0.0000000000
92879  22.666  -44.223  59.667 0.0000000000
92880  22.396  -44.396  59.736 0.0000000000
92881  22.733  -44.786  60.149 0.0000000000
92882  23.028  -45.125  60.570 0.0000000000
92883  23.262  -45.432  60.938 0.0000000000
92884  22.741  -45.300  60.528 0.0000000000
92885  22.399  -45.417  60.429 0.0000000000
92886  22.035  -45.510  60.353 0.0000000000
93235  31.462  -52.694  57.528 0.0000000000
95210  39.434  -32.851  38.001 0.0000000000
95745  36.770  -47.038  58.544 0.0000000000
95746  36.741  -46.615  58.939 0.0000000000
95747  36.583  -46.735  59.481 0.0000000000
95748  36.330  -46.879  59.968 0.0000000000
95749  25.619  -42.671  55.623 0.0000000000
95750  26.261  -42.956  55.903 0.0000000000
95751  26.038  -43.035  56.186 0.0000000000
95752  26.422  -43.299  56.752 0.0000000000
95753  26.797  -43.549  57.326 0.0000000000
95754  29.460  -46.127  63.913 0.0000000000
95755  29.844  -45.977  63.727 0.0000000000
95756  30.090  -46.423  64.031 0.0000000000
95757  30.765  -46.728  64.073 0.0000000000
95758  31.297  -47.111  64.067 0.0000000000
95759  31.823  -47.502  64.019 0.0000000000
95760  31.353  -47.655  64.100 0.0000000000
95761  31.356  -48.208  64.024 0.0000000000
95762  31.210  -48.859  63.920 0.0000000000
95763  30.975  -49.438  63.888 0.0000000000
95764  30.693  -49.004  63.901 0.0000000000
95765  30.183  -49.201  63.817 0.0000000000
95766  29.698  -49.412  63.642 0.0000000000
95767  23.136  -50.160  59.969 0.0000000000
95768  23.465  -50.527  60.237 0.0000000000
95769  22.905  -50.736  59.976 0.0000000000
95770  22.666  -51.272  60.065 0.0000000000
95771  22.414  -51.777  60.191 0.0000000000
95772  22.133  -52.253  60.243 0.0000000000
95773  21.830  -51.936  59.861 0.0000000000
95774  21.273  -51.980  59.616 0.0000000000
97110  44.129  -35.085  41.651 0.0000000000
97111  44.347  -34.761  41.904 0.0000000000
97112  44.535  -35.255  42.002 0.0000000000
97113  44.972  -35.449  42.359 0.0000000000
97114  45.414  -35.619  42.681 0.0000000000
99526  36.473  -33.657  37.643 0.0000000000
99527  36.963  -33.955  37.629 0.0000000000
99528  36.723  -34.333  37.617 0.0000000000
99529  36.979  -35.023  37.618 0.0000000000
100060  31.649  -43.795  54.127 0.0000000000
100061  32.303  -43.845  54.177 0.0000000000
100063  33.043  -44.150  54.998 0.0000000000
100069  23.753  -43.088  57.836 0.0000000000
100070  24.408  -43.352  58.165 0.0000000000
100071  24.175  -43.360  58.405 0.0000000000
100072  24.569  -43.598  59.026 0.0000000000
100073  24.976  -43.818  59.656 0.0000000000
100074  24.894  -44.747  61.339 0.0000000000
100075  25.180  -44.580  61.244 0.0000000000
100076  25.452  -44.817  61.806 0.0000000000
100077  25.991  -44.884  62.227 0.0000000000
100078  26.578  -44.983  62.647 0.0000000000
100079  27.083  -45.134  63.025 0.0000000000
100080  26.812  -45.347  63.149 0.0000000000
100081  26.941  -45.776  63.519 0.0000000000
100082  27.149  -46.172  63.669 0.0000000000
100083  27.345  -46.555  63.658 0.0000000000
100084  26.868  -46.365  63.531 0.0000000000
100085  26.494  -46.574  63.274 0.0000000000
100086  26.115  -46.726  62.931 0.0000000000
100087  23.974  -46.709  61.601 0.0000000000
100088  24.446  -46.847  61.747 0.0000000000
100089  24.019  -47.063  61.443 0.0000000000
100090  24.032  -47.393  61.136 0.0000000000
100091  23.996  -47.752  60.744 0.0000000000
100092  23.891  -48.152  60.519 0.0000000000
100093  23.464  -47.989  60.471 0.0000000000
100094  22.881  -48.175  60.208 0.0000000000
100095  22.262  -48.343  59.908 0.0000000000
107069  42.581  -33.995  40.174 0.0000000000
107070  42.361  -34.280  40.148 0.0000000000
107071  42.574  -34.889  40.311 0.0000000000
107072  42.817  -35.377  40.188 0.0000000000
107073  39.045  -35.234  37.971 0.0000000000
107074  39.312  -34.916  38.095 0.0000000000
107075  39.537  -35.540  38.029 0.0000000000
107076  40.004  -35.786  38.096 0.0000000000
108673  35.578  -49.202  58.540 0.0000000000
108674  35.348  -49.447  58.032 0.0000000000
108675  35.126  -49.613  58.488 0.0000000000
108676  34.723  -49.973  58.406 0.0000000000
108677  34.226  -50.367  58.258 0.0000000000
108678  33.670  -50.827  58.090 0.0000000000
108679  34.006  -50.568  58.631 0.0000000000
108680  33.781  -50.750  59.001 0.0000000000
108681  33.563  -50.895  59.419 0.0000000000
108683  27.298  -42.381  53.473 0.0000000000
108684  27.174  -42.483  53.714 0.0000000000
108686  28.178  -43.323  54.663 0.0000000000
108687  28.868  -44.062  56.723 0.0000000000
108688  29.069  -44.061  56.371 0.0000000000
108689  29.579  -44.333  56.829 0.0000000000
108690  30.340  -44.576  56.968 0.0000000000
108691  31.152  -44.723  57.119 0.0000000000
108692  31.934  -44.815  57.244 0.0000000000
108693  31.685  -44.905  57.609 0.0000000000
108694  32.237  -45.082  58.187 0.0000000000
108695  32.775  -45.244  58.755 0.0000000000
108696  26.893  -43.951  59.711 0.0000000000
108697  27.168  -43.939  59.417 0.0000000000
108699  28.168  -44.294  60.281 0.0000000000
108700  28.822  -44.588  60.469 0.0000000000
108701  31.464  -45.755  62.586 0.0000000000
108702  31.156  -45.540  62.068 0.0000000000
108703  31.882  -45.750  62.236 0.0000000000
108704  32.287  -45.701  61.793 0.0000000000
108705  32.690  -45.665  61.339 0.0000000000
108706  33.037  -45.659  60.887 0.0000000000
108707  33.418  -45.828  61.439 0.0000000000
108708  34.087  -46.009  61.477 0.0000000000
108709  34.690  -46.254  61.444 0.0000000000
108710  35.195  -46.522  61.328 0.0000000000
108711  34.816  -46.639  61.778 0.0000000000
108712  34.923  -47.094  62.010 0.0000000000
108713  34.793  -47.582  62.149 0.0000000000
108714  33.170  -49.130  63.236 0.0000000000
108715  33.605  -48.965  62.900 0.0000000000
108716  33.369  -49.520  62.881 0.0000000000
108717  33.393  -49.990  62.392 0.0000000000
108718  33.396  -50.389  61.882 0.0000000000
108719  33.355  -50.743  61.355 0.0000000000
108720  33.000  -50.884  61.746 0.0000000000
108721  32.609  -51.451  61.596 0.0000000000
108722  32.188  -52.001  61.523 0.0000000000
108723  31.668  -52.585  61.343 0.0000000000
108724  31.795  -52.290  61.967 0.0000000000
108725  31.384  -52.644  62.376 0.0000000000
108726  30.889  -53.031  62.670 0.0000000000
108727  29.500  -52.224  63.795 0.0000000000
108728  29.644  -52.785  63.720 0.0000000000
108729  29.073  -52.897  63.759 0.0000000000
108730  28.659  -53.580  63.669 0.0000000000
108731  28.266  -54.190  63.580 0.0000000000
108733  27.719  -54.312  63.642 0.0000000000
108734  27.195  -54.430  63.664 0.0000000000
108735  26.692  -54.494  63.637 0.0000000000
108736  27.613  -48.335  62.672 0.0000000000
108737  28.023  -48.800  62.833 0.0000000000
108738  27.481  -48.995  62.491 0.0000000000
108739  27.248  -49.672  62.386 0.0000000000
108740  26.871  -50.362  62.449 0.0000000000
108741  24.446  -51.887  61.856 0.0000000000
108742  24.927  -51.752  62.130 0.0000000000
108743  24.630  -52.275  62.261 0.0000000000
108744  24.839  -52.682  62.600 0.0000000000
108745  25.058  -53.122  62.868 0.0000000000
108746  25.264  -53.662  63.054 0.0000000000
108747  24.727  -53.752  62.897 0.0000000000
108748  24.427  -54.355  62.978 0.0000000000
108749  24.170  -54.983  63.158 0.0000000000
108750  23.875  -55.623  63.310 0.0000000000
108751  23.683  -55.075  63.011 0.0000000000
108752  23.181  -55.174  62.879 0.0000000000
108753  22.655  -55.298  62.778 0.0000000000
108836  18.100  -43.219  64.211 0.0000000000
108838  18.304  -43.171  63.750 0.0000000000
108839  18.471  -43.114  63.146 0.0000000000
108842  18.864  -43.482  62.012 0.0000000000
108843  19.166  -43.999  61.448 0.0000000000
108844  19.482  -44.506  60.940 0.0000000000
108845  19.876  -44.935  60.528 0.0000000000
108846  19.459  -45.001  60.886 0.0000000000
108847  19.524  -45.401  60.936 0.0000000000
108848  19.590  -45.810  60.958 0.0000000000
108849  18.884  -46.619  62.397 0.0000000000
108850  19.150  -46.598  61.942 0.0000000000
108851  19.085  -46.948  61.837 0.0000000000
108852  19.276  -47.252  61.145 0.0000000000
108853  19.632  -47.597  60.522 0.0000000000
108854  20.014  -47.949  60.017 0.0000000000
108855  19.477  -47.956  60.295 0.0000000000
108856  19.226  -48.306  60.106 0.0000000000
108857  19.031  -48.684  59.968 0.0000000000
109318  31.381  -34.828  43.930 0.0000000000
109323  30.809  -37.138  42.155 0.0000000000
109324  31.014  -36.971  41.665 0.0000000000
109325  31.243  -36.838  41.215 0.0000000000
109326  31.513  -36.751  40.743 0.0000000000
109327  31.419  -37.206  40.977 0.0000000000
109328  31.603  -37.583  40.760 0.0000000000
109329  31.773  -37.978  40.536 0.0000000000
116449  35.330  -35.228  37.829 0.0000000000
116865  31.036  -43.466  53.379 0.0000000000
116867  30.373  -43.366  53.288 0.0000000000
116868  30.970  -43.615  53.715 0.0000000000
116869  31.020  -43.748  54.070 0.0000000000
116870  31.029  -43.876  54.425 0.0000000000
116871  31.042  -44.015  54.777 0.0000000000
116872  22.879  -43.294  58.760 0.0000000000
116873  23.497  -43.540  59.109 0.0000000000
116874  23.267  -43.652  59.331 0.0000000000
116875  23.671  -44.051  59.806 0.0000000000
116876  24.013  -44.391  60.310 0.0000000000
116877  23.221  -44.446  59.994 0.0000000000
116878  23.776  -44.588  60.421 0.0000000000
116879  24.338  -44.671  60.867 0.0000000000
116880  24.598  -44.957  61.458 0.0000000000
116881  24.888  -45.228  62.002 0.0000000000
116882  25.167  -45.562  62.529 0.0000000000
116883  25.367  -45.911  62.842 0.0000000000
116884  24.823  -45.795  62.407 0.0000000000
116885  24.501  -46.028  62.192 0.0000000000
116886  24.175  -46.218  61.920 0.0000000000
116887  23.457  -45.767  61.304 0.0000000000
116888  23.655  -46.091  61.531 0.0000000000
116889  23.847  -46.393  61.637 0.0000000000
116890  23.495  -46.573  61.401 0.0000000000
116891  23.109  -46.763  61.107 0.0000000000
116892  22.716  -46.925  60.804 0.0000000000
122316  40.790  -32.966  38.567 0.0000000000
122317  40.913  -33.567  38.912 0.0000000000
122318  41.115  -34.170  39.242 0.0000000000
123563  36.310  -48.405  57.565 0.0000000000
123564  36.124  -48.538  58.112 0.0000000000
123565  36.558  -47.591  58.606 0.0000000000
123566  36.262  -48.131  58.645 0.0000000000
123567  35.966  -48.733  58.593 0.0000000000
123568  35.796  -48.875  59.093 0.0000000000
123569  35.591  -48.945  59.612 0.0000000000
123570  35.384  -48.990  60.096 0.0000000000
123571  26.328  -42.342  54.438 0.0000000000
123575  27.692  -43.419  56.058 0.0000000000
123577  27.516  -43.449  56.416 0.0000000000
123578  28.183  -43.754  56.590 0.0000000000
123579  28.643  -44.047  57.090 0.0000000000
123580  29.133  -44.374  57.563 0.0000000000
123581  29.553  -44.632  58.121 0.0000000000
123582  28.370  -44.748  62.089 0.0000000000
123583  28.604  -44.740  61.775 0.0000000000
123584  28.975  -45.000  62.354 0.0000000000
123585  29.623  -45.253  62.529 0.0000000000
123586  30.330  -45.512  62.714 0.0000000000
123587  30.234  -45.861  63.446 0.0000000000
123588  30.652  -45.815  63.190 0.0000000000
123589  31.051  -45.764  62.899 0.0000000000
123590  31.773  -46.057  63.093 0.0000000000
123591  32.473  -46.367  63.153 0.0000000000
123592  33.112  -46.690  63.120 0.0000000000
123593  33.663  -47.042  63.026 0.0000000000
123594  33.225  -47.123  63.315 0.0000000000
123595  33.183  -47.608  63.424 0.0000000000
123596  33.111  -48.145  63.509 0.0000000000
123597  32.292  -47.900  63.911 0.0000000000
123598  32.623  -48.289  63.726 0.0000000000
123599  32.917  -48.718  63.515 0.0000000000
123600  32.714  -49.276  63.513 0.0000000000
123601  32.391  -49.891  63.465 0.0000000000
123602  32.003  -50.586  63.341 0.0000000000
123603  31.646  -51.255  63.226 0.0000000000
123604  31.489  -50.760  63.577 0.0000000000
123605  30.964  -50.961  63.673 0.0000000000
123606  30.446  -51.193  63.754 0.0000000000
123607  30.657  -50.050  63.855 0.0000000000
123608  30.297  -50.713  63.789 0.0000000000
123609  29.924  -51.404  63.792 0.0000000000
123610  29.355  -51.607  63.764 0.0000000000
123611  28.755  -51.810  63.711 0.0000000000
123612  28.172  -52.013  63.612 0.0000000000
123613  25.475  -49.191  61.156 0.0000000000
123614  25.819  -49.577  61.436 0.0000000000
123615  25.205  -49.844  61.091 0.0000000000
123616  24.869  -50.430  61.179 0.0000000000
123617  24.556  -50.990  61.274 0.0000000000
123618  23.758  -50.849  60.613 0.0000000000
123619  23.999  -51.179  60.992 0.0000000000
123620  24.239  -51.556  61.441 0.0000000000
123621  23.927  -52.024  61.548 0.0000000000
123622  23.609  -52.535  61.681 0.0000000000
123623  23.334  -53.082  61.850 0.0000000000
123624  23.016  -53.685  62.015 0.0000000000
123625  22.832  -53.284  61.590 0.0000000000
123626  22.306  -53.476  61.271 0.0000000000
123628  21.831  -52.759  60.396 0.0000000000
123694  17.927  -43.287  64.771 0.0000000000
123695  18.092  -43.724  64.045 0.0000000000
123698  18.696  -45.116  62.206 0.0000000000
123704  18.668  -46.314  62.930 0.0000000000
123705  18.661  -46.695  62.930 0.0000000000
123706  18.535  -46.989  62.874 0.0000000000
123707  18.405  -47.399  62.757 0.0000000000
132032  38.204  -32.569  37.657 0.0000000000
132033  37.892  -32.878  37.637 0.0000000000
132034  38.018  -33.534  37.673 0.0000000000
132035  38.262  -34.228  37.786 0.0000000000
132036  37.461  -34.283  37.644 0.0000000000
132037  38.003  -34.597  37.729 0.0000000000
132038  38.536  -34.892  37.872 0.0000000000
132039  38.783  -35.561  37.822 0.0000000000
133174  24.590  -42.935  56.697 0.0000000000
133175  25.208  -43.200  57.033 0.0000000000
133176  25.017  -43.231  57.330 0.0000000000
133177  25.410  -43.498  57.942 0.0000000000
133178  25.882  -43.680  58.641 0.0000000000
133179  25.057  -43.555  58.562 0.0000000000
133180  25.685  -43.711  58.950 0.0000000000
133181  26.294  -43.838  59.330 0.0000000000
133182  26.684  -43.931  59.982 0.0000000000
133183  26.984  -44.117  60.566 0.0000000000
133184  27.375  -44.333  61.208 0.0000000000
133185  24.105  -43.749  59.477 0.0000000000
133186  24.731  -43.910  59.879 0.0000000000
133187  25.374  -44.038  60.274 0.0000000000
133188  25.370  -44.401  61.015 0.0000000000
133189  25.673  -44.303  60.874 0.0000000000
133190  25.994  -44.180  60.694 0.0000000000
133191  26.563  -44.328  61.143 0.0000000000
133192  27.136  -44.403  61.468 0.0000000000
133193  27.748  -44.554  61.781 0.0000000000
133194  28.070  -44.775  62.355 0.0000000000
133195  28.314  -45.050  62.834 0.0000000000
133196  28.587  -45.417  63.354 0.0000000000
133197  27.646  -45.365  63.334 0.0000000000
133198  28.243  -45.610  63.589 0.0000000000
133199  28.866  -45.838  63.742 0.0000000000
133200  29.053  -46.307  64.040 0.0000000000
133201  29.223  -46.800  64.164 0.0000000000
133202  29.361  -47.283  63.986 0.0000000000
133203  29.415  -47.809  63.809 0.0000000000
133204  28.893  -47.447  63.788 0.0000000000
133205  28.457  -47.586  63.555 0.0000000000
133206  28.052  -47.673  63.268 0.0000000000
133207  27.452  -46.914  63.513 0.0000000000
133208  27.574  -47.331  63.231 0.0000000000
133209  27.666  -47.792  62.917 0.0000000000
133210  27.194  -47.941  62.549 0.0000000000
133211  26.682  -48.124  62.145 0.0000000000
133212  26.209  -48.340  61.704 0.0000000000
133213  25.559  -46.287  62.967 0.0000000000
133214  25.659  -46.572  62.786 0.0000000000
133215  25.758  -46.879  62.493 0.0000000000
133216  24.905  -46.939  61.930 0.0000000000
133217  25.339  -47.050  62.064 0.0000000000
133218  25.795  -47.191  62.195 0.0000000000
133219  25.830  -47.602  61.891 0.0000000000
133220  25.795  -48.064  61.618 0.0000000000
133221  25.649  -48.565  61.288 0.0000000000
133222  25.108  -48.835  60.931 0.0000000000
133223  24.520  -49.115  60.652 0.0000000000
133224  23.892  -49.322  60.347 0.0000000000
133225  23.716  -48.560  60.326 0.0000000000
133226  23.512  -49.023  60.180 0.0000000000
133227  23.324  -49.562  60.028 0.0000000000
133228  22.745  -49.792  59.742 0.0000000000
133229  22.134  -49.983  59.488 0.0000000000
133230  21.537  -50.109  59.282 0.0000000000
139932  25.217  -42.294  55.039 0.0000000000
139933  24.988  -42.370  55.364 0.0000000000
139934  24.747  -42.444  55.582 0.0000000000
139935  24.496  -42.538  55.900 0.0000000000
139962  24.197  -42.548  56.154 0.0000000000
139963  24.038  -42.652  56.459 0.0000000000
139964  23.803  -42.680  56.760 0.0000000000
139965  23.572  -42.701  57.081 0.0000000000
139967  22.973  -42.343  56.860 0.0000000000
139968  23.340  -42.708  57.265 0.0000000000
139969  23.156  -42.780  57.540 0.0000000000
139970  22.908  -42.765  57.766 0.0000000000
139971  22.715  -42.858  57.973 0.0000000000
139979  22.144  -42.521  57.781 0.0000000000
139980  22.521  -42.959  58.212 0.0000000000
139983  21.914  -43.262  58.983 0.0000000000
139984  21.040  -42.355  58.609 0.0000000000
139986  21.747  -43.388  59.129 0.0000000000
139987  21.554  -43.558  59.254 0.0000000000
139988  21.341  -43.761  59.366 0.0000000000
139989  21.083  -43.836  59.512 0.0000000000
147561  42.995  -34.328  40.569 0.0000000000
147562  43.371  -34.614  40.970 0.0000000000
147563  43.734  -34.871  41.353 0.0000000000
147564  43.932  -35.361  41.420 0.0000000000
147567  38.696  -32.834  37.786 0.0000000000
147568  39.124  -33.147  37.935 0.0000000000
147569  39.550  -33.495  38.163 0.0000000000
147570  39.570  -34.509  38.214 0.0000000000
147571  39.775  -34.114  38.327 0.0000000000
147572  40.024  -33.833  38.486 0.0000000000
147573  40.464  -34.178  38.825 0.0000000000
147574  40.896  -34.483  39.139 0.0000000000
147575  41.363  -34.791  39.289 0.0000000000
147582  41.476  -35.689  38.852 0.0000000000
147583  41.649  -35.375  39.164 0.0000000000
147584  41.818  -35.100  39.482 0.0000000000
147585  42.245  -35.379  39.679 0.0000000000
147586  42.677  -35.606  39.838 0.0000000000
147587  43.090  -35.825  40.023 0.0000000000
147621  33.967  -38.248  37.333 0.0000000000
150780  34.879  -49.595  56.496 0.0000000000
150781  35.101  -49.626  57.552 0.0000000000
150782  34.812  -49.780  56.955 0.0000000000
150783  34.362  -49.980  56.397 0.0000000000
150784  33.743  -50.422  56.306 0.0000000000
150787  32.410  -51.497  56.564 0.0000000000
150788  32.337  -51.716  56.960 0.0000000000
150789  32.216  -51.963  57.364 0.0000000000
150790  33.107  -51.276  58.000 0.0000000000
150791  32.629  -51.731  57.954 0.0000000000
150792  32.052  -52.219  57.760 0.0000000000
150793  31.871  -52.480  58.161 0.0000000000
150794  31.648  -52.703  58.514 0.0000000000
150795  31.356  -52.907  58.846 0.0000000000
150802  29.679  -43.635  54.304 0.0000000000
150803  30.345  -43.917  54.703 0.0000000000
150804  30.989  -44.142  55.120 0.0000000000
150806  28.089  -43.344  55.028 0.0000000000
150807  28.757  -43.654  55.177 0.0000000000
150808  29.195  -44.012  56.011 0.0000000000
150809  29.333  -43.975  55.655 0.0000000000
150810  29.467  -43.921  55.305 0.0000000000
150811  30.176  -44.113  55.413 0.0000000000
150812  30.906  -44.225  55.500 0.0000000000
150813  31.658  -44.317  55.588 0.0000000000
150814  32.348  -44.443  56.077 0.0000000000
150815  32.979  -44.651  56.578 0.0000000000
150816  33.626  -44.790  57.072 0.0000000000
150817  32.700  -44.901  57.333 0.0000000000
150818  33.432  -44.909  57.476 0.0000000000
150819  34.164  -44.880  57.561 0.0000000000
150820  34.675  -44.990  58.053 0.0000000000
150821  35.169  -45.182  58.556 0.0000000000
150822  35.567  -45.406  59.043 0.0000000000
150823  25.846  -43.412  57.341 0.0000000000
150824  26.503  -43.580  57.636 0.0000000000
150825  27.240  -43.745  57.951 0.0000000000
150826  27.462  -43.928  59.038 0.0000000000
150827  27.670  -43.972  58.601 0.0000000000
150828  27.952  -44.001  58.187 0.0000000000
150829  28.631  -44.299  58.387 0.0000000000
150830  29.291  -44.603  58.579 0.0000000000
150831  30.024  -44.843  58.704 0.0000000000
150832  28.925  -44.745  61.456 0.0000000000
150833  29.240  -44.774  61.102 0.0000000000
150834  29.549  -44.867  60.650 0.0000000000
150835  30.648  -45.271  61.505 0.0000000000
150836  30.294  -45.116  60.816 0.0000000000
150837  29.822  -44.956  60.202 0.0000000000
150838  30.143  -45.011  59.782 0.0000000000
150839  30.496  -45.038  59.323 0.0000000000
150840  30.814  -45.047  58.883 0.0000000000
150841  31.614  -45.213  59.069 0.0000000000
150842  32.450  -45.331  59.207 0.0000000000
150843  33.251  -45.386  59.315 0.0000000000
150844  33.349  -45.629  60.344 0.0000000000
150845  33.673  -45.520  59.891 0.0000000000
150846  34.013  -45.426  59.401 0.0000000000
150847  34.718  -45.470  59.479 0.0000000000
150848  35.383  -45.571  59.538 0.0000000000
150849  35.875  -45.737  59.504 0.0000000000
150850  36.098  -46.098  59.932 0.0000000000
150851  36.144  -46.524  60.220 0.0000000000
150852  36.080  -47.037  60.416 0.0000000000
150853  35.584  -46.816  61.139 0.0000000000
150854  35.839  -47.154  60.886 0.0000000000
150855  35.962  -47.548  60.559 0.0000000000
150856  35.752  -48.083  60.619 0.0000000000
150857  35.502  -48.600  60.615 0.0000000000
150858  35.137  -49.140  60.517 0.0000000000
150859  34.065  -47.368  62.799 0.0000000000
150860  34.388  -47.720  62.535 0.0000000000
150861  34.638  -48.110  62.227 0.0000000000
150862  34.021  -48.793  62.546 0.0000000000
150863  34.416  -48.682  62.147 0.0000000000
150864  34.870  -48.518  61.840 0.0000000000
150865  34.897  -48.874  61.418 0.0000000000
150866  34.838  -49.273  60.904 0.0000000000
150867  34.725  -49.696  60.317 0.0000000000
150868  34.248  -50.175  60.122 0.0000000000
150869  33.811  -50.611  59.976 0.0000000000
150870  33.317  -51.080  59.801 0.0000000000
150871  33.257  -51.027  60.789 0.0000000000
150872  33.086  -51.294  60.215 0.0000000000
150873  32.858  -51.602  59.659 0.0000000000
150874  32.372  -52.170  59.564 0.0000000000
150875  31.740  -52.646  59.428 0.0000000000
150876  31.122  -53.061  59.210 0.0000000000
150880  31.082  -53.121  61.114 0.0000000000
150886  31.257  -51.950  63.190 0.0000000000
150887  30.848  -52.703  63.150 0.0000000000
150888  30.375  -53.317  62.966 0.0000000000
150889  29.787  -53.271  63.531 0.0000000000
150890  29.867  -53.588  63.174 0.0000000000
150891  29.901  -53.850  62.715 0.0000000000
150899  27.064  -55.707  63.105 0.0000000000
150900  26.681  -56.182  62.846 0.0000000000
150904  29.405  -48.360  63.618 0.0000000000
150905  29.347  -48.975  63.507 0.0000000000
150906  29.195  -49.584  63.437 0.0000000000
150907  28.386  -49.275  63.025 0.0000000000
150908  28.655  -49.760  63.246 0.0000000000
150909  28.850  -50.230  63.407 0.0000000000
150910  28.450  -50.887  63.379 0.0000000000
150911  27.986  -51.542  63.424 0.0000000000
150912  27.560  -52.166  63.463 0.0000000000
150913  26.100  -50.013  61.749 0.0000000000
150914  26.284  -50.481  62.171 0.0000000000
150915  26.467  -50.927  62.522 0.0000000000
150916  25.504  -51.577  62.420 0.0000000000
150917  26.079  -51.467  62.643 0.0000000000
150918  26.641  -51.331  62.804 0.0000000000
150919  26.802  -51.790  63.073 0.0000000000
150920  27.005  -52.264  63.296 0.0000000000
150921  27.202  -52.763  63.504 0.0000000000
150922  26.830  -53.432  63.529 0.0000000000
150923  26.498  -53.980  63.563 0.0000000000
150924  26.202  -54.562  63.574 0.0000000000
150925  25.488  -54.194  63.263 0.0000000000
150926  25.722  -54.714  63.486 0.0000000000
150927  25.878  -55.149  63.623 0.0000000000
150928  25.558  -55.757  63.615 0.0000000000
150930  24.957  -57.017  63.513 0.0000000000
150931  24.514  -57.146  63.614 0.0000000000
150934  23.567  -56.255  63.501 0.0000000000
150935  23.260  -56.828  63.662 0.0000000000
150940  22.724  -54.239  62.181 0.0000000000
150941  22.443  -54.805  62.370 0.0000000000
150942  22.135  -55.439  62.634 0.0000000000
150945  21.819  -56.016  62.905 0.0000000000
151037  20.528  -43.262  59.627 0.0000000000
151038  20.719  -43.796  59.700 0.0000000000
151117  19.943  -43.294  60.265 0.0000000000
151118  20.361  -43.835  59.902 0.0000000000
151119  20.940  -44.345  59.840 0.0000000000
151120  21.213  -44.813  59.979 0.0000000000
151121  21.438  -45.252  60.128 0.0000000000
151122  21.575  -45.585  60.263 0.0000000000
151123  20.368  -45.340  60.214 0.0000000000
151124  21.050  -45.677  60.231 0.0000000000
151125  21.755  -45.968  60.472 0.0000000000
151126  21.950  -46.387  60.662 0.0000000000
151127  22.059  -46.721  60.658 0.0000000000
151128  22.120  -47.074  60.571 0.0000000000
151129  18.971  -45.518  61.781 0.0000000000
151130  19.269  -45.864  61.357 0.0000000000
151131  19.610  -46.200  61.021 0.0000000000
151132  19.431  -46.536  61.467 0.0000000000
151133  19.774  -46.519  61.005 0.0000000000
151134  20.186  -46.509  60.643 0.0000000000
151135  20.802  -46.858  60.440 0.0000000000
151136  21.478  -47.173  60.393 0.0000000000
151137  22.128  -47.486  60.372 0.0000000000
151138  21.965  -47.776  60.124 0.0000000000
151139  21.789  -48.115  59.890 0.0000000000
151140  21.622  -48.553  59.646 0.0000000000
151141  20.502  -48.285  59.663 0.0000000000
151142  20.985  -48.587  59.477 0.0000000000
151143  21.454  -48.911  59.439 0.0000000000
151144  21.252  -49.305  59.301 0.0000000000
151145  21.029  -49.703  59.201 0.0000000000
151153  18.162  -47.215  64.048 0.0000000000
151154  18.220  -47.479  63.389 0.0000000000
151155  18.198  -47.820  62.629 0.0000000000
151164  18.224  -48.175  61.896 0.0000000000
151991  35.933  -33.519  37.740 0.0000000000
151992  35.656  -33.922  37.784 0.0000000000
151993  35.391  -34.289  37.862 0.0000000000
152002  35.108  -34.702  37.920 0.0000000000
152003  34.833  -35.109  37.992 0.0000000000
152004  34.593  -35.491  38.100 0.0000000000
152005  34.372  -35.831  38.259 0.0000000000
152007  33.866  -35.747  38.450 0.0000000000
152008  34.196  -36.223  38.365 0.0000000000
152009  33.956  -36.594  38.409 0.0000000000
152010  33.714  -36.974  38.449 0.0000000000
152011  33.470  -37.349  38.503 0.0000000000
152075  30.657  -35.966  43.621 0.0000000000
152090  32.833  -36.967  39.295 0.0000000000
152091  33.054  -37.351  38.969 0.0000000000
152094  32.593  -38.486  38.662 0.0000000000
152096  31.945  -38.614  39.693 0.0000000000
152097  32.010  -38.940  39.250 0.0000000000
159011  45.881  -35.777  43.007 0.0000000000
