#!ascii label  , from subject fsaverage vox2ras=TkReg
645
40  34.320  -73.451  -11.988 0.0000000000
621  29.285  -69.923  -11.936 0.0000000000
831  39.084  -68.814  -13.940 0.0000000000
833  35.719  -67.769  -13.982 0.0000000000
1384  28.368  -64.365  -4.302 0.0000000000
1386  27.266  -69.748  -4.952 0.0000000000
1388  29.308  -66.241  -9.920 0.0000000000
1389  29.739  -62.717  -14.235 0.0000000000
2499  31.481  -72.305  -13.056 0.0000000000
2500  32.748  -65.771  -14.999 0.0000000000
2750  38.305  -71.828  -13.658 0.0000000000
2751  36.706  -70.846  -12.675 0.0000000000
2752  37.295  -68.246  -13.755 0.0000000000
2753  34.883  -70.586  -12.563 0.0000000000
3304  30.393  -63.882  -6.146 0.0000000000
3305  27.616  -67.393  -4.259 0.0000000000
3306  29.541  -66.275  -6.564 0.0000000000
3307  29.165  -68.194  -7.083 0.0000000000
3308  29.732  -64.265  -9.656 0.0000000000
3309  28.868  -62.623  -11.820 0.0000000000
5603  29.950  -71.302  -12.951 0.0000000000
5604  31.696  -69.412  -14.491 0.0000000000
5605  30.076  -68.243  -14.258 0.0000000000
5607  32.629  -60.140  -14.878 0.0000000000
6104  39.741  -63.406  -13.044 0.0000000000
6106  38.413  -65.868  -15.875 0.0000000000
6107  36.978  -65.162  -16.131 0.0000000000
7098  25.489  -64.446  -4.219 0.0000000000
7105  29.031  -70.069  -7.963 0.0000000000
7106  29.093  -68.235  -10.875 0.0000000000
7107  28.925  -66.586  -13.291 0.0000000000
7108  28.645  -64.797  -12.267 0.0000000000
8004  39.768  -59.920  -13.350 0.0000000000
8582  33.751  -76.050  -10.942 0.0000000000
10026  32.591  -75.657  -10.366 0.0000000000
10053  32.988  -72.859  -12.394 0.0000000000
10054  33.460  -70.061  -13.635 0.0000000000
10055  34.312  -66.765  -14.765 0.0000000000
10056  35.738  -63.345  -15.892 0.0000000000
10057  31.209  -64.415  -14.697 0.0000000000
10058  34.102  -61.847  -15.261 0.0000000000
10059  37.059  -59.919  -17.144 0.0000000000
10429  35.138  -73.878  -12.213 0.0000000000
10430  36.304  -72.677  -12.626 0.0000000000
10431  35.511  -72.127  -12.298 0.0000000000
10432  35.828  -70.545  -12.480 0.0000000000
10433  34.626  -72.038  -12.184 0.0000000000
10984  30.751  -63.197  -7.699 0.0000000000
10985  29.989  -65.134  -6.317 0.0000000000
10986  30.287  -64.395  -7.852 0.0000000000
10987  29.850  -65.385  -8.128 0.0000000000
10988  30.121  -63.340  -9.493 0.0000000000
11613  40.129  -61.958  -11.715 0.0000000000
13283  29.565  -70.666  -12.413 0.0000000000
13284  29.875  -69.858  -13.679 0.0000000000
13285  29.431  -69.068  -13.220 0.0000000000
14007  38.773  -70.257  -13.565 0.0000000000
14008  39.756  -70.663  -14.076 0.0000000000
14014  36.479  -67.986  -13.824 0.0000000000
14015  37.733  -67.005  -14.875 0.0000000000
14016  36.985  -66.755  -14.960 0.0000000000
14017  37.728  -65.561  -16.047 0.0000000000
14018  36.272  -66.423  -15.026 0.0000000000
15669  26.882  -64.514  -3.951 0.0000000000
15670  25.051  -66.153  -3.700 0.0000000000
15671  26.519  -66.154  -3.695 0.0000000000
15672  27.421  -68.664  -4.517 0.0000000000
15679  29.419  -67.276  -8.483 0.0000000000
15680  29.084  -69.199  -7.402 0.0000000000
15681  29.355  -68.201  -8.842 0.0000000000
15682  29.253  -69.082  -9.516 0.0000000000
15683  29.204  -67.263  -10.305 0.0000000000
15684  28.861  -66.509  -11.542 0.0000000000
15685  29.020  -65.562  -11.083 0.0000000000
17477  27.480  -61.353  -4.555 0.0000000000
17560  39.724  -61.655  -13.137 0.0000000000
17561  39.809  -61.478  -14.245 0.0000000000
18922  34.323  -76.505  -11.444 0.0000000000
18923  33.450  -77.434  -10.321 0.0000000000
22566  31.637  -73.620  -11.930 0.0000000000
22567  32.185  -73.948  -11.820 0.0000000000
22568  32.300  -72.590  -12.854 0.0000000000
22569  33.247  -71.530  -13.054 0.0000000000
22570  32.456  -71.259  -13.534 0.0000000000
22571  32.190  -67.580  -14.860 0.0000000000
22572  33.031  -68.056  -14.661 0.0000000000
22573  33.484  -66.420  -14.914 0.0000000000
22574  34.997  -65.152  -15.158 0.0000000000
22575  34.194  -64.407  -15.141 0.0000000000
22576  29.191  -64.724  -13.822 0.0000000000
22577  29.847  -65.552  -14.256 0.0000000000
22578  30.378  -63.630  -14.469 0.0000000000
22580  33.285  -61.060  -15.044 0.0000000000
22581  34.926  -59.835  -15.626 0.0000000000
22582  35.658  -60.780  -16.022 0.0000000000
23380  37.684  -73.494  -13.862 0.0000000000
23381  37.037  -73.224  -13.217 0.0000000000
23382  37.529  -71.451  -13.093 0.0000000000
23383  37.877  -69.842  -13.220 0.0000000000
23384  38.168  -68.540  -13.836 0.0000000000
23385  36.961  -69.507  -12.981 0.0000000000
23386  36.107  -69.301  -12.963 0.0000000000
23387  35.251  -69.152  -13.138 0.0000000000
24378  29.588  -64.172  -5.046 0.0000000000
24379  27.923  -65.951  -4.213 0.0000000000
24380  29.141  -65.596  -5.091 0.0000000000
24381  28.776  -66.899  -5.215 0.0000000000
24382  28.569  -68.076  -5.534 0.0000000000
24383  28.408  -69.041  -5.839 0.0000000000
24384  29.239  -67.329  -6.796 0.0000000000
24385  29.565  -66.321  -8.261 0.0000000000
24386  29.507  -65.312  -9.681 0.0000000000
24387  29.198  -64.487  -10.881 0.0000000000
24388  29.374  -63.479  -10.753 0.0000000000
28517  30.659  -71.878  -13.128 0.0000000000
28518  31.510  -70.895  -13.965 0.0000000000
28519  30.477  -70.522  -13.991 0.0000000000
28520  30.843  -68.852  -14.501 0.0000000000
28521  31.353  -67.125  -14.726 0.0000000000
28523  31.172  -61.371  -14.699 0.0000000000
29600  40.113  -63.553  -12.375 0.0000000000
29604  38.544  -67.271  -14.688 0.0000000000
29609  37.882  -63.659  -17.088 0.0000000000
31925  26.265  -67.822  -3.640 0.0000000000
31935  28.343  -69.985  -6.193 0.0000000000
31939  29.241  -70.034  -10.029 0.0000000000
31940  29.141  -69.094  -11.431 0.0000000000
31941  29.111  -68.275  -12.676 0.0000000000
31942  28.877  -67.497  -12.078 0.0000000000
31943  28.697  -65.742  -12.732 0.0000000000
31944  28.780  -63.815  -13.364 0.0000000000
31945  28.720  -63.691  -11.995 0.0000000000
31946  28.548  -62.835  -13.001 0.0000000000
31947  29.091  -61.692  -13.943 0.0000000000
34234  27.255  -62.927  -4.300 0.0000000000
34235  28.619  -62.872  -4.373 0.0000000000
34238  29.857  -62.722  -5.008 0.0000000000
34239  30.727  -62.509  -6.077 0.0000000000
34338  39.827  -61.880  -12.297 0.0000000000
36008  34.012  -74.755  -11.618 0.0000000000
40313  33.133  -75.817  -10.574 0.0000000000
40314  33.351  -74.592  -11.383 0.0000000000
40394  32.818  -74.293  -11.539 0.0000000000
40395  33.618  -73.210  -12.063 0.0000000000
40396  33.930  -71.718  -12.473 0.0000000000
40397  34.197  -70.286  -12.995 0.0000000000
40398  34.519  -68.835  -13.628 0.0000000000
40399  32.650  -69.710  -14.162 0.0000000000
40400  33.791  -68.402  -14.245 0.0000000000
40401  34.977  -67.280  -14.298 0.0000000000
40402  35.665  -65.797  -15.243 0.0000000000
40403  36.433  -64.294  -16.170 0.0000000000
40404  37.118  -62.729  -17.014 0.0000000000
40405  29.460  -67.444  -13.759 0.0000000000
40406  30.538  -66.471  -14.505 0.0000000000
40407  32.017  -65.160  -14.867 0.0000000000
40408  31.841  -62.379  -14.801 0.0000000000
40409  32.658  -63.097  -14.970 0.0000000000
40410  33.373  -63.821  -15.046 0.0000000000
40411  34.927  -62.587  -15.488 0.0000000000
40412  36.396  -61.684  -16.581 0.0000000000
41149  34.721  -73.673  -12.063 0.0000000000
41150  35.365  -73.034  -12.265 0.0000000000
41151  34.903  -72.853  -12.148 0.0000000000
41152  35.067  -72.073  -12.161 0.0000000000
41153  34.475  -72.768  -12.090 0.0000000000
41704  30.732  -62.749  -8.509 0.0000000000
41705  30.522  -63.799  -7.731 0.0000000000
41706  30.483  -63.352  -8.551 0.0000000000
41707  30.253  -63.853  -8.686 0.0000000000
41708  30.347  -62.759  -9.446 0.0000000000
41710  30.400  -61.890  -9.953 0.0000000000
42333  40.285  -62.801  -11.782 0.0000000000
43999  29.310  -70.291  -11.264 0.0000000000
44003  29.411  -70.257  -12.187 0.0000000000
44004  29.494  -69.885  -12.826 0.0000000000
44005  29.335  -69.522  -12.572 0.0000000000
44727  38.943  -69.526  -13.690 0.0000000000
44728  39.428  -69.780  -13.905 0.0000000000
44733  39.249  -68.193  -14.225 0.0000000000
44734  36.083  -67.847  -13.870 0.0000000000
44735  36.711  -67.374  -14.385 0.0000000000
44736  36.303  -67.175  -14.414 0.0000000000
44737  36.626  -66.598  -14.969 0.0000000000
44738  35.987  -67.076  -14.480 0.0000000000
46389  27.662  -64.451  -4.057 0.0000000000
46390  26.633  -65.371  -3.789 0.0000000000
46391  27.434  -65.266  -3.969 0.0000000000
46392  27.458  -69.123  -4.759 0.0000000000
46393  26.742  -69.471  -4.396 0.0000000000
46399  29.420  -66.734  -9.220 0.0000000000
46400  29.371  -67.732  -8.646 0.0000000000
46401  29.377  -67.216  -9.400 0.0000000000
46402  29.266  -67.604  -9.654 0.0000000000
46403  29.285  -66.752  -10.075 0.0000000000
46404  29.139  -66.460  -10.653 0.0000000000
46405  29.214  -65.923  -10.495 0.0000000000
48280  39.773  -62.300  -14.146 0.0000000000
48281  39.872  -62.443  -14.643 0.0000000000
53286  31.602  -73.003  -12.462 0.0000000000
53287  31.937  -73.112  -12.559 0.0000000000
53288  31.964  -72.474  -12.989 0.0000000000
53289  32.368  -71.984  -13.203 0.0000000000
53290  31.966  -71.854  -13.368 0.0000000000
53291  32.414  -66.746  -14.970 0.0000000000
53292  32.902  -67.009  -14.944 0.0000000000
53293  33.196  -66.054  -15.033 0.0000000000
53294  33.834  -65.397  -15.037 0.0000000000
53295  33.477  -65.069  -15.062 0.0000000000
53296  29.380  -63.778  -14.032 0.0000000000
53297  29.763  -64.140  -14.222 0.0000000000
53298  30.057  -63.112  -14.366 0.0000000000
53300  34.608  -59.337  -15.442 0.0000000000
54326  36.383  -73.917  -12.952 0.0000000000
54327  36.532  -71.715  -12.608 0.0000000000
54328  36.931  -72.069  -12.885 0.0000000000
54329  37.117  -71.155  -12.849 0.0000000000
54330  37.710  -70.645  -13.096 0.0000000000
54331  37.294  -70.322  -12.909 0.0000000000
54332  37.432  -69.644  -13.087 0.0000000000
54333  36.816  -70.173  -12.793 0.0000000000
54334  35.357  -70.612  -12.530 0.0000000000
54335  35.946  -69.934  -12.670 0.0000000000
54336  35.530  -69.904  -12.754 0.0000000000
54337  35.709  -69.240  -13.017 0.0000000000
54338  35.052  -69.876  -12.844 0.0000000000
55989  30.038  -64.052  -5.549 0.0000000000
55990  29.338  -64.931  -5.055 0.0000000000
55991  29.833  -64.733  -5.597 0.0000000000
55992  29.756  -65.710  -6.441 0.0000000000
55993  29.443  -65.951  -5.793 0.0000000000
55994  29.225  -66.587  -5.890 0.0000000000
55995  28.631  -67.515  -5.352 0.0000000000
55996  29.086  -67.191  -6.015 0.0000000000
55997  28.919  -67.751  -6.114 0.0000000000
55998  29.391  -66.840  -6.698 0.0000000000
55999  29.817  -64.823  -8.925 0.0000000000
56000  29.677  -65.859  -8.214 0.0000000000
56001  29.691  -65.338  -8.907 0.0000000000
56002  29.581  -65.898  -8.929 0.0000000000
56003  29.609  -64.875  -9.635 0.0000000000
56004  29.469  -64.390  -10.236 0.0000000000
56005  29.576  -63.901  -10.161 0.0000000000
56006  29.480  -61.484  -11.192 0.0000000000
62887  30.464  -72.370  -12.471 0.0000000000
62889  30.551  -71.173  -13.592 0.0000000000
62890  30.184  -70.880  -13.504 0.0000000000
62891  29.960  -69.068  -13.994 0.0000000000
62892  30.280  -69.521  -14.147 0.0000000000
62893  30.428  -68.647  -14.362 0.0000000000
62894  31.096  -68.008  -14.672 0.0000000000
62895  30.651  -67.744  -14.529 0.0000000000
65057  38.056  -72.632  -13.793 0.0000000000
65059  38.738  -72.029  -13.972 0.0000000000
65079  37.727  -68.395  -13.738 0.0000000000
65080  38.334  -67.895  -14.260 0.0000000000
65081  37.918  -67.748  -14.272 0.0000000000
65082  38.048  -66.421  -15.408 0.0000000000
65089  37.369  -65.350  -16.153 0.0000000000
65090  38.187  -64.962  -16.525 0.0000000000
65091  37.850  -64.680  -16.693 0.0000000000
65093  37.437  -64.414  -16.676 0.0000000000
70044  24.810  -64.355  -4.486 0.0000000000
70046  24.577  -65.192  -4.200 0.0000000000
70047  24.915  -67.071  -3.549 0.0000000000
70048  24.200  -67.005  -3.693 0.0000000000
70052  27.741  -66.653  -4.244 0.0000000000
70053  27.054  -66.861  -3.904 0.0000000000
70054  26.970  -67.595  -3.917 0.0000000000
70074  28.827  -68.673  -6.391 0.0000000000
70075  28.383  -69.557  -5.991 0.0000000000
70076  28.789  -69.141  -6.574 0.0000000000
70077  29.084  -69.605  -7.708 0.0000000000
70078  28.792  -70.085  -6.945 0.0000000000
70084  29.205  -68.656  -10.193 0.0000000000
70085  29.260  -69.645  -9.772 0.0000000000
70086  29.234  -69.142  -10.476 0.0000000000
70087  29.227  -69.556  -10.748 0.0000000000
70088  29.153  -68.729  -11.114 0.0000000000
70089  29.014  -68.310  -11.754 0.0000000000
70090  28.966  -67.903  -11.487 0.0000000000
70091  28.761  -65.683  -11.882 0.0000000000
70092  28.738  -66.221  -12.111 0.0000000000
70093  28.714  -65.249  -12.453 0.0000000000
70094  28.713  -64.757  -13.080 0.0000000000
70095  28.655  -64.331  -12.836 0.0000000000
70096  29.031  -63.583  -11.350 0.0000000000
70097  28.944  -64.106  -11.470 0.0000000000
70098  28.761  -63.170  -11.911 0.0000000000
70100  28.436  -62.319  -12.913 0.0000000000
70101  28.573  -61.862  -13.352 0.0000000000
70102  28.730  -62.285  -13.509 0.0000000000
70103  28.889  -61.243  -13.831 0.0000000000
75469  28.166  -61.389  -4.457 0.0000000000
75470  27.355  -62.156  -4.411 0.0000000000
75471  28.072  -62.134  -4.340 0.0000000000
75472  27.927  -62.910  -4.267 0.0000000000
75473  28.749  -62.106  -4.423 0.0000000000
75480  29.962  -61.999  -4.994 0.0000000000
75481  30.418  -61.938  -5.414 0.0000000000
75482  30.321  -62.640  -5.495 0.0000000000
75714  39.921  -63.515  -12.653 0.0000000000
75715  39.939  -62.704  -12.269 0.0000000000
75716  39.785  -62.612  -12.621 0.0000000000
75717  39.741  -60.799  -13.241 0.0000000000
75718  39.699  -60.870  -12.751 0.0000000000
75719  39.732  -60.024  -12.845 0.0000000000
79804  34.033  -76.318  -11.234 0.0000000000
79805  34.520  -75.867  -11.801 0.0000000000
79806  34.205  -75.664  -11.521 0.0000000000
79807  34.360  -75.062  -11.758 0.0000000000
79808  33.845  -75.423  -11.310 0.0000000000
90537  32.769  -76.370  -9.929 0.0000000000
90538  32.844  -75.770  -10.416 0.0000000000
90539  33.226  -75.202  -10.999 0.0000000000
90540  32.936  -75.169  -10.887 0.0000000000
90739  32.496  -73.507  -12.244 0.0000000000
90740  32.452  -74.112  -11.632 0.0000000000
90741  32.893  -73.554  -11.991 0.0000000000
90742  33.182  -73.772  -11.873 0.0000000000
90743  33.274  -72.992  -12.231 0.0000000000
90744  33.768  -72.484  -12.282 0.0000000000
90745  33.388  -72.283  -12.457 0.0000000000
90746  33.349  -70.827  -13.336 0.0000000000
90747  33.676  -70.912  -12.984 0.0000000000
90748  33.801  -70.173  -13.322 0.0000000000
90749  34.342  -69.582  -13.316 0.0000000000
90750  33.970  -69.364  -13.629 0.0000000000
90751  31.531  -70.263  -14.290 0.0000000000
90752  32.057  -70.305  -14.094 0.0000000000
90753  32.173  -69.516  -14.363 0.0000000000
90754  33.622  -67.444  -14.733 0.0000000000
90755  33.370  -68.319  -14.484 0.0000000000
90756  34.035  -67.577  -14.522 0.0000000000
90757  34.362  -67.803  -14.162 0.0000000000
90758  34.644  -67.045  -14.567 0.0000000000
90759  35.303  -66.492  -14.753 0.0000000000
90760  34.992  -66.269  -14.907 0.0000000000
90761  35.365  -64.273  -15.462 0.0000000000
90762  35.751  -64.632  -15.625 0.0000000000
90763  36.093  -63.824  -16.069 0.0000000000
90764  36.764  -63.521  -16.599 0.0000000000
90765  36.432  -63.031  -16.502 0.0000000000
90766  29.020  -67.427  -12.980 0.0000000000
90767  29.184  -67.937  -13.247 0.0000000000
90768  29.224  -67.081  -13.505 0.0000000000
90769  30.476  -65.010  -14.478 0.0000000000
90770  30.192  -66.002  -14.343 0.0000000000
90771  30.890  -65.438  -14.645 0.0000000000
90772  31.199  -65.884  -14.746 0.0000000000
90773  31.560  -64.880  -14.812 0.0000000000
90774  31.898  -60.749  -14.872 0.0000000000
90775  31.529  -61.868  -14.797 0.0000000000
90776  32.261  -61.179  -14.865 0.0000000000
90777  33.797  -61.380  -15.208 0.0000000000
90778  32.969  -62.082  -15.002 0.0000000000
90779  33.336  -62.521  -15.076 0.0000000000
90780  33.071  -63.458  -15.024 0.0000000000
90781  33.712  -62.829  -15.120 0.0000000000
90782  34.170  -63.084  -15.228 0.0000000000
90783  34.542  -62.078  -15.398 0.0000000000
90784  36.323  -60.358  -16.553 0.0000000000
90785  36.008  -61.250  -16.268 0.0000000000
90786  36.720  -60.824  -16.901 0.0000000000
90787  37.107  -61.417  -17.170 0.0000000000
92499  35.477  -74.204  -12.422 0.0000000000
92500  36.057  -73.602  -12.703 0.0000000000
92501  35.715  -73.332  -12.429 0.0000000000
92502  35.915  -72.428  -12.414 0.0000000000
92503  36.123  -71.495  -12.435 0.0000000000
92504  36.272  -70.725  -12.552 0.0000000000
92505  35.665  -71.317  -12.367 0.0000000000
92506  35.203  -71.340  -12.331 0.0000000000
92507  34.771  -71.237  -12.275 0.0000000000
93498  30.643  -63.636  -6.814 0.0000000000
93499  30.194  -64.494  -6.232 0.0000000000
93500  30.442  -64.206  -6.971 0.0000000000
93501  30.214  -64.783  -7.078 0.0000000000
93502  29.975  -65.377  -7.164 0.0000000000
93503  29.741  -65.937  -7.286 0.0000000000
93504  30.032  -64.848  -8.031 0.0000000000
93505  30.007  -64.350  -8.833 0.0000000000
93506  29.866  -63.805  -9.598 0.0000000000
93507  29.677  -63.346  -10.239 0.0000000000
93508  29.887  -62.901  -10.145 0.0000000000
94631  40.025  -61.083  -11.684 0.0000000000
97637  29.715  -71.000  -12.655 0.0000000000
97638  29.814  -70.636  -13.338 0.0000000000
97639  29.664  -70.341  -13.071 0.0000000000
97640  29.645  -69.578  -13.469 0.0000000000
97641  29.679  -68.712  -13.760 0.0000000000
98939  38.530  -71.045  -13.561 0.0000000000
98940  38.982  -71.266  -13.839 0.0000000000
98941  39.207  -70.522  -13.807 0.0000000000
98942  39.935  -69.913  -14.115 0.0000000000
98952  36.917  -68.090  -13.826 0.0000000000
98953  37.472  -67.613  -14.269 0.0000000000
98954  37.128  -67.467  -14.359 0.0000000000
98955  37.349  -66.888  -14.910 0.0000000000
98956  37.649  -66.331  -15.443 0.0000000000
98957  38.056  -65.761  -15.927 0.0000000000
98958  37.309  -66.129  -15.534 0.0000000000
98959  36.985  -65.991  -15.551 0.0000000000
98960  36.592  -65.826  -15.577 0.0000000000
101931  26.172  -64.491  -4.012 0.0000000000
101932  25.274  -65.273  -3.937 0.0000000000
101933  26.025  -65.318  -3.780 0.0000000000
101934  25.759  -66.213  -3.628 0.0000000000
101935  25.616  -67.064  -3.528 0.0000000000
101936  27.523  -68.021  -4.372 0.0000000000
101937  26.878  -68.306  -3.985 0.0000000000
101938  26.775  -68.913  -4.140 0.0000000000
101949  29.321  -67.776  -7.749 0.0000000000
101950  29.150  -68.700  -7.226 0.0000000000
101951  29.286  -68.223  -7.969 0.0000000000
101952  29.259  -68.693  -8.133 0.0000000000
101953  29.236  -69.155  -8.406 0.0000000000
101954  29.180  -69.601  -8.729 0.0000000000
101955  29.252  -68.627  -9.178 0.0000000000
101956  29.247  -68.177  -9.892 0.0000000000
101957  29.119  -67.690  -10.590 0.0000000000
101958  28.985  -67.359  -11.227 0.0000000000
101959  29.010  -66.995  -10.869 0.0000000000
101960  28.935  -66.093  -11.282 0.0000000000
101961  28.829  -65.199  -11.686 0.0000000000
105185  26.811  -61.315  -4.750 0.0000000000
105333  39.734  -63.277  -13.508 0.0000000000
105334  39.719  -62.481  -13.068 0.0000000000
105335  39.705  -62.415  -13.545 0.0000000000
105336  39.735  -61.554  -13.639 0.0000000000
105337  39.786  -60.728  -13.754 0.0000000000
107788  33.853  -76.996  -10.922 0.0000000000
107789  33.628  -76.703  -10.613 0.0000000000
114345  31.345  -74.098  -11.375 0.0000000000
114346  31.621  -74.250  -11.333 0.0000000000
114347  31.836  -74.444  -11.244 0.0000000000
114349  32.258  -73.284  -12.389 0.0000000000
114350  32.671  -72.812  -12.659 0.0000000000
114351  33.105  -72.247  -12.740 0.0000000000
114352  32.758  -72.169  -12.954 0.0000000000
114353  32.832  -71.475  -13.257 0.0000000000
114354  32.917  -70.699  -13.579 0.0000000000
114355  31.918  -68.529  -14.676 0.0000000000
114356  32.328  -68.779  -14.566 0.0000000000
114357  32.618  -67.912  -14.804 0.0000000000
114358  33.249  -67.224  -14.821 0.0000000000
114359  33.954  -66.556  -14.862 0.0000000000
114360  34.630  -65.999  -14.931 0.0000000000
114361  34.287  -65.699  -14.964 0.0000000000
114362  34.629  -64.823  -15.124 0.0000000000
114363  35.026  -63.815  -15.394 0.0000000000
114364  29.042  -65.665  -13.593 0.0000000000
114365  29.330  -66.122  -13.758 0.0000000000
114366  29.468  -65.197  -13.984 0.0000000000
114367  30.116  -64.595  -14.365 0.0000000000
114368  30.845  -63.976  -14.619 0.0000000000
114370  33.010  -60.543  -15.025 0.0000000000
114371  33.744  -59.981  -15.148 0.0000000000
114372  34.209  -60.337  -15.321 0.0000000000
114373  34.511  -60.856  -15.424 0.0000000000
114374  34.914  -61.168  -15.609 0.0000000000
114375  35.287  -60.256  -15.832 0.0000000000
114376  36.017  -59.826  -16.312 0.0000000000
115992  37.321  -73.388  -13.548 0.0000000000
115993  37.641  -72.510  -13.476 0.0000000000
115994  36.686  -72.993  -12.932 0.0000000000
115995  37.314  -72.261  -13.168 0.0000000000
115996  37.902  -71.687  -13.351 0.0000000000
115997  38.120  -70.881  -13.296 0.0000000000
115998  38.261  -70.100  -13.326 0.0000000000
115999  38.462  -69.305  -13.571 0.0000000000
116000  38.639  -68.657  -13.891 0.0000000000
116001  38.028  -69.217  -13.440 0.0000000000
116002  37.578  -68.999  -13.360 0.0000000000
116003  37.119  -68.883  -13.318 0.0000000000
116004  36.408  -70.039  -12.753 0.0000000000
116005  36.545  -69.396  -13.003 0.0000000000
116006  36.719  -68.748  -13.333 0.0000000000
116007  36.291  -68.649  -13.344 0.0000000000
116008  35.886  -68.549  -13.401 0.0000000000
116009  35.466  -68.479  -13.528 0.0000000000
118320  29.008  -64.279  -4.633 0.0000000000
118321  28.142  -65.160  -4.229 0.0000000000
118322  28.810  -65.028  -4.619 0.0000000000
118323  28.588  -65.743  -4.621 0.0000000000
118324  28.332  -66.478  -4.639 0.0000000000
118325  29.620  -65.375  -5.675 0.0000000000
118326  28.998  -66.205  -5.182 0.0000000000
118327  28.295  -67.081  -4.740 0.0000000000
118328  28.124  -67.770  -4.816 0.0000000000
118329  27.999  -68.398  -4.955 0.0000000000
118330  28.010  -68.903  -5.179 0.0000000000
118331  27.918  -69.402  -5.365 0.0000000000
118332  28.484  -68.553  -5.698 0.0000000000
118333  28.877  -68.163  -6.296 0.0000000000
118334  29.192  -67.773  -6.898 0.0000000000
118335  29.618  -66.359  -7.470 0.0000000000
118336  29.444  -66.844  -7.548 0.0000000000
118337  29.360  -67.314  -7.597 0.0000000000
118338  29.456  -66.850  -8.308 0.0000000000
118339  29.496  -66.315  -9.063 0.0000000000
118340  29.448  -65.819  -9.780 0.0000000000
118341  29.258  -65.387  -10.426 0.0000000000
118342  29.395  -64.937  -10.306 0.0000000000
118343  29.280  -64.037  -10.810 0.0000000000
118344  29.109  -63.019  -11.353 0.0000000000
118345  29.482  -62.928  -10.723 0.0000000000
118346  29.211  -62.519  -11.235 0.0000000000
127979  31.098  -72.017  -13.123 0.0000000000
127980  31.485  -71.585  -13.543 0.0000000000
127981  31.016  -71.434  -13.627 0.0000000000
127982  31.004  -70.731  -14.057 0.0000000000
127983  31.076  -69.944  -14.373 0.0000000000
127984  30.202  -70.175  -13.849 0.0000000000
127985  30.631  -69.692  -14.274 0.0000000000
127986  31.256  -69.136  -14.590 0.0000000000
127987  31.518  -68.258  -14.739 0.0000000000
127988  31.777  -67.393  -14.846 0.0000000000
127989  32.041  -66.535  -14.899 0.0000000000
127990  30.080  -61.613  -14.378 0.0000000000
127991  30.408  -62.082  -14.492 0.0000000000
127992  30.832  -60.979  -14.590 0.0000000000
127994  32.236  -59.661  -14.855 0.0000000000
130793  39.502  -71.423  -14.098 0.0000000000
130808  40.313  -63.610  -12.133 0.0000000000
130809  40.345  -64.355  -12.536 0.0000000000
130810  40.125  -64.323  -12.749 0.0000000000
130818  38.787  -68.056  -14.230 0.0000000000
130819  39.023  -67.390  -14.595 0.0000000000
130821  38.173  -67.096  -14.819 0.0000000000
137111  24.361  -66.060  -3.905 0.0000000000
137117  27.262  -66.040  -3.899 0.0000000000
137118  26.355  -66.989  -3.654 0.0000000000
137119  25.539  -67.907  -3.523 0.0000000000
137120  26.200  -68.499  -3.709 0.0000000000
137148  28.800  -69.605  -6.754 0.0000000000
137157  29.198  -70.143  -9.049 0.0000000000
137161  29.287  -70.013  -10.964 0.0000000000
137162  29.259  -69.489  -11.718 0.0000000000
137163  29.195  -69.117  -12.353 0.0000000000
137164  29.136  -68.745  -12.062 0.0000000000
137165  28.968  -67.898  -12.394 0.0000000000
137166  28.908  -67.008  -12.728 0.0000000000
137167  28.801  -67.067  -11.799 0.0000000000
137168  28.756  -66.632  -12.419 0.0000000000
137169  28.843  -66.206  -12.969 0.0000000000
137170  28.851  -65.300  -13.263 0.0000000000
137171  28.978  -64.288  -13.567 0.0000000000
137172  29.169  -63.248  -13.843 0.0000000000
137173  29.132  -64.998  -10.997 0.0000000000
137174  28.861  -64.617  -11.550 0.0000000000
137175  28.658  -64.202  -12.137 0.0000000000
137176  28.588  -62.779  -12.401 0.0000000000
137177  28.545  -63.255  -12.519 0.0000000000
137178  28.601  -63.843  -12.639 0.0000000000
137179  28.639  -63.360  -13.168 0.0000000000
137180  28.867  -62.862  -13.626 0.0000000000
137181  29.377  -62.237  -14.056 0.0000000000
143759  25.668  -63.635  -4.477 0.0000000000
143762  26.407  -63.713  -4.254 0.0000000000
143763  27.053  -63.727  -4.112 0.0000000000
143764  27.779  -63.698  -4.141 0.0000000000
143765  28.506  -63.644  -4.296 0.0000000000
143772  29.385  -62.082  -4.644 0.0000000000
143773  29.293  -62.797  -4.618 0.0000000000
143774  29.198  -63.541  -4.630 0.0000000000
143775  29.728  -63.490  -5.043 0.0000000000
143776  30.209  -63.365  -5.528 0.0000000000
143777  30.582  -63.206  -6.134 0.0000000000
143780  30.817  -63.052  -6.743 0.0000000000
143781  30.920  -62.667  -7.547 0.0000000000
144060  40.116  -62.782  -11.998 0.0000000000
144061  39.934  -61.925  -11.943 0.0000000000
144062  39.874  -61.059  -11.996 0.0000000000
144063  39.714  -61.777  -12.633 0.0000000000
144064  39.772  -61.010  -12.359 0.0000000000
144069  39.900  -61.541  -14.779 0.0000000000
144070  39.806  -60.637  -14.278 0.0000000000
144071  39.838  -59.958  -13.841 0.0000000000
149001  34.780  -76.078  -11.962 0.0000000000
149005  34.562  -74.337  -11.937 0.0000000000
149006  34.200  -74.077  -11.861 0.0000000000
161892  33.332  -76.593  -10.438 0.0000000000
161894  33.060  -76.459  -10.110 0.0000000000
161895  33.426  -75.946  -10.831 0.0000000000
161896  33.517  -75.306  -11.228 0.0000000000
161897  33.701  -74.677  -11.503 0.0000000000
161898  33.823  -74.065  -11.739 0.0000000000
162135  32.312  -75.479  -10.311 0.0000000000
162137  32.395  -74.793  -10.986 0.0000000000
162138  32.690  -75.008  -10.947 0.0000000000
162139  33.071  -74.465  -11.421 0.0000000000
162140  33.483  -73.929  -11.751 0.0000000000
162141  33.964  -73.288  -11.967 0.0000000000
162142  34.115  -72.561  -12.101 0.0000000000
162143  34.215  -71.829  -12.337 0.0000000000
162144  34.373  -71.085  -12.558 0.0000000000
162145  33.533  -71.595  -12.710 0.0000000000
162146  34.065  -70.981  -12.692 0.0000000000
162147  34.555  -70.358  -12.779 0.0000000000
162148  34.715  -69.678  -13.069 0.0000000000
162149  34.896  -69.015  -13.363 0.0000000000
162150  35.098  -68.308  -13.714 0.0000000000
162151  31.960  -71.134  -13.760 0.0000000000
162152  32.539  -70.513  -13.847 0.0000000000
162153  33.074  -69.861  -13.903 0.0000000000
162154  32.826  -68.891  -14.444 0.0000000000
162155  33.223  -69.064  -14.210 0.0000000000
162156  33.597  -69.238  -13.941 0.0000000000
162157  34.155  -68.569  -13.902 0.0000000000
162158  34.716  -68.062  -13.928 0.0000000000
162159  35.330  -67.532  -14.158 0.0000000000
162160  35.662  -66.774  -14.695 0.0000000000
162161  35.983  -66.087  -15.207 0.0000000000
162162  36.295  -65.455  -15.695 0.0000000000
162163  35.367  -65.488  -15.223 0.0000000000
162164  36.054  -65.054  -15.720 0.0000000000
162165  36.678  -64.738  -16.224 0.0000000000
162166  37.106  -63.968  -16.714 0.0000000000
162167  37.539  -63.178  -17.155 0.0000000000
162169  29.256  -68.749  -12.939 0.0000000000
162170  29.400  -68.209  -13.492 0.0000000000
162171  29.757  -67.853  -13.991 0.0000000000
162172  29.597  -66.509  -14.009 0.0000000000
162173  29.902  -66.968  -14.198 0.0000000000
162174  30.277  -67.373  -14.401 0.0000000000
162175  30.950  -66.768  -14.668 0.0000000000
162176  31.661  -66.182  -14.793 0.0000000000
162177  32.338  -65.586  -14.919 0.0000000000
162178  30.765  -62.516  -14.624 0.0000000000
162179  31.191  -62.899  -14.708 0.0000000000
162180  31.533  -63.398  -14.751 0.0000000000
162181  32.636  -61.663  -14.943 0.0000000000
162182  32.286  -62.778  -14.893 0.0000000000
162183  31.888  -63.902  -14.857 0.0000000000
162184  32.346  -64.102  -14.917 0.0000000000
162185  32.728  -64.490  -14.964 0.0000000000
162186  33.089  -64.765  -15.032 0.0000000000
162187  33.820  -64.068  -15.129 0.0000000000
162188  34.561  -63.499  -15.262 0.0000000000
162189  35.370  -62.889  -15.681 0.0000000000
162190  35.292  -61.664  -15.754 0.0000000000
162191  35.684  -62.106  -15.971 0.0000000000
162192  36.072  -62.516  -16.246 0.0000000000
162193  36.767  -62.252  -16.879 0.0000000000
