#!ascii label  , from subject fsaverage vox2ras=TkReg
1231
88  25.728  -94.744  -13.784 0.0000000000
446  28.841  -84.303  -11.645 0.0000000000
617  17.033  -90.594  -6.696 0.0000000000
618  24.021  -81.712  -8.620 0.0000000000
619  13.790  -76.508  -5.522 0.0000000000
686  24.734  -95.332  3.085 0.0000000000
687  27.578  -96.049  -0.129 0.0000000000
979  29.208  -94.718  -10.901 0.0000000000
980  34.449  -89.574  -9.992 0.0000000000
981  31.396  -90.869  -13.938 0.0000000000
983  26.368  -89.296  -11.294 0.0000000000
1379  20.031  -85.501  -7.818 0.0000000000
1380  19.783  -84.041  -11.921 0.0000000000
1383  12.470  -71.461  -4.684 0.0000000000
1525  27.937  -96.167  -5.705 0.0000000000
2487  21.141  -94.407  -10.172 0.0000000000
2488  23.619  -88.250  -7.022 0.0000000000
2489  25.916  -83.242  -9.791 0.0000000000
2493  12.624  -81.266  -8.939 0.0000000000
2495  17.842  -75.741  -9.173 0.0000000000
2496  18.064  -78.844  -11.804 0.0000000000
2606  22.952  -96.919  4.009 0.0000000000
2607  23.830  -97.698  1.714 0.0000000000
2899  28.134  -95.224  -13.513 0.0000000000
2900  30.765  -93.346  -13.248 0.0000000000
2901  28.477  -92.891  -14.413 0.0000000000
2902  28.410  -90.173  -13.489 0.0000000000
2903  26.194  -92.217  -12.586 0.0000000000
3299  16.775  -86.444  -11.254 0.0000000000
3300  16.596  -85.295  -13.131 0.0000000000
3499  25.879  -97.952  -2.753 0.0000000000
3500  28.589  -96.211  -2.441 0.0000000000
3501  26.121  -98.285  -5.941 0.0000000000
4377  37.183  -88.792  -11.540 0.0000000000
5572  17.729  -94.647  -10.897 0.0000000000
5573  19.242  -92.773  -8.311 0.0000000000
5574  22.561  -91.652  -7.924 0.0000000000
5575  20.421  -89.884  -6.377 0.0000000000
5576  22.307  -83.710  -9.191 0.0000000000
5577  23.208  -84.647  -8.079 0.0000000000
5578  25.025  -82.482  -9.240 0.0000000000
5590  17.794  -66.899  -8.206 0.0000000000
5594  20.519  -74.413  -9.377 0.0000000000
5595  17.438  -76.573  -11.011 0.0000000000
5596  20.444  -76.296  -10.040 0.0000000000
5597  20.119  -78.691  -9.912 0.0000000000
5844  25.383  -95.760  0.934 0.0000000000
5845  25.066  -98.038  -0.381 0.0000000000
6369  29.602  -92.908  -8.095 0.0000000000
6370  32.435  -90.379  -7.885 0.0000000000
6371  31.732  -92.269  -10.634 0.0000000000
6372  33.872  -91.091  -12.438 0.0000000000
6376  29.194  -87.239  -12.973 0.0000000000
6377  27.303  -86.701  -11.189 0.0000000000
7089  18.199  -87.678  -6.927 0.0000000000
7090  17.133  -86.756  -8.985 0.0000000000
7091  19.605  -84.765  -10.159 0.0000000000
7092  21.761  -82.614  -9.975 0.0000000000
7097  14.093  -73.777  -3.975 0.0000000000
7397  28.497  -93.491  -5.406 0.0000000000
7398  27.942  -95.451  -8.357 0.0000000000
7399  26.994  -96.885  -11.110 0.0000000000
9673  26.219  -94.462  4.881 0.0000000000
9674  24.652  -96.243  5.777 0.0000000000
10016  19.553  -96.243  -12.669 0.0000000000
10017  23.196  -94.740  -11.984 0.0000000000
10018  24.480  -92.228  -9.950 0.0000000000
10019  25.166  -89.130  -8.932 0.0000000000
10020  25.794  -86.234  -9.515 0.0000000000
10021  21.589  -86.826  -6.256 0.0000000000
10022  24.407  -85.738  -8.201 0.0000000000
10023  27.132  -83.909  -10.557 0.0000000000
10036  13.842  -67.754  -7.260 0.0000000000
10037  14.920  -70.699  -6.243 0.0000000000
10038  15.697  -73.760  -6.023 0.0000000000
10040  17.987  -73.993  -6.936 0.0000000000
10041  15.061  -76.207  -7.455 0.0000000000
10042  14.347  -77.920  -9.304 0.0000000000
10043  14.168  -79.166  -11.790 0.0000000000
10044  15.603  -82.263  -13.085 0.0000000000
10045  19.008  -81.439  -12.383 0.0000000000
10046  21.247  -80.625  -10.244 0.0000000000
10579  27.043  -94.985  -14.092 0.0000000000
10580  28.485  -94.129  -14.346 0.0000000000
10581  27.202  -93.740  -14.310 0.0000000000
10582  27.075  -92.388  -13.966 0.0000000000
10583  26.050  -93.532  -13.304 0.0000000000
11180  26.017  -98.110  -4.454 0.0000000000
12064  29.696  -84.820  -12.248 0.0000000000
13252  17.535  -92.878  -8.631 0.0000000000
13253  18.154  -91.722  -7.432 0.0000000000
13254  19.884  -91.513  -7.166 0.0000000000
13255  18.607  -90.281  -6.535 0.0000000000
13256  23.259  -82.687  -9.258 0.0000000000
13257  23.630  -83.222  -9.196 0.0000000000
13275  20.696  -75.246  -9.940 0.0000000000
13277  21.132  -76.397  -8.872 0.0000000000
13576  25.591  -94.507  2.820 0.0000000000
13577  25.749  -94.643  1.651 0.0000000000
13578  24.778  -95.529  1.858 0.0000000000
13579  23.525  -98.716  0.988 0.0000000000
13580  24.396  -97.882  0.711 0.0000000000
14454  29.430  -94.030  -9.509 0.0000000000
14455  30.692  -92.702  -9.362 0.0000000000
14456  30.454  -93.599  -10.835 0.0000000000
14457  31.214  -92.234  -13.807 0.0000000000
14458  32.240  -92.237  -12.914 0.0000000000
14459  32.879  -91.108  -13.446 0.0000000000
14460  34.772  -90.144  -13.068 0.0000000000
14464  27.257  -89.717  -12.605 0.0000000000
14465  28.636  -88.644  -13.196 0.0000000000
14466  27.578  -88.235  -12.186 0.0000000000
14467  28.209  -86.890  -12.032 0.0000000000
14468  26.706  -87.888  -11.090 0.0000000000
15656  18.404  -85.427  -11.635 0.0000000000
15657  18.264  -85.679  -10.685 0.0000000000
15658  19.672  -84.432  -10.964 0.0000000000
15659  20.838  -83.759  -10.286 0.0000000000
15660  20.821  -83.201  -11.003 0.0000000000
15664  11.369  -71.273  -3.889 0.0000000000
15666  12.509  -72.506  -3.062 0.0000000000
15668  13.506  -72.484  -3.914 0.0000000000
16254  27.503  -94.962  0.346 0.0000000000
16257  28.107  -96.223  -4.235 0.0000000000
16258  29.004  -95.029  -2.590 0.0000000000
16259  28.512  -94.990  -4.114 0.0000000000
16260  28.757  -93.786  -4.070 0.0000000000
16261  28.160  -94.812  -5.462 0.0000000000
16262  28.123  -94.512  -6.933 0.0000000000
16263  27.848  -95.859  -7.044 0.0000000000
18887  33.270  -89.939  -8.997 0.0000000000
22474  19.402  -94.645  -10.617 0.0000000000
22475  18.610  -95.528  -11.916 0.0000000000
22476  20.279  -95.414  -11.530 0.0000000000
22477  21.323  -95.643  -12.245 0.0000000000
22478  22.159  -94.738  -11.040 0.0000000000
22479  23.931  -93.621  -10.845 0.0000000000
22480  22.921  -93.598  -9.875 0.0000000000
22481  23.168  -89.917  -7.288 0.0000000000
22482  24.103  -90.418  -8.170 0.0000000000
22483  24.490  -88.811  -7.999 0.0000000000
22484  25.396  -87.670  -9.098 0.0000000000
22485  24.728  -87.258  -8.162 0.0000000000
22486  19.074  -86.603  -7.396 0.0000000000
22487  19.832  -87.322  -6.403 0.0000000000
22488  20.673  -86.083  -6.847 0.0000000000
22489  24.468  -84.174  -9.139 0.0000000000
22490  23.822  -85.238  -8.060 0.0000000000
22491  25.011  -84.655  -9.166 0.0000000000
22492  25.664  -84.892  -9.487 0.0000000000
22493  26.414  -83.630  -10.102 0.0000000000
22526  15.784  -65.503  -7.521 0.0000000000
22527  17.930  -68.735  -7.662 0.0000000000
22528  16.117  -68.995  -7.663 0.0000000000
22529  16.674  -70.407  -6.858 0.0000000000
22530  15.620  -72.242  -5.672 0.0000000000
22531  16.932  -72.149  -6.361 0.0000000000
22535  19.253  -74.825  -8.329 0.0000000000
22536  19.072  -74.143  -6.916 0.0000000000
22537  17.977  -75.115  -8.005 0.0000000000
22538  16.579  -75.041  -7.472 0.0000000000
22539  16.343  -76.075  -8.368 0.0000000000
22540  14.785  -77.197  -8.208 0.0000000000
22541  16.021  -76.611  -9.369 0.0000000000
22542  17.564  -77.506  -11.446 0.0000000000
22543  15.636  -77.703  -11.483 0.0000000000
22544  16.166  -78.878  -12.202 0.0000000000
22545  14.873  -80.541  -12.640 0.0000000000
22546  16.975  -80.465  -12.547 0.0000000000
22547  17.434  -81.916  -12.748 0.0000000000
22548  18.562  -80.178  -12.104 0.0000000000
22549  21.005  -78.590  -8.854 0.0000000000
22550  20.716  -79.700  -10.080 0.0000000000
22551  21.724  -79.575  -8.869 0.0000000000
22552  22.065  -80.386  -8.853 0.0000000000
23122  23.997  -96.240  3.498 0.0000000000
23123  24.091  -96.384  2.230 0.0000000000
23124  23.363  -97.318  2.675 0.0000000000
23125  22.998  -98.588  2.153 0.0000000000
23649  28.886  -95.176  -12.331 0.0000000000
23650  30.133  -94.144  -12.212 0.0000000000
23651  29.567  -94.325  -13.553 0.0000000000
23652  29.766  -93.252  -14.204 0.0000000000
23653  29.819  -92.019  -14.151 0.0000000000
23654  29.805  -90.580  -13.945 0.0000000000
23655  28.343  -91.572  -13.977 0.0000000000
23656  27.148  -91.081  -13.218 0.0000000000
23657  26.307  -90.762  -11.850 0.0000000000
24371  16.821  -86.084  -12.316 0.0000000000
24372  18.316  -84.818  -12.574 0.0000000000
24377  11.269  -70.178  -5.492 0.0000000000
24729  26.943  -97.223  -1.102 0.0000000000
24730  28.359  -96.073  -0.855 0.0000000000
24731  27.371  -97.290  -2.620 0.0000000000
24732  27.288  -97.316  -4.451 0.0000000000
24733  27.295  -97.291  -5.867 0.0000000000
24734  27.331  -97.110  -7.194 0.0000000000
24735  26.358  -98.244  -7.208 0.0000000000
26309  35.851  -89.196  -10.820 0.0000000000
28462  18.510  -93.808  -9.676 0.0000000000
28463  20.222  -93.665  -9.295 0.0000000000
28464  21.941  -93.138  -8.932 0.0000000000
28465  20.897  -92.442  -8.008 0.0000000000
28466  21.584  -90.903  -7.044 0.0000000000
28467  22.119  -89.164  -6.352 0.0000000000
28468  21.172  -84.526  -8.461 0.0000000000
28469  21.631  -85.042  -7.588 0.0000000000
28470  22.688  -84.150  -8.439 0.0000000000
28471  23.994  -83.784  -9.163 0.0000000000
28472  25.442  -82.825  -9.558 0.0000000000
28490  13.253  -80.513  -7.689 0.0000000000
28499  20.383  -74.053  -8.343 0.0000000000
28500  19.202  -74.990  -9.452 0.0000000000
28501  17.496  -76.123  -10.110 0.0000000000
28502  19.059  -75.564  -10.291 0.0000000000
28503  19.195  -76.355  -10.753 0.0000000000
28504  19.136  -77.483  -10.841 0.0000000000
28505  19.281  -78.710  -11.021 0.0000000000
28506  20.085  -77.458  -9.939 0.0000000000
28507  20.885  -77.476  -8.735 0.0000000000
28993  26.485  -94.804  0.824 0.0000000000
28994  26.391  -95.920  0.283 0.0000000000
28995  24.469  -96.688  1.270 0.0000000000
28996  25.178  -96.906  0.387 0.0000000000
28997  26.153  -97.137  -0.372 0.0000000000
28998  25.568  -97.976  -1.414 0.0000000000
30219  29.994  -91.955  -6.790 0.0000000000
30220  31.462  -90.766  -6.648 0.0000000000
30221  30.964  -91.829  -8.029 0.0000000000
30222  32.029  -91.338  -9.215 0.0000000000
30223  33.028  -90.916  -10.335 0.0000000000
30224  31.462  -93.023  -11.995 0.0000000000
30225  32.782  -91.752  -11.712 0.0000000000
30226  34.284  -90.483  -11.193 0.0000000000
30227  35.489  -89.960  -11.934 0.0000000000
30228  36.523  -89.175  -12.638 0.0000000000
30237  30.016  -86.201  -12.872 0.0000000000
30238  28.940  -85.945  -12.145 0.0000000000
30239  28.094  -85.586  -11.463 0.0000000000
31899  17.499  -89.040  -6.530 0.0000000000
31901  17.528  -87.135  -7.918 0.0000000000
31902  18.480  -86.178  -8.565 0.0000000000
31903  16.817  -86.575  -10.098 0.0000000000
31904  18.220  -85.852  -9.581 0.0000000000
31905  19.714  -85.096  -9.094 0.0000000000
31906  21.025  -84.133  -9.524 0.0000000000
31907  22.077  -83.182  -9.701 0.0000000000
31908  22.765  -82.166  -9.162 0.0000000000
31919  14.077  -75.174  -4.628 0.0000000000
32693  29.253  -92.244  -5.512 0.0000000000
32694  28.801  -93.165  -6.853 0.0000000000
32695  28.511  -94.243  -8.263 0.0000000000
32696  28.483  -95.148  -9.597 0.0000000000
32697  27.398  -96.771  -8.478 0.0000000000
32698  27.644  -96.335  -9.744 0.0000000000
32699  28.153  -95.793  -11.041 0.0000000000
32700  27.536  -96.182  -12.308 0.0000000000
32701  26.639  -96.184  -13.328 0.0000000000
39255  25.535  -94.872  4.125 0.0000000000
39257  25.660  -95.451  5.286 0.0000000000
39258  24.688  -95.715  4.501 0.0000000000
40287  24.393  -94.772  -12.926 0.0000000000
40288  24.962  -93.610  -12.093 0.0000000000
40289  25.371  -92.315  -11.279 0.0000000000
40290  25.600  -90.696  -10.562 0.0000000000
40291  23.556  -91.973  -8.906 0.0000000000
40292  24.875  -90.602  -9.274 0.0000000000
40293  25.656  -89.305  -10.066 0.0000000000
40294  25.928  -87.820  -10.028 0.0000000000
40295  26.489  -86.529  -10.379 0.0000000000
40296  27.099  -85.363  -10.733 0.0000000000
40297  19.143  -88.745  -6.304 0.0000000000
40298  20.942  -88.204  -6.089 0.0000000000
40299  22.651  -87.612  -6.386 0.0000000000
40300  22.316  -85.643  -7.031 0.0000000000
40301  23.182  -86.367  -6.903 0.0000000000
40302  23.990  -86.918  -7.335 0.0000000000
40303  25.105  -85.992  -8.703 0.0000000000
40304  26.348  -85.123  -10.028 0.0000000000
40305  27.887  -84.170  -11.113 0.0000000000
40343  12.362  -68.225  -6.382 0.0000000000
40344  12.466  -70.099  -6.379 0.0000000000
40345  15.784  -67.178  -7.926 0.0000000000
40346  14.119  -69.490  -7.108 0.0000000000
40347  13.534  -71.125  -5.451 0.0000000000
40348  14.508  -72.169  -4.819 0.0000000000
40349  14.895  -73.774  -5.042 0.0000000000
40350  14.546  -75.131  -5.793 0.0000000000
40355  19.056  -72.626  -5.969 0.0000000000
40357  16.784  -73.803  -6.755 0.0000000000
40358  15.207  -75.091  -6.857 0.0000000000
40359  14.247  -76.437  -6.571 0.0000000000
40360  14.236  -77.727  -6.947 0.0000000000
40361  13.990  -78.766  -7.945 0.0000000000
40362  13.508  -79.520  -9.181 0.0000000000
40363  15.627  -77.164  -10.400 0.0000000000
40364  14.050  -78.452  -10.455 0.0000000000
40365  12.973  -80.142  -10.511 0.0000000000
40366  13.059  -80.999  -11.916 0.0000000000
40367  13.603  -82.353  -13.028 0.0000000000
40368  14.229  -84.137  -13.574 0.0000000000
40369  16.175  -83.862  -13.403 0.0000000000
40370  18.002  -83.306  -13.029 0.0000000000
40371  19.657  -82.771  -12.640 0.0000000000
40372  19.741  -79.882  -11.297 0.0000000000
40373  20.317  -80.866  -11.536 0.0000000000
40374  20.819  -82.148  -11.595 0.0000000000
40375  21.525  -81.659  -10.202 0.0000000000
40376  22.396  -81.233  -8.932 0.0000000000
41299  26.384  -94.855  -14.064 0.0000000000
41300  27.207  -94.380  -14.303 0.0000000000
41301  26.513  -94.212  -14.024 0.0000000000
41302  26.570  -93.590  -13.889 0.0000000000
41303  25.909  -94.123  -13.620 0.0000000000
42784  29.272  -84.516  -11.952 0.0000000000
43972  17.379  -91.805  -7.574 0.0000000000
43973  17.622  -91.166  -7.023 0.0000000000
43974  18.386  -91.056  -6.942 0.0000000000
43975  17.812  -90.441  -6.670 0.0000000000
43976  23.641  -82.186  -8.986 0.0000000000
43977  23.913  -82.394  -9.101 0.0000000000
43984  13.628  -76.493  -4.856 0.0000000000
43986  13.522  -77.151  -5.326 0.0000000000
43988  13.748  -77.161  -5.856 0.0000000000
44296  25.161  -94.941  2.959 0.0000000000
44297  25.161  -95.000  2.331 0.0000000000
44298  24.670  -95.371  2.456 0.0000000000
45174  29.332  -94.410  -10.172 0.0000000000
45175  29.921  -93.818  -10.191 0.0000000000
45176  29.828  -94.179  -10.881 0.0000000000
45177  31.327  -91.563  -13.908 0.0000000000
45178  32.028  -91.693  -13.652 0.0000000000
45179  32.192  -91.031  -13.776 0.0000000000
45180  33.119  -90.480  -13.623 0.0000000000
45184  26.798  -89.484  -11.994 0.0000000000
45185  27.362  -88.986  -12.383 0.0000000000
45186  26.908  -88.771  -11.768 0.0000000000
45187  27.101  -88.093  -11.612 0.0000000000
45188  26.494  -88.590  -11.151 0.0000000000
46376  19.119  -84.739  -11.829 0.0000000000
46377  19.088  -84.912  -11.309 0.0000000000
46378  19.783  -84.279  -11.453 0.0000000000
46379  20.300  -83.836  -11.011 0.0000000000
46380  20.376  -83.608  -11.505 0.0000000000
46384  11.963  -71.406  -4.278 0.0000000000
46385  11.972  -71.886  -3.444 0.0000000000
46386  12.553  -72.030  -3.751 0.0000000000
46387  13.050  -72.521  -3.462 0.0000000000
46388  13.009  -71.965  -4.194 0.0000000000
46974  27.586  -95.499  0.119 0.0000000000
46975  28.048  -94.939  0.151 0.0000000000
46976  28.119  -95.496  -0.086 0.0000000000
46977  27.907  -96.248  -5.053 0.0000000000
46978  28.313  -95.620  -4.191 0.0000000000
46979  28.142  -95.590  -4.917 0.0000000000
46980  28.310  -94.908  -4.770 0.0000000000
46981  28.014  -95.527  -5.584 0.0000000000
46982  27.961  -95.362  -6.310 0.0000000000
46983  27.902  -96.032  -6.379 0.0000000000
49607  33.821  -89.755  -9.514 0.0000000000
53194  20.249  -94.640  -10.484 0.0000000000
53195  19.780  -95.154  -11.128 0.0000000000
53196  20.698  -94.939  -10.851 0.0000000000
53197  21.193  -95.139  -11.259 0.0000000000
53198  21.661  -94.643  -10.591 0.0000000000
53199  22.550  -94.221  -10.442 0.0000000000
53200  22.044  -94.051  -9.978 0.0000000000
53201  23.407  -89.078  -7.111 0.0000000000
53202  23.863  -89.375  -7.535 0.0000000000
53203  24.074  -88.529  -7.505 0.0000000000
53204  24.651  -87.996  -8.065 0.0000000000
53205  24.249  -87.780  -7.549 0.0000000000
53206  19.529  -86.054  -7.583 0.0000000000
53207  19.820  -86.324  -7.036 0.0000000000
53208  20.250  -85.766  -7.279 0.0000000000
53209  25.092  -83.755  -9.566 0.0000000000
53210  24.701  -84.410  -9.173 0.0000000000
53211  25.403  -83.996  -9.609 0.0000000000
53212  25.671  -84.183  -9.674 0.0000000000
53213  26.177  -83.491  -9.882 0.0000000000
53245  16.040  -64.888  -7.282 0.0000000000
53249  17.497  -70.354  -6.949 0.0000000000
53250  16.808  -71.285  -6.475 0.0000000000
53251  17.599  -71.287  -6.577 0.0000000000
53255  18.618  -75.294  -8.820 0.0000000000
53256  18.599  -75.068  -8.179 0.0000000000
53257  17.940  -75.529  -8.580 0.0000000000
53258  17.219  -75.610  -8.254 0.0000000000
53259  17.104  -75.956  -8.883 0.0000000000
53260  16.219  -76.408  -8.879 0.0000000000
53261  16.992  -76.203  -9.346 0.0000000000
53262  17.704  -78.146  -11.625 0.0000000000
53263  16.815  -78.131  -11.826 0.0000000000
53264  17.114  -78.863  -12.045 0.0000000000
53265  16.557  -79.622  -12.371 0.0000000000
53266  17.557  -79.610  -12.212 0.0000000000
53267  17.786  -80.383  -12.355 0.0000000000
53268  18.381  -79.492  -12.001 0.0000000000
53269  21.570  -78.564  -8.257 0.0000000000
53270  21.351  -79.121  -8.864 0.0000000000
53271  21.908  -79.046  -8.309 0.0000000000
53896  23.443  -96.547  3.773 0.0000000000
53897  23.587  -96.699  3.064 0.0000000000
53898  23.106  -97.108  3.318 0.0000000000
53900  22.731  -98.345  2.656 0.0000000000
54774  28.532  -95.256  -13.022 0.0000000000
54775  29.251  -94.792  -12.994 0.0000000000
54776  28.829  -94.778  -13.579 0.0000000000
54777  28.497  -93.501  -14.471 0.0000000000
54778  29.057  -93.678  -14.375 0.0000000000
54779  29.089  -93.144  -14.457 0.0000000000
54780  29.837  -92.646  -14.280 0.0000000000
54781  29.072  -92.501  -14.347 0.0000000000
54782  29.061  -91.843  -14.173 0.0000000000
54783  28.440  -92.307  -14.218 0.0000000000
54784  26.591  -92.287  -13.336 0.0000000000
54785  27.110  -91.717  -13.634 0.0000000000
54786  26.626  -91.619  -12.958 0.0000000000
54787  26.669  -90.936  -12.575 0.0000000000
54788  26.258  -91.502  -12.212 0.0000000000
55978  16.776  -85.750  -12.744 0.0000000000
55979  17.622  -85.529  -12.474 0.0000000000
55980  17.505  -85.104  -12.866 0.0000000000
55987  10.788  -70.061  -5.014 0.0000000000
56574  26.479  -97.661  -1.899 0.0000000000
56575  27.229  -97.259  -1.766 0.0000000000
56576  26.632  -97.681  -2.689 0.0000000000
56577  26.072  -98.204  -5.236 0.0000000000
56578  26.709  -97.753  -4.465 0.0000000000
56579  26.730  -97.794  -5.240 0.0000000000
56580  27.285  -97.322  -5.195 0.0000000000
56581  26.782  -97.827  -5.929 0.0000000000
56582  26.834  -97.833  -6.543 0.0000000000
56583  26.240  -98.301  -6.572 0.0000000000
59207  36.567  -88.991  -11.169 0.0000000000
62794  18.380  -92.800  -8.445 0.0000000000
62795  18.052  -93.347  -9.120 0.0000000000
62796  18.881  -93.311  -8.999 0.0000000000
62797  19.340  -93.776  -9.476 0.0000000000
62798  19.711  -93.219  -8.779 0.0000000000
62799  20.571  -93.078  -8.646 0.0000000000
62800  20.055  -92.663  -8.207 0.0000000000
62801  20.127  -90.739  -6.710 0.0000000000
62802  20.736  -91.272  -7.084 0.0000000000
62803  21.050  -90.398  -6.648 0.0000000000
62804  21.891  -90.027  -6.647 0.0000000000
62805  21.317  -89.534  -6.358 0.0000000000
62806  21.754  -84.132  -8.865 0.0000000000
62807  21.915  -84.353  -8.382 0.0000000000
62808  22.467  -83.957  -8.803 0.0000000000
62809  24.293  -82.858  -9.200 0.0000000000
62810  23.844  -83.493  -9.137 0.0000000000
62811  24.503  -83.099  -9.314 0.0000000000
62812  24.695  -83.301  -9.361 0.0000000000
62813  25.258  -82.606  -9.404 0.0000000000
62843  13.494  -79.907  -7.102 0.0000000000
62855  21.104  -73.918  -8.757 0.0000000000
62856  20.993  -73.708  -8.169 0.0000000000
62857  20.438  -74.170  -8.812 0.0000000000
62858  19.891  -74.493  -8.919 0.0000000000
62859  19.798  -74.683  -9.463 0.0000000000
62860  19.135  -75.212  -9.879 0.0000000000
62861  19.847  -74.959  -9.845 0.0000000000
62862  20.592  -75.703  -10.047 0.0000000000
62863  19.911  -75.829  -10.415 0.0000000000
62864  19.900  -76.281  -10.437 0.0000000000
62865  19.156  -76.873  -10.795 0.0000000000
62866  19.764  -76.876  -10.444 0.0000000000
62867  19.600  -77.491  -10.417 0.0000000000
62868  20.188  -76.864  -9.961 0.0000000000
62870  20.939  -76.959  -8.745 0.0000000000
63769  25.549  -95.184  1.238 0.0000000000
63770  26.047  -94.673  1.139 0.0000000000
63771  25.971  -95.277  0.861 0.0000000000
63772  26.459  -95.393  0.558 0.0000000000
63773  25.853  -95.835  0.595 0.0000000000
63774  23.960  -97.048  1.943 0.0000000000
63775  24.243  -96.532  1.734 0.0000000000
63776  24.202  -97.247  1.492 0.0000000000
63777  24.740  -97.976  0.152 0.0000000000
63778  24.778  -97.441  0.546 0.0000000000
63779  25.206  -97.546  0.026 0.0000000000
63780  25.675  -97.017  -0.039 0.0000000000
63781  25.592  -97.642  -0.390 0.0000000000
63782  25.954  -97.695  -0.784 0.0000000000
63783  25.344  -98.045  -0.869 0.0000000000
66399  29.787  -92.411  -7.421 0.0000000000
66400  30.455  -91.901  -7.414 0.0000000000
66401  30.264  -92.371  -8.047 0.0000000000
66402  31.214  -92.520  -10.007 0.0000000000
66403  31.336  -92.087  -9.278 0.0000000000
66404  31.850  -91.829  -9.933 0.0000000000
66405  32.463  -91.098  -9.815 0.0000000000
66406  32.362  -91.583  -10.510 0.0000000000
66407  30.479  -93.785  -12.773 0.0000000000
66408  30.799  -93.615  -12.094 0.0000000000
66409  31.148  -93.256  -12.654 0.0000000000
66410  33.022  -91.673  -12.708 0.0000000000
66411  32.588  -92.054  -12.326 0.0000000000
66412  33.318  -91.458  -12.095 0.0000000000
66413  33.501  -91.145  -11.488 0.0000000000
66414  34.118  -90.875  -11.818 0.0000000000
66415  34.916  -90.260  -11.559 0.0000000000
66416  34.678  -90.550  -12.187 0.0000000000
66417  35.132  -89.550  -13.218 0.0000000000
66418  35.649  -89.660  -12.828 0.0000000000
66429  29.026  -90.384  -13.770 0.0000000000
66431  29.123  -89.620  -13.630 0.0000000000
66432  28.893  -87.912  -13.079 0.0000000000
66433  29.595  -88.080  -13.380 0.0000000000
66434  29.883  -87.423  -13.275 0.0000000000
66436  30.229  -86.843  -13.200 0.0000000000
66437  30.640  -86.348  -13.157 0.0000000000
66438  29.622  -86.660  -12.892 0.0000000000
66439  27.750  -86.848  -11.589 0.0000000000
66440  28.545  -86.409  -12.094 0.0000000000
66441  28.064  -86.336  -11.710 0.0000000000
66442  28.511  -85.832  -11.823 0.0000000000
66443  27.688  -86.165  -11.334 0.0000000000
70001  16.630  -87.099  -8.582 0.0000000000
70002  16.803  -87.315  -8.026 0.0000000000
70003  17.281  -86.905  -8.442 0.0000000000
70004  17.975  -86.688  -8.287 0.0000000000
70005  17.735  -86.529  -8.810 0.0000000000
70006  16.083  -86.681  -10.964 0.0000000000
70007  16.101  -86.761  -10.324 0.0000000000
70008  16.828  -86.509  -10.708 0.0000000000
70009  18.934  -85.163  -10.421 0.0000000000
70010  18.178  -85.713  -10.193 0.0000000000
70011  18.897  -85.295  -9.892 0.0000000000
70012  18.973  -85.447  -9.374 0.0000000000
70013  19.659  -84.900  -9.640 0.0000000000
70014  20.370  -84.605  -9.312 0.0000000000
70015  20.302  -84.460  -9.841 0.0000000000
70016  21.371  -83.199  -10.199 0.0000000000
70017  21.500  -83.398  -9.963 0.0000000000
70018  21.940  -82.855  -9.875 0.0000000000
70019  22.464  -82.655  -9.519 0.0000000000
70020  22.245  -82.348  -9.540 0.0000000000
70039  13.751  -73.793  -3.411 0.0000000000
70041  13.816  -74.454  -3.703 0.0000000000
70042  13.825  -75.140  -4.014 0.0000000000
70043  14.154  -74.492  -4.286 0.0000000000
71807  28.576  -96.128  -1.518 0.0000000000
71808  28.799  -95.515  -0.877 0.0000000000
71809  28.918  -95.565  -1.622 0.0000000000
71817  28.570  -93.610  -4.666 0.0000000000
71818  28.922  -93.255  -4.125 0.0000000000
71819  28.754  -93.042  -4.706 0.0000000000
71821  28.818  -92.883  -5.457 0.0000000000
71822  29.015  -92.707  -6.156 0.0000000000
71823  28.562  -93.354  -6.163 0.0000000000
71824  28.007  -95.032  -7.736 0.0000000000
71825  28.263  -94.347  -7.596 0.0000000000
71826  28.186  -94.868  -8.325 0.0000000000
71827  28.502  -94.720  -8.934 0.0000000000
71828  28.169  -95.272  -8.981 0.0000000000
71829  26.956  -97.565  -7.852 0.0000000000
71830  27.358  -96.954  -7.848 0.0000000000
71831  27.030  -97.391  -8.523 0.0000000000
71832  26.815  -97.244  -10.531 0.0000000000
71833  27.198  -96.934  -9.831 0.0000000000
71834  27.358  -96.665  -10.426 0.0000000000
71835  27.871  -96.080  -10.374 0.0000000000
71836  27.633  -96.360  -11.047 0.0000000000
71837  27.953  -96.022  -11.705 0.0000000000
71838  27.241  -96.521  -11.698 0.0000000000
79697  31.951  -90.631  -7.266 0.0000000000
87887  26.448  -93.914  4.736 0.0000000000
87889  26.125  -94.188  4.375 0.0000000000
87890  25.844  -94.423  3.950 0.0000000000
87891  25.896  -94.673  4.531 0.0000000000
87895  25.236  -96.188  6.153 0.0000000000
87896  25.742  -95.802  5.886 0.0000000000
87897  25.164  -95.923  5.502 0.0000000000
87898  25.140  -95.579  4.908 0.0000000000
87899  24.624  -95.964  5.206 0.0000000000
87900  24.173  -96.123  4.832 0.0000000000
90461  17.390  -95.115  -11.401 0.0000000000
90462  19.040  -95.931  -12.337 0.0000000000
90468  20.115  -96.412  -12.898 0.0000000000
90469  22.282  -95.215  -12.101 0.0000000000
90470  21.915  -95.643  -12.574 0.0000000000
90471  22.815  -95.295  -12.491 0.0000000000
90472  23.466  -95.334  -12.874 0.0000000000
90473  23.783  -94.790  -12.465 0.0000000000
90474  24.688  -94.184  -12.516 0.0000000000
90475  24.139  -94.211  -11.978 0.0000000000
90476  24.226  -92.959  -10.365 0.0000000000
90477  24.671  -92.988  -11.003 0.0000000000
90478  24.913  -92.287  -10.579 0.0000000000
90479  25.496  -91.536  -10.904 0.0000000000
90480  25.102  -91.453  -10.217 0.0000000000
90481  22.252  -92.424  -8.390 0.0000000000
90482  22.763  -92.636  -8.892 0.0000000000
90483  23.084  -91.801  -8.397 0.0000000000
90484  24.665  -89.785  -8.525 0.0000000000
90485  24.474  -90.527  -8.679 0.0000000000
90486  25.026  -89.854  -9.038 0.0000000000
90487  25.356  -89.921  -9.634 0.0000000000
90488  25.400  -89.224  -9.496 0.0000000000
90489  25.751  -88.584  -9.962 0.0000000000
90490  25.498  -88.502  -9.482 0.0000000000
90491  25.570  -86.904  -9.278 0.0000000000
90492  25.821  -87.013  -9.816 0.0000000000
90493  26.084  -86.360  -9.993 0.0000000000
90494  26.816  -85.980  -10.531 0.0000000000
90495  26.376  -85.769  -10.194 0.0000000000
90496  17.830  -88.270  -6.678 0.0000000000
90497  18.266  -88.867  -6.452 0.0000000000
90498  18.642  -88.157  -6.553 0.0000000000
90499  20.713  -87.101  -6.253 0.0000000000
90500  20.372  -87.764  -6.139 0.0000000000
90501  21.226  -87.490  -6.108 0.0000000000
90502  21.810  -87.944  -6.145 0.0000000000
90503  22.100  -87.222  -6.267 0.0000000000
90504  22.470  -84.808  -7.737 0.0000000000
90505  21.958  -85.334  -7.277 0.0000000000
90506  22.846  -85.073  -7.520 0.0000000000
90507  24.089  -85.516  -8.137 0.0000000000
90508  23.489  -85.791  -7.459 0.0000000000
90509  23.750  -86.046  -7.553 0.0000000000
90510  23.544  -86.649  -7.096 0.0000000000
90511  24.173  -86.310  -7.679 0.0000000000
90512  24.483  -86.428  -7.972 0.0000000000
90513  24.756  -85.888  -8.356 0.0000000000
90514  26.340  -84.573  -10.041 0.0000000000
90515  25.972  -85.124  -9.695 0.0000000000
90516  26.659  -84.590  -10.352 0.0000000000
90517  27.109  -84.711  -10.656 0.0000000000
90518  27.533  -84.085  -10.807 0.0000000000
90520  27.970  -83.430  -10.910 0.0000000000
90612  14.017  -66.850  -6.941 0.0000000000
90614  13.011  -67.997  -6.881 0.0000000000
90615  12.272  -69.151  -6.536 0.0000000000
90616  13.005  -68.996  -7.000 0.0000000000
90618  16.728  -66.063  -8.075 0.0000000000
90619  16.840  -67.034  -8.151 0.0000000000
90620  15.444  -69.866  -7.049 0.0000000000
90621  15.113  -69.223  -7.383 0.0000000000
90622  14.544  -70.102  -6.663 0.0000000000
90623  13.714  -70.316  -6.332 0.0000000000
90624  14.207  -70.880  -5.780 0.0000000000
90625  14.039  -71.614  -5.072 0.0000000000
90626  14.669  -71.472  -5.498 0.0000000000
90627  15.737  -73.006  -5.754 0.0000000000
90628  15.330  -73.026  -5.296 0.0000000000
90629  15.269  -73.808  -5.528 0.0000000000
90630  14.769  -74.528  -5.403 0.0000000000
90631  15.080  -74.501  -5.942 0.0000000000
90643  18.502  -74.099  -6.902 0.0000000000
90644  19.014  -73.477  -6.340 0.0000000000
90645  18.555  -73.349  -6.464 0.0000000000
90647  18.052  -73.247  -6.586 0.0000000000
90648  17.484  -73.126  -6.634 0.0000000000
90649  17.445  -73.871  -6.898 0.0000000000
90650  15.797  -75.583  -7.577 0.0000000000
90651  15.907  -75.028  -7.212 0.0000000000
90652  15.139  -75.643  -7.231 0.0000000000
90653  14.659  -75.697  -6.779 0.0000000000
90654  14.572  -76.374  -7.048 0.0000000000
90655  14.247  -77.092  -6.788 0.0000000000
90656  14.567  -76.914  -7.247 0.0000000000
90657  14.645  -77.558  -8.727 0.0000000000
90658  14.319  -77.950  -8.057 0.0000000000
90659  14.109  -78.339  -8.635 0.0000000000
90660  13.728  -79.212  -8.547 0.0000000000
90661  13.819  -78.718  -9.247 0.0000000000
90662  17.376  -76.358  -10.608 0.0000000000
90663  16.563  -76.666  -10.336 0.0000000000
90664  16.416  -76.879  -10.804 0.0000000000
90665  14.870  -78.379  -11.637 0.0000000000
90666  14.733  -78.008  -11.062 0.0000000000
90667  14.074  -78.751  -11.119 0.0000000000
90668  13.481  -79.279  -10.419 0.0000000000
90669  13.462  -79.589  -11.205 0.0000000000
90670  12.928  -80.543  -11.239 0.0000000000
90671  13.573  -80.064  -11.866 0.0000000000
90672  15.272  -81.349  -12.904 0.0000000000
90673  14.259  -81.411  -12.840 0.0000000000
90674  14.584  -82.308  -13.183 0.0000000000
90675  13.896  -83.242  -13.356 0.0000000000
90676  14.923  -83.194  -13.368 0.0000000000
90677  15.242  -84.061  -13.577 0.0000000000
90678  15.900  -83.078  -13.292 0.0000000000
90679  18.241  -81.659  -12.649 0.0000000000
90680  17.690  -82.582  -12.954 0.0000000000
90681  18.534  -82.285  -12.785 0.0000000000
90682  18.848  -83.056  -12.877 0.0000000000
90683  19.292  -82.005  -12.565 0.0000000000
90684  19.640  -78.745  -10.508 0.0000000000
90685  19.389  -79.383  -11.151 0.0000000000
90686  19.856  -79.268  -10.551 0.0000000000
90687  21.062  -80.166  -10.220 0.0000000000
90688  20.561  -80.238  -10.822 0.0000000000
90689  20.842  -80.760  -10.997 0.0000000000
90690  20.587  -81.519  -11.710 0.0000000000
90691  21.046  -81.256  -10.988 0.0000000000
90692  21.193  -81.806  -10.871 0.0000000000
90693  21.416  -81.064  -10.236 0.0000000000
90695  22.189  -80.767  -8.853 0.0000000000
90696  22.723  -80.560  -8.347 0.0000000000
90697  22.908  -81.055  -8.431 0.0000000000
92242  22.501  -97.308  4.274 0.0000000000
92243  22.636  -97.527  3.565 0.0000000000
92769  27.676  -95.207  -13.876 0.0000000000
92770  28.404  -94.741  -13.991 0.0000000000
92771  27.851  -94.602  -14.264 0.0000000000
92772  27.900  -93.965  -14.450 0.0000000000
92773  27.847  -93.304  -14.444 0.0000000000
92774  27.741  -92.664  -14.315 0.0000000000
92775  27.127  -93.056  -14.187 0.0000000000
92776  26.568  -92.933  -13.688 0.0000000000
92777  26.141  -92.892  -12.962 0.0000000000
93849  25.171  -98.169  -3.665 0.0000000000
93850  25.961  -98.011  -3.612 0.0000000000
93851  25.256  -98.309  -4.469 0.0000000000
97581  17.068  -92.380  -8.214 0.0000000000
97582  17.879  -92.329  -8.002 0.0000000000
97583  18.722  -92.238  -7.817 0.0000000000
97584  19.628  -92.208  -7.712 0.0000000000
97585  19.028  -91.693  -7.295 0.0000000000
97586  19.215  -90.948  -6.796 0.0000000000
97587  19.471  -90.159  -6.461 0.0000000000
97588  22.806  -83.244  -9.370 0.0000000000
97589  23.030  -83.560  -9.179 0.0000000000
97590  23.470  -82.968  -9.239 0.0000000000
97591  24.112  -82.643  -9.165 0.0000000000
97592  24.874  -82.333  -9.079 0.0000000000
97621  20.653  -74.796  -9.700 0.0000000000
97622  21.359  -74.702  -9.440 0.0000000000
97623  21.272  -75.145  -9.576 0.0000000000
97624  21.092  -75.684  -9.588 0.0000000000
97625  20.834  -76.324  -9.439 0.0000000000
98166  25.616  -94.574  2.222 0.0000000000
98167  25.248  -95.109  1.724 0.0000000000
98168  25.031  -95.657  1.356 0.0000000000
98169  23.673  -98.258  1.451 0.0000000000
98170  24.098  -97.843  1.235 0.0000000000
98171  23.975  -98.285  0.851 0.0000000000
98172  24.254  -98.319  0.239 0.0000000000
98173  24.509  -98.351  -0.371 0.0000000000
98174  24.695  -98.252  -0.956 0.0000000000
99744  29.483  -93.456  -8.825 0.0000000000
99745  30.109  -92.866  -8.709 0.0000000000
99746  29.996  -93.352  -9.456 0.0000000000
99747  30.544  -93.184  -10.093 0.0000000000
99748  31.113  -92.936  -10.740 0.0000000000
99749  31.034  -92.805  -13.627 0.0000000000
99750  31.498  -92.781  -13.083 0.0000000000
99751  31.791  -92.261  -13.409 0.0000000000
99752  32.579  -91.711  -13.210 0.0000000000
99753  33.470  -91.162  -13.022 0.0000000000
99754  34.380  -90.687  -12.821 0.0000000000
99755  33.843  -90.617  -13.274 0.0000000000
99756  34.173  -90.017  -13.459 0.0000000000
99762  27.796  -89.933  -13.106 0.0000000000
99763  28.437  -89.408  -13.321 0.0000000000
99764  27.876  -89.201  -12.889 0.0000000000
99765  28.056  -88.443  -12.726 0.0000000000
99766  28.313  -87.691  -12.594 0.0000000000
99767  28.693  -87.027  -12.522 0.0000000000
99768  27.870  -87.514  -12.057 0.0000000000
99769  27.427  -87.434  -11.550 0.0000000000
99770  26.975  -87.217  -11.092 0.0000000000
101907  16.399  -86.981  -9.126 0.0000000000
101908  17.593  -86.002  -11.437 0.0000000000
101909  17.554  -86.117  -10.929 0.0000000000
101910  18.294  -85.607  -11.100 0.0000000000
101911  18.974  -85.061  -10.848 0.0000000000
101912  19.646  -84.596  -10.572 0.0000000000
101913  20.236  -84.284  -10.270 0.0000000000
101914  20.345  -83.975  -10.690 0.0000000000
101915  20.858  -83.462  -10.604 0.0000000000
101916  21.275  -82.877  -10.430 0.0000000000
101929  13.481  -73.126  -3.335 0.0000000000
101930  13.910  -73.071  -3.799 0.0000000000
102989  28.353  -96.207  -3.360 0.0000000000
102990  28.856  -95.612  -2.491 0.0000000000
102991  28.548  -95.615  -3.387 0.0000000000
102992  28.773  -95.037  -3.439 0.0000000000
102993  28.939  -94.437  -3.440 0.0000000000
102995  28.637  -94.364  -4.054 0.0000000000
102996  28.442  -94.230  -4.685 0.0000000000
102997  28.300  -94.122  -5.408 0.0000000000
102998  28.227  -94.030  -6.189 0.0000000000
102999  28.077  -94.700  -6.248 0.0000000000
103000  27.954  -95.192  -7.025 0.0000000000
103001  27.812  -95.661  -7.707 0.0000000000
103007  26.518  -97.034  -11.736 0.0000000000
107723  32.804  -90.138  -8.445 0.0000000000
107724  32.999  -89.644  -7.709 0.0000000000
107725  33.363  -89.427  -8.288 0.0000000000
112638  26.624  -94.156  5.330 0.0000000000
114180  18.589  -94.635  -10.779 0.0000000000
114181  18.149  -95.078  -11.438 0.0000000000
114182  18.993  -95.101  -11.316 0.0000000000
114183  19.398  -95.527  -11.761 0.0000000000
114184  19.861  -95.900  -12.151 0.0000000000
114185  20.436  -96.034  -12.491 0.0000000000
114186  20.774  -95.611  -11.915 0.0000000000
114187  21.755  -95.230  -11.668 0.0000000000
114188  22.686  -94.730  -11.534 0.0000000000
114189  23.606  -94.185  -11.428 0.0000000000
114190  23.081  -94.208  -10.925 0.0000000000
114191  23.478  -93.635  -10.280 0.0000000000
114192  23.785  -92.926  -9.830 0.0000000000
114193  22.903  -90.766  -7.553 0.0000000000
114194  23.387  -91.023  -8.029 0.0000000000
114195  23.655  -90.211  -7.745 0.0000000000
114196  24.295  -89.641  -8.017 0.0000000000
114197  24.833  -89.040  -8.479 0.0000000000
114198  25.261  -88.427  -8.973 0.0000000000
114199  24.980  -88.264  -8.503 0.0000000000
114200  25.088  -87.488  -8.652 0.0000000000
114201  25.262  -86.764  -8.855 0.0000000000
114202  18.618  -87.127  -7.168 0.0000000000
114203  19.026  -87.503  -6.711 0.0000000000
114204  19.478  -86.877  -6.872 0.0000000000
114205  20.227  -86.690  -6.589 0.0000000000
114206  21.060  -86.482  -6.491 0.0000000000
114207  23.848  -84.482  -8.589 0.0000000000
114208  23.522  -84.955  -8.008 0.0000000000
114209  24.158  -84.700  -8.645 0.0000000000
114210  24.364  -85.018  -8.686 0.0000000000
114211  24.690  -85.201  -8.695 0.0000000000
114212  25.056  -85.352  -8.819 0.0000000000
114213  25.299  -84.802  -9.317 0.0000000000
114214  25.994  -84.290  -9.843 0.0000000000
114215  26.731  -83.738  -10.343 0.0000000000
114272  15.341  -65.150  -6.800 0.0000000000
114273  15.012  -65.780  -7.104 0.0000000000
114274  14.808  -66.551  -7.369 0.0000000000
114275  17.798  -67.866  -8.003 0.0000000000
114276  16.894  -67.979  -8.076 0.0000000000
114277  17.112  -68.779  -7.814 0.0000000000
114278  16.369  -69.701  -7.304 0.0000000000
114279  15.762  -70.545  -6.592 0.0000000000
114280  15.340  -71.367  -5.883 0.0000000000
114281  16.094  -71.303  -6.258 0.0000000000
114282  16.227  -72.158  -6.091 0.0000000000
114283  16.303  -73.018  -6.169 0.0000000000
114289  19.811  -74.344  -7.698 0.0000000000
114291  19.158  -74.607  -7.630 0.0000000000
114292  18.547  -74.671  -7.508 0.0000000000
114293  17.948  -74.635  -7.418 0.0000000000
114294  17.316  -74.534  -7.257 0.0000000000
114295  17.285  -75.109  -7.720 0.0000000000
114296  16.524  -75.587  -7.907 0.0000000000
114297  15.699  -76.117  -7.919 0.0000000000
114298  14.935  -76.737  -7.778 0.0000000000
114299  15.499  -76.590  -8.305 0.0000000000
114300  15.381  -76.939  -8.844 0.0000000000
114301  15.152  -77.184  -9.333 0.0000000000
114302  17.441  -76.973  -11.273 0.0000000000
114303  16.533  -77.112  -11.275 0.0000000000
114304  16.639  -77.565  -11.602 0.0000000000
114305  15.903  -78.165  -11.903 0.0000000000
114306  15.129  -78.950  -12.131 0.0000000000
114307  14.459  -79.770  -12.295 0.0000000000
114308  15.542  -79.645  -12.469 0.0000000000
114309  15.961  -80.446  -12.644 0.0000000000
114310  16.274  -81.340  -12.802 0.0000000000
114311  16.554  -82.100  -12.908 0.0000000000
114312  17.145  -81.252  -12.631 0.0000000000
114313  17.988  -81.010  -12.416 0.0000000000
114314  18.750  -80.783  -12.253 0.0000000000
114315  20.578  -78.651  -9.331 0.0000000000
114316  20.392  -79.224  -9.993 0.0000000000
114317  20.880  -79.172  -9.383 0.0000000000
114318  21.252  -79.640  -9.472 0.0000000000
114319  21.492  -80.106  -9.500 0.0000000000
114320  21.666  -80.487  -9.526 0.0000000000
114321  21.944  -79.953  -8.919 0.0000000000
115390  24.360  -95.762  3.247 0.0000000000
115391  24.261  -95.764  2.592 0.0000000000
115392  24.009  -96.274  2.802 0.0000000000
115393  23.772  -96.872  2.434 0.0000000000
115394  23.586  -97.516  2.186 0.0000000000
115395  22.916  -97.728  2.942 0.0000000000
115396  23.166  -97.949  2.422 0.0000000000
115397  23.416  -98.137  1.932 0.0000000000
115398  23.259  -98.690  1.618 0.0000000000
116619  29.060  -94.982  -11.639 0.0000000000
116620  29.671  -94.447  -11.613 0.0000000000
116621  29.483  -94.675  -12.307 0.0000000000
116622  29.853  -94.305  -12.907 0.0000000000
116623  30.147  -93.864  -13.432 0.0000000000
116624  28.997  -94.253  -14.035 0.0000000000
116625  29.686  -93.809  -13.957 0.0000000000
116626  30.296  -93.338  -13.814 0.0000000000
116627  30.437  -92.771  -13.956 0.0000000000
116628  30.533  -92.139  -13.998 0.0000000000
116629  30.558  -91.467  -13.990 0.0000000000
116630  30.620  -90.732  -13.910 0.0000000000
116631  29.811  -91.311  -14.057 0.0000000000
116632  29.054  -91.165  -13.971 0.0000000000
116633  28.361  -90.874  -13.722 0.0000000000
116634  27.713  -91.970  -14.050 0.0000000000
116635  27.722  -91.280  -13.725 0.0000000000
116636  27.790  -90.626  -13.373 0.0000000000
116637  27.199  -90.414  -12.878 0.0000000000
116638  26.731  -90.207  -12.264 0.0000000000
116639  26.342  -90.027  -11.535 0.0000000000
118302  16.047  -86.647  -11.523 0.0000000000
118304  16.028  -86.505  -12.029 0.0000000000
118305  16.745  -86.373  -11.781 0.0000000000
118306  17.644  -85.824  -11.994 0.0000000000
118307  18.385  -85.203  -12.159 0.0000000000
118308  19.048  -84.507  -12.261 0.0000000000
118318  11.311  -70.824  -4.740 0.0000000000
118319  11.860  -70.931  -5.152 0.0000000000
119139  27.306  -96.670  -0.527 0.0000000000
119140  28.013  -96.046  -0.385 0.0000000000
119141  27.735  -96.718  -0.923 0.0000000000
119142  28.066  -96.767  -1.516 0.0000000000
119143  28.101  -96.800  -2.424 0.0000000000
119144  26.717  -97.728  -3.593 0.0000000000
119145  27.399  -97.308  -3.520 0.0000000000
119146  27.975  -96.807  -3.374 0.0000000000
119147  27.774  -96.794  -4.313 0.0000000000
119148  27.671  -96.785  -5.099 0.0000000000
119149  27.671  -96.693  -5.794 0.0000000000
119150  27.677  -96.594  -6.485 0.0000000000
119151  27.311  -97.223  -6.498 0.0000000000
119152  26.892  -97.717  -7.192 0.0000000000
122825  35.114  -89.392  -10.443 0.0000000000
127846  16.561  -94.419  -10.491 0.0000000000
127847  17.304  -94.262  -10.385 0.0000000000
127848  17.229  -93.380  -9.278 0.0000000000
127849  17.665  -93.825  -9.766 0.0000000000
127850  18.128  -94.250  -10.315 0.0000000000
127851  18.974  -94.224  -10.135 0.0000000000
127852  19.810  -94.183  -9.872 0.0000000000
127853  20.691  -94.051  -9.826 0.0000000000
127854  21.602  -93.803  -9.522 0.0000000000
127855  21.080  -93.457  -9.168 0.0000000000
127856  21.423  -92.842  -8.455 0.0000000000
127857  21.732  -92.142  -7.958 0.0000000000
127858  20.405  -92.019  -7.640 0.0000000000
127859  21.243  -91.744  -7.502 0.0000000000
127860  22.072  -91.327  -7.489 0.0000000000
127861  22.429  -90.422  -7.053 0.0000000000
127862  22.671  -89.579  -6.774 0.0000000000
127863  22.906  -88.734  -6.660 0.0000000000
127864  20.584  -84.979  -8.102 0.0000000000
127865  20.760  -85.217  -7.580 0.0000000000
127866  21.339  -84.774  -7.974 0.0000000000
127867  22.157  -84.584  -8.018 0.0000000000
127868  22.886  -84.424  -8.275 0.0000000000
127869  23.164  -83.736  -8.962 0.0000000000
127870  23.359  -83.996  -8.789 0.0000000000
127871  23.586  -84.235  -8.633 0.0000000000
127872  24.210  -83.984  -9.115 0.0000000000
127873  24.900  -83.544  -9.456 0.0000000000
127874  25.638  -83.054  -9.711 0.0000000000
127924  18.554  -66.840  -8.026 0.0000000000
127936  19.862  -74.398  -8.434 0.0000000000
127937  19.251  -74.904  -8.938 0.0000000000
127938  18.509  -75.389  -9.371 0.0000000000
127939  17.673  -75.900  -9.658 0.0000000000
127940  18.416  -75.551  -9.818 0.0000000000
127941  18.268  -75.796  -10.295 0.0000000000
127942  18.267  -76.092  -10.686 0.0000000000
127943  19.979  -75.379  -10.159 0.0000000000
127944  19.183  -75.996  -10.588 0.0000000000
127945  18.306  -76.441  -10.954 0.0000000000
127946  18.317  -76.922  -11.106 0.0000000000
127947  18.451  -77.484  -11.139 0.0000000000
127948  18.554  -78.153  -11.326 0.0000000000
127949  18.774  -78.783  -11.456 0.0000000000
127950  19.131  -78.144  -10.918 0.0000000000
127951  19.606  -78.105  -10.410 0.0000000000
127952  20.017  -78.110  -9.924 0.0000000000
127953  20.533  -76.937  -9.402 0.0000000000
127954  20.462  -77.492  -9.334 0.0000000000
127955  20.471  -78.068  -9.345 0.0000000000
127956  20.836  -78.003  -8.772 0.0000000000
129162  26.974  -94.905  0.565 0.0000000000
129163  26.971  -95.478  0.306 0.0000000000
129164  26.969  -95.996  0.049 0.0000000000
129165  24.373  -95.929  2.030 0.0000000000
129166  24.568  -96.102  1.515 0.0000000000
129167  24.835  -96.257  1.056 0.0000000000
129168  24.472  -97.379  1.025 0.0000000000
129169  24.782  -96.800  0.824 0.0000000000
129170  25.252  -96.295  0.681 0.0000000000
129171  25.760  -96.355  0.310 0.0000000000
129172  26.317  -96.445  -0.034 0.0000000000
129173  26.827  -96.602  -0.269 0.0000000000
129174  26.577  -97.201  -0.713 0.0000000000
129175  26.270  -97.664  -1.231 0.0000000000
129176  25.744  -97.946  -2.043 0.0000000000
129177  24.841  -98.147  -1.564 0.0000000000
129178  24.966  -98.075  -2.198 0.0000000000
129179  25.091  -98.103  -2.894 0.0000000000
132489  30.258  -91.417  -6.157 0.0000000000
132491  30.697  -91.379  -6.763 0.0000000000
132492  31.179  -91.332  -7.368 0.0000000000
132493  31.721  -91.170  -7.964 0.0000000000
132494  30.786  -92.279  -8.683 0.0000000000
132495  31.503  -91.620  -8.623 0.0000000000
132496  32.212  -90.868  -8.544 0.0000000000
132497  32.660  -90.617  -9.119 0.0000000000
132498  33.127  -90.412  -9.663 0.0000000000
132499  33.700  -90.243  -10.151 0.0000000000
132500  30.326  -93.914  -11.521 0.0000000000
132501  30.978  -93.342  -11.426 0.0000000000
132502  31.646  -92.647  -11.322 0.0000000000
132503  31.886  -92.654  -12.521 0.0000000000
132504  32.136  -92.361  -11.855 0.0000000000
132505  32.280  -91.927  -11.228 0.0000000000
132506  32.908  -91.361  -11.037 0.0000000000
132507  33.639  -90.716  -10.789 0.0000000000
132508  34.363  -90.039  -10.567 0.0000000000
132509  35.074  -89.824  -10.956 0.0000000000
132510  35.805  -89.598  -11.331 0.0000000000
132511  36.337  -89.394  -11.691 0.0000000000
132512  35.199  -90.149  -12.555 0.0000000000
132513  36.025  -89.602  -12.285 0.0000000000
132514  36.870  -89.064  -12.078 0.0000000000
132515  37.400  -88.639  -12.432 0.0000000000
132531  29.330  -88.845  -13.520 0.0000000000
132532  30.325  -88.299  -13.601 0.0000000000
132539  30.379  -85.794  -12.891 0.0000000000
132540  29.109  -86.471  -12.486 0.0000000000
132541  29.478  -86.080  -12.486 0.0000000000
132542  29.853  -85.597  -12.524 0.0000000000
132543  29.392  -85.475  -12.181 0.0000000000
132544  28.920  -85.187  -11.888 0.0000000000
132545  28.508  -84.909  -11.510 0.0000000000
137049  17.228  -89.833  -6.531 0.0000000000
137051  17.077  -88.543  -6.722 0.0000000000
137052  17.416  -87.892  -7.016 0.0000000000
137054  17.071  -87.589  -7.480 0.0000000000
137055  17.833  -87.370  -7.387 0.0000000000
137056  18.288  -86.899  -7.673 0.0000000000
137057  18.740  -86.415  -7.921 0.0000000000
137058  19.178  -85.887  -8.161 0.0000000000
137060  16.216  -86.864  -9.710 0.0000000000
137061  16.949  -86.652  -9.518 0.0000000000
137062  17.506  -86.183  -10.436 0.0000000000
137063  17.543  -86.247  -9.883 0.0000000000
137064  17.641  -86.404  -9.373 0.0000000000
137065  18.331  -85.996  -9.122 0.0000000000
137066  19.077  -85.624  -8.815 0.0000000000
137067  19.808  -85.297  -8.446 0.0000000000
137068  20.424  -84.792  -8.740 0.0000000000
137069  21.034  -84.330  -9.021 0.0000000000
137070  21.651  -83.865  -9.301 0.0000000000
137071  20.914  -83.964  -9.951 0.0000000000
137072  21.604  -83.717  -9.689 0.0000000000
137073  22.205  -83.408  -9.467 0.0000000000
137074  22.665  -82.955  -9.479 0.0000000000
137075  23.033  -82.424  -9.224 0.0000000000
137076  23.415  -81.908  -8.813 0.0000000000
137104  13.735  -75.786  -4.415 0.0000000000
137105  13.998  -75.810  -5.044 0.0000000000
139284  28.506  -95.483  -0.344 0.0000000000
139301  29.846  -91.540  -5.609 0.0000000000
139302  29.591  -92.074  -6.164 0.0000000000
139303  29.344  -92.521  -6.824 0.0000000000
139304  29.174  -92.998  -7.488 0.0000000000
139305  28.407  -93.840  -6.873 0.0000000000
139306  28.661  -93.684  -7.558 0.0000000000
139307  29.007  -93.543  -8.239 0.0000000000
139308  28.971  -94.180  -8.873 0.0000000000
139309  28.900  -94.576  -9.552 0.0000000000
139310  28.819  -94.942  -10.237 0.0000000000
139311  27.658  -96.498  -7.174 0.0000000000
139312  27.634  -96.310  -7.778 0.0000000000
139313  27.695  -96.112  -8.401 0.0000000000
139314  27.099  -97.170  -9.202 0.0000000000
139315  27.474  -96.564  -9.118 0.0000000000
139316  27.842  -95.900  -9.030 0.0000000000
139317  28.072  -95.731  -9.662 0.0000000000
139318  28.346  -95.493  -10.326 0.0000000000
139319  28.667  -95.236  -10.987 0.0000000000
139320  28.529  -95.496  -11.684 0.0000000000
139321  28.275  -95.647  -12.387 0.0000000000
139322  27.834  -95.683  -12.961 0.0000000000
139324  27.174  -96.158  -12.877 0.0000000000
139325  27.448  -95.713  -13.410 0.0000000000
139326  26.861  -95.563  -13.771 0.0000000000
139327  26.191  -95.491  -13.901 0.0000000000
158720  25.492  -94.657  3.488 0.0000000000
158721  25.110  -95.099  3.654 0.0000000000
158724  26.426  -94.721  5.498 0.0000000000
158726  26.202  -95.285  5.708 0.0000000000
158727  25.980  -94.968  5.066 0.0000000000
158728  25.613  -95.146  4.691 0.0000000000
158729  25.155  -95.296  4.288 0.0000000000
158730  24.718  -95.496  3.762 0.0000000000
158731  24.286  -95.951  4.041 0.0000000000
158732  23.784  -96.293  4.343 0.0000000000
158733  23.259  -96.534  4.593 0.0000000000
161736  24.813  -95.466  -13.602 0.0000000000
161812  20.975  -96.051  -12.726 0.0000000000
161817  25.034  -94.784  -13.390 0.0000000000
161818  25.267  -94.165  -13.086 0.0000000000
161819  25.517  -93.591  -12.692 0.0000000000
161820  25.699  -92.959  -12.300 0.0000000000
161821  24.419  -93.617  -11.476 0.0000000000
161822  25.218  -93.004  -11.659 0.0000000000
161823  25.815  -92.287  -11.927 0.0000000000
161824  25.893  -91.562  -11.573 0.0000000000
161825  25.956  -90.738  -11.191 0.0000000000
161826  25.945  -90.018  -10.904 0.0000000000
161827  22.405  -93.388  -9.423 0.0000000000
161828  23.290  -92.822  -9.377 0.0000000000
161829  24.038  -92.135  -9.423 0.0000000000
161830  23.827  -91.175  -8.500 0.0000000000
161831  24.254  -91.300  -9.036 0.0000000000
161832  24.708  -91.370  -9.601 0.0000000000
161833  25.249  -90.655  -9.896 0.0000000000
161834  25.614  -90.007  -10.282 0.0000000000
161835  25.963  -89.297  -10.682 0.0000000000
161836  26.070  -88.542  -10.516 0.0000000000
161837  26.282  -87.832  -10.564 0.0000000000
161838  26.540  -87.197  -10.659 0.0000000000
161839  25.640  -87.774  -9.583 0.0000000000
161840  26.188  -87.145  -10.205 0.0000000000
161841  26.839  -86.631  -10.783 0.0000000000
161842  27.250  -86.098  -10.928 0.0000000000
161843  27.592  -85.502  -11.091 0.0000000000
161844  27.921  -84.885  -11.245 0.0000000000
161845  17.985  -89.653  -6.475 0.0000000000
161846  18.840  -89.527  -6.380 0.0000000000
161847  19.751  -89.340  -6.249 0.0000000000
161848  19.528  -87.979  -6.309 0.0000000000
161849  20.041  -88.487  -6.130 0.0000000000
161850  20.680  -89.003  -6.179 0.0000000000
161851  21.559  -88.689  -6.178 0.0000000000
161852  22.395  -88.338  -6.332 0.0000000000
161853  23.138  -87.939  -6.676 0.0000000000
161854  21.103  -85.529  -7.195 0.0000000000
161855  21.484  -85.897  -6.870 0.0000000000
161856  21.919  -86.226  -6.586 0.0000000000
161857  23.161  -85.447  -7.443 0.0000000000
161858  22.754  -85.979  -6.913 0.0000000000
161859  22.425  -86.550  -6.521 0.0000000000
161860  22.896  -86.955  -6.544 0.0000000000
161861  23.391  -87.299  -6.775 0.0000000000
161862  23.808  -87.569  -7.115 0.0000000000
161863  24.392  -87.103  -7.687 0.0000000000
161864  24.888  -86.593  -8.407 0.0000000000
161865  25.505  -86.091  -9.102 0.0000000000
161866  25.401  -85.438  -9.035 0.0000000000
161867  25.675  -85.581  -9.360 0.0000000000
161868  26.058  -85.666  -9.762 0.0000000000
161869  26.678  -85.260  -10.446 0.0000000000
161870  27.457  -84.772  -10.928 0.0000000000
161871  28.354  -84.260  -11.353 0.0000000000
161986  11.619  -69.230  -6.021 0.0000000000
161987  11.887  -70.166  -5.922 0.0000000000
161988  12.425  -70.821  -5.591 0.0000000000
161989  16.712  -65.267  -7.945 0.0000000000
161990  15.753  -66.242  -7.794 0.0000000000
161991  14.749  -67.462  -7.624 0.0000000000
161992  15.920  -68.144  -7.908 0.0000000000
161993  14.842  -68.417  -7.630 0.0000000000
161994  13.871  -68.731  -7.326 0.0000000000
161995  13.239  -69.800  -6.757 0.0000000000
161996  13.017  -70.607  -5.971 0.0000000000
161997  12.954  -71.358  -5.041 0.0000000000
161998  13.493  -71.801  -4.646 0.0000000000
161999  13.956  -72.321  -4.380 0.0000000000
162000  14.335  -72.996  -4.336 0.0000000000
162001  15.091  -72.215  -5.255 0.0000000000
162002  14.836  -73.031  -4.807 0.0000000000
162003  14.466  -73.760  -4.518 0.0000000000
162004  14.502  -74.491  -4.838 0.0000000000
162005  14.321  -75.177  -5.223 0.0000000000
162006  14.168  -75.800  -5.690 0.0000000000
162025  17.620  -72.242  -6.511 0.0000000000
162026  16.889  -73.038  -6.488 0.0000000000
162027  16.197  -73.745  -6.456 0.0000000000
162028  16.695  -74.442  -7.138 0.0000000000
162029  16.005  -74.426  -6.879 0.0000000000
162030  15.415  -74.452  -6.451 0.0000000000
162031  14.797  -75.134  -6.362 0.0000000000
162032  14.348  -75.795  -6.261 0.0000000000
162033  14.019  -76.454  -6.092 0.0000000000
162034  13.973  -77.193  -6.290 0.0000000000
162035  13.986  -77.873  -6.519 0.0000000000
162036  13.994  -78.535  -6.777 0.0000000000
162037  14.501  -77.470  -7.556 0.0000000000
162038  14.200  -78.287  -7.389 0.0000000000
162039  13.859  -79.093  -7.260 0.0000000000
162040  13.680  -79.636  -7.825 0.0000000000
162041  13.376  -80.072  -8.429 0.0000000000
162042  13.077  -80.358  -9.067 0.0000000000
162043  16.725  -76.438  -9.815 0.0000000000
162044  15.774  -76.942  -9.857 0.0000000000
162045  14.900  -77.506  -9.860 0.0000000000
162046  15.545  -77.382  -11.010 0.0000000000
162047  14.752  -77.779  -10.457 0.0000000000
162048  14.159  -78.170  -9.837 0.0000000000
162049  13.600  -78.926  -9.851 0.0000000000
162050  13.141  -79.782  -9.815 0.0000000000
162051  12.706  -80.692  -9.732 0.0000000000
162052  12.539  -81.034  -10.491 0.0000000000
162053  12.414  -81.395  -11.191 0.0000000000
162054  12.534  -81.935  -11.936 0.0000000000
162055  13.855  -80.682  -12.414 0.0000000000
162056  13.271  -81.566  -12.555 0.0000000000
162062  15.494  -84.791  -13.624 0.0000000000
162063  16.462  -84.567  -13.378 0.0000000000
162064  16.805  -82.908  -13.102 0.0000000000
162065  17.102  -83.583  -13.227 0.0000000000
162066  17.419  -84.365  -13.143 0.0000000000
162067  18.242  -84.131  -12.950 0.0000000000
162068  19.061  -83.855  -12.673 0.0000000000
162069  19.837  -83.517  -12.365 0.0000000000
162070  18.955  -79.392  -11.626 0.0000000000
162071  19.160  -80.038  -11.754 0.0000000000
162072  19.406  -80.641  -11.880 0.0000000000
162073  20.215  -79.802  -10.730 0.0000000000
162074  20.020  -80.401  -11.407 0.0000000000
162075  19.663  -81.088  -12.057 0.0000000000
162076  20.018  -81.701  -12.171 0.0000000000
162077  20.271  -82.459  -12.178 0.0000000000
162078  20.418  -83.109  -11.884 0.0000000000
162079  20.929  -82.716  -11.386 0.0000000000
162080  21.250  -82.418  -10.721 0.0000000000
162081  21.645  -82.122  -10.087 0.0000000000
162082  21.775  -80.928  -9.554 0.0000000000
162083  21.888  -81.414  -9.488 0.0000000000
162084  22.083  -81.923  -9.506 0.0000000000
162085  22.566  -81.696  -8.986 0.0000000000
162086  23.131  -81.569  -8.624 0.0000000000
