#!ascii label  , from subject fsaverage vox2ras=TkReg
1146
40  34.320  -73.451  -11.988 0.0000000000
349  41.777  -75.819  -14.124 0.0000000000
445  39.190  -87.058  -13.050 0.0000000000
446  28.841  -84.303  -11.645 0.0000000000
618  24.021  -81.712  -8.620 0.0000000000
620  22.690  -74.208  -7.810 0.0000000000
621  29.285  -69.923  -11.936 0.0000000000
829  36.939  -75.229  -13.704 0.0000000000
981  31.396  -90.869  -13.938 0.0000000000
982  33.176  -85.770  -13.758 0.0000000000
1385  22.091  -71.403  -4.707 0.0000000000
1386  27.266  -69.748  -4.952 0.0000000000
1387  27.275  -73.564  -6.590 0.0000000000
1998  40.618  -81.295  -12.955 0.0000000000
1999  35.695  -80.221  -12.130 0.0000000000
2000  32.900  -79.130  -9.986 0.0000000000
2489  25.916  -83.242  -9.791 0.0000000000
2490  30.699  -78.095  -8.178 0.0000000000
2494  18.211  -70.354  -6.744 0.0000000000
2497  22.196  -78.503  -7.693 0.0000000000
2498  28.843  -76.162  -7.993 0.0000000000
2499  31.481  -72.305  -13.056 0.0000000000
2749  35.742  -74.511  -12.712 0.0000000000
4377  37.183  -88.792  -11.540 0.0000000000
4378  37.523  -86.905  -9.102 0.0000000000
4379  40.288  -86.328  -10.677 0.0000000000
4381  41.776  -84.498  -12.350 0.0000000000
4382  42.531  -81.830  -12.803 0.0000000000
4383  39.798  -84.495  -13.460 0.0000000000
4384  30.762  -85.252  -12.901 0.0000000000
4385  34.413  -83.188  -13.348 0.0000000000
4386  32.084  -82.454  -12.750 0.0000000000
4387  33.895  -79.760  -11.350 0.0000000000
4388  30.940  -82.018  -11.219 0.0000000000
5578  25.025  -82.482  -9.240 0.0000000000
5579  28.521  -80.947  -8.632 0.0000000000
5580  27.553  -80.355  -8.007 0.0000000000
5592  22.408  -72.540  -6.617 0.0000000000
5593  20.249  -73.863  -7.016 0.0000000000
5598  21.919  -76.429  -7.603 0.0000000000
5599  29.036  -71.797  -9.061 0.0000000000
5600  27.829  -74.967  -7.176 0.0000000000
5601  29.541  -73.015  -9.918 0.0000000000
5602  30.493  -74.208  -10.623 0.0000000000
5603  29.950  -71.302  -12.951 0.0000000000
6099  39.309  -75.801  -14.371 0.0000000000
6373  35.462  -88.923  -13.310 0.0000000000
6374  36.348  -86.468  -13.942 0.0000000000
6375  32.251  -88.094  -13.637 0.0000000000
7102  24.664  -72.052  -5.583 0.0000000000
7103  24.481  -74.184  -6.037 0.0000000000
7104  27.207  -71.547  -5.663 0.0000000000
7105  29.031  -70.069  -7.963 0.0000000000
7106  29.093  -68.235  -10.875 0.0000000000
8575  43.198  -78.647  -12.726 0.0000000000
8576  41.216  -78.333  -13.012 0.0000000000
8577  37.132  -83.935  -13.317 0.0000000000
8578  38.050  -80.717  -12.421 0.0000000000
8579  38.722  -77.808  -13.010 0.0000000000
8580  36.508  -77.426  -12.503 0.0000000000
8581  34.946  -76.906  -11.815 0.0000000000
8582  33.751  -76.050  -10.942 0.0000000000
10024  29.587  -81.607  -9.885 0.0000000000
10025  31.860  -78.537  -8.799 0.0000000000
10026  32.591  -75.657  -10.366 0.0000000000
10039  20.001  -70.917  -5.432 0.0000000000
10047  23.112  -79.947  -7.848 0.0000000000
10048  24.663  -76.157  -6.323 0.0000000000
10049  25.453  -77.573  -6.607 0.0000000000
10050  26.533  -78.812  -7.268 0.0000000000
10051  29.911  -77.097  -8.298 0.0000000000
10052  31.558  -74.913  -10.640 0.0000000000
10053  32.988  -72.859  -12.394 0.0000000000
10429  35.138  -73.878  -12.213 0.0000000000
12057  38.297  -88.054  -12.281 0.0000000000
12058  38.792  -87.627  -11.075 0.0000000000
12059  39.958  -86.935  -11.927 0.0000000000
12060  41.232  -85.651  -11.562 0.0000000000
12061  40.609  -85.932  -12.732 0.0000000000
12062  40.895  -84.634  -13.138 0.0000000000
12063  39.553  -85.885  -13.484 0.0000000000
12064  29.696  -84.820  -12.248 0.0000000000
12065  31.314  -83.920  -12.926 0.0000000000
12066  30.334  -83.523  -12.451 0.0000000000
12067  31.317  -82.272  -12.061 0.0000000000
12068  29.647  -83.178  -11.767 0.0000000000
13258  24.628  -82.091  -8.906 0.0000000000
13259  26.289  -81.422  -8.662 0.0000000000
13260  25.681  -81.036  -8.226 0.0000000000
13272  22.890  -73.130  -7.524 0.0000000000
13273  21.697  -73.419  -8.023 0.0000000000
13274  21.976  -74.150  -8.876 0.0000000000
13276  21.689  -75.221  -9.002 0.0000000000
13277  21.132  -76.397  -8.872 0.0000000000
13278  22.279  -75.321  -7.701 0.0000000000
13279  29.279  -70.815  -10.504 0.0000000000
13280  29.185  -72.443  -9.454 0.0000000000
13281  29.429  -71.546  -10.964 0.0000000000
13282  29.776  -72.194  -11.450 0.0000000000
13283  29.565  -70.666  -12.413 0.0000000000
14004  38.060  -75.650  -14.058 0.0000000000
14006  38.649  -73.919  -14.334 0.0000000000
14460  34.772  -90.144  -13.068 0.0000000000
14461  33.377  -89.870  -13.646 0.0000000000
14462  33.845  -88.522  -13.602 0.0000000000
14463  31.616  -89.464  -13.830 0.0000000000
15676  25.896  -71.089  -4.958 0.0000000000
15677  25.867  -71.884  -5.352 0.0000000000
15678  27.231  -70.636  -5.315 0.0000000000
18889  34.629  -88.474  -8.784 0.0000000000
18904  41.538  -81.594  -12.958 0.0000000000
18905  42.939  -80.249  -12.737 0.0000000000
18906  41.962  -79.983  -12.868 0.0000000000
18907  42.198  -78.464  -12.916 0.0000000000
18908  40.935  -79.736  -12.855 0.0000000000
18909  34.707  -85.981  -13.991 0.0000000000
18910  36.662  -85.355  -13.813 0.0000000000
18911  35.165  -84.851  -13.750 0.0000000000
18912  35.054  -81.669  -12.753 0.0000000000
18913  36.216  -82.078  -12.805 0.0000000000
18914  36.866  -80.496  -12.359 0.0000000000
18915  38.459  -79.121  -12.506 0.0000000000
18916  37.323  -78.931  -12.280 0.0000000000
18917  37.550  -77.652  -12.823 0.0000000000
18918  36.257  -78.830  -11.953 0.0000000000
18919  33.297  -79.505  -10.632 0.0000000000
18920  34.574  -78.200  -11.215 0.0000000000
18921  33.973  -77.884  -10.812 0.0000000000
18922  34.323  -76.505  -11.444 0.0000000000
18923  33.450  -77.434  -10.321 0.0000000000
22494  28.295  -82.633  -10.607 0.0000000000
22495  27.698  -82.318  -9.948 0.0000000000
22496  29.765  -79.644  -8.093 0.0000000000
22497  30.316  -79.924  -8.521 0.0000000000
22498  31.288  -78.311  -8.368 0.0000000000
22499  32.360  -76.971  -9.337 0.0000000000
22500  31.665  -76.673  -9.058 0.0000000000
22527  17.930  -68.735  -7.662 0.0000000000
22534  20.976  -71.423  -4.947 0.0000000000
22536  19.072  -74.143  -6.916 0.0000000000
22551  21.724  -79.575  -8.869 0.0000000000
22552  22.065  -80.386  -8.853 0.0000000000
22553  22.796  -79.294  -7.785 0.0000000000
22554  25.921  -74.000  -6.024 0.0000000000
22555  24.516  -75.210  -6.191 0.0000000000
22556  26.072  -74.953  -6.206 0.0000000000
22557  28.236  -75.507  -7.505 0.0000000000
22558  26.740  -76.354  -6.716 0.0000000000
22559  27.277  -76.927  -7.109 0.0000000000
22560  26.011  -78.232  -6.909 0.0000000000
22561  27.913  -77.508  -7.313 0.0000000000
22562  28.423  -78.067  -7.639 0.0000000000
22563  29.436  -76.658  -8.171 0.0000000000
22564  30.934  -73.239  -11.897 0.0000000000
22565  31.057  -74.568  -10.665 0.0000000000
22566  31.637  -73.620  -11.930 0.0000000000
22567  32.185  -73.948  -11.820 0.0000000000
22568  32.300  -72.590  -12.854 0.0000000000
23379  36.348  -74.936  -13.202 0.0000000000
23654  29.805  -90.580  -13.945 0.0000000000
24383  28.408  -69.041  -5.839 0.0000000000
26309  35.851  -89.196  -10.820 0.0000000000
26310  35.970  -88.148  -9.686 0.0000000000
26311  37.460  -87.964  -10.363 0.0000000000
26312  39.014  -86.736  -9.844 0.0000000000
26315  41.549  -84.861  -10.315 0.0000000000
26316  42.292  -84.154  -11.260 0.0000000000
26317  42.921  -83.141  -11.906 0.0000000000
26318  43.327  -81.855  -12.219 0.0000000000
26319  42.188  -83.215  -12.812 0.0000000000
26320  41.194  -83.129  -13.161 0.0000000000
26321  40.092  -83.000  -13.227 0.0000000000
26322  31.870  -85.575  -13.380 0.0000000000
26323  33.697  -84.511  -13.613 0.0000000000
26324  32.410  -84.248  -13.393 0.0000000000
26325  33.090  -82.823  -13.149 0.0000000000
26326  33.958  -81.428  -12.517 0.0000000000
26327  34.749  -80.027  -11.829 0.0000000000
26328  32.989  -81.076  -12.035 0.0000000000
26329  32.403  -80.914  -11.169 0.0000000000
26330  32.011  -80.729  -10.351 0.0000000000
28472  25.442  -82.825  -9.558 0.0000000000
28473  27.230  -81.920  -9.409 0.0000000000
28474  26.741  -81.704  -8.999 0.0000000000
28475  27.980  -80.754  -8.312 0.0000000000
28476  29.209  -79.359  -7.908 0.0000000000
28494  19.183  -66.888  -7.613 0.0000000000
28495  19.119  -68.683  -6.758 0.0000000000
28496  22.185  -72.241  -5.710 0.0000000000
28497  21.149  -72.826  -5.773 0.0000000000
28498  21.359  -73.221  -7.039 0.0000000000
28499  20.383  -74.053  -8.343 0.0000000000
28507  20.885  -77.476  -8.735 0.0000000000
28508  21.827  -77.427  -7.557 0.0000000000
28509  28.405  -72.746  -7.759 0.0000000000
28510  27.594  -74.302  -6.954 0.0000000000
28511  28.595  -73.391  -8.045 0.0000000000
28512  28.941  -74.009  -8.329 0.0000000000
28513  29.374  -74.532  -8.804 0.0000000000
28514  29.915  -75.128  -9.216 0.0000000000
28515  29.986  -73.652  -10.367 0.0000000000
28516  30.273  -72.774  -11.858 0.0000000000
28517  30.659  -71.878  -13.128 0.0000000000
28519  30.477  -70.522  -13.991 0.0000000000
29589  40.574  -75.863  -14.317 0.0000000000
30226  34.284  -90.483  -11.193 0.0000000000
30227  35.489  -89.960  -11.934 0.0000000000
30228  36.523  -89.175  -12.638 0.0000000000
30229  37.381  -88.021  -13.197 0.0000000000
30230  37.874  -86.857  -13.740 0.0000000000
30231  35.972  -87.601  -13.644 0.0000000000
30232  34.349  -87.174  -13.737 0.0000000000
30233  32.824  -86.882  -13.697 0.0000000000
30234  30.056  -89.046  -13.710 0.0000000000
30235  30.638  -87.598  -13.480 0.0000000000
30236  31.253  -86.501  -13.399 0.0000000000
31928  23.320  -71.682  -5.256 0.0000000000
31929  23.563  -72.287  -6.216 0.0000000000
31930  23.656  -73.039  -6.630 0.0000000000
31931  23.387  -74.259  -6.738 0.0000000000
31932  24.578  -73.016  -5.890 0.0000000000
31933  25.884  -72.908  -5.721 0.0000000000
31934  27.254  -72.566  -6.183 0.0000000000
31935  28.343  -69.985  -6.193 0.0000000000
31936  28.349  -70.948  -6.607 0.0000000000
31937  28.376  -71.921  -7.172 0.0000000000
31938  28.989  -71.029  -8.609 0.0000000000
31939  29.241  -70.034  -10.029 0.0000000000
31940  29.141  -69.094  -11.431 0.0000000000
35967  36.067  -87.021  -8.161 0.0000000000
35985  43.777  -80.412  -12.346 0.0000000000
35988  43.286  -77.203  -12.989 0.0000000000
35989  42.376  -77.095  -13.268 0.0000000000
35990  41.480  -77.034  -13.530 0.0000000000
35991  38.192  -85.661  -13.793 0.0000000000
35992  38.466  -84.298  -13.473 0.0000000000
35993  38.928  -82.773  -13.083 0.0000000000
35994  35.642  -83.525  -13.349 0.0000000000
35995  37.541  -82.344  -12.909 0.0000000000
35996  39.398  -81.036  -12.755 0.0000000000
35997  39.695  -79.406  -12.670 0.0000000000
35998  39.958  -78.116  -13.124 0.0000000000
35999  40.236  -76.955  -13.748 0.0000000000
36000  38.994  -76.758  -13.743 0.0000000000
36001  37.714  -76.709  -13.569 0.0000000000
36002  36.658  -76.363  -13.219 0.0000000000
36003  35.392  -78.501  -11.653 0.0000000000
36004  35.634  -77.164  -12.156 0.0000000000
36005  35.891  -76.084  -12.770 0.0000000000
36006  35.240  -75.775  -12.421 0.0000000000
36007  34.707  -75.234  -11.988 0.0000000000
36008  34.012  -74.755  -11.618 0.0000000000
40306  28.984  -82.921  -11.203 0.0000000000
40307  30.333  -81.844  -10.510 0.0000000000
40308  31.466  -80.495  -9.763 0.0000000000
40309  29.084  -81.280  -9.159 0.0000000000
40310  30.909  -80.256  -9.017 0.0000000000
40311  32.380  -78.850  -9.376 0.0000000000
40312  32.925  -77.159  -9.702 0.0000000000
40313  33.133  -75.817  -10.574 0.0000000000
40314  33.351  -74.592  -11.383 0.0000000000
40352  20.074  -68.932  -5.808 0.0000000000
40353  19.099  -70.544  -6.036 0.0000000000
40354  19.981  -72.958  -5.692 0.0000000000
40355  19.056  -72.626  -5.969 0.0000000000
40356  18.203  -72.295  -6.423 0.0000000000
40376  22.396  -81.233  -8.932 0.0000000000
40377  23.558  -80.831  -8.147 0.0000000000
40378  23.162  -75.342  -6.707 0.0000000000
40379  23.061  -76.338  -6.683 0.0000000000
40380  23.280  -77.281  -6.711 0.0000000000
40381  26.430  -75.650  -6.476 0.0000000000
40382  25.009  -76.914  -6.375 0.0000000000
40383  23.710  -78.086  -6.837 0.0000000000
40384  24.212  -78.792  -7.026 0.0000000000
40385  24.684  -79.433  -7.300 0.0000000000
40386  25.162  -80.275  -7.790 0.0000000000
40387  27.090  -79.631  -7.631 0.0000000000
40388  28.898  -78.716  -7.743 0.0000000000
40389  30.264  -77.618  -8.235 0.0000000000
40390  30.430  -75.590  -9.306 0.0000000000
40391  30.817  -75.932  -9.380 0.0000000000
40392  31.271  -76.282  -9.168 0.0000000000
40393  32.044  -75.238  -10.375 0.0000000000
40394  32.818  -74.293  -11.539 0.0000000000
40395  33.618  -73.210  -12.063 0.0000000000
41149  34.721  -73.673  -12.063 0.0000000000
42777  38.795  -87.604  -12.697 0.0000000000
42778  39.180  -87.484  -12.138 0.0000000000
42779  39.638  -87.045  -12.555 0.0000000000
42780  40.335  -86.473  -12.348 0.0000000000
42781  39.969  -86.532  -12.911 0.0000000000
42782  40.150  -85.918  -13.156 0.0000000000
42783  39.401  -86.502  -13.307 0.0000000000
42784  29.272  -84.516  -11.952 0.0000000000
42785  29.995  -84.177  -12.361 0.0000000000
42786  29.560  -83.944  -12.091 0.0000000000
42787  30.005  -83.326  -12.101 0.0000000000
42788  29.214  -83.729  -11.744 0.0000000000
43978  24.354  -81.885  -8.793 0.0000000000
43979  25.134  -81.580  -8.573 0.0000000000
43980  24.816  -81.385  -8.436 0.0000000000
43992  22.880  -73.595  -7.708 0.0000000000
43993  22.457  -73.649  -8.180 0.0000000000
43994  22.390  -74.136  -8.374 0.0000000000
43995  21.833  -74.709  -9.022 0.0000000000
43996  22.187  -74.756  -8.403 0.0000000000
43997  22.017  -75.319  -8.366 0.0000000000
43998  22.534  -74.804  -7.766 0.0000000000
43999  29.310  -70.291  -11.264 0.0000000000
44000  29.329  -71.153  -10.733 0.0000000000
44001  29.373  -70.753  -11.441 0.0000000000
44002  29.529  -71.136  -11.631 0.0000000000
44003  29.411  -70.257  -12.187 0.0000000000
44004  29.494  -69.885  -12.826 0.0000000000
44005  29.335  -69.522  -12.572 0.0000000000
44724  37.486  -75.470  -13.904 0.0000000000
44725  38.306  -74.837  -14.216 0.0000000000
44726  37.760  -74.621  -14.048 0.0000000000
45180  33.119  -90.480  -13.623 0.0000000000
45181  32.341  -90.361  -13.811 0.0000000000
45182  32.519  -89.689  -13.787 0.0000000000
45183  31.407  -90.212  -13.895 0.0000000000
46395  25.897  -70.691  -4.688 0.0000000000
46396  26.598  -70.460  -4.893 0.0000000000
46397  26.587  -70.784  -5.110 0.0000000000
46398  27.279  -70.132  -5.176 0.0000000000
49609  34.547  -89.045  -9.413 0.0000000000
49624  41.054  -81.403  -13.008 0.0000000000
49625  41.750  -80.745  -12.900 0.0000000000
49626  41.286  -80.598  -12.945 0.0000000000
49627  41.470  -79.841  -12.889 0.0000000000
49628  40.819  -80.455  -12.892 0.0000000000
49629  33.970  -85.856  -13.890 0.0000000000
49630  34.940  -85.435  -13.902 0.0000000000
49631  34.180  -85.257  -13.825 0.0000000000
49632  35.411  -80.927  -12.382 0.0000000000
49633  35.955  -81.103  -12.542 0.0000000000
49634  36.228  -80.358  -12.264 0.0000000000
49635  37.103  -79.713  -12.253 0.0000000000
49636  36.521  -79.633  -12.102 0.0000000000
49637  36.764  -78.906  -12.152 0.0000000000
49638  35.983  -79.527  -11.980 0.0000000000
49639  33.104  -79.329  -10.354 0.0000000000
49640  33.695  -78.706  -10.567 0.0000000000
49641  33.444  -78.512  -10.421 0.0000000000
49642  33.691  -77.742  -10.603 0.0000000000
49643  33.212  -78.249  -10.068 0.0000000000
53213  26.177  -83.491  -9.882 0.0000000000
53214  26.984  -82.920  -10.203 0.0000000000
53215  26.773  -82.772  -9.918 0.0000000000
53216  30.297  -78.870  -8.063 0.0000000000
53217  30.550  -78.961  -8.205 0.0000000000
53218  31.064  -78.082  -8.259 0.0000000000
53219  31.512  -77.460  -8.640 0.0000000000
53220  31.255  -77.354  -8.601 0.0000000000
53247  18.099  -69.478  -7.177 0.0000000000
53248  17.258  -69.612  -7.338 0.0000000000
53249  17.497  -70.354  -6.949 0.0000000000
53251  17.599  -71.287  -6.577 0.0000000000
53254  21.532  -71.457  -4.853 0.0000000000
53269  21.570  -78.564  -8.257 0.0000000000
53270  21.351  -79.121  -8.864 0.0000000000
53271  21.908  -79.046  -8.309 0.0000000000
53272  22.221  -79.443  -8.374 0.0000000000
53273  22.524  -78.902  -7.770 0.0000000000
53274  26.619  -73.847  -6.248 0.0000000000
53275  26.056  -74.515  -6.156 0.0000000000
53276  26.698  -74.316  -6.378 0.0000000000
53277  28.605  -75.767  -7.756 0.0000000000
53278  27.773  -76.231  -7.270 0.0000000000
53279  28.182  -76.506  -7.479 0.0000000000
53280  27.626  -77.239  -7.273 0.0000000000
53281  28.398  -76.867  -7.614 0.0000000000
53282  28.718  -77.073  -7.739 0.0000000000
53283  29.149  -76.373  -8.140 0.0000000000
53284  31.166  -72.711  -12.583 0.0000000000
53285  31.273  -73.445  -11.975 0.0000000000
53286  31.602  -73.003  -12.462 0.0000000000
53287  31.937  -73.112  -12.559 0.0000000000
53288  31.964  -72.474  -12.989 0.0000000000
53289  32.368  -71.984  -13.203 0.0000000000
53290  31.966  -71.854  -13.368 0.0000000000
54324  36.051  -74.794  -12.920 0.0000000000
54325  36.658  -74.076  -13.285 0.0000000000
54326  36.383  -73.917  -12.952 0.0000000000
59207  36.567  -88.991  -11.169 0.0000000000
59208  36.658  -88.554  -10.616 0.0000000000
59209  37.370  -88.382  -10.951 0.0000000000
59210  39.556  -87.018  -10.873 0.0000000000
59211  38.913  -87.221  -10.463 0.0000000000
59212  39.694  -86.592  -10.290 0.0000000000
59213  39.810  -86.096  -9.530 0.0000000000
59214  40.437  -85.906  -9.994 0.0000000000
59215  41.073  -85.207  -9.800 0.0000000000
59216  40.971  -85.624  -10.456 0.0000000000
59217  41.532  -85.092  -12.020 0.0000000000
59218  41.748  -84.905  -11.427 0.0000000000
59219  42.104  -84.404  -11.856 0.0000000000
59220  42.675  -83.665  -11.617 0.0000000000
59221  42.329  -83.832  -12.162 0.0000000000
59222  42.562  -83.203  -12.366 0.0000000000
59223  41.995  -83.882  -12.608 0.0000000000
59224  40.395  -84.566  -13.331 0.0000000000
59225  41.027  -83.895  -13.188 0.0000000000
59226  40.486  -83.839  -13.305 0.0000000000
59227  40.632  -83.072  -13.216 0.0000000000
59228  39.925  -83.771  -13.357 0.0000000000
59229  31.296  -85.406  -13.209 0.0000000000
59230  32.142  -84.935  -13.395 0.0000000000
59231  31.598  -84.787  -13.205 0.0000000000
59232  31.597  -83.214  -12.948 0.0000000000
59233  32.144  -83.386  -13.147 0.0000000000
59234  32.536  -82.638  -12.989 0.0000000000
59235  33.516  -82.123  -12.863 0.0000000000
59236  33.018  -81.886  -12.684 0.0000000000
59237  33.418  -81.229  -12.332 0.0000000000
59238  32.548  -81.744  -12.435 0.0000000000
59239  31.109  -82.160  -11.694 0.0000000000
59240  31.853  -81.632  -11.656 0.0000000000
59241  31.667  -81.530  -11.216 0.0000000000
59242  32.167  -80.865  -10.798 0.0000000000
59243  31.536  -81.398  -10.762 0.0000000000
62813  25.258  -82.606  -9.404 0.0000000000
62814  26.071  -82.239  -9.299 0.0000000000
62815  25.837  -82.047  -9.242 0.0000000000
62816  26.914  -80.914  -8.314 0.0000000000
62817  27.127  -81.089  -8.469 0.0000000000
62818  27.806  -80.532  -8.125 0.0000000000
62819  28.605  -80.090  -8.069 0.0000000000
62820  28.414  -79.891  -7.906 0.0000000000
62849  19.709  -66.930  -7.028 0.0000000000
62850  19.159  -67.755  -7.245 0.0000000000
62851  19.642  -67.850  -6.678 0.0000000000
62852  22.301  -72.407  -6.190 0.0000000000
62853  21.802  -72.715  -6.441 0.0000000000
62854  21.875  -72.866  -6.850 0.0000000000
62855  21.104  -73.918  -8.757 0.0000000000
62856  20.993  -73.708  -8.169 0.0000000000
62862  20.592  -75.703  -10.047 0.0000000000
62869  21.501  -76.434  -8.199 0.0000000000
62870  20.939  -76.959  -8.745 0.0000000000
62871  21.380  -76.967  -8.075 0.0000000000
62872  21.307  -77.460  -8.114 0.0000000000
62873  21.856  -76.896  -7.575 0.0000000000
62874  28.783  -72.219  -8.423 0.0000000000
62875  28.534  -73.028  -7.930 0.0000000000
62876  28.859  -72.573  -8.569 0.0000000000
62877  29.354  -72.724  -9.711 0.0000000000
62878  29.104  -73.193  -8.911 0.0000000000
62879  29.251  -73.518  -9.131 0.0000000000
62880  29.109  -74.223  -8.621 0.0000000000
62881  29.525  -73.722  -9.337 0.0000000000
62882  29.709  -74.082  -9.542 0.0000000000
62883  29.671  -73.410  -10.069 0.0000000000
62884  29.802  -71.748  -12.185 0.0000000000
62885  29.962  -72.488  -11.720 0.0000000000
62886  30.108  -72.061  -12.446 0.0000000000
62887  30.464  -72.370  -12.471 0.0000000000
62888  30.240  -71.583  -13.069 0.0000000000
62889  30.551  -71.173  -13.592 0.0000000000
62890  30.184  -70.880  -13.504 0.0000000000
65049  39.969  -75.839  -14.431 0.0000000000
65050  40.774  -75.192  -14.652 0.0000000000
65051  40.169  -75.143  -14.789 0.0000000000
66415  34.916  -90.260  -11.559 0.0000000000
66417  35.132  -89.550  -13.218 0.0000000000
66418  35.649  -89.660  -12.828 0.0000000000
66419  36.010  -89.106  -13.012 0.0000000000
66420  36.981  -88.604  -12.897 0.0000000000
66421  36.377  -88.469  -13.240 0.0000000000
66422  36.766  -87.802  -13.501 0.0000000000
66423  35.764  -88.257  -13.432 0.0000000000
66424  33.077  -88.303  -13.618 0.0000000000
66425  34.086  -87.838  -13.614 0.0000000000
66426  33.340  -87.649  -13.612 0.0000000000
66427  33.583  -87.016  -13.693 0.0000000000
66428  32.590  -87.448  -13.634 0.0000000000
66430  29.823  -89.850  -13.797 0.0000000000
66435  30.936  -87.004  -13.416 0.0000000000
66436  30.229  -86.843  -13.200 0.0000000000
66437  30.640  -86.348  -13.157 0.0000000000
70062  24.622  -71.678  -5.363 0.0000000000
70064  24.103  -72.145  -5.855 0.0000000000
70065  23.680  -72.575  -6.449 0.0000000000
70066  24.145  -72.520  -6.096 0.0000000000
70067  24.069  -73.016  -6.227 0.0000000000
70068  24.591  -72.475  -5.763 0.0000000000
70069  26.506  -71.749  -5.459 0.0000000000
70070  25.834  -72.364  -5.543 0.0000000000
70071  26.578  -72.215  -5.676 0.0000000000
70072  26.565  -72.772  -5.847 0.0000000000
70073  27.216  -72.029  -5.908 0.0000000000
70075  28.383  -69.557  -5.991 0.0000000000
70076  28.789  -69.141  -6.574 0.0000000000
70077  29.084  -69.605  -7.708 0.0000000000
70078  28.792  -70.085  -6.945 0.0000000000
70079  28.785  -70.619  -7.206 0.0000000000
70080  28.371  -71.431  -6.891 0.0000000000
70081  28.751  -71.000  -7.540 0.0000000000
70082  28.714  -71.485  -7.864 0.0000000000
70083  29.010  -70.568  -8.289 0.0000000000
70085  29.260  -69.645  -9.772 0.0000000000
70087  29.227  -69.556  -10.748 0.0000000000
70088  29.153  -68.729  -11.114 0.0000000000
70089  29.014  -68.310  -11.754 0.0000000000
79705  36.723  -87.489  -9.387 0.0000000000
79749  42.962  -81.857  -12.584 0.0000000000
79750  43.558  -81.182  -12.351 0.0000000000
79751  43.155  -81.133  -12.623 0.0000000000
79752  43.095  -79.427  -12.701 0.0000000000
79753  43.538  -79.526  -12.517 0.0000000000
79754  43.626  -78.760  -12.542 0.0000000000
79756  43.658  -78.017  -12.612 0.0000000000
79757  43.703  -77.337  -12.730 0.0000000000
79758  43.211  -77.898  -12.828 0.0000000000
79759  41.735  -78.401  -12.940 0.0000000000
79760  42.270  -77.772  -13.040 0.0000000000
79761  41.815  -77.717  -13.126 0.0000000000
79762  41.935  -77.056  -13.385 0.0000000000
79763  41.339  -77.633  -13.228 0.0000000000
79764  37.105  -86.697  -13.807 0.0000000000
79765  38.029  -86.289  -13.806 0.0000000000
79766  37.268  -86.112  -13.897 0.0000000000
79767  36.871  -84.706  -13.585 0.0000000000
79768  37.597  -84.888  -13.640 0.0000000000
79769  37.805  -84.182  -13.407 0.0000000000
79770  38.676  -83.552  -13.263 0.0000000000
79771  38.048  -83.394  -13.172 0.0000000000
79772  33.997  -83.894  -13.518 0.0000000000
79773  34.666  -84.021  -13.511 0.0000000000
79774  34.992  -83.363  -13.314 0.0000000000
79775  37.145  -81.399  -12.573 0.0000000000
79776  36.853  -82.181  -12.810 0.0000000000
79777  37.801  -81.486  -12.628 0.0000000000
79778  38.495  -81.647  -12.739 0.0000000000
79779  38.745  -80.815  -12.518 0.0000000000
79780  39.589  -80.182  -12.652 0.0000000000
79781  38.922  -80.058  -12.484 0.0000000000
79782  38.573  -78.452  -12.706 0.0000000000
79783  39.180  -78.596  -12.765 0.0000000000
79784  39.385  -77.878  -13.035 0.0000000000
79785  40.109  -77.484  -13.456 0.0000000000
79786  39.535  -77.300  -13.380 0.0000000000
79787  39.674  -76.800  -13.740 0.0000000000
79788  38.875  -77.191  -13.387 0.0000000000
79789  37.045  -77.565  -12.684 0.0000000000
79790  37.611  -77.130  -13.185 0.0000000000
79791  37.119  -77.031  -13.073 0.0000000000
79792  37.185  -76.562  -13.409 0.0000000000
79793  36.581  -76.831  -12.873 0.0000000000
79794  34.296  -79.896  -11.627 0.0000000000
79795  35.099  -79.271  -11.654 0.0000000000
79796  34.691  -79.169  -11.433 0.0000000000
79797  34.785  -77.521  -11.482 0.0000000000
79798  35.130  -77.661  -11.687 0.0000000000
79799  35.291  -77.047  -12.028 0.0000000000
79800  35.757  -76.602  -12.462 0.0000000000
79801  35.404  -76.517  -12.334 0.0000000000
79802  35.555  -75.993  -12.617 0.0000000000
79803  35.056  -76.348  -12.170 0.0000000000
79804  34.033  -76.318  -11.234 0.0000000000
79805  34.520  -75.867  -11.801 0.0000000000
79806  34.205  -75.664  -11.521 0.0000000000
79807  34.360  -75.062  -11.758 0.0000000000
79808  33.845  -75.423  -11.310 0.0000000000
90519  28.393  -83.520  -11.239 0.0000000000
90520  27.970  -83.430  -10.910 0.0000000000
90521  28.919  -82.130  -10.346 0.0000000000
90522  29.223  -82.226  -10.638 0.0000000000
90523  29.913  -81.668  -10.190 0.0000000000
90524  30.935  -81.213  -10.109 0.0000000000
90525  30.565  -81.086  -9.685 0.0000000000
90526  27.929  -81.452  -8.990 0.0000000000
90527  28.139  -81.655  -9.261 0.0000000000
90528  28.790  -81.121  -8.879 0.0000000000
90529  31.145  -79.258  -8.590 0.0000000000
90530  30.581  -80.070  -8.774 0.0000000000
90531  31.426  -79.404  -8.842 0.0000000000
90532  31.677  -79.608  -9.166 0.0000000000
90533  32.162  -78.729  -9.040 0.0000000000
90534  32.697  -77.982  -9.465 0.0000000000
90535  32.462  -77.838  -9.169 0.0000000000
90536  32.484  -76.290  -9.839 0.0000000000
90537  32.769  -76.370  -9.929 0.0000000000
90538  32.844  -75.770  -10.416 0.0000000000
90539  33.226  -75.202  -10.999 0.0000000000
90540  32.936  -75.169  -10.887 0.0000000000
90635  20.526  -70.127  -5.254 0.0000000000
90636  20.557  -69.098  -5.440 0.0000000000
90637  20.025  -69.907  -5.609 0.0000000000
90638  19.534  -69.765  -5.951 0.0000000000
90639  19.525  -70.713  -5.766 0.0000000000
90640  20.707  -73.411  -6.355 0.0000000000
90641  20.584  -73.005  -5.772 0.0000000000
90642  20.121  -73.623  -6.344 0.0000000000
90643  18.502  -74.099  -6.902 0.0000000000
90644  19.014  -73.477  -6.340 0.0000000000
90645  18.555  -73.349  -6.464 0.0000000000
90646  18.640  -72.500  -6.203 0.0000000000
90647  18.052  -73.247  -6.586 0.0000000000
90694  22.520  -80.192  -8.303 0.0000000000
90695  22.189  -80.767  -8.853 0.0000000000
90696  22.723  -80.560  -8.347 0.0000000000
90697  22.908  -81.055  -8.431 0.0000000000
90698  23.309  -80.362  -7.969 0.0000000000
90699  23.876  -74.253  -6.354 0.0000000000
90700  23.255  -74.836  -6.756 0.0000000000
90701  23.787  -74.830  -6.374 0.0000000000
90702  24.614  -75.727  -6.261 0.0000000000
90703  23.818  -75.789  -6.415 0.0000000000
90704  23.853  -76.302  -6.443 0.0000000000
90705  23.123  -76.823  -6.675 0.0000000000
90706  23.950  -76.713  -6.451 0.0000000000
90707  27.746  -74.623  -7.042 0.0000000000
90708  27.036  -74.990  -6.655 0.0000000000
90709  27.159  -75.325  -6.739 0.0000000000
90710  26.060  -76.991  -6.590 0.0000000000
90711  25.842  -76.692  -6.508 0.0000000000
90712  25.152  -77.283  -6.487 0.0000000000
90713  24.309  -77.496  -6.512 0.0000000000
90714  24.537  -77.846  -6.572 0.0000000000
90715  23.950  -78.498  -6.951 0.0000000000
90716  24.845  -78.184  -6.768 0.0000000000
90717  26.278  -78.520  -7.091 0.0000000000
90718  25.327  -78.856  -7.011 0.0000000000
90719  25.623  -79.090  -7.264 0.0000000000
90720  24.960  -79.771  -7.515 0.0000000000
90721  25.850  -79.508  -7.475 0.0000000000
90722  26.100  -79.958  -7.730 0.0000000000
90723  26.815  -79.210  -7.464 0.0000000000
90724  29.269  -77.530  -7.881 0.0000000000
90725  28.668  -78.389  -7.679 0.0000000000
90726  29.461  -77.894  -7.937 0.0000000000
90727  29.625  -78.220  -7.971 0.0000000000
90728  30.086  -77.378  -8.292 0.0000000000
90729  30.211  -74.652  -9.895 0.0000000000
90730  30.147  -75.406  -9.251 0.0000000000
90731  30.483  -74.942  -9.894 0.0000000000
90732  31.306  -74.729  -10.706 0.0000000000
90733  30.991  -75.202  -10.039 0.0000000000
90734  31.226  -75.423  -9.995 0.0000000000
90735  31.017  -76.178  -9.266 0.0000000000
90736  31.448  -75.603  -9.863 0.0000000000
90737  31.699  -75.733  -9.725 0.0000000000
90738  31.820  -75.073  -10.456 0.0000000000
90739  32.496  -73.507  -12.244 0.0000000000
90740  32.452  -74.112  -11.632 0.0000000000
90741  32.893  -73.554  -11.991 0.0000000000
90742  33.182  -73.772  -11.873 0.0000000000
90743  33.274  -72.992  -12.231 0.0000000000
92499  35.477  -74.204  -12.422 0.0000000000
92500  36.057  -73.602  -12.703 0.0000000000
95429  37.749  -88.453  -11.885 0.0000000000
95430  38.019  -88.167  -11.295 0.0000000000
95431  38.638  -87.840  -11.687 0.0000000000
95432  39.440  -87.314  -11.465 0.0000000000
95433  40.144  -86.720  -11.286 0.0000000000
95434  40.806  -86.026  -11.098 0.0000000000
95435  40.644  -86.345  -11.694 0.0000000000
95436  40.946  -85.808  -12.164 0.0000000000
95437  41.191  -85.180  -12.544 0.0000000000
95438  41.401  -84.521  -12.813 0.0000000000
95439  40.788  -85.311  -13.003 0.0000000000
95440  40.291  -85.257  -13.278 0.0000000000
95441  39.702  -85.203  -13.545 0.0000000000
95442  30.200  -85.035  -12.581 0.0000000000
95443  31.052  -84.610  -12.915 0.0000000000
95444  30.500  -84.395  -12.657 0.0000000000
95445  30.770  -83.732  -12.725 0.0000000000
95446  31.153  -83.048  -12.650 0.0000000000
95447  31.603  -82.374  -12.445 0.0000000000
95448  30.810  -82.874  -12.369 0.0000000000
95449  30.527  -82.723  -11.977 0.0000000000
95450  30.308  -82.605  -11.577 0.0000000000
97592  24.874  -82.333  -9.079 0.0000000000
97593  25.616  -81.910  -9.011 0.0000000000
97594  25.437  -81.801  -8.798 0.0000000000
97595  25.994  -81.254  -8.395 0.0000000000
97596  26.634  -80.704  -8.084 0.0000000000
97616  22.688  -72.808  -7.128 0.0000000000
97617  22.058  -72.985  -7.356 0.0000000000
97618  22.389  -73.246  -7.793 0.0000000000
97619  21.898  -73.733  -8.537 0.0000000000
97620  21.301  -74.232  -9.197 0.0000000000
97622  21.359  -74.702  -9.440 0.0000000000
97623  21.272  -75.145  -9.576 0.0000000000
97624  21.092  -75.684  -9.588 0.0000000000
97625  20.834  -76.324  -9.439 0.0000000000
97626  21.419  -75.813  -8.954 0.0000000000
97627  21.720  -75.852  -8.301 0.0000000000
97628  22.117  -75.882  -7.627 0.0000000000
97629  29.190  -71.289  -9.779 0.0000000000
97630  29.091  -72.089  -9.292 0.0000000000
97631  29.231  -71.656  -10.008 0.0000000000
97632  29.336  -71.992  -10.215 0.0000000000
97633  29.467  -72.347  -10.435 0.0000000000
97634  29.667  -72.693  -10.613 0.0000000000
97635  29.588  -71.951  -11.121 0.0000000000
97636  29.669  -71.443  -11.923 0.0000000000
97637  29.715  -71.000  -12.655 0.0000000000
97638  29.814  -70.636  -13.338 0.0000000000
97639  29.664  -70.341  -13.071 0.0000000000
98934  38.639  -75.792  -14.221 0.0000000000
98935  39.524  -75.106  -14.678 0.0000000000
98936  38.932  -74.944  -14.464 0.0000000000
98937  39.264  -74.055  -14.627 0.0000000000
99756  34.173  -90.017  -13.459 0.0000000000
99757  34.502  -89.357  -13.535 0.0000000000
99758  34.775  -88.688  -13.528 0.0000000000
99759  33.620  -89.212  -13.628 0.0000000000
99760  32.777  -88.978  -13.698 0.0000000000
99761  31.913  -88.762  -13.732 0.0000000000
101943  25.232  -71.258  -4.927 0.0000000000
101944  25.226  -71.588  -5.181 0.0000000000
101945  25.217  -71.978  -5.388 0.0000000000
101946  25.872  -71.440  -5.175 0.0000000000
101947  26.553  -71.267  -5.286 0.0000000000
101948  27.199  -71.051  -5.520 0.0000000000
101954  29.180  -69.601  -8.729 0.0000000000
107754  42.034  -81.734  -12.923 0.0000000000
107755  42.754  -81.063  -12.798 0.0000000000
107756  42.248  -80.905  -12.887 0.0000000000
107757  42.437  -80.117  -12.845 0.0000000000
107758  42.599  -79.344  -12.806 0.0000000000
107759  42.675  -78.553  -12.850 0.0000000000
107760  42.098  -79.221  -12.871 0.0000000000
107761  41.617  -79.099  -12.874 0.0000000000
107762  41.082  -79.033  -12.880 0.0000000000
107763  35.536  -86.226  -13.980 0.0000000000
107764  36.500  -85.932  -13.935 0.0000000000
107765  35.729  -85.681  -13.967 0.0000000000
107766  35.902  -85.141  -13.800 0.0000000000
107767  36.136  -84.480  -13.574 0.0000000000
107768  34.739  -82.434  -13.081 0.0000000000
107769  35.366  -82.641  -13.104 0.0000000000
107770  35.673  -81.857  -12.828 0.0000000000
107771  36.606  -81.278  -12.596 0.0000000000
107772  37.454  -80.620  -12.391 0.0000000000
107773  38.279  -79.934  -12.388 0.0000000000
107774  37.683  -79.813  -12.360 0.0000000000
107775  37.859  -79.040  -12.428 0.0000000000
107776  38.009  -78.319  -12.602 0.0000000000
107777  38.187  -77.692  -12.893 0.0000000000
107778  37.459  -78.250  -12.508 0.0000000000
107779  36.944  -78.203  -12.352 0.0000000000
107780  36.411  -78.081  -12.190 0.0000000000
107781  33.598  -79.627  -10.947 0.0000000000
107782  34.304  -79.011  -11.171 0.0000000000
107783  33.996  -78.867  -10.876 0.0000000000
107784  34.291  -78.112  -10.998 0.0000000000
107785  34.494  -77.352  -11.282 0.0000000000
107786  34.615  -76.701  -11.632 0.0000000000
107787  34.159  -77.168  -11.114 0.0000000000
107788  33.853  -76.996  -10.922 0.0000000000
107789  33.628  -76.703  -10.613 0.0000000000
114216  27.685  -83.255  -10.642 0.0000000000
114217  27.263  -83.036  -10.461 0.0000000000
114218  27.918  -82.424  -10.334 0.0000000000
114219  28.658  -81.928  -9.965 0.0000000000
114220  29.077  -80.383  -8.338 0.0000000000
114221  29.420  -80.496  -8.515 0.0000000000
114222  29.998  -79.777  -8.293 0.0000000000
114223  30.883  -79.165  -8.336 0.0000000000
114224  31.569  -78.388  -8.600 0.0000000000
114225  32.199  -77.675  -8.897 0.0000000000
114226  31.873  -77.535  -8.794 0.0000000000
114227  32.048  -76.729  -9.173 0.0000000000
114228  32.195  -76.138  -9.675 0.0000000000
114275  17.798  -67.866  -8.003 0.0000000000
114277  17.112  -68.779  -7.814 0.0000000000
114287  21.006  -70.400  -4.920 0.0000000000
114288  20.464  -71.213  -5.125 0.0000000000
114289  19.811  -74.344  -7.698 0.0000000000
114290  19.671  -74.089  -6.994 0.0000000000
114318  21.252  -79.640  -9.472 0.0000000000
114319  21.492  -80.106  -9.500 0.0000000000
114320  21.666  -80.487  -9.526 0.0000000000
114321  21.944  -79.953  -8.919 0.0000000000
114322  22.441  -79.847  -8.272 0.0000000000
114323  22.934  -79.619  -7.765 0.0000000000
114324  25.185  -74.139  -5.953 0.0000000000
114325  24.522  -74.744  -6.103 0.0000000000
114326  25.250  -74.614  -6.056 0.0000000000
114327  25.322  -75.136  -6.135 0.0000000000
114328  25.430  -75.536  -6.214 0.0000000000
114329  28.008  -75.222  -7.308 0.0000000000
114330  27.287  -75.692  -6.871 0.0000000000
114331  27.470  -75.944  -7.028 0.0000000000
114332  26.904  -76.660  -6.858 0.0000000000
114333  26.404  -77.246  -6.722 0.0000000000
114334  25.705  -77.915  -6.738 0.0000000000
114335  26.736  -77.584  -7.011 0.0000000000
114336  26.968  -77.907  -7.108 0.0000000000
114337  27.235  -78.166  -7.176 0.0000000000
114338  27.519  -78.462  -7.407 0.0000000000
114339  28.151  -77.732  -7.516 0.0000000000
114340  28.984  -77.355  -7.860 0.0000000000
114341  29.715  -76.793  -8.267 0.0000000000
114342  30.776  -73.748  -11.265 0.0000000000
114343  30.794  -74.420  -10.656 0.0000000000
114344  31.020  -73.917  -11.322 0.0000000000
114345  31.345  -74.098  -11.375 0.0000000000
114346  31.621  -74.250  -11.333 0.0000000000
114347  31.836  -74.444  -11.244 0.0000000000
114348  31.939  -73.770  -12.047 0.0000000000
114349  32.258  -73.284  -12.389 0.0000000000
114350  32.671  -72.812  -12.659 0.0000000000
115989  36.601  -75.121  -13.488 0.0000000000
115990  37.304  -74.378  -13.855 0.0000000000
115991  36.961  -74.288  -13.566 0.0000000000
116629  30.558  -91.467  -13.990 0.0000000000
116630  30.620  -90.732  -13.910 0.0000000000
118330  28.010  -68.903  -5.179 0.0000000000
118331  27.918  -69.402  -5.365 0.0000000000
122825  35.114  -89.392  -10.443 0.0000000000
122826  35.187  -88.860  -9.860 0.0000000000
122827  35.873  -88.693  -10.240 0.0000000000
122828  36.690  -88.055  -10.042 0.0000000000
122829  37.444  -87.435  -9.750 0.0000000000
122830  38.135  -87.847  -10.712 0.0000000000
122831  38.201  -87.378  -10.109 0.0000000000
122832  38.282  -86.847  -9.480 0.0000000000
122833  39.105  -86.272  -9.157 0.0000000000
122839  41.989  -84.281  -10.138 0.0000000000
122840  41.384  -85.306  -10.954 0.0000000000
122841  41.904  -84.565  -10.809 0.0000000000
122847  43.119  -82.520  -12.079 0.0000000000
122848  42.768  -82.546  -12.493 0.0000000000
122849  42.343  -82.555  -12.805 0.0000000000
122850  41.514  -83.880  -12.970 0.0000000000
122851  41.696  -83.191  -13.010 0.0000000000
122852  41.870  -82.488  -12.978 0.0000000000
122853  41.356  -82.389  -13.046 0.0000000000
122854  40.834  -82.256  -13.110 0.0000000000
122855  40.339  -82.198  -13.062 0.0000000000
122856  32.466  -85.644  -13.565 0.0000000000
122857  33.417  -85.148  -13.691 0.0000000000
122858  32.734  -85.091  -13.509 0.0000000000
122859  33.010  -84.420  -13.488 0.0000000000
122860  33.384  -83.717  -13.414 0.0000000000
122861  31.833  -84.106  -13.203 0.0000000000
122862  32.708  -83.527  -13.349 0.0000000000
122863  33.758  -82.983  -13.259 0.0000000000
122864  34.033  -82.260  -13.010 0.0000000000
122865  34.447  -81.512  -12.715 0.0000000000
122866  34.838  -80.825  -12.334 0.0000000000
122867  35.188  -80.178  -11.962 0.0000000000
122868  34.365  -80.763  -12.138 0.0000000000
122869  33.848  -80.559  -11.970 0.0000000000
122870  33.445  -80.442  -11.654 0.0000000000
122871  32.114  -81.677  -12.068 0.0000000000
122872  32.624  -80.982  -11.656 0.0000000000
122873  33.120  -80.302  -11.273 0.0000000000
122874  32.861  -80.241  -10.833 0.0000000000
122875  32.636  -80.144  -10.461 0.0000000000
122876  32.482  -79.963  -10.094 0.0000000000
127874  25.638  -83.054  -9.711 0.0000000000
127875  26.519  -82.560  -9.727 0.0000000000
127876  26.295  -82.378  -9.520 0.0000000000
127877  26.950  -81.798  -9.196 0.0000000000
127878  27.583  -81.332  -8.782 0.0000000000
127879  26.467  -81.592  -8.848 0.0000000000
127880  27.401  -81.204  -8.673 0.0000000000
127881  28.247  -80.783  -8.443 0.0000000000
127882  28.887  -80.207  -8.175 0.0000000000
127883  29.491  -79.554  -7.983 0.0000000000
127884  29.951  -78.772  -7.976 0.0000000000
127923  19.299  -65.963  -7.906 0.0000000000
127924  18.554  -66.840  -8.026 0.0000000000
127925  18.538  -67.821  -7.710 0.0000000000
127926  18.632  -68.622  -7.270 0.0000000000
127927  18.654  -69.540  -6.786 0.0000000000
127928  22.157  -71.935  -5.151 0.0000000000
127929  21.587  -72.144  -5.307 0.0000000000
127930  21.655  -72.556  -5.828 0.0000000000
127931  21.265  -73.097  -6.418 0.0000000000
127932  20.845  -73.564  -7.083 0.0000000000
127933  21.458  -73.308  -7.538 0.0000000000
127934  20.881  -73.678  -7.696 0.0000000000
127935  20.367  -74.035  -7.752 0.0000000000
127953  20.533  -76.937  -9.402 0.0000000000
127956  20.836  -78.003  -8.772 0.0000000000
127957  21.374  -77.977  -8.158 0.0000000000
127958  21.981  -77.951  -7.613 0.0000000000
127959  27.962  -73.157  -7.148 0.0000000000
127960  27.445  -73.926  -6.787 0.0000000000
127961  28.061  -73.569  -7.306 0.0000000000
127962  28.202  -73.802  -7.483 0.0000000000
127963  28.274  -74.209  -7.563 0.0000000000
127964  28.974  -72.871  -8.747 0.0000000000
127965  28.807  -73.692  -8.184 0.0000000000
127966  28.456  -74.474  -7.696 0.0000000000
127967  28.659  -74.771  -7.893 0.0000000000
127968  28.917  -74.924  -8.144 0.0000000000
127969  29.165  -75.332  -8.370 0.0000000000
127970  29.431  -75.638  -8.623 0.0000000000
127971  29.627  -74.796  -9.059 0.0000000000
127972  30.009  -74.390  -9.796 0.0000000000
127973  30.226  -73.937  -10.530 0.0000000000
127974  29.893  -72.920  -10.913 0.0000000000
127975  30.133  -73.274  -11.094 0.0000000000
127976  30.386  -73.440  -11.265 0.0000000000
127977  30.622  -73.053  -11.885 0.0000000000
127978  30.819  -72.636  -12.519 0.0000000000
127979  31.098  -72.017  -13.123 0.0000000000
127980  31.485  -71.585  -13.543 0.0000000000
127981  31.016  -71.434  -13.627 0.0000000000
127982  31.004  -70.731  -14.057 0.0000000000
127984  30.202  -70.175  -13.849 0.0000000000
130779  41.193  -75.845  -14.234 0.0000000000
130784  40.414  -74.339  -15.040 0.0000000000
130790  38.110  -73.693  -14.085 0.0000000000
132498  33.127  -90.412  -9.663 0.0000000000
132499  33.700  -90.243  -10.151 0.0000000000
132510  35.805  -89.598  -11.331 0.0000000000
132511  36.337  -89.394  -11.691 0.0000000000
132512  35.199  -90.149  -12.555 0.0000000000
132513  36.025  -89.602  -12.285 0.0000000000
132514  36.870  -89.064  -12.078 0.0000000000
132515  37.400  -88.639  -12.432 0.0000000000
132516  37.910  -88.137  -12.769 0.0000000000
132517  38.272  -87.564  -13.174 0.0000000000
132518  38.558  -86.964  -13.464 0.0000000000
132519  37.682  -87.466  -13.474 0.0000000000
132520  36.946  -87.268  -13.653 0.0000000000
132521  36.158  -87.007  -13.824 0.0000000000
132522  35.022  -88.004  -13.564 0.0000000000
132523  35.220  -87.324  -13.677 0.0000000000
132524  35.370  -86.772  -13.887 0.0000000000
132525  34.556  -86.551  -13.882 0.0000000000
132526  33.773  -86.446  -13.860 0.0000000000
132527  33.007  -86.334  -13.761 0.0000000000
132528  30.679  -89.990  -13.888 0.0000000000
132529  30.796  -89.235  -13.850 0.0000000000
132530  31.039  -88.533  -13.729 0.0000000000
132531  29.330  -88.845  -13.520 0.0000000000
132532  30.325  -88.299  -13.601 0.0000000000
132533  31.421  -87.845  -13.632 0.0000000000
132534  31.757  -87.213  -13.579 0.0000000000
132535  31.976  -86.665  -13.574 0.0000000000
132536  32.211  -86.159  -13.596 0.0000000000
132537  31.574  -86.038  -13.402 0.0000000000
132538  30.975  -85.922  -13.192 0.0000000000
132539  30.379  -85.794  -12.891 0.0000000000
132542  29.853  -85.597  -12.524 0.0000000000
132543  29.392  -85.475  -12.181 0.0000000000
137076  23.415  -81.908  -8.813 0.0000000000
137127  22.737  -71.953  -5.525 0.0000000000
137128  22.832  -72.131  -5.943 0.0000000000
137130  23.391  -71.964  -5.784 0.0000000000
137131  23.018  -72.362  -6.456 0.0000000000
137132  23.222  -72.682  -6.839 0.0000000000
137133  23.294  -73.070  -7.100 0.0000000000
137134  23.204  -73.630  -7.235 0.0000000000
137135  23.063  -74.219  -7.230 0.0000000000
137136  23.537  -73.603  -6.746 0.0000000000
137137  23.958  -73.603  -6.307 0.0000000000
137138  24.492  -73.613  -6.007 0.0000000000
137139  25.186  -72.467  -5.534 0.0000000000
137140  25.155  -72.998  -5.720 0.0000000000
137141  25.203  -73.569  -5.826 0.0000000000
137142  25.901  -73.488  -5.843 0.0000000000
137143  26.659  -73.356  -6.014 0.0000000000
137144  27.266  -73.077  -6.376 0.0000000000
137145  27.886  -69.857  -5.474 0.0000000000
137146  27.819  -70.295  -5.719 0.0000000000
137147  27.808  -70.819  -5.881 0.0000000000
137148  28.800  -69.605  -6.754 0.0000000000
137149  28.347  -70.482  -6.355 0.0000000000
137150  27.848  -71.239  -6.106 0.0000000000
137151  27.812  -71.767  -6.342 0.0000000000
137152  27.849  -72.277  -6.582 0.0000000000
137153  27.830  -72.761  -6.837 0.0000000000
137154  28.336  -72.354  -7.440 0.0000000000
137155  28.728  -71.847  -8.199 0.0000000000
137156  29.015  -71.364  -8.875 0.0000000000
137157  29.198  -70.143  -9.049 0.0000000000
137158  29.168  -70.519  -9.348 0.0000000000
137159  29.137  -70.937  -9.540 0.0000000000
137160  29.235  -70.446  -10.288 0.0000000000
137161  29.287  -70.013  -10.964 0.0000000000
137162  29.259  -69.489  -11.718 0.0000000000
137163  29.195  -69.117  -12.353 0.0000000000
137164  29.136  -68.745  -12.062 0.0000000000
148881  35.276  -88.290  -9.274 0.0000000000
148938  43.340  -80.350  -12.604 0.0000000000
148939  43.972  -79.647  -12.317 0.0000000000
148946  43.406  -76.547  -13.225 0.0000000000
148947  42.733  -77.815  -12.968 0.0000000000
148948  42.804  -77.109  -13.143 0.0000000000
148949  42.979  -76.458  -13.444 0.0000000000
148952  41.628  -76.419  -13.831 0.0000000000
148953  38.783  -86.362  -13.635 0.0000000000
148954  38.948  -85.765  -13.690 0.0000000000
148955  39.059  -85.104  -13.633 0.0000000000
148956  37.412  -85.536  -13.840 0.0000000000
148957  38.353  -84.981  -13.699 0.0000000000
148958  39.176  -84.406  -13.511 0.0000000000
148959  39.329  -83.678  -13.347 0.0000000000
148960  39.551  -82.889  -13.162 0.0000000000
148961  39.792  -82.030  -13.004 0.0000000000
148962  34.400  -84.631  -13.682 0.0000000000
148963  35.389  -84.194  -13.554 0.0000000000
148964  36.378  -83.760  -13.336 0.0000000000
148965  35.915  -82.815  -13.081 0.0000000000
148966  36.635  -82.974  -13.103 0.0000000000
148967  37.336  -83.153  -13.114 0.0000000000
148968  38.254  -82.503  -12.977 0.0000000000
148969  39.142  -81.938  -12.946 0.0000000000
148970  40.043  -81.173  -12.894 0.0000000000
148971  40.230  -80.363  -12.805 0.0000000000
148972  40.360  -79.602  -12.800 0.0000000000
148973  40.479  -78.890  -12.866 0.0000000000
148974  39.051  -79.294  -12.583 0.0000000000
148975  39.806  -78.779  -12.852 0.0000000000
148976  40.585  -78.236  -13.079 0.0000000000
148977  40.759  -77.577  -13.336 0.0000000000
148978  40.922  -76.977  -13.623 0.0000000000
148979  41.057  -76.437  -13.946 0.0000000000
148980  40.405  -76.429  -14.016 0.0000000000
148981  39.823  -76.319  -14.082 0.0000000000
148982  39.147  -76.297  -14.064 0.0000000000
148983  38.304  -77.185  -13.300 0.0000000000
148984  38.376  -76.751  -13.658 0.0000000000
148985  38.454  -76.327  -13.960 0.0000000000
148986  37.884  -76.220  -13.843 0.0000000000
148987  37.264  -76.096  -13.683 0.0000000000
148988  36.754  -75.827  -13.496 0.0000000000
148989  35.524  -79.424  -11.805 0.0000000000
148990  35.777  -78.660  -11.862 0.0000000000
148991  35.955  -77.921  -12.046 0.0000000000
148992  34.948  -78.403  -11.472 0.0000000000
148993  35.514  -77.799  -11.878 0.0000000000
148994  36.071  -77.274  -12.337 0.0000000000
148995  36.154  -76.732  -12.670 0.0000000000
148996  36.244  -76.210  -12.993 0.0000000000
148997  36.363  -75.707  -13.277 0.0000000000
148998  36.103  -75.535  -13.019 0.0000000000
148999  35.772  -75.448  -12.857 0.0000000000
149000  35.480  -75.161  -12.611 0.0000000000
149001  34.780  -76.078  -11.962 0.0000000000
149002  34.981  -75.476  -12.230 0.0000000000
149003  35.232  -74.888  -12.368 0.0000000000
149004  34.913  -74.574  -12.122 0.0000000000
149005  34.562  -74.337  -11.937 0.0000000000
149006  34.200  -74.077  -11.861 0.0000000000
161871  28.354  -84.260  -11.353 0.0000000000
161872  28.784  -83.663  -11.464 0.0000000000
161873  29.297  -83.084  -11.467 0.0000000000
161874  29.921  -82.535  -11.310 0.0000000000
161875  28.547  -82.794  -10.955 0.0000000000
161876  29.625  -82.364  -10.978 0.0000000000
161877  30.642  -81.964  -10.839 0.0000000000
161878  31.232  -81.325  -10.416 0.0000000000
161879  31.735  -80.610  -10.045 0.0000000000
161880  32.196  -79.834  -9.780 0.0000000000
161881  27.474  -82.176  -9.625 0.0000000000
161882  28.412  -81.777  -9.588 0.0000000000
161883  29.353  -81.429  -9.504 0.0000000000
161884  29.704  -80.637  -8.800 0.0000000000
161885  29.993  -80.794  -9.102 0.0000000000
161886  30.270  -81.006  -9.390 0.0000000000
161887  31.150  -80.387  -9.383 0.0000000000
161888  31.948  -79.685  -9.483 0.0000000000
161889  32.617  -78.951  -9.720 0.0000000000
161890  32.963  -78.083  -9.812 0.0000000000
161891  33.220  -77.224  -10.090 0.0000000000
161892  33.332  -76.593  -10.438 0.0000000000
161893  32.649  -77.058  -9.494 0.0000000000
161894  33.060  -76.459  -10.110 0.0000000000
161895  33.426  -75.946  -10.831 0.0000000000
161896  33.517  -75.306  -11.228 0.0000000000
161897  33.701  -74.677  -11.503 0.0000000000
161898  33.823  -74.065  -11.739 0.0000000000
162012  20.150  -67.952  -6.122 0.0000000000
162013  19.604  -68.752  -6.206 0.0000000000
162014  19.120  -69.638  -6.351 0.0000000000
162015  18.696  -70.441  -6.423 0.0000000000
162016  21.031  -72.295  -5.246 0.0000000000
162017  20.454  -72.239  -5.267 0.0000000000
162018  19.933  -72.038  -5.371 0.0000000000
162019  19.545  -73.566  -6.256 0.0000000000
162020  19.459  -72.798  -5.773 0.0000000000
162021  19.483  -71.752  -5.626 0.0000000000
162022  19.092  -71.611  -5.932 0.0000000000
162023  18.670  -71.427  -6.210 0.0000000000
162024  18.222  -71.318  -6.505 0.0000000000
162025  17.620  -72.242  -6.511 0.0000000000
162085  22.566  -81.696  -8.986 0.0000000000
162086  23.131  -81.569  -8.624 0.0000000000
162087  23.852  -81.245  -8.348 0.0000000000
162088  22.823  -74.880  -7.197 0.0000000000
162089  22.649  -75.332  -7.158 0.0000000000
162090  22.536  -75.888  -7.140 0.0000000000
162091  23.790  -75.320  -6.341 0.0000000000
162092  23.111  -75.856  -6.720 0.0000000000
162093  22.458  -76.384  -7.116 0.0000000000
162094  22.405  -76.870  -7.075 0.0000000000
162095  22.488  -77.389  -7.068 0.0000000000
162096  22.667  -77.865  -7.123 0.0000000000
162097  26.920  -74.585  -6.526 0.0000000000
162098  26.239  -75.304  -6.359 0.0000000000
162099  25.516  -75.996  -6.298 0.0000000000
162100  26.512  -76.019  -6.589 0.0000000000
162101  25.692  -76.310  -6.399 0.0000000000
162102  24.782  -76.571  -6.319 0.0000000000
162103  24.090  -77.143  -6.445 0.0000000000
162104  23.486  -77.701  -6.745 0.0000000000
162105  22.959  -78.287  -7.193 0.0000000000
162106  23.201  -78.722  -7.283 0.0000000000
162107  23.451  -79.036  -7.305 0.0000000000
162108  23.570  -79.383  -7.415 0.0000000000
162109  25.069  -78.508  -6.911 0.0000000000
162110  24.421  -79.114  -7.185 0.0000000000
162111  23.828  -79.717  -7.534 0.0000000000
162112  24.088  -80.095  -7.701 0.0000000000
162113  24.312  -80.544  -7.932 0.0000000000
162114  24.565  -81.031  -8.196 0.0000000000
162115  25.443  -80.705  -8.074 0.0000000000
162116  26.415  -80.336  -7.879 0.0000000000
162117  27.392  -79.966  -7.800 0.0000000000
162118  27.754  -78.866  -7.549 0.0000000000
162119  28.060  -79.192  -7.652 0.0000000000
162120  28.345  -79.580  -7.749 0.0000000000
162121  29.067  -79.049  -7.829 0.0000000000
162122  29.801  -78.476  -7.883 0.0000000000
162123  30.434  -77.834  -8.207 0.0000000000
162124  29.796  -75.900  -8.654 0.0000000000
162125  29.982  -76.097  -8.695 0.0000000000
162126  30.231  -76.314  -8.774 0.0000000000
162127  30.734  -75.053  -10.057 0.0000000000
162128  30.631  -75.702  -9.393 0.0000000000
162129  30.466  -76.507  -8.796 0.0000000000
162130  30.569  -76.767  -8.761 0.0000000000
162131  30.767  -76.962  -8.651 0.0000000000
162132  31.067  -77.133  -8.561 0.0000000000
162133  31.500  -76.494  -9.104 0.0000000000
162134  31.878  -75.900  -9.693 0.0000000000
162135  32.312  -75.479  -10.311 0.0000000000
162136  32.124  -74.582  -11.104 0.0000000000
162137  32.395  -74.793  -10.986 0.0000000000
162138  32.690  -75.008  -10.947 0.0000000000
162139  33.071  -74.465  -11.421 0.0000000000
162140  33.483  -73.929  -11.751 0.0000000000
162141  33.964  -73.288  -11.967 0.0000000000
