#!ascii label  , from subject fsaverage vox2ras=TkReg
954
284  8.522  -85.363  35.303 0.0000000000
298  17.667  -86.915  25.850 0.0000000000
567  20.158  -91.094  18.464 0.0000000000
778  14.694  -87.126  36.396 0.0000000000
1255  13.177  -86.616  24.200 0.0000000000
1256  17.335  -87.192  19.996 0.0000000000
1280  27.316  -90.504  10.882 0.0000000000
1664  8.938  -87.677  27.970 0.0000000000
1668  6.927  -76.200  25.372 0.0000000000
1688  23.810  -85.772  26.850 0.0000000000
1689  19.007  -86.946  31.429 0.0000000000
1690  13.157  -86.955  30.597 0.0000000000
3175  12.287  -88.976  23.468 0.0000000000
3176  13.817  -88.361  20.885 0.0000000000
3734  8.307  -86.255  31.828 0.0000000000
3740  5.424  -77.809  27.320 0.0000000000
3741  8.414  -77.855  26.771 0.0000000000
3773  22.398  -86.171  32.039 0.0000000000
3775  11.397  -86.339  36.178 0.0000000000
3776  13.332  -87.226  33.567 0.0000000000
3777  10.717  -86.407  33.258 0.0000000000
3778  10.513  -86.434  29.975 0.0000000000
5205  20.195  -86.013  26.685 0.0000000000
5208  18.474  -89.016  18.465 0.0000000000
5210  20.812  -88.672  18.110 0.0000000000
5212  22.877  -90.248  18.825 0.0000000000
5213  24.870  -91.313  18.898 0.0000000000
5214  22.059  -92.737  19.080 0.0000000000
5283  27.315  -92.038  8.873 0.0000000000
5988  11.415  -80.630  30.341 0.0000000000
6867  15.436  -86.096  25.375 0.0000000000
6868  17.241  -86.429  22.895 0.0000000000
6869  15.048  -86.704  21.517 0.0000000000
6870  15.929  -88.733  18.735 0.0000000000
6913  29.379  -89.462  12.574 0.0000000000
6914  27.702  -91.031  13.617 0.0000000000
6915  26.421  -92.219  14.516 0.0000000000
7724  10.072  -88.923  24.565 0.0000000000
7726  8.588  -87.281  24.512 0.0000000000
7733  4.276  -76.781  24.922 0.0000000000
7734  5.715  -74.975  23.204 0.0000000000
7780  21.349  -86.729  29.346 0.0000000000
7781  17.776  -86.833  28.711 0.0000000000
7782  16.691  -86.982  33.902 0.0000000000
7783  15.679  -87.377  30.894 0.0000000000
7784  15.548  -87.085  28.189 0.0000000000
7785  13.165  -85.901  27.761 0.0000000000
7786  11.140  -87.386  26.312 0.0000000000
9461  13.677  -79.849  27.623 0.0000000000
9464  11.877  -78.526  25.574 0.0000000000
9465  10.306  -76.999  24.083 0.0000000000
9466  9.138  -74.904  22.956 0.0000000000
9578  18.395  -85.582  21.226 0.0000000000
9585  25.960  -92.245  17.133 0.0000000000
9669  26.975  -89.284  4.103 0.0000000000
9670  26.752  -89.512  8.492 0.0000000000
9671  26.917  -90.503  6.448 0.0000000000
9672  26.779  -91.836  4.457 0.0000000000
10856  12.674  -89.886  21.989 0.0000000000
11414  8.303  -85.742  33.773 0.0000000000
11416  7.196  -85.269  34.019 0.0000000000
11421  9.131  -78.525  27.472 0.0000000000
11455  9.992  -85.771  35.848 0.0000000000
11456  10.952  -86.370  34.839 0.0000000000
11457  9.586  -85.947  34.405 0.0000000000
11458  9.443  -86.168  32.741 0.0000000000
12885  18.705  -86.501  26.247 0.0000000000
12886  19.718  -85.890  25.281 0.0000000000
12887  18.689  -86.566  24.829 0.0000000000
12888  19.273  -90.025  18.251 0.0000000000
12889  19.617  -89.039  18.399 0.0000000000
12890  20.626  -89.976  18.393 0.0000000000
12891  21.847  -89.527  18.377 0.0000000000
12892  21.629  -90.820  18.712 0.0000000000
12893  22.641  -91.593  19.083 0.0000000000
12894  21.067  -91.981  18.786 0.0000000000
13820  10.598  -81.125  31.682 0.0000000000
15285  14.239  -85.960  24.885 0.0000000000
15286  15.137  -86.063  23.555 0.0000000000
15287  14.023  -86.599  22.884 0.0000000000
15288  14.388  -89.530  19.916 0.0000000000
15289  14.752  -88.491  19.645 0.0000000000
15291  16.685  -89.905  18.217 0.0000000000
15363  28.759  -90.187  14.277 0.0000000000
15364  27.944  -90.758  14.892 0.0000000000
15365  27.037  -91.607  14.029 0.0000000000
15366  27.296  -91.380  15.527 0.0000000000
16964  9.469  -88.384  26.236 0.0000000000
16965  9.113  -88.267  24.366 0.0000000000
16966  8.527  -87.850  26.265 0.0000000000
16982  6.140  -76.911  26.354 0.0000000000
16983  4.831  -77.245  26.233 0.0000000000
16984  5.476  -76.197  25.377 0.0000000000
16985  4.891  -75.684  24.152 0.0000000000
16986  6.289  -75.455  24.368 0.0000000000
17080  20.796  -86.641  31.744 0.0000000000
17081  21.866  -86.730  30.718 0.0000000000
17082  20.160  -86.922  30.389 0.0000000000
17083  19.554  -86.668  29.027 0.0000000000
17084  18.329  -86.992  30.116 0.0000000000
17086  17.638  -86.737  35.460 0.0000000000
17087  15.680  -87.169  35.213 0.0000000000
17088  13.139  -87.234  32.041 0.0000000000
17089  14.516  -87.355  32.258 0.0000000000
17090  14.409  -87.321  30.733 0.0000000000
17091  15.506  -87.327  29.486 0.0000000000
17092  14.490  -86.965  29.440 0.0000000000
17093  14.506  -86.449  28.094 0.0000000000
17094  13.161  -86.439  29.297 0.0000000000
17095  9.591  -86.971  28.991 0.0000000000
17096  10.664  -86.649  28.004 0.0000000000
17097  10.077  -87.716  27.302 0.0000000000
17098  10.720  -88.541  25.767 0.0000000000
21088  14.674  -80.039  28.699 0.0000000000
21089  15.801  -79.248  27.478 0.0000000000
21095  15.003  -78.437  23.975 0.0000000000
21096  13.826  -78.980  25.190 0.0000000000
21097  12.950  -78.301  24.195 0.0000000000
21098  11.048  -77.791  24.730 0.0000000000
21103  8.551  -74.166  22.272 0.0000000000
21383  17.088  -86.502  21.393 0.0000000000
21384  18.030  -86.104  22.239 0.0000000000
21385  17.913  -86.351  20.717 0.0000000000
21401  25.535  -91.904  18.127 0.0000000000
21606  26.855  -88.426  5.058 0.0000000000
21607  27.563  -89.299  10.739 0.0000000000
21608  27.047  -88.758  9.596 0.0000000000
21609  27.054  -90.110  9.707 0.0000000000
21610  27.487  -92.535  7.870 0.0000000000
21611  27.158  -91.269  7.628 0.0000000000
21612  27.200  -91.783  6.668 0.0000000000
21613  26.986  -91.035  5.568 0.0000000000
21614  27.107  -92.431  5.629 0.0000000000
21615  26.618  -93.265  4.593 0.0000000000
24147  12.667  -87.758  23.747 0.0000000000
24148  13.397  -87.590  22.470 0.0000000000
24149  13.035  -88.688  22.302 0.0000000000
24150  13.488  -89.583  21.039 0.0000000000
25154  8.479  -86.944  29.821 0.0000000000
25165  6.238  -78.333  28.241 0.0000000000
25166  6.908  -77.633  27.188 0.0000000000
25167  7.602  -76.944  26.065 0.0000000000
25225  21.416  -86.007  33.184 0.0000000000
25226  19.727  -86.431  32.869 0.0000000000
25227  12.856  -86.871  36.291 0.0000000000
25228  13.866  -87.180  35.073 0.0000000000
25229  12.332  -86.889  34.913 0.0000000000
25230  12.003  -86.909  33.418 0.0000000000
25231  11.830  -86.802  31.929 0.0000000000
25232  11.809  -86.529  30.466 0.0000000000
25233  10.599  -86.425  31.695 0.0000000000
25234  9.402  -86.463  30.885 0.0000000000
27801  22.056  -85.973  26.800 0.0000000000
27806  17.883  -87.992  18.941 0.0000000000
27807  18.359  -87.121  19.609 0.0000000000
27808  18.927  -88.094  18.938 0.0000000000
27809  19.856  -87.862  18.429 0.0000000000
27814  23.840  -89.309  18.537 0.0000000000
27815  24.896  -89.691  18.610 0.0000000000
27816  23.946  -90.786  19.083 0.0000000000
27817  23.644  -92.228  19.155 0.0000000000
27940  26.918  -91.515  11.239 0.0000000000
27941  27.125  -91.385  9.825 0.0000000000
29324  9.174  -84.974  36.456 0.0000000000
29325  7.583  -84.620  35.426 0.0000000000
29326  8.391  -84.198  36.326 0.0000000000
29385  12.110  -86.286  37.184 0.0000000000
29386  10.630  -85.601  36.880 0.0000000000
31383  16.523  -86.646  25.592 0.0000000000
31384  17.537  -86.658  24.344 0.0000000000
31385  16.303  -86.209  23.948 0.0000000000
31386  16.121  -86.317  22.233 0.0000000000
31387  16.190  -86.967  20.505 0.0000000000
31388  14.250  -87.494  21.055 0.0000000000
31389  15.339  -87.671  19.858 0.0000000000
31390  16.626  -87.857  19.148 0.0000000000
31391  17.245  -88.784  18.407 0.0000000000
31392  17.865  -89.997  18.142 0.0000000000
31393  18.620  -91.167  18.201 0.0000000000
31394  19.414  -92.245  18.526 0.0000000000
31490  28.724  -88.740  11.555 0.0000000000
31491  28.188  -89.928  11.859 0.0000000000
31492  29.545  -89.574  13.719 0.0000000000
31493  28.590  -90.309  13.081 0.0000000000
31494  27.449  -90.885  12.240 0.0000000000
31495  26.853  -91.552  12.624 0.0000000000
31496  26.261  -92.181  13.003 0.0000000000
33584  10.741  -89.279  22.824 0.0000000000
33586  9.894  -88.487  22.711 0.0000000000
33611  4.672  -75.384  22.783 0.0000000000
33733  22.964  -86.493  29.595 0.0000000000
33734  22.569  -86.407  28.174 0.0000000000
33735  20.824  -86.364  27.945 0.0000000000
33736  18.890  -86.376  27.573 0.0000000000
33737  17.596  -86.906  27.272 0.0000000000
33739  18.587  -86.491  34.149 0.0000000000
33740  17.831  -86.808  32.599 0.0000000000
33741  14.847  -87.224  33.795 0.0000000000
33742  16.030  -87.193  32.415 0.0000000000
33743  17.256  -87.164  31.226 0.0000000000
33744  16.691  -87.290  29.792 0.0000000000
33745  16.526  -87.292  28.407 0.0000000000
33746  16.519  -87.130  26.987 0.0000000000
33747  15.609  -86.622  26.799 0.0000000000
33748  14.454  -86.010  26.576 0.0000000000
33749  13.150  -85.989  26.020 0.0000000000
33750  11.779  -86.156  28.933 0.0000000000
33751  11.824  -86.213  27.027 0.0000000000
33752  12.211  -86.876  25.282 0.0000000000
33753  11.881  -88.217  24.783 0.0000000000
33754  11.366  -89.223  24.205 0.0000000000
38620  12.481  -80.262  28.936 0.0000000000
38621  11.587  -79.585  27.837 0.0000000000
38628  14.891  -79.318  26.316 0.0000000000
38629  12.703  -79.271  26.511 0.0000000000
38630  10.819  -78.801  26.988 0.0000000000
38631  10.074  -78.124  26.169 0.0000000000
38632  9.345  -77.402  25.457 0.0000000000
38633  8.566  -76.482  24.818 0.0000000000
38635  9.671  -75.913  23.437 0.0000000000
38636  8.049  -75.525  24.119 0.0000000000
38637  7.447  -74.853  23.289 0.0000000000
38638  6.782  -74.269  22.275 0.0000000000
38972  18.420  -86.389  23.533 0.0000000000
38973  18.808  -85.668  22.580 0.0000000000
38975  18.571  -86.128  19.993 0.0000000000
38993  25.760  -90.170  18.270 0.0000000000
38994  26.382  -90.744  17.658 0.0000000000
38995  26.934  -91.091  16.646 0.0000000000
38996  26.206  -92.250  15.843 0.0000000000
39243  26.883  -90.074  3.000 0.0000000000
39246  26.552  -88.581  7.240 0.0000000000
39247  27.044  -90.899  8.616 0.0000000000
39248  26.817  -90.057  7.429 0.0000000000
39249  26.645  -89.128  6.169 0.0000000000
39250  26.857  -89.808  5.320 0.0000000000
39251  26.870  -90.633  4.333 0.0000000000
39252  26.544  -91.390  3.092 0.0000000000
42134  8.351  -85.566  34.592 0.0000000000
42135  7.730  -85.530  33.943 0.0000000000
42136  7.802  -85.300  34.684 0.0000000000
42175  9.231  -85.505  35.651 0.0000000000
42176  9.758  -85.833  35.180 0.0000000000
42177  9.040  -85.670  34.898 0.0000000000
42178  8.905  -85.812  34.130 0.0000000000
43605  18.203  -86.829  26.105 0.0000000000
43606  18.769  -86.696  25.548 0.0000000000
43607  18.228  -86.792  25.318 0.0000000000
43608  19.710  -90.567  18.291 0.0000000000
43609  19.944  -90.038  18.319 0.0000000000
43610  20.432  -90.544  18.417 0.0000000000
43611  21.132  -90.394  18.511 0.0000000000
43612  20.913  -90.999  18.584 0.0000000000
43613  21.399  -91.395  18.778 0.0000000000
43614  20.631  -91.573  18.664 0.0000000000
46005  13.599  -86.212  24.521 0.0000000000
46006  14.039  -86.244  23.881 0.0000000000
46007  13.561  -86.611  23.556 0.0000000000
46083  28.268  -90.127  15.123 0.0000000000
46084  27.873  -90.411  15.483 0.0000000000
46085  27.611  -91.059  15.219 0.0000000000
46086  27.531  -90.668  15.821 0.0000000000
47684  9.190  -88.099  27.096 0.0000000000
47685  8.962  -88.204  26.228 0.0000000000
47686  8.690  -87.931  27.146 0.0000000000
47702  6.520  -76.530  25.863 0.0000000000
47703  5.817  -76.542  25.892 0.0000000000
47704  6.187  -76.152  25.383 0.0000000000
47705  5.820  -75.809  24.867 0.0000000000
47706  6.597  -75.790  24.859 0.0000000000
47800  19.892  -86.827  31.569 0.0000000000
47801  20.493  -86.826  31.111 0.0000000000
47802  19.564  -86.966  30.888 0.0000000000
47803  19.237  -86.955  30.220 0.0000000000
47804  18.657  -87.052  30.760 0.0000000000
47807  15.159  -87.189  35.815 0.0000000000
47808  13.115  -87.183  31.287 0.0000000000
47809  13.788  -87.302  31.393 0.0000000000
47810  13.811  -87.216  30.622 0.0000000000
47811  14.459  -87.228  30.011 0.0000000000
47812  13.828  -86.956  30.018 0.0000000000
47813  13.849  -86.696  29.410 0.0000000000
47814  13.176  -86.709  29.967 0.0000000000
47815  9.259  -87.371  28.497 0.0000000000
47816  9.818  -87.366  28.132 0.0000000000
47817  9.506  -87.763  27.649 0.0000000000
47818  9.779  -88.185  26.876 0.0000000000
51815  14.514  -78.190  23.455 0.0000000000
51816  13.951  -78.438  24.044 0.0000000000
52103  17.156  -86.788  20.650 0.0000000000
52104  17.554  -86.426  21.069 0.0000000000
52105  17.639  -86.790  20.378 0.0000000000
52327  27.463  -89.949  10.856 0.0000000000
52328  27.218  -89.696  10.252 0.0000000000
52329  27.191  -90.341  10.296 0.0000000000
52331  27.379  -92.189  7.235 0.0000000000
52332  27.362  -92.484  6.723 0.0000000000
52333  27.214  -92.072  6.150 0.0000000000
52334  27.290  -92.805  6.217 0.0000000000
52335  27.128  -93.127  5.688 0.0000000000
55605  12.493  -88.319  23.600 0.0000000000
55606  12.862  -88.210  23.027 0.0000000000
55607  12.670  -88.820  22.931 0.0000000000
55609  13.105  -89.751  21.590 0.0000000000
57284  8.396  -86.586  30.800 0.0000000000
57286  7.919  -86.460  30.924 0.0000000000
57302  8.095  -78.132  27.365 0.0000000000
57303  7.345  -77.999  27.563 0.0000000000
57304  7.739  -77.712  27.020 0.0000000000
57305  7.244  -77.277  26.633 0.0000000000
57306  7.975  -77.395  26.429 0.0000000000
57403  20.608  -86.239  33.024 0.0000000000
57405  12.088  -86.614  36.235 0.0000000000
57406  12.573  -86.890  35.631 0.0000000000
57407  11.817  -86.632  35.585 0.0000000000
57408  10.805  -86.407  34.030 0.0000000000
57409  11.461  -86.671  34.105 0.0000000000
57410  11.328  -86.648  33.363 0.0000000000
57411  11.892  -86.869  32.690 0.0000000000
57412  11.264  -86.632  32.598 0.0000000000
57413  11.204  -86.593  31.851 0.0000000000
57414  10.650  -86.413  32.474 0.0000000000
57415  8.877  -86.180  32.359 0.0000000000
57416  9.423  -86.306  31.839 0.0000000000
57417  8.884  -86.406  31.424 0.0000000000
57418  8.924  -86.687  30.379 0.0000000000
61695  21.116  -85.973  26.797 0.0000000000
61696  21.753  -85.765  26.216 0.0000000000
61697  20.813  -85.797  26.168 0.0000000000
61698  19.506  -85.813  24.629 0.0000000000
61700  19.913  -85.383  24.225 0.0000000000
61703  18.185  -88.491  18.668 0.0000000000
61704  18.450  -88.074  18.986 0.0000000000
61705  18.737  -88.591  18.726 0.0000000000
61706  20.192  -88.955  18.264 0.0000000000
61707  19.762  -88.483  18.434 0.0000000000
61708  20.305  -88.297  18.192 0.0000000000
61709  20.336  -87.673  18.182 0.0000000000
61712  21.298  -88.392  18.153 0.0000000000
61713  22.343  -89.877  18.621 0.0000000000
61714  22.335  -89.144  18.357 0.0000000000
61715  22.829  -89.513  18.541 0.0000000000
61717  23.361  -89.840  18.702 0.0000000000
61718  23.914  -90.070  18.852 0.0000000000
61719  23.449  -90.557  19.030 0.0000000000
61720  22.376  -92.173  19.096 0.0000000000
61721  23.151  -91.904  19.180 0.0000000000
61722  22.889  -92.621  19.137 0.0000000000
61927  26.732  -91.860  11.432 0.0000000000
61928  26.908  -91.902  10.738 0.0000000000
61929  26.722  -92.275  10.960 0.0000000000
64484  9.594  -84.847  36.831 0.0000000000
64485  8.755  -84.610  36.438 0.0000000000
64495  10.515  -81.859  33.682 0.0000000000
64502  11.005  -80.856  30.997 0.0000000000
64615  10.836  -85.119  37.326 0.0000000000
64616  11.081  -85.545  37.237 0.0000000000
64617  10.322  -85.216  37.075 0.0000000000
64618  9.913  -85.269  36.677 0.0000000000
68895  15.975  -86.376  25.481 0.0000000000
68896  16.436  -86.390  24.807 0.0000000000
68897  15.867  -86.070  24.707 0.0000000000
68898  15.003  -86.298  22.475 0.0000000000
68899  15.619  -86.169  22.845 0.0000000000
68900  15.531  -86.430  21.862 0.0000000000
68901  16.042  -86.532  21.352 0.0000000000
68902  15.603  -86.831  20.965 0.0000000000
68903  13.583  -88.003  21.658 0.0000000000
68904  13.794  -87.461  21.732 0.0000000000
68905  13.990  -87.926  20.956 0.0000000000
68906  15.308  -88.628  19.117 0.0000000000
68907  14.987  -88.079  19.720 0.0000000000
68908  15.577  -88.181  19.179 0.0000000000
68909  15.965  -87.776  19.417 0.0000000000
68910  16.257  -88.278  18.889 0.0000000000
68911  16.935  -88.305  18.710 0.0000000000
68912  16.616  -88.798  18.519 0.0000000000
68914  17.305  -89.913  18.094 0.0000000000
68915  17.611  -90.534  18.068 0.0000000000
68916  18.259  -90.592  18.139 0.0000000000
68917  17.947  -91.157  18.072 0.0000000000
69122  29.627  -88.931  12.324 0.0000000000
69124  29.094  -89.126  12.052 0.0000000000
69125  28.500  -89.307  11.733 0.0000000000
69126  28.785  -89.670  12.237 0.0000000000
69130  28.281  -90.663  13.989 0.0000000000
69131  28.727  -90.328  13.707 0.0000000000
69132  28.178  -90.673  13.381 0.0000000000
69133  27.944  -90.614  12.699 0.0000000000
69134  27.561  -90.954  12.936 0.0000000000
69135  27.109  -91.220  12.464 0.0000000000
69136  27.222  -91.292  13.142 0.0000000000
69137  26.718  -91.910  14.247 0.0000000000
69138  26.591  -91.904  13.484 0.0000000000
69139  26.281  -92.208  13.703 0.0000000000
73934  10.411  -89.097  23.729 0.0000000000
73935  10.277  -88.912  22.750 0.0000000000
73936  9.901  -88.801  23.613 0.0000000000
73937  8.819  -87.808  24.384 0.0000000000
73957  7.228  -84.181  35.343 0.0000000000
73958  6.916  -84.548  34.722 0.0000000000
73959  6.638  -84.130  34.603 0.0000000000
73987  5.189  -78.281  27.700 0.0000000000
73989  4.902  -78.057  27.111 0.0000000000
73990  4.471  -76.977  25.627 0.0000000000
73991  4.308  -77.632  25.934 0.0000000000
73994  3.925  -77.279  24.496 0.0000000000
73997  5.295  -75.298  23.674 0.0000000000
73998  4.756  -75.535  23.456 0.0000000000
73999  5.142  -75.096  23.031 0.0000000000
74001  5.552  -74.755  22.583 0.0000000000
74282  22.805  -86.194  31.531 0.0000000000
74283  21.615  -86.793  30.046 0.0000000000
74284  22.423  -86.643  30.173 0.0000000000
74285  22.191  -86.681  29.471 0.0000000000
74286  22.769  -86.524  28.883 0.0000000000
74287  21.924  -86.608  28.793 0.0000000000
74288  21.694  -86.442  28.106 0.0000000000
74289  21.061  -86.572  28.652 0.0000000000
74290  18.606  -86.693  28.873 0.0000000000
74291  19.191  -86.496  28.308 0.0000000000
74292  18.323  -86.579  28.160 0.0000000000
74293  18.171  -86.607  27.424 0.0000000000
74294  17.637  -86.857  27.972 0.0000000000
74298  17.151  -86.902  34.713 0.0000000000
74299  18.091  -86.613  34.812 0.0000000000
74300  17.635  -86.767  34.038 0.0000000000
74301  18.192  -86.679  33.353 0.0000000000
74302  17.223  -86.889  33.229 0.0000000000
74303  13.555  -87.186  34.327 0.0000000000
74304  14.377  -87.233  34.435 0.0000000000
74305  14.104  -87.273  33.673 0.0000000000
74306  15.107  -87.374  31.561 0.0000000000
74307  15.255  -87.298  32.323 0.0000000000
74308  15.850  -87.303  31.658 0.0000000000
74309  16.675  -87.194  31.798 0.0000000000
74310  16.412  -87.284  31.057 0.0000000000
74311  16.939  -87.237  30.506 0.0000000000
74312  16.166  -87.339  30.346 0.0000000000
74313  15.527  -87.253  28.805 0.0000000000
74314  16.005  -87.342  28.950 0.0000000000
74315  16.027  -87.340  28.279 0.0000000000
74316  16.508  -87.309  27.696 0.0000000000
74317  16.045  -87.122  27.595 0.0000000000
74318  16.048  -86.924  26.885 0.0000000000
74319  15.590  -86.861  27.508 0.0000000000
74320  13.874  -86.163  27.968 0.0000000000
74321  14.497  -86.203  27.328 0.0000000000
74322  13.840  -85.942  27.165 0.0000000000
74323  13.811  -85.939  26.324 0.0000000000
74324  13.150  -85.897  26.900 0.0000000000
74325  11.132  -86.435  30.262 0.0000000000
74326  11.793  -86.369  29.706 0.0000000000
74327  11.107  -86.306  29.459 0.0000000000
74328  10.862  -86.977  27.127 0.0000000000
74329  11.192  -86.421  27.506 0.0000000000
74330  11.388  -86.720  26.622 0.0000000000
74331  11.962  -86.472  26.131 0.0000000000
74332  11.670  -87.100  25.793 0.0000000000
74333  12.020  -87.586  24.988 0.0000000000
74334  11.504  -87.829  25.525 0.0000000000
74335  10.413  -88.876  25.259 0.0000000000
74336  11.062  -88.880  24.984 0.0000000000
74337  10.713  -89.122  24.442 0.0000000000
74338  11.026  -89.348  23.584 0.0000000000
86305  14.193  -79.970  28.198 0.0000000000
86306  13.627  -80.240  28.823 0.0000000000
86307  13.115  -80.031  28.292 0.0000000000
86308  12.024  -79.944  28.400 0.0000000000
86309  12.615  -79.782  27.719 0.0000000000
86326  15.935  -78.936  26.327 0.0000000000
86327  15.434  -78.985  25.709 0.0000000000
86328  12.834  -78.768  25.358 0.0000000000
86329  13.280  -79.126  25.856 0.0000000000
86330  12.306  -78.878  26.058 0.0000000000
86331  11.718  -79.018  26.754 0.0000000000
86332  11.335  -78.646  26.295 0.0000000000
86333  10.428  -78.440  26.573 0.0000000000
86334  10.941  -78.302  25.834 0.0000000000
86336  10.196  -77.602  25.092 0.0000000000
86337  9.803  -77.221  24.760 0.0000000000
86338  8.949  -76.995  25.130 0.0000000000
86339  9.388  -76.754  24.450 0.0000000000
86343  10.032  -74.959  22.682 0.0000000000
86344  10.249  -75.519  22.866 0.0000000000
86345  9.377  -75.377  23.188 0.0000000000
86346  8.842  -75.733  23.778 0.0000000000
86347  8.559  -75.245  23.521 0.0000000000
86348  7.780  -75.183  23.748 0.0000000000
86349  8.295  -74.886  23.178 0.0000000000
86350  8.136  -73.852  21.849 0.0000000000
86351  7.639  -74.216  22.321 0.0000000000
86352  7.201  -73.890  21.798 0.0000000000
87188  17.394  -86.558  23.582 0.0000000000
87189  18.021  -86.597  23.900 0.0000000000
87190  17.875  -86.480  23.248 0.0000000000
87191  18.208  -85.812  21.722 0.0000000000
87192  18.416  -85.908  22.403 0.0000000000
87193  18.593  -85.571  21.898 0.0000000000
87196  18.747  -87.066  19.396 0.0000000000
87197  18.460  -86.622  19.779 0.0000000000
87198  18.798  -86.524  19.486 0.0000000000
87240  24.921  -90.499  18.847 0.0000000000
87241  25.409  -89.904  18.549 0.0000000000
87242  25.354  -90.770  18.644 0.0000000000
87243  25.733  -92.125  17.630 0.0000000000
87244  25.953  -91.366  17.892 0.0000000000
87245  26.220  -91.546  17.475 0.0000000000
87246  26.648  -90.914  17.161 0.0000000000
87247  26.461  -91.674  16.967 0.0000000000
87248  26.613  -91.735  16.297 0.0000000000
87249  26.083  -92.227  16.530 0.0000000000
87859  27.146  -89.062  3.442 0.0000000000
87860  27.132  -89.450  2.916 0.0000000000
87861  26.898  -89.719  3.519 0.0000000000
87865  26.841  -89.145  9.045 0.0000000000
87866  26.861  -88.372  8.956 0.0000000000
87867  26.699  -88.734  8.415 0.0000000000
87869  26.634  -89.066  7.931 0.0000000000
87870  27.213  -91.760  9.314 0.0000000000
87871  27.089  -91.173  9.192 0.0000000000
87872  27.184  -91.461  8.723 0.0000000000
87873  27.037  -90.879  7.019 0.0000000000
87874  27.036  -90.648  7.467 0.0000000000
87875  26.884  -90.245  6.891 0.0000000000
87876  26.713  -89.557  6.796 0.0000000000
87877  26.757  -89.849  6.300 0.0000000000
87878  26.735  -89.496  5.713 0.0000000000
87879  26.819  -90.129  5.888 0.0000000000
87880  26.917  -91.406  5.026 0.0000000000
87881  26.907  -90.792  4.958 0.0000000000
87882  26.812  -91.188  4.402 0.0000000000
87883  26.686  -91.001  3.700 0.0000000000
87884  26.615  -91.631  3.755 0.0000000000
87885  26.453  -92.035  3.141 0.0000000000
87886  26.583  -92.272  3.851 0.0000000000
93267  12.045  -89.496  23.147 0.0000000000
93268  12.477  -89.413  22.730 0.0000000000
94274  8.302  -85.986  32.839 0.0000000000
94275  7.817  -86.102  31.959 0.0000000000
94276  7.779  -85.806  32.992 0.0000000000
94277  7.268  -85.551  33.101 0.0000000000
94287  8.803  -78.229  27.112 0.0000000000
94347  10.718  -86.071  36.083 0.0000000000
94348  11.119  -86.342  35.571 0.0000000000
94349  10.475  -86.091  35.404 0.0000000000
94350  10.319  -86.127  34.693 0.0000000000
94351  10.151  -86.205  33.866 0.0000000000
94352  10.067  -86.238  33.051 0.0000000000
94353  9.465  -86.060  33.601 0.0000000000
94354  8.878  -85.969  33.302 0.0000000000
96921  19.338  -86.213  26.450 0.0000000000
96922  19.917  -85.937  25.960 0.0000000000
96923  19.244  -86.249  25.742 0.0000000000
96924  19.119  -86.270  25.044 0.0000000000
96925  19.033  -86.213  24.386 0.0000000000
96926  18.849  -89.518  18.343 0.0000000000
96927  19.050  -89.046  18.471 0.0000000000
96928  19.478  -89.534  18.335 0.0000000000
96929  20.096  -89.538  18.352 0.0000000000
96930  20.749  -89.343  18.263 0.0000000000
96931  21.315  -89.088  18.230 0.0000000000
96932  21.293  -89.762  18.360 0.0000000000
96933  21.785  -90.172  18.600 0.0000000000
96934  22.315  -90.581  18.845 0.0000000000
96935  22.850  -90.932  19.030 0.0000000000
96936  22.146  -91.197  18.918 0.0000000000
96937  21.889  -91.773  18.950 0.0000000000
98603  10.792  -81.653  32.949 0.0000000000
98604  10.222  -81.426  32.450 0.0000000000
98605  11.135  -81.398  32.193 0.0000000000
98606  11.513  -81.135  31.494 0.0000000000
101241  14.839  -85.989  25.150 0.0000000000
101242  15.271  -86.022  24.492 0.0000000000
101243  14.655  -86.041  24.223 0.0000000000
101244  14.505  -86.260  23.177 0.0000000000
101245  14.510  -86.608  22.147 0.0000000000
101246  14.101  -88.915  20.363 0.0000000000
101247  14.227  -88.353  20.266 0.0000000000
101248  14.542  -88.962  19.777 0.0000000000
101249  15.071  -89.104  19.200 0.0000000000
101251  16.316  -89.315  18.454 0.0000000000
101252  16.001  -89.820  18.463 0.0000000000
101379  29.872  -89.236  12.843 0.0000000000
101383  28.312  -90.468  14.582 0.0000000000
101384  27.870  -90.974  14.259 0.0000000000
101385  27.354  -91.322  13.827 0.0000000000
101386  27.528  -91.265  14.503 0.0000000000
101387  27.179  -91.546  14.766 0.0000000000
101388  26.846  -91.833  15.042 0.0000000000
104264  9.752  -88.713  25.395 0.0000000000
104265  9.554  -88.654  24.453 0.0000000000
104266  9.246  -88.448  25.326 0.0000000000
104267  8.832  -88.066  25.318 0.0000000000
104268  8.477  -87.625  25.359 0.0000000000
104296  5.779  -77.337  26.840 0.0000000000
104297  5.152  -77.526  26.774 0.0000000000
104298  5.446  -77.015  26.361 0.0000000000
104299  5.124  -76.701  25.830 0.0000000000
104300  4.784  -76.385  25.277 0.0000000000
104301  4.550  -76.159  24.589 0.0000000000
104302  5.126  -75.911  24.816 0.0000000000
104303  5.530  -75.517  24.324 0.0000000000
104304  5.991  -75.186  23.825 0.0000000000
104472  21.696  -86.487  31.883 0.0000000000
104473  22.179  -86.559  31.355 0.0000000000
104474  21.363  -86.693  31.252 0.0000000000
104475  21.046  -86.842  30.599 0.0000000000
104476  20.778  -86.862  29.907 0.0000000000
104477  20.469  -86.714  29.200 0.0000000000
104478  19.869  -86.846  29.720 0.0000000000
104479  18.923  -86.828  29.557 0.0000000000
104480  18.028  -86.919  29.413 0.0000000000
104485  16.186  -87.083  34.577 0.0000000000
104486  13.185  -87.254  32.797 0.0000000000
104487  13.916  -87.312  32.916 0.0000000000
104488  13.839  -87.346  32.167 0.0000000000
104489  14.423  -87.375  31.495 0.0000000000
104490  15.019  -87.383  30.835 0.0000000000
104491  15.559  -87.378  30.195 0.0000000000
104492  15.035  -87.323  30.107 0.0000000000
104493  15.035  -87.235  29.413 0.0000000000
104494  15.035  -87.032  28.800 0.0000000000
104495  15.057  -86.827  28.144 0.0000000000
104496  14.501  -86.728  28.803 0.0000000000
104497  13.892  -86.429  28.732 0.0000000000
104498  13.167  -86.186  28.551 0.0000000000
104499  10.033  -86.681  29.491 0.0000000000
104500  10.566  -86.524  28.963 0.0000000000
104501  10.141  -86.853  28.512 0.0000000000
104502  10.356  -87.182  27.658 0.0000000000
104503  10.626  -87.580  26.859 0.0000000000
104504  10.952  -88.025  26.088 0.0000000000
104505  10.387  -88.161  26.572 0.0000000000
104506  10.080  -88.516  26.046 0.0000000000
111687  15.679  -79.509  28.533 0.0000000000
111688  15.241  -79.669  28.067 0.0000000000
111689  14.754  -79.691  27.569 0.0000000000
111698  16.078  -78.153  24.119 0.0000000000
111699  15.505  -78.573  24.578 0.0000000000
111700  14.931  -78.923  25.122 0.0000000000
111701  14.400  -78.749  24.568 0.0000000000
111702  13.385  -78.633  24.686 0.0000000000
111703  12.411  -78.437  24.863 0.0000000000
111704  11.477  -78.193  25.110 0.0000000000
111712  9.803  -74.494  22.472 0.0000000000
111713  8.890  -74.499  22.644 0.0000000000
111714  9.488  -74.120  22.170 0.0000000000
111715  9.075  -73.812  21.804 0.0000000000
112217  17.142  -86.413  22.171 0.0000000000
112218  17.693  -86.352  22.583 0.0000000000
112219  17.564  -86.286  21.818 0.0000000000
112220  17.898  -86.119  21.427 0.0000000000
112221  18.152  -85.968  20.999 0.0000000000
112248  24.722  -92.111  18.791 0.0000000000
112249  25.273  -91.612  18.651 0.0000000000
112250  25.057  -92.389  18.388 0.0000000000
112251  25.324  -92.596  17.844 0.0000000000
112620  26.973  -88.811  4.627 0.0000000000
112621  27.683  -88.673  10.625 0.0000000000
112622  27.366  -88.354  10.084 0.0000000000
112623  27.253  -89.034  10.204 0.0000000000
112624  27.027  -89.453  9.659 0.0000000000
112625  26.913  -89.850  9.106 0.0000000000
112626  27.414  -92.237  8.359 0.0000000000
112627  27.264  -91.667  8.258 0.0000000000
112628  27.321  -91.904  7.748 0.0000000000
112629  27.162  -91.509  7.182 0.0000000000
112630  27.043  -91.121  6.603 0.0000000000
112631  26.948  -90.744  6.044 0.0000000000
112632  27.096  -91.377  6.134 0.0000000000
112633  27.053  -91.720  5.601 0.0000000000
112634  26.934  -92.096  5.063 0.0000000000
112635  26.722  -92.550  4.508 0.0000000000
112636  26.893  -92.857  5.082 0.0000000000
117783  12.862  -87.171  23.898 0.0000000000
117784  13.222  -87.109  23.243 0.0000000000
117785  13.042  -87.657  23.125 0.0000000000
117786  13.216  -88.136  22.377 0.0000000000
117787  13.421  -88.523  21.612 0.0000000000
117788  12.866  -89.294  22.243 0.0000000000
117789  13.253  -89.123  21.625 0.0000000000
117790  13.677  -88.980  20.977 0.0000000000
120134  8.703  -87.281  28.905 0.0000000000
120135  8.439  -87.562  28.101 0.0000000000
120139  7.454  -86.243  31.005 0.0000000000
120158  5.517  -78.495  28.245 0.0000000000
120159  5.779  -78.075  27.818 0.0000000000
120161  6.534  -77.981  27.725 0.0000000000
120162  6.098  -77.658  27.316 0.0000000000
120163  6.468  -77.243  26.787 0.0000000000
120164  6.858  -76.868  26.238 0.0000000000
120165  7.269  -76.574  25.717 0.0000000000
120299  21.929  -86.105  32.573 0.0000000000
120300  21.096  -86.373  32.384 0.0000000000
120301  20.233  -86.555  32.263 0.0000000000
120302  19.363  -86.706  32.135 0.0000000000
120303  13.741  -87.073  36.329 0.0000000000
120304  14.244  -87.177  35.741 0.0000000000
120305  13.333  -87.129  35.723 0.0000000000
120306  13.058  -87.070  34.990 0.0000000000
120307  12.780  -87.082  34.240 0.0000000000
120308  11.627  -86.644  34.882 0.0000000000
120309  12.141  -86.911  34.169 0.0000000000
120310  12.643  -87.115  33.469 0.0000000000
120311  12.529  -87.102  32.721 0.0000000000
120312  12.449  -87.099  31.948 0.0000000000
120313  12.478  -86.911  31.244 0.0000000000
120314  12.502  -86.722  30.538 0.0000000000
120315  11.792  -86.678  31.202 0.0000000000
120316  11.186  -86.502  31.084 0.0000000000
120317  10.569  -86.458  30.854 0.0000000000
120318  9.997  -86.285  32.226 0.0000000000
120319  9.977  -86.393  31.335 0.0000000000
120320  9.958  -86.496  30.451 0.0000000000
120321  9.468  -86.708  29.920 0.0000000000
120322  9.020  -86.987  29.400 0.0000000000
126309  22.955  -85.945  26.816 0.0000000000
126311  22.670  -85.771  26.160 0.0000000000
126320  17.589  -87.573  19.392 0.0000000000
126321  17.879  -87.177  19.760 0.0000000000
126322  18.170  -87.595  19.304 0.0000000000
126323  18.680  -87.582  19.278 0.0000000000
126324  19.045  -87.555  19.085 0.0000000000
126325  19.238  -88.586  18.674 0.0000000000
126326  19.379  -88.025  18.730 0.0000000000
126327  19.455  -87.440  18.762 0.0000000000
126328  19.885  -87.259  18.499 0.0000000000
126335  21.827  -88.780  18.225 0.0000000000
126336  22.311  -88.397  18.172 0.0000000000
126342  24.408  -89.494  18.628 0.0000000000
126343  24.439  -90.262  18.880 0.0000000000
126344  24.472  -91.019  19.120 0.0000000000
126345  23.369  -91.239  19.154 0.0000000000
126346  23.888  -91.497  19.206 0.0000000000
126347  24.309  -91.800  19.049 0.0000000000
126348  24.081  -92.536  18.951 0.0000000000
126634  27.125  -91.048  11.021 0.0000000000
126635  27.132  -90.939  10.341 0.0000000000
126636  27.040  -91.486  10.510 0.0000000000
126637  27.153  -91.951  9.979 0.0000000000
126638  27.272  -92.298  9.559 0.0000000000
126641  27.415  -92.620  9.107 0.0000000000
129155  26.866  -91.572  1.724 0.0000000000
130064  8.800  -85.130  35.952 0.0000000000
130065  7.985  -85.058  35.389 0.0000000000
130066  8.364  -84.790  36.005 0.0000000000
130067  7.963  -84.415  35.970 0.0000000000
130068  7.607  -83.964  35.798 0.0000000000
130071  7.423  -83.510  35.488 0.0000000000
130082  7.975  -82.023  34.183 0.0000000000
130087  9.671  -81.079  31.902 0.0000000000
130228  12.452  -86.594  36.788 0.0000000000
130229  11.741  -86.325  36.740 0.0000000000
130230  11.804  -85.880  37.431 0.0000000000
130231  11.382  -85.935  37.047 0.0000000000
130232  11.015  -85.997  36.606 0.0000000000
130233  10.274  -85.681  36.414 0.0000000000
130234  9.535  -85.390  36.202 0.0000000000
135651  17.091  -86.867  25.663 0.0000000000
135652  17.663  -86.820  25.067 0.0000000000
135653  17.036  -86.645  24.919 0.0000000000
135654  16.907  -86.469  24.107 0.0000000000
135655  16.764  -86.360  23.332 0.0000000000
135656  15.731  -86.073  23.803 0.0000000000
135657  16.197  -86.211  23.071 0.0000000000
135658  16.692  -86.374  22.523 0.0000000000
135659  16.616  -86.448  21.754 0.0000000000
135660  16.627  -86.693  20.916 0.0000000000
135661  16.792  -87.087  20.176 0.0000000000
135662  13.638  -87.032  22.565 0.0000000000
135663  14.099  -87.010  21.874 0.0000000000
135664  14.600  -87.068  21.200 0.0000000000
135665  14.455  -87.971  20.316 0.0000000000
135666  14.764  -87.564  20.435 0.0000000000
135667  15.160  -87.150  20.605 0.0000000000
135668  15.772  -87.329  20.082 0.0000000000
135669  16.396  -87.408  19.748 0.0000000000
135670  17.000  -87.505  19.540 0.0000000000
135671  17.291  -87.891  18.992 0.0000000000
135672  17.584  -88.364  18.644 0.0000000000
135673  17.908  -88.908  18.408 0.0000000000
135674  16.968  -89.345  18.290 0.0000000000
135675  17.578  -89.389  18.247 0.0000000000
135676  18.200  -89.473  18.287 0.0000000000
135677  18.575  -90.003  18.212 0.0000000000
135678  18.956  -90.571  18.224 0.0000000000
135679  19.371  -91.140  18.337 0.0000000000
135680  19.801  -91.679  18.565 0.0000000000
135942  28.205  -88.394  11.033 0.0000000000
135943  28.068  -88.973  11.162 0.0000000000
135944  27.911  -89.604  11.302 0.0000000000
135945  27.687  -90.217  11.421 0.0000000000
135948  29.510  -89.635  13.120 0.0000000000
135949  29.148  -89.897  13.992 0.0000000000
135950  29.111  -89.977  13.395 0.0000000000
135951  28.978  -89.910  12.787 0.0000000000
135952  28.365  -90.162  12.429 0.0000000000
135953  27.819  -90.452  12.035 0.0000000000
135954  27.374  -90.757  11.541 0.0000000000
135955  27.099  -91.169  11.744 0.0000000000
135956  26.851  -91.516  11.931 0.0000000000
135957  26.615  -91.847  12.116 0.0000000000
135958  26.912  -91.612  13.336 0.0000000000
135959  26.555  -91.879  12.803 0.0000000000
141886  10.708  -89.003  21.900 0.0000000000
141889  9.514  -88.381  23.558 0.0000000000
141890  9.581  -88.021  22.711 0.0000000000
141913  7.321  -84.954  34.729 0.0000000000
141914  6.759  -84.914  33.988 0.0000000000
141952  4.633  -77.791  26.568 0.0000000000
141961  4.413  -76.029  23.862 0.0000000000
142311  22.672  -86.524  30.844 0.0000000000
142312  23.182  -86.400  30.316 0.0000000000
142314  23.561  -86.220  28.995 0.0000000000
142315  23.446  -86.247  28.252 0.0000000000
142316  23.230  -86.120  27.503 0.0000000000
142317  22.350  -86.201  27.463 0.0000000000
142318  21.460  -86.181  27.388 0.0000000000
142319  20.518  -86.164  27.322 0.0000000000
142320  20.141  -86.506  28.480 0.0000000000
142321  19.809  -86.324  27.769 0.0000000000
142322  19.551  -86.197  27.128 0.0000000000
142323  18.731  -86.376  26.891 0.0000000000
142324  18.142  -86.674  26.746 0.0000000000
142325  17.632  -87.002  26.610 0.0000000000
142329  18.578  -86.420  35.560 0.0000000000
142330  19.016  -86.285  34.935 0.0000000000
142331  19.574  -86.182  34.267 0.0000000000
142332  19.152  -86.418  33.471 0.0000000000
142333  18.787  -86.653  32.720 0.0000000000
142334  18.454  -86.854  32.020 0.0000000000
142335  14.757  -87.212  35.128 0.0000000000
142336  15.264  -87.205  34.492 0.0000000000
142337  15.743  -87.126  33.849 0.0000000000
142338  14.642  -87.287  33.034 0.0000000000
142339  15.388  -87.200  33.114 0.0000000000
142340  16.311  -87.073  33.134 0.0000000000
142341  16.921  -87.020  32.500 0.0000000000
142342  17.541  -87.006  31.905 0.0000000000
142343  18.134  -87.028  31.334 0.0000000000
142344  17.771  -87.110  30.672 0.0000000000
142345  17.468  -87.175  29.949 0.0000000000
142346  17.233  -87.121  29.244 0.0000000000
142347  16.011  -87.365  29.609 0.0000000000
142348  16.567  -87.335  29.124 0.0000000000
142349  17.096  -87.110  28.531 0.0000000000
142350  17.041  -87.131  27.819 0.0000000000
142351  17.052  -87.181  27.137 0.0000000000
142352  17.075  -87.017  26.391 0.0000000000
142353  16.541  -86.916  26.270 0.0000000000
142354  16.038  -86.667  26.191 0.0000000000
142355  15.535  -86.366  26.092 0.0000000000
142356  15.087  -86.525  27.432 0.0000000000
142357  15.076  -86.307  26.699 0.0000000000
142358  14.990  -86.056  25.990 0.0000000000
142359  14.380  -85.936  25.756 0.0000000000
142360  13.741  -85.964  25.468 0.0000000000
142361  13.179  -86.213  25.112 0.0000000000
142362  12.487  -86.512  29.879 0.0000000000
142363  12.466  -86.269  29.131 0.0000000000
142364  12.451  -86.006  28.356 0.0000000000
142365  11.141  -86.327  28.461 0.0000000000
142366  11.779  -86.146  27.948 0.0000000000
142367  12.456  -85.994  27.433 0.0000000000
142368  12.492  -86.049  26.555 0.0000000000
142369  12.578  -86.303  25.622 0.0000000000
142370  12.732  -86.703  24.764 0.0000000000
142371  12.462  -87.352  24.487 0.0000000000
142372  12.290  -87.959  24.282 0.0000000000
142373  12.151  -88.591  24.093 0.0000000000
142374  11.313  -88.414  25.335 0.0000000000
142375  11.654  -88.779  24.581 0.0000000000
142376  11.855  -89.159  23.890 0.0000000000
142377  11.580  -89.490  23.402 0.0000000000
142378  11.300  -89.599  22.735 0.0000000000
156814  12.984  -80.805  30.619 0.0000000000
156815  12.438  -80.665  30.200 0.0000000000
156816  14.151  -80.313  29.325 0.0000000000
156817  13.032  -80.488  29.479 0.0000000000
156818  11.965  -80.442  29.643 0.0000000000
156819  11.464  -80.122  29.085 0.0000000000
156841  15.405  -79.349  26.908 0.0000000000
156842  14.295  -79.609  26.956 0.0000000000
156843  14.349  -79.202  25.732 0.0000000000
156844  13.812  -79.426  26.382 0.0000000000
156845  13.185  -79.630  27.023 0.0000000000
156846  12.123  -79.425  27.162 0.0000000000
156847  11.218  -79.172  27.408 0.0000000000
156849  9.946  -78.646  27.225 0.0000000000
156850  9.604  -78.311  26.822 0.0000000000
156851  9.219  -77.970  26.465 0.0000000000
156852  10.573  -77.966  25.446 0.0000000000
156853  9.704  -77.777  25.792 0.0000000000
156854  8.838  -77.589  26.104 0.0000000000
156855  8.480  -77.195  25.791 0.0000000000
156856  8.156  -76.738  25.463 0.0000000000
156857  7.798  -76.286  25.128 0.0000000000
156863  9.914  -76.467  23.772 0.0000000000
156864  9.111  -76.229  24.100 0.0000000000
156865  8.307  -75.981  24.468 0.0000000000
156866  7.536  -75.819  24.734 0.0000000000
156867  7.211  -75.424  24.306 0.0000000000
156868  6.888  -75.140  23.829 0.0000000000
156869  6.574  -74.878  23.298 0.0000000000
156870  7.981  -74.542  22.769 0.0000000000
156871  7.120  -74.560  22.804 0.0000000000
156872  6.275  -74.648  22.741 0.0000000000
156873  6.000  -74.376  22.136 0.0000000000
157856  24.077  -85.140  25.651 0.0000000000
157874  18.176  -86.728  24.574 0.0000000000
157875  18.598  -86.498  24.156 0.0000000000
157876  18.822  -86.149  23.754 0.0000000000
157877  18.203  -86.223  22.861 0.0000000000
157878  18.634  -86.030  23.078 0.0000000000
157879  19.032  -85.734  23.293 0.0000000000
157883  18.078  -86.715  20.071 0.0000000000
157884  18.231  -86.250  20.344 0.0000000000
157885  18.416  -85.808  20.573 0.0000000000
157886  18.939  -85.956  19.643 0.0000000000
157936  27.246  -89.600  16.332 0.0000000000
157937  25.294  -89.056  18.258 0.0000000000
157938  25.714  -89.251  18.094 0.0000000000
157939  26.026  -89.552  17.851 0.0000000000
157940  25.701  -91.050  18.299 0.0000000000
157941  26.063  -90.471  17.992 0.0000000000
157942  26.311  -89.800  17.566 0.0000000000
157943  26.663  -90.040  17.198 0.0000000000
157944  26.961  -90.245  16.761 0.0000000000
157945  27.302  -90.447  16.326 0.0000000000
157946  27.104  -91.207  16.057 0.0000000000
157947  26.777  -91.845  15.658 0.0000000000
157948  26.313  -92.251  15.150 0.0000000000
157955  20.231  -92.161  18.685 0.0000000000
158683  27.419  -89.239  2.329 0.0000000000
158684  27.119  -89.852  2.432 0.0000000000
158685  26.839  -90.449  2.476 0.0000000000
158695  27.076  -90.766  9.744 0.0000000000
158696  27.002  -90.524  9.142 0.0000000000
158697  26.861  -90.245  8.544 0.0000000000
158698  27.125  -91.119  8.115 0.0000000000
158699  26.940  -90.493  8.017 0.0000000000
158700  26.759  -89.820  7.965 0.0000000000
158701  26.666  -89.324  7.355 0.0000000000
158702  26.589  -88.817  6.682 0.0000000000
158704  26.703  -88.758  5.636 0.0000000000
158705  26.830  -89.155  5.201 0.0000000000
158706  26.900  -89.557  4.781 0.0000000000
158707  26.913  -90.403  5.476 0.0000000000
158708  26.910  -90.211  4.869 0.0000000000
158709  26.893  -89.976  4.235 0.0000000000
158710  26.798  -90.363  3.647 0.0000000000
158711  26.698  -90.717  3.064 0.0000000000
158716  26.515  -92.976  3.974 0.0000000000
