#!ascii label  , from subject fsaverage vox2ras=TkReg
1113
130  11.496  -89.522  21.053 0.0000000000
132  4.716  -74.076  21.017 0.0000000000
285  6.409  -83.175  22.205 0.0000000000
286  9.750  -79.178  28.344 0.0000000000
568  25.204  -93.467  12.455 0.0000000000
765  6.824  -81.812  33.487 0.0000000000
1217  3.974  -79.132  22.635 0.0000000000
1257  14.859  -90.756  19.046 0.0000000000
1258  17.557  -94.164  15.782 0.0000000000
1666  6.260  -84.304  28.480 0.0000000000
1667  5.026  -79.797  28.212 0.0000000000
2302  13.980  -77.878  22.996 0.0000000000
2303  11.622  -73.213  21.282 0.0000000000
2342  23.785  -94.029  17.783 0.0000000000
2344  24.206  -96.959  9.028 0.0000000000
2372  27.459  -93.197  6.870 0.0000000000
3134  12.744  -89.606  17.785 0.0000000000
3135  12.460  -89.565  14.386 0.0000000000
3137  4.334  -76.358  22.019 0.0000000000
3139  5.276  -75.827  19.193 0.0000000000
3141  3.781  -73.132  18.671 0.0000000000
3177  13.080  -90.627  20.319 0.0000000000
3178  13.891  -91.750  17.497 0.0000000000
3735  7.165  -86.588  28.186 0.0000000000
3736  6.510  -85.185  32.173 0.0000000000
3737  8.021  -80.187  31.015 0.0000000000
3738  5.618  -80.486  30.863 0.0000000000
3739  6.865  -78.870  29.132 0.0000000000
5112  16.460  -76.308  21.245 0.0000000000
5113  12.576  -75.795  21.701 0.0000000000
5214  22.059  -92.737  19.080 0.0000000000
5216  19.293  -96.184  15.871 0.0000000000
5282  26.498  -92.206  11.640 0.0000000000
5284  26.967  -94.063  10.010 0.0000000000
5285  26.810  -95.480  7.768 0.0000000000
5286  25.122  -95.395  10.678 0.0000000000
5985  6.956  -83.777  35.124 0.0000000000
5988  11.415  -80.630  30.341 0.0000000000
6870  15.929  -88.733  18.735 0.0000000000
6871  17.296  -91.050  17.989 0.0000000000
6872  18.719  -93.226  18.095 0.0000000000
6873  15.788  -92.560  17.041 0.0000000000
6874  15.202  -92.465  15.082 0.0000000000
6914  27.702  -91.031  13.617 0.0000000000
6915  26.421  -92.219  14.516 0.0000000000
7724  10.072  -88.923  24.565 0.0000000000
7725  10.007  -87.729  21.112 0.0000000000
7726  8.588  -87.281  24.512 0.0000000000
7727  7.804  -85.112  24.977 0.0000000000
7728  7.163  -83.077  25.408 0.0000000000
7729  5.590  -82.924  31.755 0.0000000000
7730  5.886  -81.922  28.687 0.0000000000
7731  5.935  -81.134  25.441 0.0000000000
7732  4.207  -79.413  25.642 0.0000000000
9463  16.032  -78.617  25.172 0.0000000000
9464  11.877  -78.526  25.574 0.0000000000
9465  10.306  -76.999  24.083 0.0000000000
9467  7.707  -73.469  21.368 0.0000000000
9585  25.960  -92.245  17.133 0.0000000000
9586  24.298  -93.779  14.970 0.0000000000
9587  20.642  -94.895  17.494 0.0000000000
9588  22.150  -95.025  15.135 0.0000000000
9589  23.283  -95.000  12.257 0.0000000000
9592  22.535  -97.575  7.127 0.0000000000
9673  26.219  -94.462  4.881 0.0000000000
9674  24.652  -96.243  5.777 0.0000000000
10286  22.108  -97.732  4.604 0.0000000000
10287  22.472  -98.137  3.217 0.0000000000
10814  12.127  -89.563  19.399 0.0000000000
10815  12.249  -88.589  17.806 0.0000000000
10816  11.577  -88.674  19.345 0.0000000000
10817  4.640  -75.113  21.522 0.0000000000
10818  4.893  -76.204  20.702 0.0000000000
10819  4.607  -74.840  20.235 0.0000000000
10820  4.395  -74.504  18.869 0.0000000000
10855  11.805  -89.786  22.587 0.0000000000
10856  12.674  -89.886  21.989 0.0000000000
10857  12.302  -90.308  20.718 0.0000000000
10858  12.746  -90.503  18.954 0.0000000000
11415  7.355  -85.878  32.073 0.0000000000
11416  7.196  -85.269  34.019 0.0000000000
11417  8.886  -79.605  29.649 0.0000000000
11418  7.457  -79.468  30.066 0.0000000000
11419  8.317  -78.963  28.764 0.0000000000
11420  7.725  -78.351  27.927 0.0000000000
11421  9.131  -78.525  27.472 0.0000000000
12772  6.669  -83.895  21.699 0.0000000000
12774  5.821  -84.534  20.747 0.0000000000
12791  18.531  -75.328  22.064 0.0000000000
12793  15.665  -75.616  20.249 0.0000000000
12893  22.641  -91.593  19.083 0.0000000000
12894  21.067  -91.981  18.786 0.0000000000
12962  25.876  -92.893  12.008 0.0000000000
12963  26.629  -93.182  10.818 0.0000000000
12964  26.012  -93.940  11.380 0.0000000000
12965  26.161  -94.795  10.484 0.0000000000
12966  25.221  -94.400  11.600 0.0000000000
15164  14.296  -92.087  14.126 0.0000000000
15172  4.360  -80.311  22.760 0.0000000000
15288  14.388  -89.530  19.916 0.0000000000
15290  15.388  -89.709  18.861 0.0000000000
15291  16.685  -89.905  18.217 0.0000000000
15292  15.986  -90.938  18.310 0.0000000000
15293  16.558  -91.934  17.774 0.0000000000
15294  15.289  -91.867  18.139 0.0000000000
15295  13.819  -91.285  16.480 0.0000000000
15296  14.505  -92.123  16.299 0.0000000000
15297  14.524  -91.865  15.262 0.0000000000
15298  14.989  -92.579  13.977 0.0000000000
15365  27.037  -91.607  14.029 0.0000000000
16964  9.469  -88.384  26.236 0.0000000000
16965  9.113  -88.267  24.366 0.0000000000
16966  8.527  -87.850  26.265 0.0000000000
16967  6.609  -85.457  28.319 0.0000000000
16968  7.313  -85.876  26.492 0.0000000000
16969  6.961  -84.781  26.720 0.0000000000
16970  7.481  -84.025  25.227 0.0000000000
16971  6.720  -83.704  27.032 0.0000000000
16972  6.716  -82.831  34.400 0.0000000000
16973  6.017  -83.434  33.490 0.0000000000
16974  5.889  -82.213  32.940 0.0000000000
16975  5.266  -80.019  29.609 0.0000000000
16976  5.378  -81.195  29.882 0.0000000000
16977  5.473  -80.840  28.393 0.0000000000
16978  6.166  -81.416  26.976 0.0000000000
16979  5.376  -80.486  26.853 0.0000000000
16980  4.917  -80.331  25.588 0.0000000000
16981  4.660  -79.574  26.964 0.0000000000
21038  9.853  -87.132  19.362 0.0000000000
21089  15.801  -79.248  27.478 0.0000000000
21093  16.167  -77.707  23.108 0.0000000000
21094  17.054  -77.631  24.374 0.0000000000
21095  15.003  -78.437  23.975 0.0000000000
21096  13.826  -78.980  25.190 0.0000000000
21097  12.950  -78.301  24.195 0.0000000000
21098  11.048  -77.791  24.730 0.0000000000
21099  12.076  -77.492  23.349 0.0000000000
21100  12.079  -74.322  21.550 0.0000000000
21101  10.904  -75.106  22.367 0.0000000000
21102  10.411  -74.132  22.033 0.0000000000
21104  9.611  -73.389  21.368 0.0000000000
21400  24.467  -92.850  18.615 0.0000000000
21402  25.009  -93.248  17.519 0.0000000000
21403  25.143  -93.180  16.205 0.0000000000
21404  24.168  -93.997  16.416 0.0000000000
21405  18.151  -93.971  17.071 0.0000000000
21406  19.528  -94.167  17.977 0.0000000000
21407  18.876  -94.869  17.053 0.0000000000
21408  20.230  -96.677  15.056 0.0000000000
21409  20.819  -95.934  15.703 0.0000000000
21410  21.426  -95.908  14.134 0.0000000000
21411  22.572  -94.894  13.574 0.0000000000
21413  22.788  -96.096  11.371 0.0000000000
21610  27.487  -92.535  7.870 0.0000000000
21616  27.019  -93.819  5.808 0.0000000000
21617  25.657  -96.309  8.344 0.0000000000
21618  25.874  -96.033  6.670 0.0000000000
21619  24.721  -96.713  7.321 0.0000000000
21620  23.610  -96.843  6.458 0.0000000000
21621  23.411  -97.241  8.056 0.0000000000
24074  13.377  -90.062  16.370 0.0000000000
24079  4.058  -77.781  22.405 0.0000000000
24080  4.613  -78.919  21.116 0.0000000000
24081  4.729  -77.549  21.067 0.0000000000
24086  3.953  -74.373  17.509 0.0000000000
24150  13.488  -89.583  21.039 0.0000000000
24151  13.928  -90.680  19.845 0.0000000000
24152  14.298  -91.699  18.632 0.0000000000
24153  13.423  -91.254  18.832 0.0000000000
24154  13.223  -90.764  17.534 0.0000000000
25155  7.971  -87.289  28.127 0.0000000000
25156  7.610  -86.607  30.018 0.0000000000
25157  6.812  -85.890  30.105 0.0000000000
25158  6.174  -84.855  30.278 0.0000000000
25159  7.249  -80.933  32.353 0.0000000000
25160  6.125  -81.067  32.210 0.0000000000
25161  6.645  -80.164  31.235 0.0000000000
25162  6.037  -79.531  30.200 0.0000000000
25163  5.573  -79.082  29.091 0.0000000000
25164  5.038  -78.805  27.959 0.0000000000
25165  6.238  -78.333  28.241 0.0000000000
25166  6.908  -77.633  27.188 0.0000000000
27632  19.014  -75.064  23.545 0.0000000000
27633  17.348  -76.593  22.494 0.0000000000
27634  15.109  -77.216  22.007 0.0000000000
27635  13.150  -77.024  22.110 0.0000000000
27636  14.365  -76.386  21.143 0.0000000000
27637  13.692  -75.106  20.746 0.0000000000
27817  23.644  -92.228  19.155 0.0000000000
27818  23.057  -93.533  18.699 0.0000000000
27819  17.282  -94.368  14.662 0.0000000000
27820  18.384  -95.254  15.947 0.0000000000
27821  18.017  -95.604  14.925 0.0000000000
27822  18.640  -96.810  15.043 0.0000000000
27942  27.093  -92.385  10.253 0.0000000000
27943  27.412  -93.164  9.371 0.0000000000
27944  27.553  -93.786  8.313 0.0000000000
27945  27.386  -94.406  7.201 0.0000000000
27946  27.120  -94.836  8.961 0.0000000000
27947  26.075  -95.598  9.452 0.0000000000
27948  24.794  -96.336  9.900 0.0000000000
29331  8.167  -81.663  33.539 0.0000000000
29332  8.793  -80.972  32.102 0.0000000000
29333  9.668  -80.355  30.630 0.0000000000
29334  10.521  -79.906  29.244 0.0000000000
31225  5.810  -82.310  22.435 0.0000000000
31394  19.414  -92.245  18.526 0.0000000000
31395  17.953  -92.171  18.003 0.0000000000
31396  17.276  -93.000  17.192 0.0000000000
31397  16.624  -93.278  16.104 0.0000000000
31398  14.744  -92.346  17.279 0.0000000000
31399  15.401  -92.698  16.053 0.0000000000
31400  16.280  -93.265  15.001 0.0000000000
31401  15.957  -93.277  13.982 0.0000000000
31495  26.853  -91.552  12.624 0.0000000000
31496  26.261  -92.181  13.003 0.0000000000
31497  25.589  -92.744  13.500 0.0000000000
33584  10.741  -89.279  22.824 0.0000000000
33585  10.734  -88.655  21.029 0.0000000000
33586  9.894  -88.487  22.711 0.0000000000
33587  9.335  -87.468  22.727 0.0000000000
33588  8.838  -86.394  22.872 0.0000000000
33589  7.769  -86.967  26.342 0.0000000000
33590  8.115  -86.190  24.788 0.0000000000
33591  8.421  -85.419  23.110 0.0000000000
33592  7.958  -84.461  23.118 0.0000000000
33593  7.406  -83.666  23.369 0.0000000000
33594  7.025  -82.815  23.599 0.0000000000
33595  6.438  -84.491  33.925 0.0000000000
33596  5.934  -84.132  32.142 0.0000000000
33597  5.826  -83.663  30.234 0.0000000000
33598  5.494  -81.629  31.415 0.0000000000
33599  5.575  -82.409  30.185 0.0000000000
33600  6.140  -83.132  28.648 0.0000000000
33601  6.599  -82.590  27.142 0.0000000000
33602  6.830  -82.021  25.459 0.0000000000
33603  6.374  -81.991  23.801 0.0000000000
33604  5.401  -81.221  24.052 0.0000000000
33605  4.561  -80.378  24.213 0.0000000000
33606  3.963  -79.260  24.208 0.0000000000
33607  4.465  -78.424  26.724 0.0000000000
33608  3.997  -78.167  25.466 0.0000000000
33609  3.823  -77.872  23.964 0.0000000000
33610  4.057  -76.498  23.485 0.0000000000
33611  4.672  -75.384  22.783 0.0000000000
33612  5.333  -74.521  21.992 0.0000000000
38559  10.872  -87.840  19.361 0.0000000000
38621  11.587  -79.585  27.837 0.0000000000
38628  14.891  -79.318  26.316 0.0000000000
38629  12.703  -79.271  26.511 0.0000000000
38630  10.819  -78.801  26.988 0.0000000000
38631  10.074  -78.124  26.169 0.0000000000
38634  11.409  -76.430  22.719 0.0000000000
38639  5.915  -73.576  21.247 0.0000000000
38996  26.206  -92.250  15.843 0.0000000000
38997  25.252  -92.969  14.756 0.0000000000
38998  24.609  -93.499  13.574 0.0000000000
38999  20.313  -93.162  18.640 0.0000000000
39000  21.313  -93.823  18.378 0.0000000000
39001  22.290  -94.471  17.646 0.0000000000
39002  19.825  -95.659  16.737 0.0000000000
39003  21.478  -95.248  16.593 0.0000000000
39004  22.961  -94.600  16.570 0.0000000000
39005  23.306  -94.405  15.067 0.0000000000
39006  23.687  -94.217  13.623 0.0000000000
39007  24.358  -94.265  12.396 0.0000000000
39008  24.191  -95.308  11.418 0.0000000000
39009  23.796  -96.341  10.704 0.0000000000
39010  23.174  -97.165  10.114 0.0000000000
39013  22.530  -97.688  9.409 0.0000000000
39014  21.879  -98.119  8.493 0.0000000000
39015  21.310  -98.548  7.480 0.0000000000
39016  21.854  -98.004  6.237 0.0000000000
39256  26.663  -95.015  6.155 0.0000000000
39259  23.686  -96.376  5.059 0.0000000000
39260  22.576  -97.003  5.569 0.0000000000
41006  21.719  -98.251  4.952 0.0000000000
41007  21.876  -98.367  4.250 0.0000000000
41008  21.446  -98.828  4.607 0.0000000000
41534  11.822  -89.559  20.228 0.0000000000
41535  11.842  -89.103  19.371 0.0000000000
41536  11.514  -89.111  20.163 0.0000000000
41537  4.739  -74.593  21.278 0.0000000000
41538  4.653  -74.999  20.904 0.0000000000
41539  4.570  -74.420  20.686 0.0000000000
41540  4.415  -74.230  20.098 0.0000000000
41575  11.614  -89.753  21.818 0.0000000000
41576  12.055  -90.052  21.636 0.0000000000
41577  11.900  -89.955  20.872 0.0000000000
41578  12.192  -90.015  20.008 0.0000000000
42137  9.328  -79.364  28.978 0.0000000000
42138  8.610  -79.244  29.182 0.0000000000
42139  9.038  -79.047  28.530 0.0000000000
42140  8.740  -78.750  28.125 0.0000000000
42141  9.444  -78.848  27.896 0.0000000000
43492  6.509  -83.550  21.953 0.0000000000
43493  6.234  -84.245  21.195 0.0000000000
43494  6.141  -83.872  21.427 0.0000000000
43613  21.399  -91.395  18.778 0.0000000000
43614  20.631  -91.573  18.664 0.0000000000
43682  25.575  -93.213  12.282 0.0000000000
43683  25.931  -93.404  11.670 0.0000000000
43684  25.565  -93.683  11.880 0.0000000000
43685  25.637  -94.181  11.505 0.0000000000
43686  25.158  -93.890  11.998 0.0000000000
45884  14.093  -91.527  14.732 0.0000000000
45885  13.846  -91.985  14.024 0.0000000000
45886  13.783  -91.297  14.494 0.0000000000
45892  4.130  -79.744  22.711 0.0000000000
45893  4.429  -80.274  21.974 0.0000000000
45894  4.306  -79.690  21.909 0.0000000000
46008  14.622  -90.142  19.455 0.0000000000
46009  14.858  -89.600  19.369 0.0000000000
46010  15.135  -90.194  19.004 0.0000000000
46011  15.683  -90.313  18.568 0.0000000000
46012  15.393  -90.834  18.654 0.0000000000
46013  15.607  -91.446  18.332 0.0000000000
46014  15.060  -91.383  18.651 0.0000000000
46015  13.881  -91.057  15.898 0.0000000000
46016  14.153  -91.565  15.909 0.0000000000
46017  14.176  -91.423  15.373 0.0000000000
46018  14.429  -91.900  14.703 0.0000000000
47685  8.962  -88.204  26.228 0.0000000000
47686  8.690  -87.931  27.146 0.0000000000
47687  6.416  -84.874  28.398 0.0000000000
47688  6.709  -85.107  27.457 0.0000000000
47689  6.542  -84.580  27.550 0.0000000000
47690  6.840  -84.227  26.885 0.0000000000
47691  6.465  -84.015  27.711 0.0000000000
47692  6.723  -82.324  33.966 0.0000000000
47693  6.172  -82.574  33.716 0.0000000000
47694  6.273  -81.979  33.273 0.0000000000
47695  5.183  -79.906  28.911 0.0000000000
47696  5.257  -80.428  29.047 0.0000000000
47697  5.230  -80.303  28.287 0.0000000000
47698  5.477  -80.594  27.538 0.0000000000
47699  5.146  -80.148  27.497 0.0000000000
47700  4.962  -80.051  26.882 0.0000000000
47701  4.875  -79.713  27.512 0.0000000000
51813  15.062  -77.931  22.962 0.0000000000
51814  15.587  -78.115  23.514 0.0000000000
51815  14.514  -78.190  23.455 0.0000000000
51816  13.951  -78.438  24.044 0.0000000000
51817  13.470  -78.097  23.575 0.0000000000
51818  12.505  -77.923  23.755 0.0000000000
51819  12.984  -77.711  23.136 0.0000000000
51820  11.895  -73.722  21.450 0.0000000000
51821  11.289  -74.174  21.817 0.0000000000
51822  11.042  -73.672  21.653 0.0000000000
51823  10.050  -73.743  21.754 0.0000000000
51824  10.619  -73.290  21.355 0.0000000000
52120  24.149  -93.481  18.248 0.0000000000
52121  24.770  -93.085  18.106 0.0000000000
52122  24.438  -93.686  17.686 0.0000000000
52123  24.606  -93.661  16.989 0.0000000000
52124  23.988  -94.041  17.117 0.0000000000
52125  17.848  -94.119  16.459 0.0000000000
52126  18.508  -94.441  17.061 0.0000000000
52127  18.201  -94.631  16.474 0.0000000000
52129  20.876  -96.346  14.628 0.0000000000
52131  21.609  -95.906  13.254 0.0000000000
52330  27.508  -92.847  7.398 0.0000000000
52332  27.362  -92.484  6.723 0.0000000000
52334  27.290  -92.805  6.217 0.0000000000
52336  27.307  -93.485  6.339 0.0000000000
52337  24.952  -96.645  8.666 0.0000000000
52338  25.278  -96.580  7.788 0.0000000000
52339  24.580  -96.882  8.186 0.0000000000
52340  24.069  -96.987  7.713 0.0000000000
52341  23.849  -97.128  8.542 0.0000000000
55484  13.046  -89.772  17.043 0.0000000000
55485  13.209  -89.504  16.186 0.0000000000
55487  11.939  -88.115  17.735 0.0000000000
55488  12.259  -88.300  16.830 0.0000000000
55489  11.815  -87.876  16.727 0.0000000000
55492  4.173  -77.076  22.234 0.0000000000
55493  4.335  -77.725  21.690 0.0000000000
55494  4.462  -76.969  21.536 0.0000000000
55495  5.167  -76.021  19.941 0.0000000000
55496  5.248  -76.743  20.189 0.0000000000
55502  4.049  -73.826  18.835 0.0000000000
55504  3.820  -73.714  18.122 0.0000000000
55506  3.558  -72.976  17.896 0.0000000000
55608  12.894  -90.278  21.158 0.0000000000
55609  13.105  -89.751  21.590 0.0000000000
55610  13.296  -90.165  20.814 0.0000000000
55611  13.723  -90.099  20.421 0.0000000000
55612  13.486  -90.611  20.126 0.0000000000
55613  13.665  -91.140  19.457 0.0000000000
55614  13.228  -90.944  19.551 0.0000000000
55615  12.714  -90.070  18.341 0.0000000000
55616  12.944  -90.586  18.166 0.0000000000
55617  12.988  -90.197  17.625 0.0000000000
55618  13.270  -90.396  16.972 0.0000000000
57284  8.396  -86.586  30.800 0.0000000000
57285  8.042  -86.811  29.941 0.0000000000
57286  7.919  -86.460  30.924 0.0000000000
57287  6.892  -85.553  32.191 0.0000000000
57288  7.022  -85.903  31.073 0.0000000000
57289  6.643  -85.501  31.120 0.0000000000
57290  6.463  -85.397  30.208 0.0000000000
57291  6.307  -85.072  31.163 0.0000000000
57292  7.556  -80.534  31.693 0.0000000000
57293  6.887  -80.527  31.780 0.0000000000
57294  7.299  -80.166  31.170 0.0000000000
57295  7.188  -79.166  29.624 0.0000000000
57296  6.758  -79.463  30.190 0.0000000000
57297  6.460  -79.176  29.691 0.0000000000
57298  5.816  -79.302  29.627 0.0000000000
57299  6.176  -78.915  29.193 0.0000000000
57300  5.895  -78.699  28.696 0.0000000000
57301  6.581  -78.596  28.679 0.0000000000
57302  8.095  -78.132  27.365 0.0000000000
57303  7.345  -77.999  27.563 0.0000000000
57304  7.739  -77.712  27.020 0.0000000000
61413  17.592  -75.935  21.566 0.0000000000
61414  17.972  -75.963  22.229 0.0000000000
61415  16.924  -76.501  21.839 0.0000000000
61416  16.224  -77.037  22.160 0.0000000000
61417  15.761  -76.820  21.600 0.0000000000
61418  14.712  -76.860  21.534 0.0000000000
61419  15.331  -76.476  21.103 0.0000000000
61421  14.598  -75.414  20.421 0.0000000000
61423  13.471  -74.397  20.613 0.0000000000
61720  22.376  -92.173  19.096 0.0000000000
61721  23.151  -91.904  19.180 0.0000000000
61722  22.889  -92.621  19.137 0.0000000000
61723  23.368  -92.926  19.000 0.0000000000
61724  22.565  -93.155  18.977 0.0000000000
61726  17.648  -94.978  14.781 0.0000000000
61927  26.732  -91.860  11.432 0.0000000000
61929  26.722  -92.275  10.960 0.0000000000
61930  26.774  -93.711  10.464 0.0000000000
61931  27.024  -93.233  10.164 0.0000000000
61932  27.239  -93.624  9.687 0.0000000000
61933  27.509  -93.461  8.849 0.0000000000
61934  27.360  -93.981  9.171 0.0000000000
61935  27.404  -94.352  8.630 0.0000000000
61936  27.100  -94.437  9.524 0.0000000000
61937  25.663  -95.100  10.585 0.0000000000
61938  26.128  -95.233  9.982 0.0000000000
61939  25.589  -95.511  10.151 0.0000000000
61940  25.455  -95.946  9.690 0.0000000000
61941  24.980  -95.869  10.286 0.0000000000
64501  9.249  -81.372  32.672 0.0000000000
64503  10.116  -80.793  31.170 0.0000000000
64504  10.546  -80.518  30.461 0.0000000000
64505  10.093  -80.119  29.931 0.0000000000
64506  10.976  -80.308  29.788 0.0000000000
68542  12.966  -89.872  14.517 0.0000000000
68558  5.635  -82.363  21.830 0.0000000000
68913  16.994  -90.486  18.081 0.0000000000
68914  17.305  -89.913  18.094 0.0000000000
68915  17.611  -90.534  18.068 0.0000000000
68917  17.947  -91.157  18.072 0.0000000000
68918  18.284  -91.720  18.142 0.0000000000
68919  17.617  -91.634  18.003 0.0000000000
68920  16.163  -92.298  17.486 0.0000000000
68921  16.887  -92.467  17.498 0.0000000000
68922  16.519  -92.684  17.018 0.0000000000
68923  16.941  -93.181  16.706 0.0000000000
68924  16.182  -92.885  16.527 0.0000000000
68925  14.021  -91.896  18.100 0.0000000000
68926  14.489  -92.147  17.977 0.0000000000
68927  14.294  -92.122  17.403 0.0000000000
68928  14.844  -92.277  15.708 0.0000000000
68929  14.937  -92.424  16.187 0.0000000000
68930  15.299  -92.601  15.588 0.0000000000
68931  15.791  -92.938  15.461 0.0000000000
68932  15.688  -92.839  14.977 0.0000000000
68933  16.120  -93.268  14.524 0.0000000000
68934  15.556  -92.820  14.467 0.0000000000
68935  14.673  -92.867  13.437 0.0000000000
68936  15.136  -93.039  13.405 0.0000000000
69134  27.561  -90.954  12.936 0.0000000000
69135  27.109  -91.220  12.464 0.0000000000
69136  27.222  -91.292  13.142 0.0000000000
69137  26.718  -91.910  14.247 0.0000000000
69138  26.591  -91.904  13.484 0.0000000000
69139  26.281  -92.208  13.703 0.0000000000
69140  25.971  -92.475  13.230 0.0000000000
69141  25.949  -92.484  13.990 0.0000000000
73935  10.277  -88.912  22.750 0.0000000000
73936  9.901  -88.801  23.613 0.0000000000
73937  8.819  -87.808  24.384 0.0000000000
73938  9.226  -87.897  23.539 0.0000000000
73939  8.999  -87.361  23.579 0.0000000000
73940  9.087  -86.919  22.781 0.0000000000
73941  8.787  -86.780  23.702 0.0000000000
73942  7.552  -86.963  28.156 0.0000000000
73943  7.805  -87.202  27.222 0.0000000000
73944  7.458  -86.785  27.251 0.0000000000
73945  7.577  -85.501  25.715 0.0000000000
73946  7.719  -86.059  25.623 0.0000000000
73947  7.981  -85.630  24.869 0.0000000000
73948  8.323  -85.770  23.984 0.0000000000
73949  8.142  -85.259  24.051 0.0000000000
73950  8.204  -84.934  23.086 0.0000000000
73951  7.957  -84.751  24.081 0.0000000000
73952  7.266  -83.558  25.337 0.0000000000
73953  7.536  -83.756  24.354 0.0000000000
73954  7.338  -83.307  24.465 0.0000000000
73955  7.216  -83.251  23.472 0.0000000000
73956  7.276  -82.825  24.531 0.0000000000
73957  7.228  -84.181  35.343 0.0000000000
73958  6.916  -84.548  34.722 0.0000000000
73959  6.638  -84.130  34.603 0.0000000000
73960  5.758  -83.168  32.604 0.0000000000
73961  5.912  -83.774  32.858 0.0000000000
73962  5.751  -83.533  31.929 0.0000000000
73963  5.843  -83.908  31.148 0.0000000000
73964  5.672  -83.290  31.043 0.0000000000
73965  5.845  -80.768  31.515 0.0000000000
73966  5.739  -81.331  31.851 0.0000000000
73967  5.507  -81.049  31.113 0.0000000000
73968  5.584  -81.590  29.302 0.0000000000
73969  5.475  -81.790  30.063 0.0000000000
73970  5.725  -82.198  29.390 0.0000000000
73971  5.854  -82.823  29.402 0.0000000000
73972  6.043  -82.554  28.670 0.0000000000
73973  6.376  -82.884  27.909 0.0000000000
73974  6.241  -82.264  27.918 0.0000000000
73975  6.148  -81.229  26.213 0.0000000000
73976  6.521  -81.708  26.262 0.0000000000
73977  6.428  -81.539  25.431 0.0000000000
73978  6.658  -81.926  24.613 0.0000000000
73979  6.194  -81.502  24.649 0.0000000000
73980  5.891  -81.602  23.922 0.0000000000
73981  5.654  -81.154  24.728 0.0000000000
73982  4.487  -79.901  25.657 0.0000000000
73983  4.757  -80.375  24.908 0.0000000000
73984  4.350  -79.907  24.949 0.0000000000
73985  4.216  -79.843  24.230 0.0000000000
73986  4.060  -79.319  24.947 0.0000000000
73987  5.189  -78.281  27.700 0.0000000000
73988  4.736  -78.601  27.385 0.0000000000
73989  4.902  -78.057  27.111 0.0000000000
73992  4.089  -77.459  25.207 0.0000000000
73993  3.873  -78.037  24.685 0.0000000000
73994  3.925  -77.279  24.496 0.0000000000
73995  3.897  -77.167  23.756 0.0000000000
73996  4.128  -76.584  24.229 0.0000000000
73998  4.756  -75.535  23.456 0.0000000000
73999  5.142  -75.096  23.031 0.0000000000
74000  5.023  -74.925  22.389 0.0000000000
74001  5.552  -74.755  22.583 0.0000000000
74338  11.026  -89.348  23.584 0.0000000000
86152  10.362  -88.214  21.061 0.0000000000
86153  10.801  -88.276  20.187 0.0000000000
86154  10.417  -87.832  20.246 0.0000000000
86156  10.181  -87.184  18.493 0.0000000000
86157  9.864  -87.114  17.668 0.0000000000
86308  12.024  -79.944  28.400 0.0000000000
86318  18.708  -75.614  24.308 0.0000000000
86326  15.935  -78.936  26.327 0.0000000000
86327  15.434  -78.985  25.709 0.0000000000
86328  12.834  -78.768  25.358 0.0000000000
86329  13.280  -79.126  25.856 0.0000000000
86330  12.306  -78.878  26.058 0.0000000000
86331  11.718  -79.018  26.754 0.0000000000
86332  11.335  -78.646  26.295 0.0000000000
86333  10.428  -78.440  26.573 0.0000000000
86334  10.941  -78.302  25.834 0.0000000000
86335  10.681  -77.432  24.395 0.0000000000
86336  10.196  -77.602  25.092 0.0000000000
86340  12.874  -76.444  21.874 0.0000000000
86341  12.284  -76.733  22.379 0.0000000000
86342  11.996  -76.116  22.172 0.0000000000
86343  10.032  -74.959  22.682 0.0000000000
86344  10.249  -75.519  22.866 0.0000000000
86353  6.381  -73.961  21.719 0.0000000000
86354  6.746  -73.491  21.319 0.0000000000
86416  9.813  -72.512  20.385 0.0000000000
87243  25.733  -92.125  17.630 0.0000000000
87249  26.083  -92.227  16.530 0.0000000000
87250  24.689  -93.538  15.550 0.0000000000
87251  25.165  -93.074  15.486 0.0000000000
87252  24.752  -93.386  14.853 0.0000000000
87253  24.840  -93.210  14.174 0.0000000000
87254  24.418  -93.604  14.257 0.0000000000
87255  19.050  -92.764  18.434 0.0000000000
87256  19.841  -92.779  18.685 0.0000000000
87257  19.480  -93.265  18.444 0.0000000000
87258  20.062  -94.585  17.808 0.0000000000
87259  20.395  -94.048  18.201 0.0000000000
87260  20.954  -94.356  17.903 0.0000000000
87261  21.850  -94.155  18.079 0.0000000000
87262  21.487  -94.671  17.545 0.0000000000
87263  18.804  -95.741  15.994 0.0000000000
87264  19.054  -95.541  16.511 0.0000000000
87265  19.574  -95.944  16.327 0.0000000000
87266  21.521  -95.529  15.389 0.0000000000
87267  21.154  -95.596  16.101 0.0000000000
87268  21.873  -95.141  15.904 0.0000000000
87269  22.257  -94.869  16.525 0.0000000000
87270  22.538  -94.797  15.826 0.0000000000
87271  23.144  -94.519  15.811 0.0000000000
87272  22.744  -94.705  15.073 0.0000000000
87273  22.869  -94.898  12.810 0.0000000000
87274  23.167  -94.549  13.534 0.0000000000
87275  23.438  -94.535  12.854 0.0000000000
87276  23.930  -94.198  12.953 0.0000000000
87277  23.868  -94.668  12.347 0.0000000000
87278  24.306  -94.770  11.860 0.0000000000
87279  23.739  -95.131  11.795 0.0000000000
87281  23.317  -96.201  11.019 0.0000000000
87282  22.988  -96.738  10.697 0.0000000000
87283  23.495  -96.775  10.388 0.0000000000
87292  21.797  -98.096  9.656 0.0000000000
87293  22.197  -97.926  8.966 0.0000000000
87294  21.474  -98.301  9.223 0.0000000000
87296  20.922  -98.673  8.252 0.0000000000
87298  21.029  -98.867  7.013 0.0000000000
87892  27.154  -94.982  7.452 0.0000000000
87893  27.141  -94.748  6.600 0.0000000000
87894  26.821  -95.288  6.898 0.0000000000
87895  25.236  -96.188  6.153 0.0000000000
87896  25.742  -95.802  5.886 0.0000000000
87899  24.624  -95.964  5.206 0.0000000000
87900  24.173  -96.123  4.832 0.0000000000
87901  24.125  -96.279  5.485 0.0000000000
87902  23.014  -97.171  6.798 0.0000000000
87903  23.060  -96.898  6.009 0.0000000000
87904  22.598  -97.320  6.345 0.0000000000
87905  22.199  -97.479  5.974 0.0000000000
87906  22.210  -97.765  6.646 0.0000000000
92242  22.501  -97.308  4.274 0.0000000000
92243  22.636  -97.527  3.565 0.0000000000
92244  22.240  -97.948  3.850 0.0000000000
92245  22.076  -98.544  3.575 0.0000000000
93194  12.447  -89.510  18.586 0.0000000000
93195  12.536  -89.076  17.750 0.0000000000
93196  12.155  -89.070  18.574 0.0000000000
93197  11.895  -88.634  18.562 0.0000000000
93198  11.623  -88.187  18.515 0.0000000000
93199  4.496  -75.696  21.775 0.0000000000
93200  4.571  -76.251  21.344 0.0000000000
93201  4.638  -75.588  21.125 0.0000000000
93202  4.784  -75.516  20.460 0.0000000000
93203  4.932  -75.325  19.686 0.0000000000
93204  4.879  -75.158  19.012 0.0000000000
93205  4.571  -74.686  19.549 0.0000000000
93206  4.248  -74.017  19.472 0.0000000000
93207  3.996  -73.320  19.415 0.0000000000
93267  12.045  -89.496  23.147 0.0000000000
93268  12.477  -89.413  22.730 0.0000000000
93269  12.242  -89.896  22.309 0.0000000000
93270  12.471  -90.262  21.434 0.0000000000
93271  12.693  -90.540  20.536 0.0000000000
93272  12.864  -90.727  19.619 0.0000000000
93273  12.523  -90.447  19.795 0.0000000000
93274  12.455  -90.048  19.158 0.0000000000
94275  7.817  -86.102  31.959 0.0000000000
94277  7.268  -85.551  33.101 0.0000000000
94278  6.790  -85.237  33.171 0.0000000000
94279  8.438  -79.882  30.329 0.0000000000
94280  7.719  -79.825  30.538 0.0000000000
94281  8.160  -79.495  29.870 0.0000000000
94282  7.892  -79.200  29.426 0.0000000000
94283  7.589  -78.907  28.983 0.0000000000
94284  7.278  -78.599  28.540 0.0000000000
94285  8.018  -78.669  28.346 0.0000000000
94286  8.431  -78.444  27.720 0.0000000000
94287  8.803  -78.229  27.112 0.0000000000
96718  6.911  -84.227  21.481 0.0000000000
96721  5.931  -84.952  20.493 0.0000000000
96755  16.032  -75.997  20.708 0.0000000000
96937  21.889  -91.773  18.950 0.0000000000
96938  21.559  -92.356  18.946 0.0000000000
97060  26.204  -92.548  11.835 0.0000000000
97061  26.517  -92.653  11.169 0.0000000000
97062  26.258  -93.054  11.425 0.0000000000
97063  26.361  -93.578  11.092 0.0000000000
97064  26.461  -94.047  10.756 0.0000000000
97065  26.620  -94.435  10.322 0.0000000000
97066  26.101  -94.352  10.963 0.0000000000
97067  25.694  -94.635  11.076 0.0000000000
97068  25.223  -94.890  11.157 0.0000000000
98604  10.222  -81.426  32.450 0.0000000000
101038  4.643  -80.847  22.757 0.0000000000
101040  4.624  -80.820  21.971 0.0000000000
101056  3.768  -75.254  16.132 0.0000000000
101249  15.071  -89.104  19.200 0.0000000000
101250  15.626  -89.225  18.731 0.0000000000
101251  16.316  -89.315  18.454 0.0000000000
101252  16.001  -89.820  18.463 0.0000000000
101253  16.354  -90.450  18.242 0.0000000000
101254  16.656  -91.020  18.067 0.0000000000
101255  16.942  -91.536  17.985 0.0000000000
101256  16.266  -91.466  18.105 0.0000000000
101257  15.873  -91.876  17.900 0.0000000000
101258  15.508  -92.248  17.598 0.0000000000
101259  13.818  -91.508  16.942 0.0000000000
101260  14.177  -91.967  16.862 0.0000000000
101261  14.135  -91.745  16.412 0.0000000000
101262  14.487  -91.972  15.804 0.0000000000
101263  14.834  -92.159  15.185 0.0000000000
101264  15.097  -92.475  14.572 0.0000000000
101265  14.766  -92.219  14.598 0.0000000000
101385  27.354  -91.322  13.827 0.0000000000
101386  27.528  -91.265  14.503 0.0000000000
101387  27.179  -91.546  14.766 0.0000000000
101388  26.846  -91.833  15.042 0.0000000000
104264  9.752  -88.713  25.395 0.0000000000
104265  9.554  -88.654  24.453 0.0000000000
104266  9.246  -88.448  25.326 0.0000000000
104267  8.832  -88.066  25.318 0.0000000000
104268  8.477  -87.625  25.359 0.0000000000
104269  6.840  -86.064  28.239 0.0000000000
104270  7.170  -86.260  27.304 0.0000000000
104271  6.925  -85.684  27.383 0.0000000000
104272  7.127  -85.322  26.586 0.0000000000
104273  7.370  -84.980  25.853 0.0000000000
104274  7.637  -84.584  25.098 0.0000000000
104275  7.239  -84.410  26.012 0.0000000000
104276  7.095  -83.881  26.141 0.0000000000
104277  6.951  -83.372  26.257 0.0000000000
104278  6.784  -83.338  34.775 0.0000000000
104279  6.412  -83.645  34.358 0.0000000000
104280  6.249  -83.117  34.057 0.0000000000
104281  5.913  -82.822  33.233 0.0000000000
104282  5.647  -82.522  32.441 0.0000000000
104283  5.378  -80.219  30.299 0.0000000000
104284  5.331  -80.801  30.398 0.0000000000
104285  5.298  -80.595  29.757 0.0000000000
104286  5.431  -81.001  29.156 0.0000000000
104287  5.710  -81.384  28.530 0.0000000000
104288  6.062  -81.677  27.827 0.0000000000
104289  5.817  -81.113  27.670 0.0000000000
104290  5.792  -80.925  26.891 0.0000000000
104291  5.656  -80.840  26.196 0.0000000000
104292  5.412  -80.756  25.497 0.0000000000
104293  5.183  -80.402  26.224 0.0000000000
104294  4.755  -79.948  26.290 0.0000000000
104295  4.394  -79.484  26.347 0.0000000000
104301  4.550  -76.159  24.589 0.0000000000
111595  9.650  -87.201  21.120 0.0000000000
111596  9.993  -87.385  20.265 0.0000000000
111695  17.218  -77.163  23.400 0.0000000000
111696  17.583  -77.062  24.052 0.0000000000
111697  16.670  -77.705  23.751 0.0000000000
111698  16.078  -78.153  24.119 0.0000000000
111699  15.505  -78.573  24.578 0.0000000000
111700  14.931  -78.923  25.122 0.0000000000
111701  14.400  -78.749  24.568 0.0000000000
111702  13.385  -78.633  24.686 0.0000000000
111703  12.411  -78.437  24.863 0.0000000000
111704  11.477  -78.193  25.110 0.0000000000
111705  11.998  -78.075  24.415 0.0000000000
111706  11.564  -77.673  24.020 0.0000000000
111707  11.203  -77.250  23.696 0.0000000000
111708  12.268  -75.051  21.588 0.0000000000
111709  11.712  -75.430  22.029 0.0000000000
111710  11.522  -74.764  21.916 0.0000000000
111711  10.673  -74.576  22.225 0.0000000000
111712  9.803  -74.494  22.472 0.0000000000
111715  9.075  -73.812  21.804 0.0000000000
111716  8.638  -73.454  21.381 0.0000000000
112248  24.722  -92.111  18.791 0.0000000000
112250  25.057  -92.389  18.388 0.0000000000
112251  25.324  -92.596  17.844 0.0000000000
112252  25.494  -92.767  17.314 0.0000000000
112253  25.552  -92.752  16.708 0.0000000000
112254  25.103  -93.225  16.857 0.0000000000
112255  24.682  -93.611  16.307 0.0000000000
112256  24.243  -93.898  15.744 0.0000000000
112257  18.428  -93.651  17.608 0.0000000000
112258  19.097  -93.734  18.110 0.0000000000
112259  18.777  -94.132  17.596 0.0000000000
112260  19.169  -94.565  17.554 0.0000000000
112261  19.724  -94.964  17.383 0.0000000000
112262  19.790  -96.510  15.634 0.0000000000
112263  20.069  -96.168  15.911 0.0000000000
112264  20.504  -96.279  15.408 0.0000000000
112265  21.181  -95.916  14.977 0.0000000000
112266  21.771  -95.401  14.562 0.0000000000
112267  22.329  -94.940  14.381 0.0000000000
112268  21.968  -95.377  13.718 0.0000000000
112269  22.226  -95.364  12.927 0.0000000000
112270  22.604  -95.430  12.235 0.0000000000
112271  23.044  -95.532  11.753 0.0000000000
112637  26.783  -93.535  5.185 0.0000000000
112638  26.624  -94.156  5.330 0.0000000000
112639  26.279  -95.938  8.062 0.0000000000
112640  26.376  -95.777  7.204 0.0000000000
112641  25.857  -96.216  7.510 0.0000000000
112642  25.330  -96.404  6.975 0.0000000000
112643  24.712  -96.496  6.482 0.0000000000
112644  24.148  -96.533  6.091 0.0000000000
112645  24.171  -96.778  6.886 0.0000000000
112646  23.562  -97.074  7.262 0.0000000000
112647  22.955  -97.402  7.613 0.0000000000
115395  22.916  -97.728  2.942 0.0000000000
117617  13.217  -89.549  15.310 0.0000000000
117625  3.987  -78.466  22.550 0.0000000000
117626  4.253  -79.064  21.829 0.0000000000
117627  4.265  -78.413  21.747 0.0000000000
117628  4.655  -78.243  21.109 0.0000000000
117630  4.859  -76.872  20.935 0.0000000000
117643  3.673  -74.449  16.683 0.0000000000
117789  13.253  -89.123  21.625 0.0000000000
117790  13.677  -88.980  20.977 0.0000000000
117791  13.985  -89.508  20.469 0.0000000000
117792  14.166  -90.110  19.952 0.0000000000
117793  14.367  -90.717  19.443 0.0000000000
117794  14.565  -91.322  19.009 0.0000000000
117795  14.129  -91.268  19.279 0.0000000000
117796  13.860  -91.535  18.789 0.0000000000
117797  13.627  -91.552  18.114 0.0000000000
117798  13.051  -90.888  18.841 0.0000000000
117799  13.267  -91.104  18.112 0.0000000000
117800  13.537  -91.308  17.527 0.0000000000
117801  13.516  -90.980  16.967 0.0000000000
117802  13.590  -90.695  16.403 0.0000000000
120135  8.439  -87.562  28.101 0.0000000000
120136  8.217  -87.186  29.038 0.0000000000
120137  7.742  -86.997  29.066 0.0000000000
120138  7.376  -86.682  29.127 0.0000000000
120139  7.454  -86.243  31.005 0.0000000000
120140  7.206  -86.316  30.088 0.0000000000
120141  7.004  -86.254  29.148 0.0000000000
120142  6.658  -85.736  29.195 0.0000000000
120143  6.368  -85.161  29.318 0.0000000000
120144  6.174  -84.591  29.355 0.0000000000
120145  7.028  -81.369  32.975 0.0000000000
120146  6.439  -81.465  32.836 0.0000000000
120147  6.650  -80.985  32.364 0.0000000000
120148  6.350  -80.588  31.742 0.0000000000
120149  6.056  -80.239  31.168 0.0000000000
120150  7.011  -79.800  30.688 0.0000000000
120151  6.378  -79.817  30.703 0.0000000000
120152  5.793  -79.974  30.586 0.0000000000
120153  5.546  -79.736  30.003 0.0000000000
120154  5.317  -79.509  29.420 0.0000000000
120155  5.197  -79.412  28.753 0.0000000000
120156  4.976  -79.319  28.121 0.0000000000
120157  5.299  -78.937  28.554 0.0000000000
120158  5.517  -78.495  28.245 0.0000000000
120159  5.779  -78.075  27.818 0.0000000000
120160  6.971  -78.292  28.118 0.0000000000
120161  6.534  -77.981  27.725 0.0000000000
120322  9.020  -86.987  29.400 0.0000000000
125914  18.498  -75.785  23.627 0.0000000000
125915  18.785  -75.193  22.816 0.0000000000
125916  18.262  -75.881  22.953 0.0000000000
125917  17.730  -76.543  23.149 0.0000000000
125918  16.746  -77.185  22.741 0.0000000000
125919  15.584  -77.520  22.535 0.0000000000
125920  14.514  -77.600  22.472 0.0000000000
125921  13.479  -77.504  22.529 0.0000000000
125922  14.104  -77.185  22.002 0.0000000000
125923  13.791  -76.727  21.615 0.0000000000
125924  13.458  -76.123  21.395 0.0000000000
125925  14.965  -75.967  20.665 0.0000000000
125926  14.027  -75.769  20.908 0.0000000000
125927  13.133  -75.435  21.241 0.0000000000
125928  12.824  -74.690  21.155 0.0000000000
125929  12.700  -73.971  21.097 0.0000000000
125930  12.488  -73.342  21.028 0.0000000000
126348  24.081  -92.536  18.951 0.0000000000
126349  23.812  -93.233  18.722 0.0000000000
126350  23.455  -93.786  18.278 0.0000000000
126351  17.404  -94.278  15.237 0.0000000000
126352  17.993  -94.728  15.864 0.0000000000
126353  17.829  -94.858  15.299 0.0000000000
126354  18.224  -95.406  15.427 0.0000000000
126355  18.547  -95.974  15.519 0.0000000000
126358  18.948  -96.506  15.474 0.0000000000
126359  19.456  -96.869  15.220 0.0000000000
126360  19.958  -97.137  14.790 0.0000000000
126639  26.866  -92.768  10.554 0.0000000000
126640  27.211  -92.784  9.843 0.0000000000
126641  27.415  -92.620  9.107 0.0000000000
126642  27.518  -92.865  8.575 0.0000000000
126643  27.604  -93.178  8.082 0.0000000000
126644  27.585  -93.475  7.570 0.0000000000
126645  27.493  -93.786  7.018 0.0000000000
126646  27.555  -94.089  7.760 0.0000000000
126647  27.348  -94.668  8.053 0.0000000000
126648  26.988  -95.164  8.352 0.0000000000
126649  26.668  -94.866  9.780 0.0000000000
126650  26.634  -95.267  9.206 0.0000000000
126651  26.523  -95.611  8.628 0.0000000000
126652  25.986  -95.985  8.873 0.0000000000
126653  25.255  -96.343  9.174 0.0000000000
126654  24.529  -96.671  9.465 0.0000000000
130068  7.607  -83.964  35.798 0.0000000000
130071  7.423  -83.510  35.488 0.0000000000
130072  7.299  -83.054  35.093 0.0000000000
130073  7.232  -82.571  34.663 0.0000000000
130074  7.316  -82.151  34.138 0.0000000000
130083  7.480  -81.720  33.564 0.0000000000
130084  7.696  -81.299  32.952 0.0000000000
130085  7.956  -80.908  32.276 0.0000000000
130086  8.386  -80.567  31.542 0.0000000000
130087  9.671  -81.079  31.902 0.0000000000
130088  9.232  -80.649  31.350 0.0000000000
130089  8.817  -80.255  30.829 0.0000000000
130090  9.238  -79.970  30.126 0.0000000000
130091  9.685  -79.731  29.436 0.0000000000
130092  10.093  -79.518  28.793 0.0000000000
135223  6.155  -82.772  22.304 0.0000000000
135224  6.030  -83.441  21.585 0.0000000000
135225  5.888  -82.910  21.690 0.0000000000
135680  19.801  -91.679  18.565 0.0000000000
135681  18.972  -91.722  18.346 0.0000000000
135682  18.647  -92.226  18.274 0.0000000000
135683  18.329  -92.681  18.089 0.0000000000
135684  17.269  -92.087  17.757 0.0000000000
135685  17.618  -92.611  17.714 0.0000000000
135686  18.030  -93.136  17.627 0.0000000000
135687  17.711  -93.480  17.096 0.0000000000
135688  17.444  -93.665  16.521 0.0000000000
135689  17.137  -93.726  15.911 0.0000000000
135690  14.777  -91.816  18.408 0.0000000000
135691  14.997  -92.292  17.860 0.0000000000
135692  15.221  -92.470  17.143 0.0000000000
135693  14.567  -92.335  16.754 0.0000000000
135694  15.017  -92.521  16.621 0.0000000000
135695  15.497  -92.724  16.539 0.0000000000
135696  15.919  -92.975  15.968 0.0000000000
135697  16.414  -93.324  15.547 0.0000000000
135698  16.921  -93.749  15.241 0.0000000000
135699  16.778  -93.786  14.766 0.0000000000
135700  16.572  -93.804  14.239 0.0000000000
135701  16.296  -93.909  13.631 0.0000000000
135702  15.428  -92.874  13.942 0.0000000000
135956  26.851  -91.516  11.931 0.0000000000
135957  26.615  -91.847  12.116 0.0000000000
135958  26.912  -91.612  13.336 0.0000000000
135959  26.555  -91.879  12.803 0.0000000000
135960  26.340  -92.188  12.319 0.0000000000
135961  26.034  -92.493  12.519 0.0000000000
135962  25.698  -92.785  12.741 0.0000000000
135963  25.320  -93.075  12.945 0.0000000000
141884  11.130  -89.390  21.953 0.0000000000
141885  11.114  -89.075  21.040 0.0000000000
141886  10.708  -89.003  21.900 0.0000000000
141887  10.305  -88.597  21.858 0.0000000000
141888  9.966  -88.116  21.870 0.0000000000
141889  9.514  -88.381  23.558 0.0000000000
141890  9.581  -88.021  22.711 0.0000000000
141891  9.668  -87.581  21.894 0.0000000000
141892  9.376  -87.044  21.923 0.0000000000
141893  9.076  -86.539  21.934 0.0000000000
141894  8.794  -86.080  22.007 0.0000000000
141895  8.230  -87.612  27.192 0.0000000000
141896  8.110  -87.432  26.306 0.0000000000
141897  8.185  -87.153  25.460 0.0000000000
141898  7.504  -86.458  26.396 0.0000000000
141899  7.902  -86.617  25.547 0.0000000000
141900  8.352  -86.732  24.650 0.0000000000
141901  8.527  -86.282  23.884 0.0000000000
141902  8.600  -85.891  23.031 0.0000000000
141905  8.018  -84.730  21.969 0.0000000000
141906  7.744  -84.360  22.099 0.0000000000
141907  7.754  -84.229  24.220 0.0000000000
141908  7.677  -84.044  23.265 0.0000000000
141909  7.426  -84.047  22.251 0.0000000000
141910  7.115  -83.719  22.422 0.0000000000
141911  6.900  -83.326  22.647 0.0000000000
141912  6.706  -82.953  22.828 0.0000000000
141913  7.321  -84.954  34.729 0.0000000000
141914  6.759  -84.914  33.988 0.0000000000
141915  6.379  -84.879  33.186 0.0000000000
141916  6.209  -83.991  33.805 0.0000000000
141917  6.114  -84.343  33.109 0.0000000000
141918  6.194  -84.705  32.158 0.0000000000
141919  6.043  -84.500  31.233 0.0000000000
141920  5.973  -84.295  30.285 0.0000000000
141921  6.040  -83.980  29.389 0.0000000000
141922  5.948  -81.629  32.558 0.0000000000
141923  5.672  -81.921  32.153 0.0000000000
141924  5.506  -82.287  31.599 0.0000000000
141925  5.351  -81.389  30.607 0.0000000000
141926  5.417  -81.999  30.833 0.0000000000
141927  5.502  -82.638  31.007 0.0000000000
141928  5.687  -83.022  30.242 0.0000000000
141929  5.946  -83.353  29.434 0.0000000000
141930  6.203  -83.694  28.607 0.0000000000
141931  6.416  -83.440  27.856 0.0000000000
141932  6.665  -83.166  27.113 0.0000000000
141933  6.928  -82.850  26.316 0.0000000000
141934  6.449  -81.983  27.104 0.0000000000
141935  6.782  -82.262  26.295 0.0000000000
141936  7.055  -82.561  25.446 0.0000000000
141937  7.021  -82.375  24.567 0.0000000000
141938  6.786  -82.414  23.695 0.0000000000
141939  6.452  -82.571  22.972 0.0000000000
141940  6.102  -82.187  23.068 0.0000000000
141941  5.599  -81.760  23.215 0.0000000000
141943  5.188  -80.781  24.829 0.0000000000
141944  4.985  -80.854  24.162 0.0000000000
141945  4.748  -80.848  23.452 0.0000000000
141946  4.394  -80.355  23.506 0.0000000000
141947  4.115  -79.803  23.499 0.0000000000
141948  3.943  -79.175  23.435 0.0000000000
141949  4.699  -79.218  27.530 0.0000000000
141950  4.488  -79.021  26.891 0.0000000000
141951  4.234  -78.940  26.229 0.0000000000
141953  4.232  -78.301  26.124 0.0000000000
141954  4.044  -78.837  25.580 0.0000000000
141955  3.912  -78.713  24.839 0.0000000000
141956  3.831  -78.608  24.107 0.0000000000
141957  3.862  -78.508  23.334 0.0000000000
141958  3.878  -77.814  23.206 0.0000000000
141959  3.986  -77.125  22.968 0.0000000000
141960  4.161  -76.461  22.703 0.0000000000
141961  4.413  -76.029  23.862 0.0000000000
141962  4.322  -75.900  23.142 0.0000000000
141963  4.381  -75.827  22.433 0.0000000000
141964  4.635  -75.223  22.141 0.0000000000
141965  4.854  -74.724  21.791 0.0000000000
141966  5.045  -74.288  21.484 0.0000000000
142376  11.855  -89.159  23.890 0.0000000000
142377  11.580  -89.490  23.402 0.0000000000
142378  11.300  -89.599  22.735 0.0000000000
156550  21.029  -98.928  5.966 0.0000000000
156633  11.173  -88.681  20.144 0.0000000000
156634  11.255  -88.247  19.344 0.0000000000
156635  11.203  -87.762  18.485 0.0000000000
156636  10.395  -87.503  19.406 0.0000000000
156637  10.723  -87.440  18.493 0.0000000000
156818  11.965  -80.442  29.643 0.0000000000
156819  11.464  -80.122  29.085 0.0000000000
156820  11.067  -79.708  28.544 0.0000000000
156821  10.664  -79.347  28.105 0.0000000000
156840  16.321  -78.792  26.929 0.0000000000
156841  15.405  -79.349  26.908 0.0000000000
156842  14.295  -79.609  26.956 0.0000000000
156843  14.349  -79.202  25.732 0.0000000000
156844  13.812  -79.426  26.382 0.0000000000
156845  13.185  -79.630  27.023 0.0000000000
156846  12.123  -79.425  27.162 0.0000000000
156847  11.218  -79.172  27.408 0.0000000000
156848  10.317  -78.984  27.653 0.0000000000
156849  9.946  -78.646  27.225 0.0000000000
156850  9.604  -78.311  26.822 0.0000000000
156852  10.573  -77.966  25.446 0.0000000000
156858  12.593  -77.277  22.708 0.0000000000
156859  11.722  -77.003  22.986 0.0000000000
156860  10.846  -76.730  23.372 0.0000000000
156861  11.125  -75.789  22.525 0.0000000000
156862  10.520  -76.138  23.079 0.0000000000
156863  9.914  -76.467  23.772 0.0000000000
156874  5.664  -74.106  21.614 0.0000000000
156947  11.219  -72.808  20.909 0.0000000000
156956  4.736  -73.405  20.749 0.0000000000
157947  26.777  -91.845  15.658 0.0000000000
157948  26.313  -92.251  15.150 0.0000000000
157949  25.637  -92.715  16.063 0.0000000000
157950  25.706  -92.653  15.298 0.0000000000
157951  25.822  -92.590  14.617 0.0000000000
157952  25.394  -92.815  14.119 0.0000000000
157953  25.079  -93.116  13.540 0.0000000000
157954  24.863  -93.433  12.921 0.0000000000
157955  20.231  -92.161  18.685 0.0000000000
157956  20.672  -92.568  18.750 0.0000000000
157957  21.169  -92.944  18.805 0.0000000000
157958  19.922  -93.726  18.401 0.0000000000
157959  20.794  -93.503  18.539 0.0000000000
157960  21.694  -93.295  18.827 0.0000000000
157961  22.244  -93.656  18.622 0.0000000000
157962  22.684  -93.996  18.213 0.0000000000
157963  23.107  -94.283  17.795 0.0000000000
157964  18.620  -95.102  16.514 0.0000000000
157965  19.327  -95.298  17.023 0.0000000000
157966  20.205  -95.357  17.122 0.0000000000
157967  20.351  -95.902  16.308 0.0000000000
157968  20.656  -95.558  16.692 0.0000000000
157969  21.062  -95.127  17.087 0.0000000000
157970  21.880  -94.832  17.089 0.0000000000
157971  22.659  -94.575  17.152 0.0000000000
157972  23.350  -94.335  17.180 0.0000000000
157973  23.548  -94.345  16.516 0.0000000000
157974  23.703  -94.225  15.798 0.0000000000
157975  23.837  -94.100  15.096 0.0000000000
157976  22.903  -94.580  14.317 0.0000000000
157977  23.461  -94.264  14.307 0.0000000000
157978  23.966  -93.934  14.337 0.0000000000
157979  24.168  -93.867  13.623 0.0000000000
157980  24.410  -93.805  12.939 0.0000000000
157981  24.789  -93.855  12.426 0.0000000000
157982  24.774  -94.314  11.933 0.0000000000
157983  24.753  -94.845  11.519 0.0000000000
157984  24.642  -95.382  11.072 0.0000000000
157985  23.607  -95.641  11.363 0.0000000000
157986  24.042  -95.798  11.023 0.0000000000
157987  24.493  -95.890  10.678 0.0000000000
157988  24.279  -96.350  10.334 0.0000000000
157989  24.018  -96.791  10.023 0.0000000000
157990  23.698  -97.060  9.619 0.0000000000
157998  22.875  -97.420  9.791 0.0000000000
157999  23.355  -97.282  9.214 0.0000000000
158000  22.999  -97.484  8.724 0.0000000000
158001  22.593  -97.691  8.257 0.0000000000
158002  22.237  -97.864  7.753 0.0000000000
158004  21.615  -98.318  7.941 0.0000000000
158005  21.941  -98.071  7.248 0.0000000000
158006  21.655  -98.310  6.761 0.0000000000
158007  21.312  -98.604  6.393 0.0000000000
158008  21.566  -98.336  5.797 0.0000000000
158722  27.275  -94.105  6.467 0.0000000000
158723  26.864  -94.417  5.964 0.0000000000
158724  26.426  -94.721  5.498 0.0000000000
158725  26.355  -95.572  6.393 0.0000000000
158726  26.202  -95.285  5.708 0.0000000000
158727  25.980  -94.968  5.066 0.0000000000
158734  23.647  -96.556  5.723 0.0000000000
158735  23.136  -96.665  5.275 0.0000000000
158736  22.707  -96.893  4.794 0.0000000000
158737  22.305  -97.332  5.124 0.0000000000
158738  21.937  -97.826  5.473 0.0000000000
