#!ascii label  , from subject fsaverage vox2ras=TkReg
1143
155  30.584  -62.247  -9.315 0.0000000000
343  33.775  -51.751  -7.780 0.0000000000
344  29.654  -45.740  -15.383 0.0000000000
345  37.792  -37.560  -14.281 0.0000000000
622  32.128  -54.466  -15.707 0.0000000000
623  34.496  -41.012  -21.261 0.0000000000
823  34.212  -45.962  -7.047 0.0000000000
824  36.535  -44.836  -11.003 0.0000000000
1391  31.852  -38.729  -19.362 0.0000000000
1392  28.748  -42.590  -18.855 0.0000000000
1393  32.241  -35.783  -23.045 0.0000000000
1769  32.410  -57.332  -8.535 0.0000000000
1770  29.906  -54.027  -12.880 0.0000000000
1771  33.256  -49.627  -12.360 0.0000000000
1772  35.020  -42.350  -15.638 0.0000000000
2503  28.133  -50.796  -15.989 0.0000000000
2504  32.956  -47.320  -18.000 0.0000000000
2744  35.253  -42.780  -8.754 0.0000000000
3310  29.307  -60.512  -11.652 0.0000000000
3904  32.329  -52.010  -5.945 0.0000000000
3906  31.998  -55.117  -5.898 0.0000000000
3907  31.629  -58.192  -5.860 0.0000000000
3908  33.265  -54.657  -8.177 0.0000000000
3909  32.985  -53.585  -10.585 0.0000000000
3910  34.073  -51.088  -9.974 0.0000000000
3911  37.404  -41.241  -12.726 0.0000000000
3912  36.195  -43.803  -13.336 0.0000000000
3913  37.114  -40.177  -15.135 0.0000000000
3914  36.150  -38.804  -17.240 0.0000000000
5606  31.081  -58.402  -14.837 0.0000000000
5607  32.629  -60.140  -14.878 0.0000000000
5608  34.112  -56.010  -15.247 0.0000000000
5609  36.848  -54.356  -16.830 0.0000000000
5610  34.991  -52.272  -16.208 0.0000000000
5611  29.439  -49.666  -14.194 0.0000000000
5612  28.212  -52.512  -14.349 0.0000000000
5613  27.971  -47.919  -15.592 0.0000000000
5614  31.249  -41.785  -20.354 0.0000000000
5615  30.441  -45.328  -18.693 0.0000000000
5616  33.560  -44.127  -19.602 0.0000000000
5617  35.900  -46.010  -19.188 0.0000000000
5618  36.436  -43.381  -20.575 0.0000000000
5620  37.324  -40.499  -21.893 0.0000000000
6088  32.079  -49.174  -5.710 0.0000000000
6089  34.353  -48.841  -7.249 0.0000000000
6090  35.258  -48.343  -9.327 0.0000000000
6091  35.843  -45.459  -8.843 0.0000000000
6092  36.785  -42.055  -10.543 0.0000000000
7109  28.666  -60.816  -13.732 0.0000000000
7110  29.277  -56.789  -15.096 0.0000000000
7111  30.389  -42.131  -17.274 0.0000000000
7112  28.281  -43.921  -17.037 0.0000000000
7114  30.233  -39.121  -21.152 0.0000000000
7115  32.796  -38.596  -22.318 0.0000000000
7116  35.971  -38.068  -22.733 0.0000000000
7965  28.902  -61.335  -4.447 0.0000000000
7966  31.006  -61.080  -5.937 0.0000000000
7967  31.431  -59.966  -8.876 0.0000000000
7968  30.428  -58.365  -11.182 0.0000000000
7969  31.635  -56.006  -10.950 0.0000000000
7970  31.499  -51.703  -12.749 0.0000000000
7971  31.600  -47.716  -13.981 0.0000000000
7972  35.094  -47.446  -11.549 0.0000000000
7973  34.037  -45.895  -13.633 0.0000000000
7974  32.367  -44.132  -15.575 0.0000000000
7975  33.387  -40.720  -17.635 0.0000000000
10064  28.230  -55.057  -14.725 0.0000000000
10065  29.723  -53.114  -16.063 0.0000000000
10066  28.212  -46.533  -17.220 0.0000000000
10067  29.997  -49.072  -17.148 0.0000000000
10068  32.441  -50.777  -16.606 0.0000000000
10069  35.376  -48.955  -17.581 0.0000000000
10989  29.582  -62.429  -10.743 0.0000000000
10990  30.033  -61.429  -10.541 0.0000000000
11584  33.179  -51.971  -6.706 0.0000000000
11585  32.128  -53.594  -5.968 0.0000000000
11586  33.059  -53.447  -6.852 0.0000000000
11587  32.792  -54.907  -6.879 0.0000000000
11588  33.539  -53.206  -7.986 0.0000000000
11589  33.649  -52.890  -9.104 0.0000000000
11590  34.046  -51.484  -8.852 0.0000000000
11591  37.655  -39.423  -13.573 0.0000000000
11592  37.366  -40.772  -13.936 0.0000000000
11593  37.675  -38.892  -14.716 0.0000000000
11594  37.524  -38.295  -15.787 0.0000000000
13286  31.721  -56.361  -15.276 0.0000000000
13287  32.610  -57.156  -15.074 0.0000000000
13288  33.176  -55.133  -15.390 0.0000000000
13289  34.646  -54.145  -15.669 0.0000000000
13290  33.518  -53.198  -15.827 0.0000000000
13291  29.443  -47.606  -14.705 0.0000000000
13292  28.563  -48.726  -14.852 0.0000000000
13293  28.584  -46.692  -15.439 0.0000000000
13294  32.906  -41.458  -20.883 0.0000000000
13295  32.346  -43.210  -19.999 0.0000000000
13296  33.937  -42.601  -20.416 0.0000000000
13297  35.132  -43.654  -20.030 0.0000000000
13298  35.534  -42.131  -20.822 0.0000000000
13299  36.809  -41.867  -21.220 0.0000000000
13300  35.859  -40.804  -21.546 0.0000000000
13985  31.744  -47.771  -5.679 0.0000000000
13986  33.183  -47.602  -6.247 0.0000000000
13987  33.365  -48.997  -6.341 0.0000000000
13988  34.398  -47.365  -7.105 0.0000000000
13989  35.204  -47.169  -8.007 0.0000000000
13990  35.095  -45.757  -7.856 0.0000000000
13992  36.109  -42.414  -9.574 0.0000000000
15686  28.506  -60.694  -12.638 0.0000000000
15687  28.454  -61.733  -12.857 0.0000000000
15688  28.394  -59.799  -13.638 0.0000000000
15689  28.930  -58.722  -14.439 0.0000000000
15690  28.416  -57.947  -14.280 0.0000000000
15692  29.640  -41.104  -18.148 0.0000000000
15694  31.328  -36.201  -22.296 0.0000000000
15695  30.379  -37.817  -21.359 0.0000000000
15696  31.019  -37.495  -22.115 0.0000000000
15697  31.289  -38.837  -21.870 0.0000000000
15698  32.311  -37.196  -22.790 0.0000000000
15699  33.697  -37.073  -23.007 0.0000000000
15700  33.437  -35.567  -23.518 0.0000000000
17479  32.282  -57.858  -7.114 0.0000000000
17480  31.344  -59.615  -5.901 0.0000000000
17481  31.855  -59.269  -7.143 0.0000000000
17482  31.441  -60.680  -7.308 0.0000000000
17483  31.907  -58.618  -8.719 0.0000000000
17484  31.573  -57.952  -9.950 0.0000000000
17485  32.195  -56.707  -9.818 0.0000000000
17486  33.128  -51.625  -11.509 0.0000000000
17487  32.399  -52.731  -11.766 0.0000000000
17488  32.402  -50.671  -12.590 0.0000000000
17489  31.435  -49.652  -13.428 0.0000000000
17490  32.524  -48.701  -13.239 0.0000000000
17491  35.947  -46.526  -10.144 0.0000000000
17492  35.279  -47.958  -10.432 0.0000000000
17493  35.928  -46.177  -11.281 0.0000000000
17494  35.686  -43.122  -14.478 0.0000000000
17495  35.177  -44.943  -13.450 0.0000000000
17496  34.513  -44.166  -14.563 0.0000000000
17497  33.285  -44.988  -14.615 0.0000000000
17498  33.714  -43.288  -15.695 0.0000000000
17499  32.829  -42.467  -16.637 0.0000000000
17500  34.273  -41.600  -16.668 0.0000000000
17502  35.530  -38.042  -18.274 0.0000000000
22579  34.144  -58.995  -15.229 0.0000000000
22586  37.159  -52.519  -17.677 0.0000000000
22592  29.637  -57.549  -12.157 0.0000000000
22594  27.902  -51.727  -15.194 0.0000000000
22596  28.194  -52.929  -15.397 0.0000000000
22597  28.768  -54.008  -15.551 0.0000000000
22598  28.833  -52.068  -16.092 0.0000000000
22599  28.194  -43.226  -17.876 0.0000000000
22600  27.981  -45.213  -17.107 0.0000000000
22601  28.431  -44.570  -17.979 0.0000000000
22602  31.762  -46.377  -18.434 0.0000000000
22603  30.191  -46.984  -17.896 0.0000000000
22604  31.409  -48.153  -17.558 0.0000000000
22605  31.200  -50.012  -16.963 0.0000000000
22606  32.688  -48.849  -17.246 0.0000000000
22607  33.861  -49.720  -16.964 0.0000000000
22608  34.241  -48.023  -17.692 0.0000000000
22610  36.849  -47.050  -19.284 0.0000000000
22622  37.406  -37.817  -22.794 0.0000000000
23369  33.709  -44.667  -7.193 0.0000000000
23370  34.801  -44.386  -7.882 0.0000000000
23371  34.233  -43.074  -8.122 0.0000000000
24389  29.014  -61.553  -11.688 0.0000000000
24390  28.679  -59.646  -12.544 0.0000000000
25464  31.848  -56.643  -5.870 0.0000000000
25465  32.590  -56.480  -6.943 0.0000000000
25466  32.886  -56.044  -8.323 0.0000000000
25467  32.762  -55.521  -9.607 0.0000000000
25468  33.234  -54.259  -9.324 0.0000000000
25469  33.500  -52.416  -10.224 0.0000000000
25470  33.789  -50.438  -11.210 0.0000000000
25471  37.019  -43.056  -11.908 0.0000000000
25472  36.473  -44.423  -12.170 0.0000000000
25473  36.967  -42.533  -13.144 0.0000000000
25474  36.666  -42.009  -14.295 0.0000000000
25475  36.176  -41.358  -15.405 0.0000000000
25476  35.590  -40.669  -16.440 0.0000000000
25477  36.707  -39.515  -16.205 0.0000000000
28522  30.478  -60.442  -14.537 0.0000000000
28523  31.172  -61.371  -14.699 0.0000000000
28524  31.925  -59.268  -14.821 0.0000000000
28525  33.410  -57.957  -15.020 0.0000000000
28526  34.998  -56.937  -15.475 0.0000000000
28527  36.377  -56.032  -16.424 0.0000000000
28528  35.712  -54.974  -15.884 0.0000000000
28529  36.055  -53.252  -16.440 0.0000000000
28530  36.274  -51.552  -17.197 0.0000000000
28531  29.629  -51.844  -13.577 0.0000000000
28532  28.984  -53.253  -13.557 0.0000000000
28533  28.630  -50.917  -14.322 0.0000000000
28534  27.983  -50.240  -14.958 0.0000000000
28535  27.770  -49.387  -15.749 0.0000000000
28536  29.708  -42.197  -19.585 0.0000000000
28537  29.403  -44.012  -18.761 0.0000000000
28538  30.824  -43.523  -19.517 0.0000000000
28539  32.117  -44.788  -19.266 0.0000000000
28540  33.225  -45.729  -18.877 0.0000000000
28541  34.521  -46.572  -18.445 0.0000000000
28542  34.827  -45.046  -19.308 0.0000000000
28543  36.188  -44.767  -19.746 0.0000000000
28547  38.032  -41.364  -21.571 0.0000000000
28548  38.651  -39.796  -21.893 0.0000000000
29563  30.548  -49.399  -5.354 0.0000000000
29565  32.186  -50.573  -5.804 0.0000000000
29566  33.319  -50.434  -6.504 0.0000000000
29567  34.091  -50.264  -7.549 0.0000000000
29568  34.476  -50.039  -8.601 0.0000000000
29569  34.927  -48.652  -8.249 0.0000000000
29570  35.700  -46.884  -9.067 0.0000000000
29571  36.325  -45.207  -9.819 0.0000000000
29572  35.685  -44.137  -8.710 0.0000000000
29573  36.337  -43.835  -9.641 0.0000000000
29574  36.815  -43.496  -10.691 0.0000000000
29575  37.200  -41.686  -11.579 0.0000000000
29576  37.414  -39.913  -12.455 0.0000000000
29577  37.544  -38.094  -13.264 0.0000000000
31948  29.680  -59.598  -14.450 0.0000000000
31949  30.145  -57.729  -14.924 0.0000000000
31950  30.658  -55.672  -15.467 0.0000000000
31951  29.976  -43.989  -16.215 0.0000000000
31952  28.826  -44.844  -16.137 0.0000000000
31953  29.133  -42.970  -17.081 0.0000000000
31954  28.711  -42.044  -17.941 0.0000000000
31955  28.752  -41.374  -18.912 0.0000000000
31956  30.197  -38.576  -20.225 0.0000000000
31957  29.595  -39.469  -20.235 0.0000000000
31958  29.391  -40.794  -19.889 0.0000000000
31959  30.573  -40.439  -20.753 0.0000000000
31960  32.003  -40.120  -21.377 0.0000000000
31961  33.633  -39.853  -21.747 0.0000000000
31962  35.074  -39.642  -22.050 0.0000000000
31963  34.384  -38.397  -22.558 0.0000000000
31964  35.330  -36.821  -23.116 0.0000000000
34236  30.370  -59.791  -4.981 0.0000000000
34237  30.109  -61.256  -4.988 0.0000000000
34239  30.727  -62.509  -6.077 0.0000000000
34240  31.108  -62.062  -7.468 0.0000000000
34241  31.037  -61.143  -9.145 0.0000000000
34242  30.593  -60.383  -10.331 0.0000000000
34243  31.052  -59.228  -10.086 0.0000000000
34244  30.978  -57.091  -11.083 0.0000000000
34245  30.859  -54.961  -12.063 0.0000000000
34246  32.301  -54.776  -10.900 0.0000000000
34247  31.605  -53.926  -11.891 0.0000000000
34248  30.638  -52.791  -12.845 0.0000000000
34249  30.532  -50.693  -13.557 0.0000000000
34250  30.471  -48.662  -14.046 0.0000000000
34251  30.604  -46.668  -14.662 0.0000000000
34252  34.622  -49.709  -9.675 0.0000000000
34253  34.561  -49.201  -10.879 0.0000000000
34254  34.188  -48.522  -11.971 0.0000000000
34255  35.666  -45.582  -12.409 0.0000000000
34256  34.663  -46.724  -12.620 0.0000000000
34257  33.605  -47.730  -12.956 0.0000000000
34258  32.879  -46.802  -13.854 0.0000000000
34259  31.973  -45.915  -14.649 0.0000000000
34260  30.956  -44.922  -15.489 0.0000000000
34261  31.357  -43.175  -16.446 0.0000000000
34262  31.863  -41.473  -17.506 0.0000000000
34263  32.518  -39.680  -18.521 0.0000000000
34264  34.872  -39.902  -17.490 0.0000000000
34265  34.082  -38.966  -18.502 0.0000000000
40423  29.892  -59.566  -11.385 0.0000000000
40429  28.585  -55.996  -14.945 0.0000000000
40430  29.644  -54.807  -15.637 0.0000000000
40431  30.942  -53.742  -15.969 0.0000000000
40432  28.061  -45.864  -16.270 0.0000000000
40433  27.854  -47.236  -16.364 0.0000000000
40434  28.122  -48.580  -16.591 0.0000000000
40435  29.137  -45.898  -17.983 0.0000000000
40436  28.927  -47.844  -17.284 0.0000000000
40437  28.818  -49.955  -16.653 0.0000000000
40438  29.862  -51.020  -16.630 0.0000000000
40439  31.109  -51.841  -16.442 0.0000000000
40440  32.317  -52.527  -16.176 0.0000000000
40441  33.706  -51.404  -16.364 0.0000000000
40442  35.203  -50.436  -16.888 0.0000000000
40443  36.432  -49.907  -17.930 0.0000000000
40444  35.620  -47.630  -18.299 0.0000000000
40445  36.638  -48.560  -18.568 0.0000000000
40459  36.668  -39.262  -22.362 0.0000000000
40460  38.057  -39.130  -22.384 0.0000000000
41704  30.732  -62.749  -8.509 0.0000000000
41708  30.347  -62.759  -9.446 0.0000000000
41709  30.149  -62.410  -10.019 0.0000000000
41710  30.400  -61.890  -9.953 0.0000000000
42304  33.488  -51.899  -7.200 0.0000000000
42305  33.127  -52.703  -6.773 0.0000000000
42306  33.419  -52.615  -7.294 0.0000000000
42307  33.326  -53.372  -7.363 0.0000000000
42308  33.669  -52.474  -7.906 0.0000000000
42309  33.815  -52.359  -8.457 0.0000000000
42310  33.950  -51.626  -8.307 0.0000000000
42311  37.749  -38.489  -13.948 0.0000000000
42312  37.693  -39.149  -14.154 0.0000000000
42313  37.806  -38.223  -14.484 0.0000000000
42314  37.816  -37.945  -15.039 0.0000000000
44006  31.963  -55.406  -15.464 0.0000000000
44007  32.379  -55.811  -15.372 0.0000000000
44008  32.612  -54.817  -15.579 0.0000000000
44009  33.366  -54.164  -15.617 0.0000000000
44010  32.790  -53.866  -15.755 0.0000000000
44011  29.574  -46.688  -15.011 0.0000000000
44012  29.002  -47.162  -15.080 0.0000000000
44013  29.107  -46.190  -15.386 0.0000000000
44014  33.612  -41.281  -20.999 0.0000000000
44015  33.450  -41.900  -20.715 0.0000000000
44016  34.229  -41.792  -20.826 0.0000000000
44017  34.786  -42.326  -20.651 0.0000000000
44018  34.842  -41.641  -20.995 0.0000000000
44019  35.640  -41.428  -21.211 0.0000000000
44020  35.240  -40.855  -21.397 0.0000000000
44704  33.513  -46.095  -6.627 0.0000000000
44705  33.036  -46.867  -6.264 0.0000000000
44706  33.732  -46.760  -6.661 0.0000000000
44707  33.822  -47.463  -6.647 0.0000000000
44708  34.342  -46.665  -7.078 0.0000000000
44709  34.777  -46.589  -7.469 0.0000000000
44710  34.657  -45.870  -7.427 0.0000000000
44711  35.601  -40.292  -10.171 0.0000000000
44712  35.975  -40.937  -10.099 0.0000000000
44713  36.034  -40.086  -10.563 0.0000000000
44715  36.054  -39.292  -11.057 0.0000000000
46406  28.412  -59.784  -13.056 0.0000000000
46409  28.430  -58.817  -14.007 0.0000000000
46411  31.357  -39.603  -18.810 0.0000000000
46412  30.693  -39.930  -18.744 0.0000000000
46414  31.698  -36.007  -22.697 0.0000000000
46415  31.147  -36.824  -22.188 0.0000000000
46416  31.668  -36.596  -22.678 0.0000000000
46417  31.607  -37.315  -22.508 0.0000000000
46418  32.238  -36.493  -22.919 0.0000000000
46419  32.909  -36.395  -23.131 0.0000000000
46420  32.823  -35.634  -23.300 0.0000000000
48199  32.423  -57.616  -7.813 0.0000000000
48200  32.070  -58.551  -7.159 0.0000000000
48201  32.177  -58.331  -7.825 0.0000000000
48202  31.937  -59.004  -7.893 0.0000000000
48203  32.147  -57.989  -8.567 0.0000000000
48204  32.025  -57.667  -9.227 0.0000000000
48205  32.340  -57.041  -9.162 0.0000000000
48206  33.168  -50.628  -11.941 0.0000000000
48207  32.809  -51.185  -12.074 0.0000000000
48208  32.819  -50.117  -12.522 0.0000000000
48209  32.416  -49.680  -12.949 0.0000000000
48210  32.897  -49.151  -12.840 0.0000000000
48211  36.254  -45.674  -10.565 0.0000000000
48212  35.967  -46.370  -10.704 0.0000000000
48213  36.276  -45.490  -11.128 0.0000000000
48214  35.362  -42.724  -15.063 0.0000000000
48215  35.109  -43.619  -14.559 0.0000000000
48216  34.786  -43.254  -15.088 0.0000000000
48217  34.124  -43.725  -15.137 0.0000000000
48218  34.415  -42.854  -15.632 0.0000000000
48219  34.002  -42.476  -16.158 0.0000000000
48220  34.705  -42.028  -16.136 0.0000000000
53299  34.961  -58.432  -15.555 0.0000000000
53305  36.353  -57.538  -16.473 0.0000000000
53313  29.598  -54.691  -12.886 0.0000000000
53314  27.939  -51.264  -15.633 0.0000000000
53315  27.970  -52.420  -15.279 0.0000000000
53316  28.146  -51.950  -15.687 0.0000000000
53317  28.439  -52.505  -15.773 0.0000000000
53318  28.419  -51.549  -16.008 0.0000000000
53319  28.380  -42.898  -18.325 0.0000000000
53320  28.300  -43.885  -17.963 0.0000000000
53321  28.592  -43.559  -18.387 0.0000000000
53322  32.308  -46.885  -18.167 0.0000000000
53323  31.538  -47.186  -17.993 0.0000000000
53324  32.177  -47.659  -17.753 0.0000000000
53325  32.089  -48.570  -17.452 0.0000000000
53326  32.771  -48.185  -17.532 0.0000000000
53327  33.416  -48.464  -17.397 0.0000000000
53328  33.542  -47.686  -17.785 0.0000000000
53341  37.202  -35.675  -23.154 0.0000000000
53342  37.406  -36.339  -23.020 0.0000000000
54309  33.990  -43.872  -7.647 0.0000000000
54315  34.122  -40.131  -9.740 0.0000000000
56006  29.480  -61.484  -11.192 0.0000000000
56007  29.294  -62.007  -11.236 0.0000000000
56008  29.103  -61.025  -11.683 0.0000000000
56009  28.822  -60.595  -12.129 0.0000000000
56010  28.955  -60.074  -12.126 0.0000000000
57791  31.642  -52.906  -5.640 0.0000000000
57792  32.098  -54.347  -5.960 0.0000000000
57793  31.543  -54.408  -5.620 0.0000000000
57794  31.521  -55.157  -5.604 0.0000000000
57796  31.381  -55.929  -5.540 0.0000000000
57797  31.327  -56.681  -5.499 0.0000000000
57798  31.892  -55.870  -5.852 0.0000000000
57799  33.093  -54.792  -7.519 0.0000000000
57800  32.721  -55.690  -6.935 0.0000000000
57801  32.965  -55.547  -7.563 0.0000000000
57802  32.801  -56.292  -7.624 0.0000000000
57803  33.103  -55.343  -8.239 0.0000000000
57804  33.100  -55.177  -8.806 0.0000000000
57805  33.287  -54.493  -8.718 0.0000000000
57806  33.856  -51.959  -9.570 0.0000000000
57807  33.599  -52.677  -9.657 0.0000000000
57808  33.793  -51.732  -10.147 0.0000000000
57809  33.656  -51.477  -10.725 0.0000000000
57810  33.962  -50.783  -10.585 0.0000000000
57811  37.231  -42.113  -12.355 0.0000000000
57812  37.040  -42.812  -12.544 0.0000000000
57813  37.236  -41.872  -12.970 0.0000000000
57814  37.273  -40.482  -14.548 0.0000000000
57815  37.048  -41.390  -14.161 0.0000000000
57816  36.880  -41.107  -14.739 0.0000000000
57817  36.444  -41.696  -14.854 0.0000000000
57818  36.686  -40.816  -15.284 0.0000000000
57819  36.440  -40.493  -15.809 0.0000000000
57820  36.923  -39.845  -15.691 0.0000000000
62896  30.804  -59.412  -14.655 0.0000000000
62897  31.186  -59.886  -14.672 0.0000000000
62898  31.522  -58.813  -14.786 0.0000000000
62899  33.339  -56.566  -15.177 0.0000000000
62900  32.976  -57.596  -15.032 0.0000000000
62901  33.777  -56.974  -15.116 0.0000000000
62902  34.177  -57.454  -15.163 0.0000000000
62903  34.645  -56.351  -15.299 0.0000000000
62904  35.379  -55.938  -15.651 0.0000000000
62905  34.965  -55.438  -15.477 0.0000000000
62906  34.855  -53.193  -15.929 0.0000000000
62907  35.422  -53.608  -15.976 0.0000000000
62908  35.601  -52.710  -16.311 0.0000000000
62909  36.182  -52.428  -16.762 0.0000000000
62910  35.699  -51.870  -16.625 0.0000000000
62911  29.518  -50.724  -13.952 0.0000000000
62912  29.135  -51.374  -13.977 0.0000000000
62913  28.980  -50.209  -14.277 0.0000000000
62914  28.218  -48.264  -15.224 0.0000000000
62915  28.195  -49.351  -14.976 0.0000000000
62916  27.911  -48.953  -15.275 0.0000000000
62917  27.803  -49.849  -15.341 0.0000000000
62918  27.806  -48.719  -15.624 0.0000000000
62919  30.458  -41.980  -19.972 0.0000000000
62920  30.141  -42.888  -19.535 0.0000000000
62921  31.009  -42.699  -19.901 0.0000000000
62922  33.033  -43.517  -19.915 0.0000000000
62923  32.272  -43.893  -19.684 0.0000000000
62924  32.845  -44.478  -19.490 0.0000000000
62925  32.777  -45.133  -19.108 0.0000000000
62926  33.426  -44.977  -19.283 0.0000000000
62927  33.987  -45.419  -19.046 0.0000000000
62928  34.159  -44.667  -19.462 0.0000000000
62929  35.810  -43.492  -20.231 0.0000000000
62930  35.700  -44.132  -19.923 0.0000000000
62931  36.313  -44.019  -20.195 0.0000000000
62932  36.750  -44.583  -20.187 0.0000000000
62933  36.858  -43.922  -20.434 0.0000000000
62936  36.944  -41.240  -21.548 0.0000000000
62937  37.530  -41.667  -21.572 0.0000000000
62940  37.981  -40.093  -21.884 0.0000000000
64992  31.934  -48.486  -5.694 0.0000000000
64993  31.183  -48.579  -5.520 0.0000000000
64994  31.314  -49.283  -5.467 0.0000000000
64998  32.194  -49.860  -5.746 0.0000000000
64999  33.882  -48.939  -6.749 0.0000000000
65000  33.419  -49.711  -6.408 0.0000000000
65001  33.847  -49.659  -6.846 0.0000000000
65002  33.738  -50.354  -6.958 0.0000000000
65003  34.229  -49.585  -7.401 0.0000000000
65004  34.489  -49.530  -7.915 0.0000000000
65005  34.674  -48.767  -7.717 0.0000000000
65006  35.529  -46.336  -8.388 0.0000000000
65007  35.474  -47.044  -8.528 0.0000000000
65008  35.807  -46.204  -8.867 0.0000000000
65009  36.009  -46.040  -9.423 0.0000000000
65010  36.113  -45.335  -9.326 0.0000000000
65011  35.032  -43.598  -8.316 0.0000000000
65012  35.267  -44.256  -8.277 0.0000000000
65013  35.486  -43.448  -8.691 0.0000000000
65014  36.480  -42.223  -10.054 0.0000000000
65015  36.253  -43.136  -9.582 0.0000000000
65016  36.569  -42.957  -10.076 0.0000000000
65017  36.615  -43.679  -10.155 0.0000000000
65018  36.832  -42.771  -10.609 0.0000000000
65019  37.030  -42.575  -11.164 0.0000000000
65020  37.031  -41.877  -11.063 0.0000000000
70099  28.412  -61.390  -13.269 0.0000000000
70100  28.436  -62.319  -12.913 0.0000000000
70101  28.573  -61.862  -13.352 0.0000000000
70102  28.730  -62.285  -13.509 0.0000000000
70103  28.889  -61.243  -13.831 0.0000000000
70104  29.410  -60.593  -14.215 0.0000000000
70105  29.090  -60.177  -14.158 0.0000000000
70106  29.107  -57.757  -14.752 0.0000000000
70107  29.479  -58.249  -14.692 0.0000000000
70108  29.742  -57.303  -14.985 0.0000000000
70109  30.435  -56.642  -15.208 0.0000000000
70110  29.966  -56.230  -15.286 0.0000000000
70111  30.193  -43.051  -16.764 0.0000000000
70112  29.491  -43.449  -16.671 0.0000000000
70113  29.707  -42.496  -17.161 0.0000000000
70115  29.127  -41.573  -18.058 0.0000000000
70117  28.735  -41.620  -18.469 0.0000000000
70118  29.025  -40.780  -18.971 0.0000000000
70121  30.632  -37.639  -20.812 0.0000000000
70122  30.158  -38.525  -21.189 0.0000000000
70123  29.916  -38.736  -20.708 0.0000000000
70124  29.782  -39.315  -20.658 0.0000000000
70125  29.481  -40.182  -20.051 0.0000000000
70126  29.890  -39.998  -20.484 0.0000000000
70127  29.848  -40.642  -20.282 0.0000000000
70128  30.309  -39.790  -20.926 0.0000000000
70129  32.079  -38.738  -22.108 0.0000000000
70130  31.639  -39.494  -21.624 0.0000000000
70131  32.245  -39.466  -21.793 0.0000000000
70132  32.738  -40.017  -21.581 0.0000000000
70133  33.088  -39.294  -22.062 0.0000000000
70134  34.001  -39.120  -22.301 0.0000000000
70135  33.612  -38.429  -22.422 0.0000000000
70136  34.236  -36.299  -23.306 0.0000000000
70137  34.579  -36.929  -23.117 0.0000000000
70138  35.005  -36.220  -23.326 0.0000000000
70142  33.841  -34.218  -23.999 0.0000000000
75474  31.175  -58.271  -5.388 0.0000000000
75476  31.038  -59.029  -5.356 0.0000000000
75477  31.218  -60.299  -5.905 0.0000000000
75478  30.788  -60.429  -5.407 0.0000000000
75479  30.604  -61.169  -5.408 0.0000000000
75481  30.418  -61.938  -5.414 0.0000000000
75482  30.321  -62.640  -5.495 0.0000000000
75483  30.851  -61.774  -5.979 0.0000000000
75484  31.490  -60.342  -8.106 0.0000000000
75485  31.273  -61.345  -7.429 0.0000000000
75486  31.323  -61.082  -8.172 0.0000000000
75487  31.120  -61.677  -8.275 0.0000000000
75488  31.247  -60.684  -8.924 0.0000000000
75489  31.059  -60.248  -9.603 0.0000000000
75490  31.296  -59.571  -9.519 0.0000000000
75491  31.612  -56.910  -10.499 0.0000000000
75492  31.309  -57.545  -10.539 0.0000000000
75493  31.277  -56.486  -11.055 0.0000000000
75494  30.895  -56.005  -11.591 0.0000000000
75495  31.297  -55.508  -11.555 0.0000000000
75496  32.893  -54.607  -10.089 0.0000000000
75497  32.562  -55.149  -10.262 0.0000000000
75498  32.700  -54.221  -10.812 0.0000000000
75499  31.958  -52.178  -12.290 0.0000000000
75500  31.988  -53.289  -11.886 0.0000000000
75501  31.566  -52.832  -12.353 0.0000000000
75502  31.184  -53.356  -12.410 0.0000000000
75503  31.083  -52.309  -12.780 0.0000000000
75504  30.551  -51.721  -13.222 0.0000000000
75505  31.023  -51.200  -13.174 0.0000000000
75506  31.498  -48.673  -13.689 0.0000000000
75507  30.973  -49.140  -13.770 0.0000000000
75508  30.973  -48.128  -14.032 0.0000000000
75509  30.495  -47.634  -14.330 0.0000000000
75510  31.131  -47.134  -14.334 0.0000000000
75511  34.876  -49.203  -8.930 0.0000000000
75512  34.572  -49.898  -9.139 0.0000000000
75513  34.957  -49.041  -9.491 0.0000000000
75514  35.241  -47.720  -11.011 0.0000000000
75515  34.933  -48.616  -10.608 0.0000000000
75516  34.817  -48.292  -11.190 0.0000000000
75517  34.397  -48.874  -11.426 0.0000000000
75518  34.627  -47.947  -11.787 0.0000000000
75519  36.368  -44.106  -12.781 0.0000000000
75520  36.117  -45.020  -12.256 0.0000000000
75521  35.961  -44.747  -12.835 0.0000000000
75522  34.620  -45.484  -13.509 0.0000000000
75523  34.916  -45.869  -13.001 0.0000000000
75524  34.379  -46.335  -13.102 0.0000000000
75525  34.141  -47.187  -12.832 0.0000000000
75526  33.831  -46.771  -13.286 0.0000000000
75527  33.281  -47.279  -13.419 0.0000000000
75528  33.470  -46.340  -13.738 0.0000000000
75529  32.840  -44.570  -15.113 0.0000000000
75530  32.625  -45.446  -14.668 0.0000000000
75531  32.188  -45.033  -15.099 0.0000000000
75532  31.495  -45.414  -15.056 0.0000000000
75533  31.663  -44.545  -15.537 0.0000000000
75534  31.124  -44.028  -15.989 0.0000000000
75535  31.885  -43.707  -16.007 0.0000000000
75536  33.088  -41.546  -17.204 0.0000000000
75537  32.344  -42.003  -17.061 0.0000000000
75538  32.630  -41.063  -17.627 0.0000000000
75539  32.183  -40.539  -18.015 0.0000000000
75540  32.934  -40.207  -18.079 0.0000000000
75541  35.843  -39.733  -16.880 0.0000000000
75542  35.254  -40.310  -16.959 0.0000000000
75543  35.516  -39.401  -17.366 0.0000000000
75544  35.209  -37.653  -18.801 0.0000000000
75545  34.847  -38.591  -18.390 0.0000000000
75546  34.457  -38.140  -18.920 0.0000000000
75547  33.715  -38.514  -18.990 0.0000000000
75548  34.085  -37.639  -19.475 0.0000000000
90796  36.661  -55.157  -16.622 0.0000000000
90811  30.543  -59.364  -10.828 0.0000000000
90812  30.302  -59.962  -10.869 0.0000000000
90813  30.145  -58.924  -11.322 0.0000000000
90819  28.551  -52.857  -13.949 0.0000000000
90829  29.201  -53.535  -15.836 0.0000000000
90830  29.096  -54.602  -15.536 0.0000000000
90831  29.716  -53.994  -15.840 0.0000000000
90832  30.299  -54.348  -15.858 0.0000000000
90833  30.359  -53.301  -16.089 0.0000000000
90834  28.494  -44.364  -16.597 0.0000000000
90835  28.356  -45.280  -16.203 0.0000000000
90836  28.146  -44.881  -16.609 0.0000000000
90837  28.042  -45.814  -17.221 0.0000000000
90838  27.913  -46.150  -16.738 0.0000000000
90839  27.969  -46.853  -16.803 0.0000000000
90840  27.926  -47.888  -16.470 0.0000000000
90841  28.164  -47.526  -16.896 0.0000000000
90842  29.871  -44.735  -18.686 0.0000000000
90843  29.189  -45.029  -18.318 0.0000000000
90844  29.721  -45.654  -18.304 0.0000000000
90845  30.009  -48.126  -17.454 0.0000000000
90846  29.488  -47.430  -17.566 0.0000000000
90847  29.434  -48.375  -17.226 0.0000000000
90848  28.851  -48.811  -16.970 0.0000000000
90849  29.381  -49.513  -16.918 0.0000000000
90850  29.317  -50.510  -16.674 0.0000000000
90851  29.906  -50.034  -16.881 0.0000000000
90852  31.813  -50.382  -16.858 0.0000000000
90853  31.159  -50.877  -16.698 0.0000000000
90854  31.741  -51.281  -16.555 0.0000000000
90855  31.693  -52.201  -16.309 0.0000000000
90856  32.394  -51.559  -16.376 0.0000000000
90857  33.029  -51.885  -16.191 0.0000000000
90858  33.088  -51.052  -16.478 0.0000000000
90859  34.641  -49.291  -17.239 0.0000000000
90860  34.533  -50.097  -16.945 0.0000000000
90861  35.266  -49.652  -17.216 0.0000000000
90862  35.803  -50.222  -17.395 0.0000000000
90863  35.871  -49.478  -17.737 0.0000000000
90864  35.235  -46.427  -18.760 0.0000000000
90865  35.126  -46.980  -18.373 0.0000000000
90866  35.744  -46.837  -18.770 0.0000000000
90867  37.376  -47.568  -19.561 0.0000000000
90868  36.740  -47.753  -18.921 0.0000000000
90870  37.103  -48.911  -18.815 0.0000000000
90901  35.399  -38.912  -22.408 0.0000000000
90902  36.028  -39.377  -22.223 0.0000000000
90903  36.196  -38.767  -22.511 0.0000000000
90905  37.788  -38.279  -22.703 0.0000000000
90906  38.443  -38.171  -22.624 0.0000000000
93508  29.887  -62.901  -10.145 0.0000000000
93509  29.805  -61.984  -10.652 0.0000000000
93510  29.706  -61.023  -11.146 0.0000000000
94578  32.781  -51.975  -6.284 0.0000000000
94579  32.247  -52.831  -5.939 0.0000000000
94580  32.731  -52.799  -6.282 0.0000000000
94581  32.610  -53.556  -6.348 0.0000000000
94582  32.557  -54.275  -6.388 0.0000000000
94583  32.426  -55.027  -6.328 0.0000000000
94584  32.907  -54.203  -6.855 0.0000000000
94585  33.207  -54.092  -7.386 0.0000000000
94586  33.407  -53.956  -8.048 0.0000000000
94587  33.450  -53.819  -8.558 0.0000000000
94588  33.623  -53.055  -8.535 0.0000000000
94589  33.882  -52.188  -8.999 0.0000000000
94590  34.094  -51.301  -9.403 0.0000000000
94591  37.519  -40.337  -13.167 0.0000000000
94592  37.409  -41.020  -13.339 0.0000000000
94593  37.562  -40.110  -13.763 0.0000000000
94594  37.529  -39.845  -14.316 0.0000000000
94595  37.435  -39.513  -14.936 0.0000000000
94596  37.305  -39.174  -15.537 0.0000000000
94597  37.625  -38.598  -15.239 0.0000000000
97642  31.393  -57.355  -15.074 0.0000000000
97643  31.839  -57.812  -14.928 0.0000000000
97644  32.139  -56.809  -15.130 0.0000000000
97645  32.915  -56.145  -15.226 0.0000000000
97646  33.666  -55.617  -15.294 0.0000000000
97647  34.414  -55.051  -15.425 0.0000000000
97648  33.875  -54.697  -15.454 0.0000000000
97649  34.024  -53.780  -15.628 0.0000000000
97650  34.202  -52.753  -15.917 0.0000000000
97651  29.443  -48.677  -14.458 0.0000000000
97652  28.979  -49.185  -14.524 0.0000000000
97653  28.954  -48.145  -14.779 0.0000000000
97654  28.501  -47.601  -15.154 0.0000000000
97655  28.276  -47.256  -15.513 0.0000000000
97656  32.140  -41.525  -20.676 0.0000000000
97657  31.844  -42.476  -20.194 0.0000000000
97658  32.608  -42.245  -20.411 0.0000000000
97659  33.203  -42.819  -20.241 0.0000000000
97660  33.786  -43.402  -20.006 0.0000000000
97661  34.363  -43.879  -19.871 0.0000000000
97662  34.444  -43.233  -20.138 0.0000000000
97663  35.280  -42.948  -20.437 0.0000000000
97664  35.983  -42.779  -20.587 0.0000000000
97665  36.597  -42.676  -20.934 0.0000000000
97666  36.126  -42.119  -21.034 0.0000000000
97667  36.419  -41.336  -21.427 0.0000000000
97668  36.753  -40.633  -21.718 0.0000000000
98901  32.440  -47.700  -5.902 0.0000000000
98902  32.664  -48.384  -5.961 0.0000000000
98903  32.787  -49.070  -6.006 0.0000000000
98904  33.342  -48.280  -6.323 0.0000000000
98905  33.901  -48.219  -6.700 0.0000000000
98906  34.430  -48.088  -7.171 0.0000000000
98907  34.794  -48.029  -7.624 0.0000000000
98908  34.827  -47.282  -7.530 0.0000000000
98909  35.176  -46.473  -7.911 0.0000000000
98910  35.510  -45.617  -8.325 0.0000000000
98912  35.672  -42.630  -9.093 0.0000000000
98914  36.287  -41.531  -10.087 0.0000000000
98915  36.628  -41.352  -10.532 0.0000000000
98916  36.918  -41.165  -11.018 0.0000000000
98917  36.713  -40.486  -10.952 0.0000000000
101962  28.654  -61.648  -12.206 0.0000000000
101963  28.600  -62.237  -12.318 0.0000000000
101964  28.477  -61.276  -12.710 0.0000000000
101965  28.371  -60.769  -13.234 0.0000000000
101966  28.486  -60.294  -13.672 0.0000000000
101967  28.789  -59.731  -14.117 0.0000000000
101968  28.576  -59.326  -14.035 0.0000000000
101969  28.661  -58.333  -14.364 0.0000000000
101970  28.802  -57.394  -14.739 0.0000000000
101971  30.694  -41.278  -17.808 0.0000000000
101972  29.962  -41.591  -17.720 0.0000000000
101973  30.314  -40.699  -18.275 0.0000000000
101975  29.833  -39.840  -19.131 0.0000000000
101978  30.787  -37.080  -21.695 0.0000000000
101979  30.586  -37.661  -21.717 0.0000000000
101980  30.522  -38.357  -21.648 0.0000000000
101981  30.759  -38.903  -21.573 0.0000000000
101982  31.142  -38.081  -22.107 0.0000000000
101983  31.738  -37.961  -22.335 0.0000000000
101984  32.471  -37.944  -22.543 0.0000000000
101985  33.311  -37.840  -22.740 0.0000000000
101986  32.992  -37.132  -22.887 0.0000000000
101987  33.614  -36.343  -23.248 0.0000000000
101988  34.086  -35.479  -23.622 0.0000000000
105187  28.330  -60.573  -4.529 0.0000000000
105188  28.999  -60.585  -4.525 0.0000000000
105189  32.023  -58.011  -6.478 0.0000000000
105190  31.498  -58.878  -5.896 0.0000000000
105191  31.826  -58.743  -6.482 0.0000000000
105192  31.666  -59.462  -6.505 0.0000000000
105193  31.485  -60.114  -6.582 0.0000000000
105194  31.277  -60.928  -6.540 0.0000000000
105195  31.643  -59.987  -7.227 0.0000000000
105196  31.705  -59.700  -7.986 0.0000000000
105197  31.679  -59.321  -8.802 0.0000000000
105198  31.509  -58.947  -9.437 0.0000000000
105199  31.764  -58.278  -9.366 0.0000000000
105200  31.856  -57.300  -9.860 0.0000000000
105201  31.922  -56.435  -10.355 0.0000000000
105202  33.084  -52.696  -11.003 0.0000000000
105203  32.736  -53.196  -11.183 0.0000000000
105204  32.820  -52.247  -11.618 0.0000000000
105205  32.419  -51.781  -12.156 0.0000000000
105206  31.980  -51.264  -12.644 0.0000000000
105207  31.484  -50.672  -13.113 0.0000000000
105208  31.948  -50.244  -13.029 0.0000000000
105209  31.997  -49.264  -13.300 0.0000000000
105210  32.053  -48.208  -13.645 0.0000000000
105211  35.609  -47.438  -9.737 0.0000000000
105212  35.296  -48.172  -9.870 0.0000000000
105213  35.656  -47.261  -10.280 0.0000000000
105214  35.616  -47.034  -10.896 0.0000000000
105215  35.542  -46.774  -11.464 0.0000000000
105216  35.973  -43.486  -13.885 0.0000000000
105217  35.708  -44.371  -13.420 0.0000000000
105218  35.424  -43.996  -14.000 0.0000000000
105219  34.872  -44.535  -14.036 0.0000000000
105220  34.298  -45.052  -14.048 0.0000000000
105221  33.670  -45.442  -14.145 0.0000000000
105222  33.933  -44.600  -14.604 0.0000000000
105223  33.506  -44.171  -15.134 0.0000000000
105224  33.059  -43.739  -15.615 0.0000000000
105225  32.578  -43.282  -16.110 0.0000000000
105226  33.292  -42.888  -16.181 0.0000000000
105227  33.564  -42.067  -16.685 0.0000000000
105228  33.831  -41.174  -17.156 0.0000000000
105230  35.842  -38.433  -17.754 0.0000000000
114369  33.487  -59.390  -15.089 0.0000000000
114382  36.999  -53.455  -17.232 0.0000000000
114383  37.385  -53.871  -17.509 0.0000000000
114392  30.068  -57.944  -11.718 0.0000000000
114393  29.915  -56.881  -12.117 0.0000000000
114394  29.551  -56.550  -12.468 0.0000000000
114396  27.956  -52.117  -14.786 0.0000000000
114397  28.103  -53.178  -14.466 0.0000000000
114398  27.931  -52.901  -14.848 0.0000000000
114399  28.030  -53.416  -14.951 0.0000000000
114400  28.173  -54.003  -15.065 0.0000000000
114401  28.393  -54.668  -15.148 0.0000000000
114402  28.465  -53.512  -15.483 0.0000000000
114403  28.812  -53.046  -15.828 0.0000000000
114404  29.252  -52.554  -16.122 0.0000000000
114405  28.208  -43.606  -17.414 0.0000000000
114406  27.984  -44.497  -17.058 0.0000000000
114407  28.065  -44.109  -17.496 0.0000000000
114408  28.132  -44.841  -17.561 0.0000000000
114409  28.300  -45.507  -17.611 0.0000000000
114410  31.134  -45.810  -18.623 0.0000000000
114411  30.336  -46.181  -18.268 0.0000000000
114412  30.890  -46.720  -18.146 0.0000000000
114413  30.784  -47.626  -17.725 0.0000000000
114414  30.601  -48.560  -17.349 0.0000000000
114415  30.592  -49.443  -17.075 0.0000000000
114416  31.288  -49.010  -17.233 0.0000000000
114417  31.951  -49.511  -17.094 0.0000000000
114418  32.470  -49.862  -16.902 0.0000000000
114419  33.099  -50.206  -16.763 0.0000000000
114420  33.243  -49.289  -17.057 0.0000000000
114421  34.034  -48.911  -17.301 0.0000000000
114422  34.809  -48.518  -17.559 0.0000000000
114423  36.468  -46.006  -19.510 0.0000000000
114424  36.326  -46.726  -19.152 0.0000000000
114425  36.940  -46.464  -19.632 0.0000000000
114445  36.324  -37.327  -22.953 0.0000000000
114446  36.733  -37.912  -22.821 0.0000000000
115966  33.311  -45.422  -6.748 0.0000000000
115967  33.945  -45.302  -7.095 0.0000000000
115968  34.464  -45.206  -7.441 0.0000000000
115969  34.263  -44.547  -7.497 0.0000000000
115970  34.534  -43.737  -7.964 0.0000000000
115974  34.917  -42.134  -8.841 0.0000000000
115976  35.117  -40.520  -9.805 0.0000000000
118346  29.211  -62.519  -11.235 0.0000000000
118347  28.920  -62.081  -11.776 0.0000000000
118348  28.692  -61.193  -12.117 0.0000000000
118349  28.590  -60.260  -12.538 0.0000000000
118350  28.468  -59.288  -12.963 0.0000000000
118361  32.256  -35.136  -23.162 0.0000000000
118362  32.788  -34.970  -23.530 0.0000000000
120845  31.603  -53.638  -5.664 0.0000000000
120852  30.657  -57.517  -5.130 0.0000000000
120853  31.226  -57.497  -5.416 0.0000000000
120854  31.712  -57.478  -5.829 0.0000000000
120855  32.353  -55.802  -6.334 0.0000000000
120856  32.234  -56.630  -6.314 0.0000000000
120857  32.151  -57.374  -6.374 0.0000000000
120858  32.500  -57.157  -7.068 0.0000000000
120859  32.628  -56.982  -7.686 0.0000000000
120860  32.666  -56.742  -8.394 0.0000000000
120861  32.596  -56.465  -9.060 0.0000000000
120862  32.870  -55.813  -8.939 0.0000000000
120863  33.029  -54.910  -9.452 0.0000000000
120864  33.157  -53.975  -9.944 0.0000000000
120865  33.460  -53.610  -9.155 0.0000000000
120866  33.416  -53.355  -9.779 0.0000000000
120867  33.270  -53.020  -10.413 0.0000000000
120868  33.354  -52.068  -10.839 0.0000000000
120869  33.446  -51.081  -11.343 0.0000000000
120870  33.583  -50.055  -11.812 0.0000000000
120871  36.811  -43.992  -11.412 0.0000000000
120872  36.527  -44.644  -11.579 0.0000000000
120873  36.803  -43.751  -12.034 0.0000000000
120874  36.735  -43.493  -12.648 0.0000000000
120875  36.623  -43.204  -13.256 0.0000000000
120876  37.175  -41.639  -13.582 0.0000000000
120877  36.838  -42.268  -13.744 0.0000000000
120878  36.451  -42.937  -13.775 0.0000000000
120879  36.219  -42.588  -14.356 0.0000000000
120880  35.957  -42.253  -14.913 0.0000000000
120881  35.649  -41.902  -15.480 0.0000000000
120882  35.299  -41.562  -16.007 0.0000000000
120883  35.890  -41.013  -15.933 0.0000000000
120884  36.146  -40.110  -16.353 0.0000000000
120885  36.449  -39.165  -16.725 0.0000000000
120886  37.149  -38.899  -16.056 0.0000000000
127992  30.832  -60.979  -14.590 0.0000000000
127993  31.537  -60.330  -14.739 0.0000000000
127994  32.236  -59.661  -14.855 0.0000000000
127995  32.270  -58.202  -14.917 0.0000000000
127996  32.611  -58.615  -14.914 0.0000000000
127997  32.989  -59.116  -14.925 0.0000000000
127998  33.812  -58.450  -15.120 0.0000000000
127999  34.613  -57.947  -15.336 0.0000000000
128000  35.340  -57.500  -15.680 0.0000000000
128001  36.058  -56.983  -16.209 0.0000000000
128002  35.699  -56.547  -15.831 0.0000000000
128003  36.072  -55.469  -16.090 0.0000000000
128004  36.284  -54.591  -16.367 0.0000000000
128005  35.218  -54.547  -15.706 0.0000000000
128006  35.883  -54.106  -16.151 0.0000000000
128007  36.477  -53.645  -16.712 0.0000000000
128008  36.627  -52.852  -17.067 0.0000000000
128009  36.734  -52.065  -17.443 0.0000000000
128010  36.815  -51.253  -17.818 0.0000000000
128011  29.766  -52.941  -13.241 0.0000000000
128013  29.241  -52.464  -13.627 0.0000000000
128014  28.782  -52.081  -13.940 0.0000000000
128015  28.384  -51.690  -14.310 0.0000000000
128016  28.547  -49.776  -14.616 0.0000000000
128017  28.256  -50.548  -14.643 0.0000000000
128018  28.043  -51.382  -14.676 0.0000000000
128019  27.849  -50.967  -15.059 0.0000000000
128020  27.820  -50.570  -15.475 0.0000000000
128021  27.904  -50.158  -15.883 0.0000000000
128022  29.160  -42.347  -19.257 0.0000000000
128023  28.984  -43.319  -18.756 0.0000000000
128024  29.560  -43.094  -19.152 0.0000000000
128025  30.070  -43.816  -19.143 0.0000000000
128026  30.612  -44.462  -19.058 0.0000000000
128027  31.579  -43.306  -19.770 0.0000000000
128028  31.489  -44.155  -19.407 0.0000000000
128029  31.277  -45.002  -19.036 0.0000000000
128030  31.903  -45.504  -18.862 0.0000000000
128031  32.536  -46.017  -18.653 0.0000000000
128032  33.152  -46.422  -18.470 0.0000000000
128033  33.662  -46.970  -18.165 0.0000000000
128034  33.827  -46.190  -18.625 0.0000000000
128035  34.673  -45.857  -18.878 0.0000000000
128036  35.315  -45.752  -19.121 0.0000000000
128037  34.957  -44.384  -19.630 0.0000000000
128038  35.508  -44.881  -19.520 0.0000000000
128039  36.027  -45.427  -19.519 0.0000000000
128040  36.608  -45.250  -19.875 0.0000000000
128047  37.222  -42.388  -21.188 0.0000000000
128050  38.577  -41.074  -21.606 0.0000000000
130715  32.218  -51.293  -5.884 0.0000000000
130716  32.819  -49.799  -6.014 0.0000000000
130717  32.793  -50.502  -6.120 0.0000000000
130718  32.787  -51.229  -6.228 0.0000000000
130719  33.266  -51.151  -6.637 0.0000000000
130720  33.639  -51.114  -7.108 0.0000000000
130721  33.916  -51.033  -7.655 0.0000000000
130722  34.095  -50.907  -8.186 0.0000000000
130723  34.313  -50.165  -8.063 0.0000000000
130724  34.723  -49.361  -8.412 0.0000000000
130725  35.124  -48.516  -8.781 0.0000000000
130726  35.094  -47.951  -8.093 0.0000000000
130727  35.362  -47.786  -8.646 0.0000000000
130728  35.506  -47.596  -9.201 0.0000000000
130729  35.860  -46.704  -9.590 0.0000000000
130730  36.157  -45.865  -9.997 0.0000000000
130731  36.479  -45.030  -10.411 0.0000000000
130732  34.999  -45.090  -7.840 0.0000000000
130733  35.416  -44.919  -8.300 0.0000000000
130734  35.781  -44.781  -8.741 0.0000000000
130735  35.896  -43.291  -9.122 0.0000000000
130736  36.029  -43.983  -9.165 0.0000000000
130737  36.104  -44.648  -9.209 0.0000000000
130738  36.386  -44.489  -9.774 0.0000000000
130739  36.579  -44.345  -10.292 0.0000000000
130740  36.724  -44.187  -10.821 0.0000000000
130741  36.948  -43.284  -11.290 0.0000000000
130742  37.155  -42.349  -11.751 0.0000000000
130743  37.323  -41.473  -12.128 0.0000000000
130744  37.157  -40.973  -11.526 0.0000000000
130745  37.345  -40.772  -12.056 0.0000000000
130746  37.450  -40.558  -12.601 0.0000000000
130747  37.563  -39.696  -12.993 0.0000000000
130748  37.640  -38.766  -13.395 0.0000000000
130749  37.687  -37.829  -13.769 0.0000000000
137182  29.766  -61.080  -14.292 0.0000000000
137183  30.035  -60.064  -14.456 0.0000000000
137184  30.356  -59.030  -14.663 0.0000000000
137185  29.269  -59.239  -14.405 0.0000000000
137186  29.948  -58.666  -14.674 0.0000000000
137187  30.535  -58.152  -14.843 0.0000000000
137188  30.871  -57.096  -15.073 0.0000000000
137189  31.163  -56.034  -15.325 0.0000000000
137190  31.382  -55.084  -15.591 0.0000000000
137191  29.769  -44.826  -15.803 0.0000000000
137192  29.207  -45.290  -15.729 0.0000000000
137193  29.315  -44.306  -16.213 0.0000000000
137194  28.986  -43.954  -16.533 0.0000000000
137195  28.641  -43.495  -16.947 0.0000000000
137198  28.466  -43.008  -17.431 0.0000000000
137199  28.395  -42.532  -17.940 0.0000000000
137201  28.640  -41.977  -18.814 0.0000000000
137202  30.856  -38.572  -19.772 0.0000000000
137205  30.246  -38.154  -20.799 0.0000000000
137206  29.761  -39.024  -20.193 0.0000000000
137208  29.192  -40.373  -19.563 0.0000000000
137209  28.975  -41.114  -19.353 0.0000000000
137210  28.944  -41.783  -19.278 0.0000000000
137211  29.386  -41.551  -19.704 0.0000000000
137212  30.001  -41.363  -20.112 0.0000000000
137213  30.844  -41.140  -20.525 0.0000000000
137214  30.918  -39.667  -21.284 0.0000000000
137215  31.196  -40.306  -21.062 0.0000000000
137216  31.586  -40.966  -20.814 0.0000000000
137217  32.401  -40.841  -21.074 0.0000000000
137218  33.160  -40.632  -21.333 0.0000000000
137219  33.973  -40.498  -21.473 0.0000000000
137220  34.658  -40.350  -21.608 0.0000000000
137221  34.305  -39.774  -21.860 0.0000000000
137222  34.771  -39.012  -22.305 0.0000000000
137223  35.115  -38.300  -22.629 0.0000000000
137224  33.937  -37.784  -22.755 0.0000000000
137225  34.618  -37.750  -22.797 0.0000000000
137226  35.594  -37.498  -22.932 0.0000000000
137227  36.090  -36.704  -23.105 0.0000000000
137228  36.375  -35.911  -23.254 0.0000000000
137229  36.943  -35.190  -23.396 0.0000000000
137230  33.314  -34.908  -23.712 0.0000000000
137231  33.845  -34.917  -23.755 0.0000000000
143767  29.778  -59.801  -4.727 0.0000000000
143768  29.664  -60.569  -4.703 0.0000000000
143769  30.841  -59.762  -5.303 0.0000000000
143770  30.249  -60.529  -4.998 0.0000000000
143771  29.500  -61.327  -4.629 0.0000000000
143778  31.162  -61.593  -6.710 0.0000000000
143779  31.012  -62.356  -6.762 0.0000000000
143781  30.920  -62.667  -7.547 0.0000000000
143782  30.931  -62.179  -8.433 0.0000000000
143783  30.830  -61.730  -9.225 0.0000000000
143784  30.653  -61.389  -9.813 0.0000000000
143785  30.846  -60.764  -9.779 0.0000000000
143786  30.822  -59.801  -10.229 0.0000000000
143787  30.755  -58.777  -10.666 0.0000000000
143788  31.300  -58.492  -10.088 0.0000000000
143789  31.029  -58.143  -10.609 0.0000000000
143790  30.676  -57.704  -11.125 0.0000000000
143791  30.614  -56.652  -11.564 0.0000000000
143792  30.522  -55.629  -12.020 0.0000000000
143793  30.374  -54.445  -12.495 0.0000000000
143794  32.480  -56.166  -9.696 0.0000000000
143795  32.258  -55.804  -10.323 0.0000000000
143796  31.970  -55.385  -10.970 0.0000000000
143797  32.354  -53.735  -11.353 0.0000000000
143798  31.981  -54.385  -11.412 0.0000000000
143799  31.610  -54.952  -11.443 0.0000000000
143800  31.194  -54.453  -11.977 0.0000000000
143801  30.777  -53.965  -12.427 0.0000000000
143802  30.270  -53.399  -12.847 0.0000000000
143803  30.158  -52.332  -13.197 0.0000000000
143804  30.033  -51.197  -13.597 0.0000000000
143805  29.987  -50.252  -13.856 0.0000000000
143806  30.973  -50.209  -13.452 0.0000000000
143807  30.461  -49.735  -13.795 0.0000000000
143808  29.946  -49.190  -14.133 0.0000000000
143809  29.975  -48.177  -14.357 0.0000000000
143810  30.049  -47.170  -14.652 0.0000000000
143811  30.128  -46.235  -14.979 0.0000000000
143812  34.235  -50.783  -8.692 0.0000000000
143813  34.315  -50.630  -9.227 0.0000000000
143814  34.340  -50.377  -9.810 0.0000000000
143815  34.999  -48.845  -10.084 0.0000000000
143816  34.619  -49.450  -10.294 0.0000000000
143817  34.299  -50.109  -10.425 0.0000000000
143818  34.181  -49.801  -11.052 0.0000000000
143819  33.977  -49.449  -11.607 0.0000000000
143820  33.733  -49.076  -12.127 0.0000000000
143821  36.219  -45.258  -11.698 0.0000000000
143822  35.840  -45.879  -11.876 0.0000000000
143823  35.414  -46.528  -11.965 0.0000000000
143824  35.435  -45.269  -12.934 0.0000000000
143825  35.170  -46.217  -12.485 0.0000000000
143826  34.897  -47.098  -12.101 0.0000000000
143827  34.403  -47.574  -12.344 0.0000000000
143828  33.910  -48.155  -12.493 0.0000000000
143829  33.432  -48.625  -12.664 0.0000000000
143830  33.078  -48.199  -13.119 0.0000000000
143831  32.666  -47.716  -13.544 0.0000000000
143832  32.244  -47.218  -13.938 0.0000000000
143833  33.064  -45.893  -14.220 0.0000000000
143834  32.442  -46.396  -14.227 0.0000000000
143835  31.760  -46.732  -14.284 0.0000000000
143836  31.286  -46.292  -14.649 0.0000000000
143837  30.795  -45.842  -15.009 0.0000000000
143838  30.282  -45.357  -15.385 0.0000000000
143839  30.448  -44.447  -15.860 0.0000000000
143840  30.643  -43.528  -16.413 0.0000000000
143841  30.836  -42.636  -16.864 0.0000000000
143842  32.059  -42.780  -16.568 0.0000000000
143843  31.604  -42.326  -16.980 0.0000000000
143844  31.098  -41.806  -17.372 0.0000000000
143845  31.426  -40.982  -17.896 0.0000000000
143846  31.757  -40.045  -18.414 0.0000000000
143847  32.179  -39.202  -18.907 0.0000000000
143848  34.925  -41.160  -16.569 0.0000000000
143849  34.559  -40.735  -17.119 0.0000000000
143850  34.124  -40.274  -17.627 0.0000000000
143851  35.205  -39.015  -17.857 0.0000000000
143852  34.454  -39.377  -18.053 0.0000000000
143853  33.725  -39.827  -18.068 0.0000000000
143854  33.322  -39.388  -18.499 0.0000000000
143855  32.896  -38.852  -18.994 0.0000000000
161435  36.771  -37.042  -12.875 0.0000000000
161437  37.325  -37.414  -13.249 0.0000000000
162223  30.315  -60.888  -10.451 0.0000000000
162224  29.997  -60.510  -10.996 0.0000000000
162225  29.574  -60.021  -11.477 0.0000000000
162226  29.809  -58.539  -11.809 0.0000000000
162227  29.504  -59.127  -11.877 0.0000000000
162228  29.193  -59.536  -12.010 0.0000000000
162230  28.601  -58.744  -12.901 0.0000000000
162242  28.483  -56.991  -14.631 0.0000000000
162243  28.898  -56.496  -15.031 0.0000000000
162244  28.687  -55.026  -15.239 0.0000000000
162245  29.014  -55.455  -15.301 0.0000000000
162246  29.481  -55.873  -15.381 0.0000000000
162247  30.114  -55.315  -15.569 0.0000000000
162248  30.830  -54.645  -15.750 0.0000000000
162249  31.486  -54.118  -15.897 0.0000000000
162250  28.689  -45.779  -15.752 0.0000000000
162251  28.257  -46.207  -15.876 0.0000000000
162252  28.027  -46.895  -15.881 0.0000000000
162253  27.944  -45.490  -16.697 0.0000000000
162254  27.867  -46.590  -16.270 0.0000000000
162255  27.859  -47.564  -15.945 0.0000000000
162256  27.824  -48.274  -16.068 0.0000000000
162257  27.899  -49.006  -16.160 0.0000000000
162258  28.106  -49.717  -16.270 0.0000000000
162259  28.822  -44.268  -18.349 0.0000000000
162260  28.715  -45.208  -17.983 0.0000000000
162261  28.570  -46.216  -17.611 0.0000000000
162262  29.603  -46.479  -17.962 0.0000000000
162263  29.065  -46.776  -17.657 0.0000000000
162264  28.524  -47.142  -17.293 0.0000000000
162265  28.452  -48.236  -16.925 0.0000000000
162266  28.396  -49.283  -16.619 0.0000000000
162267  28.419  -50.392  -16.332 0.0000000000
162268  28.842  -51.034  -16.391 0.0000000000
162269  29.290  -51.539  -16.383 0.0000000000
162270  29.808  -52.032  -16.343 0.0000000000
162271  30.546  -50.467  -16.814 0.0000000000
162272  30.460  -51.426  -16.560 0.0000000000
162273  30.393  -52.402  -16.268 0.0000000000
162274  31.058  -52.737  -16.222 0.0000000000
162275  31.618  -53.089  -16.119 0.0000000000
162276  32.270  -53.452  -15.922 0.0000000000
162277  32.918  -52.854  -15.986 0.0000000000
162278  33.604  -52.328  -16.028 0.0000000000
162279  34.320  -51.759  -16.212 0.0000000000
162280  33.772  -50.538  -16.663 0.0000000000
162281  34.400  -50.915  -16.527 0.0000000000
162282  35.118  -51.355  -16.516 0.0000000000
162283  35.793  -50.980  -17.013 0.0000000000
162284  36.357  -50.762  -17.561 0.0000000000
162285  36.871  -50.493  -18.116 0.0000000000
162286  34.379  -47.303  -18.053 0.0000000000
162287  34.932  -47.836  -17.944 0.0000000000
162288  35.505  -48.273  -17.911 0.0000000000
162289  36.277  -47.278  -18.834 0.0000000000
162290  36.156  -47.912  -18.442 0.0000000000
162291  35.986  -48.702  -18.099 0.0000000000
162292  36.534  -49.169  -18.256 0.0000000000
162293  36.999  -49.621  -18.525 0.0000000000
162294  37.409  -50.217  -18.688 0.0000000000
162331  35.542  -40.168  -21.831 0.0000000000
162332  36.311  -40.038  -21.942 0.0000000000
162333  36.991  -39.985  -22.073 0.0000000000
162334  37.090  -38.537  -22.620 0.0000000000
162335  37.404  -39.177  -22.424 0.0000000000
162336  37.890  -39.650  -22.165 0.0000000000
162337  38.341  -39.467  -22.102 0.0000000000
